File: C:\MED-PC IV\DATA\llony_sTT_japede


Start Date: 06/22/17
End Date: 06/22/17
Subject: Llony
Experiment: 0
Group: 0
Box: 6
Start Time: 20:44:14
End Time: 21:24:22
MSN: Exit_File
B:       0.000
E:    1758.000
F:       0.000
G:       0.000
H:       0.000
I:       2.000
J:       2.000
K:       0.000
O:       0.000
P:       0.000
Q:       0.000
S:  240000.000
T:  240000.000
U:       0.000
X:       0.000
Y:       0.000
Z:       0.000
A:
     0:        0.010        0.350        0.220        0.230      500.740
     5:     1070.130     1088.130     1105.130     1120.130     1153.130
    10:     1289.540     1289.240     1289.120     1309.120     1500.840
    15:     1589.340     2289.740     2542.640     2542.240     2542.130
    20:     2553.130     2577.130     2597.130     2842.340     4085.540
    25:     4085.240     4085.120     4104.120     4121.120     4167.130
    30:     4200.130     4214.130     4230.130     4247.130     4260.130
    35:     4385.340     4785.740     5212.130     5230.130     5261.130
    40:     5276.130     5292.130     5312.130     5375.540     5375.240
    45:     5375.120     5391.120     5410.120     5427.120     5442.120
    50:     5675.340     5875.740     6129.130     6154.130     6173.130
    55:     6193.130     6209.130     6226.130     6244.130     6262.130
    60:     6285.130     6306.130     6329.130     6342.840     6349.640
    65:     6349.240     6349.130     6371.130     6415.130     6649.340
    70:     7226.130     7235.130     7254.130     7272.130     7294.130
    75:     7314.130     7335.130     7357.130     7379.130     7487.540
    80:     7487.240     7487.120     7514.120     7534.120     7554.120
    85:     7575.120     7592.120     7610.120     7631.120     7787.340
    90:     8242.130     8264.130     8286.130     8304.130     8326.130
    95:     8342.130     8368.130     8389.130     8415.130     8441.130
   100:     8449.840     8468.640     8468.240     8468.130     8492.130
   105:     8579.120     8600.120     8619.120     8637.120     8659.120
   110:     8680.120     8768.340     9168.840     9249.640     9249.240
   115:     9249.130     9267.130     9284.130     9303.130     9323.130
   120:     9356.130     9380.130     9402.130     9456.130     9476.130
   125:     9549.340     9708.120     9729.120     9753.120     9772.120
   130:     9795.120    10987.740    11252.130    11270.130    11286.130
   135:    11390.540    11390.240    11390.120    11425.120    11443.120
   140:    11463.120    11479.120    11498.120    11690.340    12499.120
   145:    12507.120    12529.120    12552.120    12568.120    12590.740
   150:    12624.130    12658.130    12677.130    12695.130    12734.130
   155:    12757.130    12783.130    12802.130    12826.130    12957.540
   160:    12957.240    12957.120    12978.120    13257.340    13557.740
   165:    13849.840    16104.640    16104.240    16104.130    16128.130
   170:    16147.130    16213.130    16231.130    16257.130    16404.340
   175:    16797.540    16797.240    16797.120    16819.120    16837.120
   180:    16875.120    16912.120    16998.130    17004.840    17097.340
   185:    17289.640    17289.240    17289.130    17307.130    17326.130
   190:    17348.130    17369.130    17413.130    17589.340    17946.120
   195:    17975.120    18011.120    18033.120    18085.120    18116.120
   200:    18141.120    18213.120    18317.130    18336.130    18351.130
   205:    18369.130    18797.740    19851.130    19862.130    19883.130
   210:    19905.130    19925.130    19946.130    20343.540    20343.240
   215:    20343.120    20363.120    20382.120    20400.120    20419.120
   220:    20434.120    20643.340    20701.130    20730.130    20743.740
   225:    20770.130    20828.130    20852.130    20874.130    21489.840
   230:    23550.640    23550.240    23550.130    23850.340    24096.540
   235:    24096.240    24096.120    24120.120    24143.120    24174.120
   240:    24248.120    24270.120    24396.340    24456.130    24475.130
   245:    24492.130    24531.130    24554.130    24573.130    24650.840
   250:    24696.740    24922.640    24922.240    24922.130    24941.130
   255:    24996.130    25012.130    25060.130    25222.340    25374.540
   260:    25374.240    25374.120    25395.120    25414.120    25674.340
   265:    26492.130    26512.130    26536.130    26558.130    26583.130
   270:    26607.130    26631.130    26670.130    26694.130    26714.130
   275:    26845.120    26896.120    26914.120    26933.120    26950.120
   280:    26973.120    26999.120    27019.120    27060.120    27083.120
   285:    27193.130    27225.130    27644.120    27676.120    27699.120
   290:    27720.120    27739.120    27757.120    27850.130    27870.130
   295:    27886.130    27907.130    27926.130    27945.130    27960.130
   300:    27981.130    28007.130    28031.130    28052.130    28722.840
   305:    29642.640    29642.240    29642.130    29942.340    30042.840
   310:    31074.740    31457.540    31457.240    31457.120    31484.120
   315:    31501.120    31757.340    31776.640    31776.240    31776.130
   320:    31804.130    31828.130    31851.130    31874.130    31897.130
   325:    31918.130    32076.340    32456.130    32494.130    32509.130
   330:    32578.120    32606.120    32625.120    32653.120    32678.120
   335:    32700.120    32976.840    33251.640    33251.240    33251.130
   340:    33278.130    33316.130    33551.340    33557.740    33951.840
   345:    34303.640    34303.240    34303.130    34326.130    34341.130
   350:    34357.130    34603.340    34682.540    34682.240    34682.120
   355:    34705.120    34733.120    34752.120    34767.120    34982.340
   360:    35592.130    35610.130    35627.130    35643.130    35791.120
   365:    35812.120    35828.120    35982.740    36091.130    36112.130
   370:    36128.130    43102.130    43319.540    43319.240    43319.120
   375:    43346.120    43619.340    43838.130    43881.130    43898.130
   380:    43915.130    43933.130    43955.130    43971.130    44037.120
   385:    44055.120    44072.120    44419.740    44803.840    45139.640
   390:    45139.240    45139.130    45157.130    45175.130    45211.130
   395:    45228.130    45240.130    45255.130    45269.130    45281.130
   400:    45439.340    45983.540    45983.240    45983.120    46018.120
   405:    46036.120    46051.120    46084.120    46106.120    46121.120
   410:    46140.120    46283.340    46539.840    46883.740    48080.640
   415:    48080.240    48080.130    48099.130    48129.130    48380.340
   420:    49080.840    50427.640    50427.240    50427.130    50450.130
   425:    50466.130    50482.130    50517.130    50645.130    50664.130
   430:    50727.340    50892.540    50892.240    50892.120    50913.120
   435:    50955.120    50973.120    51192.340    51229.130    51249.130
   440:    51270.130    51292.130    51314.130    51332.130    51342.130
   445:    51492.740    52429.130    52438.130    52457.130    52472.130
   450:    52486.130    52611.540    52611.240    52611.120    52635.120
   455:    52654.120    52673.120    52703.120    52718.120    52911.340
   460:    53071.130    53089.130    53110.130    53129.130    53148.130
   465:    53166.130    53236.130    53256.130    53495.130    53510.130
   470:    53525.130    53628.120    53648.120    53707.120    53722.120
   475:    53737.120    53801.120    53816.120    53832.120    53921.130
   480:    53944.130    53963.130    53986.130    54113.130    54343.130
   485:    54363.130    54403.130    54420.130    54439.130    54456.130
   490:    54476.130    54496.130    54514.130    54535.130    54554.130
   495:    55911.740    57228.130    57245.130    57258.130    57273.130
   500:    57445.540    57445.240    57445.120    57472.120    57589.130
   505:    57745.340    58388.130    58410.130    58432.130    58451.130
   510:    58469.130    58484.130    58545.740    59176.130    59197.130
   515:    59215.130    59230.130    59244.130    59364.540    59364.240
   520:    59364.120    59382.120    59664.340    59727.840    59995.640
   525:    59995.240    59995.130    60019.130    60046.130    60068.130
   530:    60082.130    60295.340    60595.840    61764.740    64911.640
   535:    64911.240    64911.130    64925.130    65211.340    65756.130
   540:    65781.130    65798.130    65814.130    65843.130    65941.540
   545:    65941.240    65941.120    65952.120    65973.120    65993.120
   550:    66111.840    66241.340    66865.640    66865.240    66865.130
   555:    66883.130    66901.130    67165.340    67965.840    68941.740
   560:    69190.640    69190.240    69190.130    69208.130    69221.130
   565:    69237.130    69254.130    69490.340    69690.840    69809.540
   570:    69809.240    69809.120    69830.120    69849.120    69866.120
   575:    69902.120    69917.120    70109.340    70395.640    70395.240
   580:    70395.130    70411.130    70431.130    70449.130    70467.130
   585:    70490.130    70695.340    70895.840    71761.640    71761.240
   590:    71761.130    71787.130    71807.130    71823.130    72009.740
   595:    72061.340    72161.840    73831.640    73831.240    73831.130
   600:    73852.130    73870.130    73891.130    73934.130    74066.540
   605:    74066.240    74066.120    74083.120    74100.120    74131.340
   610:    74150.110    74167.110    74188.110    74219.110    74235.110
   615:    74300.130    74332.130    74343.130    74359.130    74366.340
   620:    74410.130    74436.130    74487.130    74509.130    74529.130
   625:    74559.130    74607.130    74624.130    74660.130    74677.130
   630:    74707.130    74723.130    74756.130    74839.120    74878.120
   635:    75166.740    75511.130    75524.130    75554.130    75651.540
   640:    75651.240    75651.120    75674.120    75691.120    75951.340
   645:    76131.840    76751.740    78240.640    78240.240    78240.130
   650:    78262.130    78280.130    78300.130    78318.130    78334.130
   655:    78356.130    78377.130    78395.130    78540.340    79369.540
   660:    79369.240    79369.120    79389.120    79410.120    79429.120
   665:    79445.120    79461.120    79669.340    81033.130    81057.130
   670:    81075.130    81091.130    81141.120    81183.120    81198.120
   675:    81212.120    81269.740    81291.130    81308.130    81327.130
   680:    81440.840    83634.640    83634.240    83634.130    83654.130
   685:    83669.130    83904.540    83904.240    83904.120    83929.120
   690:    83934.340    83954.120    83977.120    83992.120    84152.120
   695:    84175.120    84193.120    84204.340    84213.120    84254.120
   700:    84277.120    84290.120    84315.120    84334.840    84414.640
   705:    84414.240    84414.130    84434.130    84453.130    84504.740
   710:    84714.340    85414.840    86911.640    86911.240    86911.130
   715:    86932.130    86953.130    86972.130    87012.130    87031.130
   720:    87051.130    87211.340    88858.130    88881.130    88900.130
   725:    88916.130    88936.130    88953.130    88971.130    88990.130
   730:    89007.130    89025.130    89041.130    90131.540    90131.240
   735:    90131.120    90151.120    90167.120    90183.120    90201.120
   740:    90221.120    90277.130    90288.130    90431.340    90705.130
   745:    90722.130    90731.740    90740.130    90760.130    90778.130
   750:    90796.130    90837.130    90858.130    90910.130    90927.130
   755:    90955.130    90976.130    91146.540    91146.240    91146.120
   760:    91163.120    91181.120    91230.120    91248.120    91388.130
   765:    91412.130    91446.340    91553.130    91624.130    91645.130
   770:    91756.120    91971.130    91992.130    92007.130    92026.130
   775:    92048.130    92065.130    92646.740    93052.130    93073.130
   780:    93201.540    93201.240    93201.120    93236.120    93501.340
   785:    93901.740    94719.540    94719.240    94719.120    94809.120
   790:    94811.840    95019.340    95030.110    95134.110    95203.640
   795:    95203.240    95203.130    95228.130    95247.130    95503.340
   800:    95819.740    96503.840   101261.640   101261.240   101261.130
   805:   101561.340   101662.540   101662.240   101662.120   101761.840
   810:   101962.340   102062.740   103243.640   103243.240   103243.130
   815:   103303.130   103315.130   103352.130   103543.340   105243.840
   820:   107253.540   107253.240   107253.120   107553.340   107677.640
   825:   107677.240   107677.130   107977.340   108953.740   109177.840
   830:   109242.640   109242.240   109242.130   109271.130   109542.340
   835:   110142.840   111338.640   111338.240   111338.130   111355.130
   840:   111371.130   111389.130   111401.130   111638.340   111661.540
   845:   111661.240   111661.120   111961.340   112261.740   112928.130
   850:   112950.130   113021.540   113021.240   113021.120   113066.120
   855:   113321.340   114338.840   115021.740   115599.640   115599.240
   860:   115599.130   115627.130   115645.130   115685.130   115705.130
   865:   115725.130   115746.130   115766.130   115899.340   116299.840
   870:   116757.540   116757.240   116757.120   116789.120   116810.120
   875:   116831.120   116849.120   116867.120   116886.120   116905.120
   880:   117057.340   117112.120   117136.120   117159.120   117180.120
   885:   117297.640   117297.240   117297.130   117338.130   117359.130
   890:   117382.130   117403.130   117425.130   117453.130   117457.740
   895:   117597.340   120097.840   121002.640   121002.240   121002.130
   900:   121028.130   121047.130   121065.130   121082.130   121102.130
   905:   121302.340   121858.540   121858.240   121858.120   122158.340
   910:   122382.130   122471.120   122529.120   122545.120   122555.120
   915:   122582.120   122638.130   122658.130   123002.840   123258.740
   920:   132279.640   132279.240   132279.130   132579.340   132701.540
   925:   132701.240   132701.120   132727.120   133001.340   133079.840
   930:   133584.640   133584.240   133584.130   133717.120   133732.120
   935:   133884.340   134084.840   134315.640   134315.240   134315.130
   940:   134338.130   134357.130   134373.130   134391.130   134429.130
   945:   134448.130   134615.340   136390.130   136405.130   136423.130
   950:   136438.130   136511.120   136528.120   136543.120   137001.740
   955:   139615.840   139940.640   139940.240   139940.130   140240.340
   960:   140336.540   140336.240   140336.120   140367.120   140636.340
   965:   141140.840   141436.740   145156.540   145156.240   145156.120
   970:   145456.340   145458.640   145458.240   145458.130   145600.130
   975:   145614.130   145758.340   146056.740   146758.840   146762.640
   980:   146762.240   146762.130   146776.130   147062.340   147662.840
   985:   148451.540   148451.240   148451.120   148485.120   148751.340
   990:   148951.740   149882.640   149882.240   149882.130   150182.340
   995:   150494.540   150494.240   150494.120   150519.120   150534.120
  1000:   150794.340   150994.740   151382.840   151604.640   151604.240
  1005:   151604.130   151904.340   153304.840   156438.540   156438.240
  1010:   156438.120   156453.120   156738.340   157024.640   157024.240
  1015:   157024.130   157044.130   157060.130   157238.740   157324.340
  1020:   157624.840   160851.540   160851.240   160851.120   161151.340
  1025:   161215.640   161215.240   161215.130   161235.130   161253.130
  1030:   161270.130   161285.130   161515.340   161651.740   162514.110
  1035:   162526.110   162539.110   162554.110   162572.110   162583.110
  1040:   162600.110   162614.110   162627.110   162642.110   162655.110
  1045:   162671.110   162687.110   162702.110   162716.110   162728.110
  1050:   162794.130   162806.130   162819.130   162832.130   162888.130
  1055:   162901.130   162913.130   163001.540   163001.240   163001.120
  1060:   163047.120   163062.120   163091.120   163118.120   163301.340
  1065:   163901.740   164115.840   164375.640   164375.240   164375.130
  1070:   164390.130   164403.130   164675.340   165275.840   165839.640
  1075:   165839.240   165839.130   165853.130   165869.130   166139.340
  1080:   166939.840   166992.540   166992.240   166992.120   167014.120
  1085:   167063.120   167090.120   167105.120   167292.340   167316.640
  1090:   167316.240   167316.130   167336.130   167349.130   167363.130
  1095:   167616.340   167812.130   167816.840   167831.640   167831.240
  1100:   167831.130   167850.130   168131.340   168727.120   168746.120
  1105:   168761.120   168774.120   168847.130   168864.130   168879.130
  1110:   168897.130   168916.130   168933.130   170592.740   170856.130
  1115:   170935.130   170951.130   171410.540   171410.240   171410.120
  1120:   171427.120   171431.840   171442.120   171459.120   171474.120
  1125:   171710.340   173672.640   173672.240   173672.130   173694.130
  1130:   173710.130   173725.130   173972.340   175210.740   175836.130
  1135:   176072.840   176095.540   176095.240   176095.120   176107.120
  1140:   176133.120   176148.120   176178.120   176191.120   176395.340
  1145:   177595.740   179320.640   179320.240   179320.130   179399.130
  1150:   179418.130   179446.130   179620.340   180008.540   180008.240
  1155:   180008.120   180020.840   180029.120   180044.120   180059.120
  1160:   180073.120   180308.340   180749.640   180749.240   180749.130
  1165:   180771.130   180808.740   181049.340   181150.540   181150.240
  1170:   181150.120   181450.340   182850.740   183549.840   185756.640
  1175:   185756.240   185756.130   186056.340   186156.840   186424.540
  1180:   186424.240   186424.120   186724.340   187024.740   188493.640
  1185:   188493.240   188493.130   188511.130   188527.130   188544.130
  1190:   188564.130   188585.130   188630.130   188658.130   188702.130
  1195:   188733.130   188748.130   188763.130   188778.130   188791.130
  1200:   188793.340   190793.840   192026.640   192026.240   192026.130
  1205:   192110.540   192110.240   192110.120   192132.120   192169.120
  1210:   192186.120   192229.120   192246.120   192263.120   192323.120
  1215:   192326.340   192345.120   192388.120   192410.340   192419.120
  1220:   192437.120   192534.130   192554.130   192571.130   192671.120
  1225:   192705.120   192722.120   192741.120   192759.120   192776.120
  1230:   192793.120   192809.120   192826.840   192930.640   192930.240
  1235:   192930.130   192946.130   192962.130   192977.130   193042.130
  1240:   193055.130   193069.130   193085.130   193110.740   193126.130
  1245:   193161.130   193174.130   193188.130   193203.130   193230.340
  1250:   193245.130   194630.840   195752.640   195752.240   195752.130
  1255:   195773.130   195790.130   195808.130   195828.130   195849.130
  1260:   195867.130   195884.130   195901.130   196052.340   196852.840
  1265:   197017.540   197017.240   197017.120   197038.120   197055.120
  1270:   197073.120   197092.120   197108.120   197129.120   197146.120
  1275:   197163.120   197317.340   197673.640   197673.240   197673.130
  1280:   197690.130   197705.130   197724.130   197742.130   197801.130
  1285:   197818.130   197838.130   197973.340   198273.840   199360.120
  1290:   199401.120   199454.640   199454.240   199454.130   199481.130
  1295:   199502.130   199520.130   199538.130   199754.340   200317.740
  1300:   201154.840   201772.640   201772.240   201772.130   201790.130
  1305:   201801.130   201814.130   202072.340   202372.840   203264.540
  1310:   203264.240   203264.120   203280.120   203315.120   203334.120
  1315:   203348.120   203365.120   203412.120   203564.340   203764.740
  1320:   205419.640   205419.240   205419.130   205438.130   205452.130
  1325:   205469.130   205486.130   205501.130   205517.130   205532.130
  1330:   205569.130   205587.130   205603.130   205620.130   205637.130
  1335:   205655.130   205675.130   205702.130   205719.340   205727.130
  1340:   205772.130   205789.130   205806.130   205822.130   205937.110
  1345:   205992.540   205992.240   205992.120   206046.120   206062.120
  1350:   206076.120   206092.120   206150.120   206170.120   206185.120
  1355:   206292.340   206548.120   206568.120   206587.120   206605.120
  1360:   206621.120   206640.120   206656.120   206672.120   206688.120
  1365:   206703.120   206750.120   206765.120   206780.120   206794.120
  1370:   207122.110   207186.130   207205.130   207224.130   207242.130
  1375:   207492.740   209355.130   209375.130   209389.130   209403.130
  1380:   209419.130   209433.130   209446.130   209713.540   209713.240
  1385:   209713.120   209729.120   209744.120   209761.120   209777.120
  1390:   209795.120   210013.340   210798.130   210816.130   210834.130
  1395:   210852.130   210937.120   210951.120   210969.120   210987.120
  1400:   211015.120   211029.120   211043.120   211072.120   211091.120
  1405:   211513.740   212519.840   212591.640   212591.240   212591.130
  1410:   212606.130   212625.130   212647.130   212665.130   212701.130
  1415:   212719.130   212738.130   212754.130   212773.130   212788.130
  1420:   212827.130   212891.340   214429.540   214429.240   214429.120
  1425:   214452.120   214468.120   214487.120   214507.120   214526.120
  1430:   214542.120   214561.120   214729.340   214841.130   214856.130
  1435:   214870.130   214885.130   214899.130   214985.130   215007.130
  1440:   215027.130   215049.130   215072.130   215098.130   215121.130
  1445:   215158.130   215184.130   215205.130   215229.740   215282.130
  1450:   215306.130   215332.130   215418.130   215436.130   215766.540
  1455:   215766.240   215766.120   215826.120   215844.120   215863.120
  1460:   215901.120   215919.120   215938.120   215956.120   215975.120
  1465:   215992.120   216009.120   216029.120   216050.120   216066.340
  1470:   216073.120   216092.120   216133.120   216156.120   216175.120
  1475:   216286.130   216306.130   216327.130   216347.130   216366.130
  1480:   216387.130   216435.130   216499.130   216542.130   216563.130
  1485:   216566.740   216582.130   216661.540   216661.240   216661.120
  1490:   216680.120   216699.120   216716.120   216735.120   216756.120
  1495:   216773.120   216961.340   217061.740   218091.840   218316.640
  1500:   218316.240   218316.130   218339.130   218356.130   218379.130
  1505:   218399.130   218420.130   218440.130   218462.130   218482.130
  1510:   218499.130   218521.130   218616.340   218682.130   218705.130
  1515:   218724.130   218747.130   219018.540   219018.240   219018.120
  1520:   219047.120   219082.120   219109.120   219142.120   219165.120
  1525:   219182.120   219203.120   219221.120   219239.120   219318.340
  1530:   219418.740   220508.130   220531.130   220548.130   220566.130
  1535:   220583.130   220601.130   220616.840   220617.640   220617.240
  1540:   220617.130   220634.130   220917.340   221217.840   221289.640
  1545:   221289.240   221289.130   221316.130   221332.130   221351.130
  1550:   221372.130   221407.130   221427.130   221547.130   221565.130
  1555:   221584.130   221589.340   221606.130   221732.130   221754.130
  1560:   221772.130   221793.130   221811.130   222020.130   222043.130
  1565:   222063.130   222107.130   222132.130   222273.130   222299.130
  1570:   222680.540   222680.240   222680.120   222712.120   222732.120
  1575:   222752.120   222771.120   222980.340   223165.130   223189.130
  1580:   223205.130   223223.130   223238.130   223253.130   223270.130
  1585:   223286.130   223303.130   223318.130   223335.130   223351.130
  1590:   223368.130   223387.130   223389.840   223980.740   224199.640
  1595:   224199.240   224199.130   224251.130   224266.130   224284.130
  1600:   224316.130   224499.340   226113.130   226135.130   226152.130
  1605:   226166.130   226199.840   226219.640   226219.240   226219.130
  1610:   226234.130   226519.340   226619.840   227557.540   227557.240
  1615:   227557.120   227576.120   227593.120   227608.120   227622.120
  1620:   227857.340   228486.640   228486.240   228486.130   228507.130
  1625:   228527.130   228544.130   228640.130   228786.340   229080.130
  1630:   229086.840   229096.640   229096.240   229096.130   229111.130
  1635:   229131.130   229396.340   229557.740   229867.130   229889.130
  1640:   229904.130   229924.130   229940.130   229957.130   229973.130
  1645:   230094.130   230128.130   230146.130   230163.130   230179.130
  1650:   230463.540   230463.240   230463.120   230488.120   230508.120
  1655:   230547.120   230564.120   230588.120   230610.120   230763.340
  1660:   230863.740   231496.840   232209.640   232209.240   232209.130
  1665:   232241.130   232278.130   232294.130   232509.340   232609.840
  1670:   232756.540   232756.240   232756.120   232786.120   232806.120
  1675:   232825.120   233056.340   233256.740   233691.640   233691.240
  1680:   233691.130   233712.130   233727.130   233756.130   233991.340
  1685:   234691.840   234947.640   234947.240   234947.130   234965.130
  1690:   234980.130   234996.130   235247.340   235721.130   235757.130
  1695:   235781.130   235801.130   235825.130   235844.130   235861.130
  1700:   236045.130   236064.130   236096.130   236118.130   236139.130
  1705:   236158.130   236170.130   236435.540   236435.240   236435.120
  1710:   236472.120   236493.120   236517.120   236537.110   236571.110
  1715:   236735.340   237021.130   237048.130   237070.130   237091.130
  1720:   237128.130   237158.130   237186.130   237233.130   237273.130
  1725:   237521.120   237550.120   237573.120   237592.120   237656.120
  1730:   237673.120   237715.120   237735.740   237758.540   237758.240
  1735:   237758.120   237801.120   237845.120   238058.340   238807.130
  1740:   238834.130   238856.130   238872.130   238890.130   238925.130
  1745:   238943.130   238959.130   239358.740   239567.540   239567.240
  1750:   239567.120   239586.120   239606.120   239867.340   240000.320
  1755:   240000.330   240000.020
C:
     0:       27.000      424.000      755.000       64.000       72.000
     5:        0.000
D:
     0:        0.000        0.000
L:
     0:      666.000      500.000     1000.000
M:
     0:      300.000      301.000      302.000      303.000      304.000
     5:      305.000      306.000      307.000      308.000      309.000
    10:      310.000      311.000      312.000      313.000      314.000
    15:      315.000      316.000      317.000      318.000      319.000
    20:      320.000      321.000      322.000      323.000      324.000
    25:      325.000      326.000      327.000      328.000      329.000
    30:      330.000      331.000      332.000      333.000      334.000
    35:      335.000      336.000      337.000      338.000      339.000
    40:      340.000      341.000      342.000      343.000      344.000
    45:      345.000      346.000      347.000      348.000      349.000
    50:      350.000      351.000      352.000      353.000      354.000
    55:      355.000      356.000      357.000      358.000      359.000
    60:      360.000      361.000      362.000      363.000      364.000
    65:      365.000      366.000      367.000      368.000      369.000
    70:      370.000      371.000      372.000      373.000      374.000
    75:      375.000      376.000      377.000      378.000      379.000
    80:      380.000      381.000      382.000      383.000      384.000
    85:      385.000      386.000      387.000      388.000      389.000
    90:      390.000      391.000      392.000      393.000      394.000
    95:      395.000      396.000      397.000      398.000      399.000
   100:      400.000      401.000      402.000      403.000      404.000
   105:      405.000      406.000      407.000      408.000      409.000
   110:      410.000      411.000      412.000      413.000      414.000
   115:      415.000      416.000      417.000      418.000      419.000
   120:      420.000      421.000      422.000      423.000      424.000
   125:      425.000      426.000      427.000      428.000      429.000
   130:      430.000      431.000      432.000      433.000      434.000
   135:      435.000      436.000      437.000      438.000      439.000
   140:      440.000      441.000      442.000      443.000      444.000
   145:      445.000      446.000      447.000      448.000      449.000
   150:      450.000      451.000      452.000      453.000      454.000
   155:      455.000      456.000      457.000      458.000      459.000
   160:      460.000      461.000      462.000      463.000      464.000
   165:      465.000      466.000      467.000      468.000      469.000
   170:      470.000      471.000      472.000      473.000      474.000
   175:      475.000      476.000      477.000      478.000      479.000
   180:      480.000      481.000      482.000      483.000      484.000
   185:      485.000      486.000      487.000      488.000      489.000
   190:      490.000      491.000      492.000      493.000      494.000
   195:      495.000      496.000      497.000      498.000      499.000
   200:      500.000      501.000      502.000      503.000      504.000
   205:      505.000      506.000      507.000      508.000      509.000
   210:      510.000      511.000      512.000      513.000      514.000
   215:      515.000      516.000      517.000      518.000      519.000
   220:      520.000      521.000      522.000      523.000      524.000
   225:      525.000      526.000      527.000      528.000      529.000
   230:      530.000      531.000      532.000      533.000      534.000
   235:      535.000      536.000      537.000      538.000      539.000
   240:      540.000      541.000      542.000      543.000      544.000
   245:      545.000      546.000      547.000      548.000      549.000
   250:      550.000      551.000      552.000      553.000      554.000
   255:      555.000      556.000      557.000      558.000      559.000
   260:      560.000      561.000      562.000      563.000      564.000
   265:      565.000      566.000      567.000      568.000      569.000
   270:      570.000      571.000      572.000      573.000      574.000
   275:      575.000      576.000      577.000      578.000      579.000
   280:      580.000      581.000      582.000      583.000      584.000
   285:      585.000      586.000      587.000      588.000      589.000
   290:      590.000      591.000      592.000      593.000      594.000
   295:      595.000      596.000      597.000      598.000      599.000
   300:      600.000      601.000      602.000      603.000      604.000
   305:      605.000      606.000      607.000      608.000      609.000
   310:      610.000      611.000      612.000      613.000      614.000
   315:      615.000      616.000      617.000      618.000      619.000
   320:      620.000      621.000      622.000      623.000      624.000
   325:      625.000      626.000      627.000      628.000      629.000
   330:      630.000      631.000      632.000      633.000      634.000
   335:      635.000      636.000      637.000      638.000      639.000
   340:      640.000      641.000      642.000      643.000      644.000
   345:      645.000      646.000      647.000      648.000      649.000
   350:      650.000      651.000      652.000      653.000      654.000
   355:      655.000      656.000      657.000      658.000      659.000
   360:      660.000      661.000      662.000      663.000      664.000
   365:      665.000      666.000      667.000      668.000      669.000
   370:      670.000      671.000      672.000      673.000      674.000
   375:      675.000      676.000      677.000      678.000      679.000
   380:      680.000      681.000      682.000      683.000      684.000
   385:      685.000      686.000      687.000      688.000      689.000
   390:      690.000      691.000      692.000      693.000      694.000
   395:      695.000      696.000      697.000      698.000      699.000
   400:      700.000      701.000      702.000      703.000      704.000
   405:      705.000      706.000      707.000      708.000      709.000
   410:      710.000      711.000      712.000      713.000      714.000
   415:      715.000      716.000      717.000      718.000      719.000
   420:      720.000      721.000      722.000      723.000      724.000
   425:      725.000      726.000      727.000      728.000      729.000
   430:      730.000      731.000      732.000      733.000      734.000
   435:      735.000      736.000      737.000      738.000      739.000
   440:      740.000      741.000      742.000      743.000      744.000
   445:      745.000      746.000      747.000      748.000      749.000
   450:      750.000      751.000      752.000      753.000      754.000
   455:      755.000      756.000      757.000      758.000      759.000
   460:      760.000      761.000      762.000      763.000      764.000
   465:      765.000      766.000      767.000      768.000      769.000
   470:      770.000      771.000      772.000      773.000      774.000
   475:      775.000      776.000      777.000      778.000      779.000
   480:      780.000      781.000      782.000      783.000      784.000
   485:      785.000      786.000      787.000      788.000      789.000
   490:      790.000      791.000      792.000      793.000      794.000
   495:      795.000      796.000      797.000      798.000      799.000
   500:      800.000      801.000      802.000      803.000      804.000
   505:      805.000      806.000      807.000      808.000      809.000
   510:      810.000      811.000      812.000      813.000      814.000
   515:      815.000      816.000      817.000      818.000      819.000
   520:      820.000      821.000      822.000      823.000      824.000
   525:      825.000      826.000      827.000      828.000      829.000
   530:      830.000      831.000      832.000      833.000      834.000
   535:      835.000      836.000      837.000      838.000      839.000
   540:      840.000      841.000      842.000      843.000      844.000
   545:      845.000      846.000      847.000      848.000      849.000
   550:      850.000      851.000      852.000      853.000      854.000
   555:      855.000      856.000      857.000      858.000      859.000
   560:      860.000      861.000      862.000      863.000      864.000
   565:      865.000      866.000      867.000      868.000      869.000
   570:      870.000      871.000      872.000      873.000      874.000
   575:      875.000      876.000      877.000      878.000      879.000
   580:      880.000      881.000      882.000      883.000      884.000
   585:      885.000      886.000      887.000      888.000      889.000
   590:      890.000      891.000      892.000      893.000      894.000
   595:      895.000      896.000      897.000      898.000      899.000
   600:      900.000
N:
     0:     1500.000     1501.000     1502.000     1503.000     1504.000
     5:     1505.000     1506.000     1507.000     1508.000     1509.000
    10:     1510.000     1511.000     1512.000     1513.000     1514.000
    15:     1515.000     1516.000     1517.000     1518.000     1519.000
    20:     1520.000     1521.000     1522.000     1523.000     1524.000
    25:     1525.000     1526.000     1527.000     1528.000     1529.000
    30:     1530.000     1531.000     1532.000     1533.000     1534.000
    35:     1535.000     1536.000     1537.000     1538.000     1539.000
    40:     1540.000     1541.000     1542.000     1543.000     1544.000
    45:     1545.000     1546.000     1547.000     1548.000     1549.000
    50:     1550.000     1551.000     1552.000     1553.000     1554.000
    55:     1555.000     1556.000     1557.000     1558.000     1559.000
    60:     1560.000     1561.000     1562.000     1563.000     1564.000
    65:     1565.000     1566.000     1567.000     1568.000     1569.000
    70:     1570.000     1571.000     1572.000     1573.000     1574.000
    75:     1575.000     1576.000     1577.000     1578.000     1579.000
    80:     1580.000     1581.000     1582.000     1583.000     1584.000
    85:     1585.000     1586.000     1587.000     1588.000     1589.000
    90:     1590.000     1591.000     1592.000     1593.000     1594.000
    95:     1595.000     1596.000     1597.000     1598.000     1599.000
   100:     1600.000     1601.000     1602.000     1603.000     1604.000
   105:     1605.000     1606.000     1607.000     1608.000     1609.000
   110:     1610.000     1611.000     1612.000     1613.000     1614.000
   115:     1615.000     1616.000     1617.000     1618.000     1619.000
   120:     1620.000     1621.000     1622.000     1623.000     1624.000
   125:     1625.000     1626.000     1627.000     1628.000     1629.000
   130:     1630.000     1631.000     1632.000     1633.000     1634.000
   135:     1635.000     1636.000     1637.000     1638.000     1639.000
   140:     1640.000     1641.000     1642.000     1643.000     1644.000
   145:     1645.000     1646.000     1647.000     1648.000     1649.000
   150:     1650.000     1651.000     1652.000     1653.000     1654.000
   155:     1655.000     1656.000     1657.000     1658.000     1659.000
   160:     1660.000     1661.000     1662.000     1663.000     1664.000
   165:     1665.000     1666.000     1667.000     1668.000     1669.000
   170:     1670.000     1671.000     1672.000     1673.000     1674.000
   175:     1675.000     1676.000     1677.000     1678.000     1679.000
   180:     1680.000     1681.000     1682.000     1683.000     1684.000
   185:     1685.000     1686.000     1687.000     1688.000     1689.000
   190:     1690.000     1691.000     1692.000     1693.000     1694.000
   195:     1695.000     1696.000     1697.000     1698.000     1699.000
   200:     1700.000     1701.000     1702.000     1703.000     1704.000
   205:     1705.000     1706.000     1707.000     1708.000     1709.000
   210:     1710.000     1711.000     1712.000     1713.000     1714.000
   215:     1715.000     1716.000     1717.000     1718.000     1719.000
   220:     1720.000     1721.000     1722.000     1723.000     1724.000
   225:     1725.000     1726.000     1727.000     1728.000     1729.000
   230:     1730.000     1731.000     1732.000     1733.000     1734.000
   235:     1735.000     1736.000     1737.000     1738.000     1739.000
   240:     1740.000     1741.000     1742.000     1743.000     1744.000
   245:     1745.000     1746.000     1747.000     1748.000     1749.000
   250:     1750.000     1751.000     1752.000     1753.000     1754.000
   255:     1755.000     1756.000     1757.000     1758.000     1759.000
   260:     1760.000     1761.000     1762.000     1763.000     1764.000
   265:     1765.000     1766.000     1767.000     1768.000     1769.000
   270:     1770.000     1771.000     1772.000     1773.000     1774.000
   275:     1775.000     1776.000     1777.000     1778.000     1779.000
   280:     1780.000     1781.000     1782.000     1783.000     1784.000
   285:     1785.000     1786.000     1787.000     1788.000     1789.000
   290:     1790.000     1791.000     1792.000     1793.000     1794.000
   295:     1795.000     1796.000     1797.000     1798.000     1799.000
   300:     1800.000     1801.000     1802.000     1803.000     1804.000
   305:     1805.000     1806.000     1807.000     1808.000     1809.000
   310:     1810.000     1811.000     1812.000     1813.000     1814.000
   315:     1815.000     1816.000     1817.000     1818.000     1819.000
   320:     1820.000     1821.000     1822.000     1823.000     1824.000
   325:     1825.000     1826.000     1827.000     1828.000     1829.000
   330:     1830.000     1831.000     1832.000     1833.000     1834.000
   335:     1835.000     1836.000     1837.000     1838.000     1839.000
   340:     1840.000     1841.000     1842.000     1843.000     1844.000
   345:     1845.000     1846.000     1847.000     1848.000     1849.000
   350:     1850.000     1851.000     1852.000     1853.000     1854.000
   355:     1855.000     1856.000     1857.000     1858.000     1859.000
   360:     1860.000     1861.000     1862.000     1863.000     1864.000
   365:     1865.000     1866.000     1867.000     1868.000     1869.000
   370:     1870.000     1871.000     1872.000     1873.000     1874.000
   375:     1875.000     1876.000     1877.000     1878.000     1879.000
   380:     1880.000     1881.000     1882.000     1883.000     1884.000
   385:     1885.000     1886.000     1887.000     1888.000     1889.000
   390:     1890.000     1891.000     1892.000     1893.000     1894.000
   395:     1895.000     1896.000     1897.000     1898.000     1899.000
   400:     1900.000     1901.000     1902.000     1903.000     1904.000
   405:     1905.000     1906.000     1907.000     1908.000     1909.000
   410:     1910.000     1911.000     1912.000     1913.000     1914.000
   415:     1915.000     1916.000     1917.000     1918.000     1919.000
   420:     1920.000     1921.000     1922.000     1923.000     1924.000
   425:     1925.000     1926.000     1927.000     1928.000     1929.000
   430:     1930.000     1931.000     1932.000     1933.000     1934.000
   435:     1935.000     1936.000     1937.000     1938.000     1939.000
   440:     1940.000     1941.000     1942.000     1943.000     1944.000
   445:     1945.000     1946.000     1947.000     1948.000     1949.000
   450:     1950.000     1951.000     1952.000     1953.000     1954.000
   455:     1955.000     1956.000     1957.000     1958.000     1959.000
   460:     1960.000     1961.000     1962.000     1963.000     1964.000
   465:     1965.000     1966.000     1967.000     1968.000     1969.000
   470:     1970.000     1971.000     1972.000     1973.000     1974.000
   475:     1975.000     1976.000     1977.000     1978.000     1979.000
   480:     1980.000     1981.000     1982.000     1983.000     1984.000
   485:     1985.000     1986.000     1987.000     1988.000     1989.000
   490:     1990.000     1991.000     1992.000     1993.000     1994.000
   495:     1995.000     1996.000     1997.000     1998.000     1999.000
   500:     2000.000     2001.000     2002.000     2003.000     2004.000
   505:     2005.000     2006.000     2007.000     2008.000     2009.000
   510:     2010.000     2011.000     2012.000     2013.000     2014.000
   515:     2015.000     2016.000     2017.000     2018.000     2019.000
   520:     2020.000     2021.000     2022.000     2023.000     2024.000
   525:     2025.000     2026.000     2027.000     2028.000     2029.000
   530:     2030.000     2031.000     2032.000     2033.000     2034.000
   535:     2035.000     2036.000     2037.000     2038.000     2039.000
   540:     2040.000     2041.000     2042.000     2043.000     2044.000
   545:     2045.000     2046.000     2047.000     2048.000     2049.000
   550:     2050.000     2051.000     2052.000     2053.000     2054.000
   555:     2055.000     2056.000     2057.000     2058.000     2059.000
   560:     2060.000     2061.000     2062.000     2063.000     2064.000
   565:     2065.000     2066.000     2067.000     2068.000     2069.000
   570:     2070.000     2071.000     2072.000     2073.000     2074.000
   575:     2075.000     2076.000     2077.000     2078.000     2079.000
   580:     2080.000     2081.000     2082.000     2083.000     2084.000
   585:     2085.000     2086.000     2087.000     2088.000     2089.000
   590:     2090.000     2091.000     2092.000     2093.000     2094.000
   595:     2095.000     2096.000     2097.000     2098.000     2099.000
   600:     2100.000
R:
     0:      400.000      833.000      400.000
V:
     0:      742.000     1966.000
W:
     0:      742.000     1966.000
