File: C:\MED-PC IV\DATA\p004_s153_japede


Start Date: 11/29/17
End Date: 11/29/17
Subject: p004
Experiment: 0
Group: 0
Box: 5
Start Time: 16:25:13
End Time: 17:26:10
MSN: japede_L_135_135_135_R_27_27_27
B:       0.000
E:    3579.000
F:       0.000
G:       0.000
H:       0.000
I:       2.000
J:       2.000
K:       0.000
O:       0.000
P:       0.000
Q:       0.000
S:  360000.000
T:  360000.000
U:       0.000
X:       0.000
Y:       0.000
Z:       0.000
A:
     0:        0.010        0.250        0.220        0.230      267.120
     5:      291.120      299.840      318.120      347.120      374.120
    10:      396.120      424.120      635.120      666.120      730.120
    15:      765.120      801.120      965.120      992.120     1021.120
    20:     1057.120     1086.120     1189.640     1189.320     1189.330
    25:     1189.350     1189.240     1189.130     1439.220     1439.230
    30:     1439.250     1439.340     1623.120     1676.120     1699.120
    35:     1937.120     1976.120     2178.120     2206.120     2310.130
    40:     2386.120     2439.840     2472.640     2472.320     2472.330
    45:     2472.350     2472.240     2472.130     2722.220     2722.230
    50:     2722.250     2722.340     3329.130     3420.120     3446.120
    55:     3474.120     3548.130     3695.120     3721.120     3753.120
    60:     3784.120     3869.130     3981.120     4004.120     4022.120
    65:     4101.130     4175.120     4200.120     4224.120     4252.120
    70:     4348.130     4399.740     4428.540     4428.320     4428.330
    75:     4428.350     4428.240     4428.120     4678.220     4678.230
    80:     4678.250     4678.340     4795.120     4905.130     4922.840
    85:     5004.120     5057.120     5239.120     5263.120     5292.120
    90:     5318.120     5344.120     5578.740     5603.540     5603.320
    95:     5603.330     5603.350     5603.240     5603.120     5853.220
   100:     5853.230     5853.250     5853.340     5999.120     6070.640
   105:     6070.320     6070.330     6070.350     6070.240     6070.130
   110:     6320.220     6320.230     6320.250     6320.340     6713.120
   115:     6739.120     6763.120     6845.130     6953.120     6975.120
   120:     7046.130     7163.120     7188.120     7256.130     7325.120
   125:     7348.120     7501.120     7520.840     7527.120     7630.640
   130:     7630.320     7630.330     7630.350     7630.240     7630.130
   135:     7880.220     7880.230     7880.250     7880.340     8119.120
   140:     8141.120     8165.120     8188.120     8358.120     8388.120
   145:     8412.120     8483.130     8600.120     8789.120     8950.120
   150:     8978.120     9055.130     9131.120     9155.120     9183.120
   155:     9210.120     9290.130     9388.120     9411.120     9489.130
   160:     9584.120     9606.120     9686.130     9765.120     9791.120
   165:     9880.130     9953.120     9979.120    10005.120    10067.130
   170:    10141.120    10165.120    10242.130    10271.130    10369.120
   175:    10394.120    10478.130    10548.120    10572.120    10596.120
   180:    10667.130    10693.130    10757.120    10850.130    10916.120
   185:    10940.120    11065.130    11126.120    11150.120    11444.130
   190:    11512.120    11536.120    11659.130    11680.840    11726.120
   195:    11784.120    11808.120    11869.640    11869.320    11869.330
   200:    11869.350    11869.240    11869.130    12119.220    12119.230
   205:    12119.250    12119.340    12288.120    12363.130    12441.130
   210:    12453.740    12519.840    12613.640    12613.320    12613.330
   215:    12613.350    12613.240    12613.130    12863.220    12863.230
   220:    12863.250    12863.340    13080.540    13080.320    13080.330
   225:    13080.350    13080.240    13080.120    13330.220    13330.230
   230:    13330.250    13330.340    13501.120    13632.120    13656.120
   235:    13779.120    13846.130    13911.120    13937.120    14104.120
   240:    14132.120    14203.130    14294.130    14365.120    14389.120
   245:    14463.130    14524.120    14545.120    14615.130    14674.130
   250:    14738.120    14764.120    14897.120    14966.130    15032.120
   255:    15133.130    15224.120    15316.130    15376.120    15446.130
   260:    15512.120    15585.130    15630.740    15663.840    15708.540
   265:    15708.320    15708.330    15708.350    15708.240    15708.120
   270:    15958.220    15958.230    15958.250    15958.340    16136.120
   275:    16158.740    16161.540    16161.320    16161.330    16161.350
   280:    16161.240    16161.120    16411.220    16411.230    16411.250
   285:    16411.340    16598.120    16622.120    16750.120    16774.120
   290:    16868.640    16868.320    16868.330    16868.350    16868.240
   295:    16868.130    17118.220    17118.230    17118.250    17118.340
   300:    17351.120    17373.120    17522.120    17546.120    17608.130
   305:    17672.120    17696.120    17752.130    17814.130    17912.120
   310:    17965.120    18034.130    18106.120    18118.840    18130.120
   315:    18265.120    18432.120    18536.120    18560.120    18632.640
   320:    18632.320    18632.330    18632.350    18632.240    18632.130
   325:    18882.220    18882.230    18882.250    18882.340    19144.120
   330:    19168.120    19252.130    19317.120    19347.120    19410.130
   335:    19457.130    19540.120    19727.120    19799.130    19898.120
   340:    19971.120    20166.120    20228.130    20282.840    20316.120
   345:    20426.640    20426.320    20426.330    20426.350    20426.240
   350:    20426.130    20676.220    20676.230    20676.250    20676.340
   355:    20821.130    20916.120    21002.130    21132.120    21200.130
   360:    21308.120    21331.120    21376.840    21462.120    21487.120
   365:    21549.640    21549.320    21549.330    21549.350    21549.240
   370:    21549.130    21799.220    21799.230    21799.250    21799.340
   375:    21943.120    22149.120    22169.120    22327.120    22352.120
   380:    22399.840    22472.120    22543.640    22543.320    22543.330
   385:    22543.350    22543.240    22543.130    22793.220    22793.230
   390:    22793.250    22793.340    22920.120    23127.120    23269.120
   395:    23463.120    23534.130    23609.120    23744.120    23810.130
   400:    23876.120    23941.130    24027.130    24129.120    24153.120
   405:    24276.120    24301.120    24358.130    24402.130    24639.130
   410:    24768.120    24793.120    24853.130    24901.130    24965.120
   415:    25109.120    25226.120    25393.840    25441.120    25693.640
   420:    25693.320    25693.330    25693.350    25693.240    25693.130
   425:    25943.220    25943.230    25943.250    25943.340    26218.120
   430:    26242.120    26308.130    26458.120    26535.130    26739.130
   435:    26806.120    27169.120    27192.120    27218.120    27291.130
   440:    27447.120    27514.130    27581.120    27685.130    27941.130
   445:    28143.130    28256.120    28343.130    28422.120    28494.130
   450:    28565.130    28696.120    28872.120    28940.130    29209.120
   455:    29243.840    29411.120    29437.120    29505.640    29505.320
   460:    29505.330    29505.350    29505.240    29505.130    29755.220
   465:    29755.230    29755.250    29755.340    29993.120    30016.120
   470:    30131.130    30193.120    30782.130    31015.130    31596.120
   475:    31621.120    31829.120    31925.130    31986.120    32063.130
   480:    32238.130    32826.130    32896.130    32966.120    33164.120
   485:    33236.130    33306.120    33369.130    33476.120    33563.130
   490:    33699.130    33932.120    34077.120    34101.120    34162.130
   495:    34316.130    34355.840    34452.640    34452.320    34452.330
   500:    34452.350    34452.240    34452.130    34702.220    34702.230
   505:    34702.250    34702.340    34929.120    35045.130    35091.130
   510:    35170.120    35475.120    35566.130    35712.130    35735.130
   515:    35815.130    35881.120    36032.120    36102.130    36614.130
   520:    36990.130    37055.120    37126.130    37202.840    37302.640
   525:    37302.320    37302.330    37302.350    37302.240    37302.130
   530:    37552.220    37552.230    37552.250    37552.340    37763.120
   535:    37987.120    38181.120    38241.130    38469.130    38695.120
   540:    38770.130    38844.120    38959.130    39023.120    39086.130
   545:    39176.130    39329.130    39469.120    39552.840    39796.640
   550:    39796.320    39796.330    39796.350    39796.240    39796.130
   555:    40046.220    40046.230    40046.250    40046.340    40259.120
   560:    40281.120    40353.130    40480.120    40586.130    40665.120
   565:    40711.740    40738.130    40882.540    40882.320    40882.330
   570:    40882.350    40882.240    40882.120    41132.220    41132.230
   575:    41132.250    41132.340    41237.130    41260.130    41331.120
   580:    41438.130    41561.120    41586.120    41646.840    41734.120
   585:    41854.120    42171.640    42171.320    42171.330    42171.350
   590:    42171.240    42171.130    42421.220    42421.230    42421.250
   595:    42421.340    42607.120    42632.120    42699.130    42798.120
   600:    42918.120    43037.120    43059.120    43169.120    43263.120
   605:    43284.120    43360.130    43434.120    43573.120    43681.130
   610:    43791.120    43817.120    43875.130    43921.840    44038.640
   615:    44038.320    44038.330    44038.350    44038.240    44038.130
   620:    44132.740    44288.220    44288.230    44288.250    44288.340
   625:    44500.540    44500.320    44500.330    44500.350    44500.240
   630:    44500.120    44750.220    44750.230    44750.250    44750.340
   635:    44869.130    45020.120    45150.120    45245.120    45393.130
   640:    45439.130    45503.120    45631.120    45654.120    45822.130
   645:    46195.120    46464.130    46533.120    46589.130    46657.120
   650:    46950.740    47180.130    47248.540    47248.320    47248.330
   655:    47248.350    47248.240    47248.120    47498.220    47498.230
   660:    47498.250    47498.340    47840.120    47908.130    48200.130
   665:    48403.120    48476.130    48988.840    49045.120    49110.640
   670:    49110.320    49110.330    49110.350    49110.240    49110.130
   675:    49360.220    49360.230    49360.250    49360.340    49498.740
   680:    49513.540    49513.320    49513.330    49513.350    49513.240
   685:    49513.120    49763.220    49763.230    49763.250    49763.340
   690:    49936.120    50108.120    50181.130    50381.130    50405.130
   695:    50502.120    50634.120    50710.130    50945.120    51021.130
   700:    51211.120    51235.120    51560.840    51644.120    51667.120
   705:    51737.640    51737.320    51737.330    51737.350    51737.240
   710:    51737.130    51987.220    51987.230    51987.250    51987.340
   715:    52132.120    52241.120    52341.120    52440.130    52794.130
   720:    52997.120    53139.120    53250.130    53413.130    53774.120
   725:    54121.130    54187.840    54190.120    54264.640    54264.320
   730:    54264.330    54264.350    54264.240    54264.130    54514.220
   735:    54514.230    54514.250    54514.340    54720.120    54859.130
   740:    54963.740    55096.130    55167.540    55167.320    55167.330
   745:    55167.350    55167.240    55167.120    55417.220    55417.230
   750:    55417.250    55417.340    55583.120    55822.120    55850.120
   755:    55926.130    56002.120    56079.130    56182.130    56248.120
   760:    56360.120    56426.130    56497.120    56794.130    56918.120
   765:    57093.130    57165.120    57241.130    57320.120    57419.120
   770:    57522.130    57671.130    58114.840    58259.640    58259.320
   775:    58259.330    58259.350    58259.240    58259.130    58509.220
   780:    58509.230    58509.250    58509.340    59035.120    59112.130
   785:    59558.120    59587.120    59651.130    59745.130    59894.130
   790:    60037.130    60186.130    60449.120    60599.120    60701.120
   795:    60930.120    60955.120    60986.120    61051.130    61152.120
   800:    61236.130    61355.120    61383.120    61539.120    61757.130
   805:    61931.130    62109.130    62183.120    62379.120    62459.130
   810:    62633.120    62715.130    62888.120    63242.130    63430.130
   815:    63607.130    63905.120    63993.130    64151.130    64417.740
   820:    64531.130    64584.130    64765.130    64948.540    64948.320
   825:    64948.330    64948.350    64948.240    64948.120    65198.220
   830:    65198.230    65198.250    65198.340    65283.130    65358.120
   835:    65535.120    65564.120    65627.130    65766.130    65969.130
   840:    66222.130    66317.120    66409.840    66516.640    66516.320
   845:    66516.330    66516.350    66516.240    66516.130    66766.220
   850:    66766.230    66766.250    66766.340    66951.120    66977.120
   855:    67084.120    67166.840    67292.640    67292.320    67292.330
   860:    67292.350    67292.240    67292.130    67542.220    67542.230
   865:    67542.250    67542.340    67978.130    68129.120    68142.840
   870:    68152.120    68175.120    68251.640    68251.320    68251.330
   875:    68251.350    68251.240    68251.130    68501.220    68501.230
   880:    68501.250    68501.340    68656.120    68685.120    68899.120
   885:    68923.120    68988.130    69053.120    69160.120    69271.120
   890:    69358.130    69581.120    69684.120    69806.130    69964.120
   895:    69984.120    70092.120    70368.130    70447.120    70474.120
   900:    70675.120    70702.120    70834.120    70864.120    70955.130
   905:    70986.130    71054.120    71392.120    71711.120    71901.840
   910:    71989.120    72012.120    72088.640    72088.320    72088.330
   915:    72088.350    72088.240    72088.130    72338.220    72338.230
   920:    72338.250    72338.340    72499.130    72576.120    72658.130
   925:    72731.120    72874.120    72944.130    73007.120    73029.120
   930:    73196.120    73340.120    73577.120    73609.120    73819.120
   935:    73968.120    74149.120    74292.120    74445.120    74644.120
   940:    74768.130    74835.120    74915.130    75089.120    75112.120
   945:    75381.120    75555.120    76131.130    76207.120    76277.130
   950:    76356.120    76379.120    76452.130    76738.120    76838.840
   955:    76899.120    77041.120    77160.120    77242.640    77242.320
   960:    77242.330    77242.350    77242.240    77242.130    77492.220
   965:    77492.230    77492.250    77492.340    77655.120    77790.130
   970:    77798.740    77920.540    77920.320    77920.330    77920.350
   975:    77920.240    77920.120    78170.220    78170.230    78170.250
   980:    78170.340    78372.120    78398.120    78531.120    78631.120
   985:    78734.120    78790.130    78863.120    79048.120    79120.130
   990:    79196.120    79293.130    79421.130    79519.130    79625.120
   995:    79647.120    79805.120    80037.120    80488.120    80582.120
  1000:    80753.120    80775.120    81101.120    81267.120    81288.120
  1005:    81359.130    81431.120    81561.130    81630.120    81808.120
  1010:    81870.740    81933.130    82122.540    82122.320    82122.330
  1015:    82122.350    82122.240    82122.120    82372.220    82372.230
  1020:    82372.250    82372.340    82566.120    82769.130    82971.130
  1025:    83076.120    83290.120    83316.120    83446.120    83586.120
  1030:    83684.130    83843.130    83995.130    84168.120    84193.120
  1035:    84271.130    84499.120    84757.120    84781.120    84850.130
  1040:    85045.130    85215.130    85284.120    85724.130    85793.120
  1045:    86012.130    86333.130    86404.120    86488.120    86561.130
  1050:    86858.130    87361.130    87781.120    87808.120    87872.130
  1055:    88025.130    88198.120    88318.120    88605.120    88630.120
  1060:    88655.120    88714.130    88820.120    89070.120    89097.120
  1065:    89390.120    89535.120    89561.120    89675.120    89704.120
  1070:    89865.120    89889.120    90013.120    90318.120    90512.120
  1075:    90710.120    90939.120    91487.120    91912.130    91987.120
  1080:    92123.120    92187.130    92306.120    92484.120    92719.120
  1085:    92925.120    93200.120    93254.120    93642.120    93783.120
  1090:    94104.120    94130.120    94339.120    94563.120    94890.120
  1095:    94919.120    94992.840    95181.120    95207.120    95415.120
  1100:    95444.120    95705.120    96003.120    96189.120    96217.120
  1105:    96518.120    96548.120    96809.120    97327.120    97488.120
  1110:    97513.120    97632.120    98424.120    98446.120    98687.640
  1115:    98687.320    98687.330    98687.350    98687.240    98687.130
  1120:    98937.220    98937.230    98937.250    98937.340    99102.120
  1125:    99137.840    99238.120    99264.120    99456.120    99481.120
  1130:    99657.120    99809.120    99834.120   100000.120   100072.740
  1135:   100355.540   100355.320   100355.330   100355.350   100355.240
  1140:   100355.120   100605.220   100605.230   100605.250   100605.340
  1145:   100786.120   100926.120   101097.120   101123.120   101282.120
  1150:   101309.120   101481.120   101504.120   101704.640   101704.320
  1155:   101704.330   101704.350   101704.240   101704.130   101954.220
  1160:   101954.230   101954.250   101954.340   102085.120   102225.120
  1165:   102355.120   102381.120   102454.840   102616.120   102798.120
  1170:   103000.120   103020.120   103109.120   103302.120   103452.120
  1175:   103478.120   103662.640   103662.320   103662.330   103662.350
  1180:   103662.240   103662.130   103912.220   103912.230   103912.250
  1185:   103912.340   104050.120   104073.120   104187.120   104324.120
  1190:   104472.120   104539.130   104589.130   104655.120   104804.120
  1195:   104864.130   104933.120   104991.130   105061.120   105233.130
  1200:   105313.120   105467.120   105530.130   105605.130   105698.120
  1205:   105761.130   106005.740   106041.130   106147.540   106147.320
  1210:   106147.330   106147.350   106147.240   106147.120   106397.220
  1215:   106397.230   106397.250   106397.340   106537.130   106610.120
  1220:   106640.120   106765.120   106927.120   106994.130   107063.120
  1225:   107135.130   107215.120   107361.120   107382.120   107540.120
  1230:   107677.120   107737.130   107866.130   107932.120   108106.120
  1235:   108163.130   108238.120   108298.130   108364.120   108457.130
  1240:   108516.120   108822.120   108927.120   108986.130   109086.130
  1245:   109133.130   109194.120   109217.120   109362.120   109504.120
  1250:   109575.130   109612.840   109728.120   109851.120   109948.640
  1255:   109948.320   109948.330   109948.350   109948.240   109948.130
  1260:   110198.220   110198.230   110198.250   110198.340   110386.120
  1265:   110535.120   110556.120   110680.120   110704.120   110771.130
  1270:   110822.130   110884.120   110956.130   111028.120   111109.130
  1275:   111182.120   111206.120   111504.120   111575.130   111644.120
  1280:   111750.130   112006.120   112029.120   112093.130   112171.120
  1285:   112271.130   112340.120   112365.120   112533.120   112673.120
  1290:   112838.120   112978.120   113057.130   113127.120   113198.130
  1295:   113266.120   113414.120   113489.130   113588.130   113663.120
  1300:   113737.130   113922.130   113993.120   113998.840   114310.120
  1305:   114395.640   114395.320   114395.330   114395.350   114395.240
  1310:   114395.130   114645.220   114645.230   114645.250   114645.340
  1315:   114870.130   114970.130   115047.120   115115.130   115234.130
  1320:   115245.840   115466.120   115489.120   115550.640   115550.320
  1325:   115550.330   115550.350   115550.240   115550.130   115800.220
  1330:   115800.230   115800.250   115800.340   116020.120   116094.130
  1335:   116200.120   116276.130   116364.120   116439.130   116487.130
  1340:   116497.740   116575.540   116575.320   116575.330   116575.350
  1345:   116575.240   116575.120   116800.840   116825.220   116825.230
  1350:   116825.250   116825.340   117007.120   117141.120   117164.120
  1355:   117190.120   117347.120   117487.120   117794.640   117794.320
  1360:   117794.330   117794.350   117794.240   117794.130   118044.220
  1365:   118044.230   118044.250   118044.340   118174.130   118281.120
  1370:   118362.130   118437.120   118510.130   118580.130   118649.120
  1375:   118705.130   118772.120   118935.120   119096.120   119156.130
  1380:   119226.120   119344.840   119360.120   119556.120   120117.640
  1385:   120117.320   120117.330   120117.350   120117.240   120117.130
  1390:   120367.220   120367.230   120367.250   120367.340   120457.130
  1395:   120536.120   120614.130   120686.120   120771.130   120819.130
  1400:   120921.120   121087.120   121208.120   121283.130   121376.120
  1405:   121425.740   121499.540   121499.320   121499.330   121499.350
  1410:   121499.240   121499.120   121749.220   121749.230   121749.250
  1415:   121749.340   121929.120   122080.130   122156.120   122290.120
  1420:   122345.120   122489.120   122517.120   122580.130   122626.130
  1425:   122838.120   123113.120   123171.130   123246.120   123267.120
  1430:   123330.130   123400.120   123458.130   123635.130   123708.120
  1435:   123737.120   123847.130   123907.120   123984.130   124153.120
  1440:   124178.120   124333.120   124455.120   124632.120   124710.130
  1445:   124783.120   124863.130   124982.130   125120.130   125396.130
  1450:   125470.120   125539.130   125710.130   125785.120   125951.120
  1455:   126057.120   126264.130   126334.120   126448.130   126519.120
  1460:   126567.840   126589.640   126589.320   126589.330   126589.350
  1465:   126589.240   126589.130   126839.220   126839.230   126839.250
  1470:   126839.340   127028.120   127053.120   127176.120   127244.130
  1475:   127342.120   127464.120   127524.130   127621.120   127766.120
  1480:   127948.120   128084.120   128143.130   128216.120   128285.130
  1485:   128493.120   128637.120   128743.130   128927.120   129039.840
  1490:   129059.120   129135.640   129135.320   129135.330   129135.350
  1495:   129135.240   129135.130   129385.220   129385.230   129385.250
  1500:   129385.340   129475.130   129582.120   129779.120   129943.120
  1505:   129970.120   130184.120   130385.840   130393.120   130421.120
  1510:   130598.640   130598.320   130598.330   130598.350   130598.240
  1515:   130598.130   130848.220   130848.230   130848.250   130848.340
  1520:   131092.120   131121.120   131185.130   131317.120   131349.740
  1525:   131393.130   131492.540   131492.320   131492.330   131492.350
  1530:   131492.240   131492.120   131742.220   131742.230   131742.250
  1535:   131742.340   131884.130   131956.120   132027.130   132121.120
  1540:   132291.130   132508.120   132654.120   132759.120   133060.120
  1545:   133131.130   133228.120   133248.840   133373.120   133451.640
  1550:   133451.320   133451.330   133451.350   133451.240   133451.130
  1555:   133701.220   133701.230   133701.250   133701.340   133800.130
  1560:   133889.120   134042.120   134066.120   134245.120   134419.120
  1565:   134597.120   134657.130   134725.120   134796.130   134989.130
  1570:   135071.120   135214.120   135484.120   135742.120   135809.130
  1575:   136047.130   136119.120   136201.130   136265.120   136396.120
  1580:   136454.130   136626.120   136773.120   137001.130   137194.120
  1585:   137450.130   137523.120   137675.120   137819.120   137839.120
  1590:   138066.130   138139.120   138262.120   138355.130   138585.120
  1595:   138655.130   138728.120   138874.120   139021.120   139042.740
  1600:   139099.130   139170.540   139170.320   139170.330   139170.350
  1605:   139170.240   139170.120   139420.220   139420.230   139420.250
  1610:   139420.340   139527.130   139605.120   139736.120   139816.120
  1615:   139885.130   139951.120   140019.130   140095.120   140251.120
  1620:   140401.840   140550.120   140675.120   140804.120   140935.120
  1625:   140958.120   141090.120   141247.120   141317.640   141317.320
  1630:   141317.330   141317.350   141317.240   141317.130   141567.220
  1635:   141567.230   141567.250   141567.340   141737.120   141903.120
  1640:   142029.120   142172.120   142280.120   142435.120   142498.130
  1645:   142568.120   142953.120   143027.130   143100.120   143177.130
  1650:   143247.120   143412.120   143596.120   143769.120   143936.120
  1655:   144067.120   144238.120   144333.130   144403.120   144602.120
  1660:   144676.130   144745.120   144964.120   145033.130   145220.120
  1665:   145290.130   145376.120   145502.120   145642.120   145707.130
  1670:   145875.120   145973.120   146126.130   146197.120   146324.120
  1675:   146494.120   146644.120   146670.120   146752.120   146908.120
  1680:   146983.130   147061.120   147670.120   147853.120   148157.120
  1685:   148227.130   148432.120   148587.120   148660.130   148890.120
  1690:   148954.130   149024.120   149192.120   149265.130   149567.840
  1695:   149595.120   149627.120   149805.120   150106.120   150132.120
  1700:   150217.640   150217.320   150217.330   150217.350   150217.240
  1705:   150217.130   150467.220   150467.230   150467.250   150467.340
  1710:   150655.120   150798.120   151038.120   151110.130   151248.130
  1715:   151320.120   151459.120   151583.120   151710.120   151915.120
  1720:   151941.120   152058.130   152130.120   152297.120   152533.120
  1725:   152692.120   152867.840   152868.120   152944.640   152944.320
  1730:   152944.330   152944.350   152944.240   152944.130   153194.220
  1735:   153194.230   153194.250   153194.340   153413.120   153634.120
  1740:   153718.130   153851.120   153879.120   153940.130   154033.120
  1745:   154172.120   154333.130   154423.120   154621.120   154765.120
  1750:   154832.130   154903.120   155046.120   155206.130   155285.120
  1755:   155555.120   155846.120   156094.840   156244.120   156390.120
  1760:   156566.120   156591.120   156788.120   156933.120   156992.640
  1765:   156992.320   156992.330   156992.350   156992.240   156992.130
  1770:   157242.220   157242.230   157242.250   157242.340   157342.130
  1775:   157482.120   157637.120   157691.120   157857.130   158061.120
  1780:   158206.120   158375.120   158517.120   158587.130   158742.130
  1785:   158899.130   159086.120   159432.120   159598.120   159812.120
  1790:   159971.120   160182.120   160372.120   160540.120   160732.130
  1795:   160878.120   161150.120   161314.120   161377.130   161642.840
  1800:   161684.120   161708.120   161912.640   161912.320   161912.330
  1805:   161912.350   161912.240   161912.130   162162.220   162162.230
  1810:   162162.250   162162.340   162257.130   162333.120   162542.120
  1815:   162567.120   162630.130   162758.120   162924.120   162995.130
  1820:   163092.120   163237.120   163393.120   163747.120   163762.840
  1825:   163832.640   163832.320   163832.330   163832.350   163832.240
  1830:   163832.130   164082.220   164082.230   164082.250   164082.340
  1835:   164246.120   164282.840   164382.120   164513.120   164738.120
  1840:   164759.120   165182.120   165316.120   165404.640   165404.320
  1845:   165404.330   165404.350   165404.240   165404.130   165420.740
  1850:   165654.220   165654.230   165654.250   165654.340   165810.540
  1855:   165810.320   165810.330   165810.350   165810.240   165810.120
  1860:   166060.220   166060.230   166060.250   166060.340   166265.120
  1865:   166420.120   166454.840   166480.640   166480.320   166480.330
  1870:   166480.350   166480.240   166480.130   166730.220   166730.230
  1875:   166730.250   166730.340   166837.130   167017.120   167042.120
  1880:   167201.120   167379.120   167529.120   167679.120   167743.130
  1885:   167831.130   167936.120   167957.120   168017.130   168089.120
  1890:   168242.120   168517.130   168645.120   168774.120   168946.120
  1895:   169019.130   169150.120   169298.120   169413.120   169477.130
  1900:   169550.120   169699.120   169851.120   169991.120   170171.120
  1905:   170335.120   170835.120   170960.740   170986.540   170986.320
  1910:   170986.330   170986.350   170986.240   170986.120   171236.220
  1915:   171236.230   171236.250   171236.340   171356.130   171457.120
  1920:   171682.130   171756.120   171831.130   171999.130   172074.120
  1925:   172333.120   172761.120   172830.130   172967.120   173186.120
  1930:   173261.130   173555.120   173703.120   173835.120   173935.130
  1935:   174081.130   174195.130   174285.120   174424.120   174606.120
  1940:   174671.130   174904.120   175141.120   175404.130   175525.130
  1945:   175611.120   175701.130   175772.120   175900.120   176374.120
  1950:   176531.120   176689.120   176759.130   177085.120   177159.130
  1955:   177408.120   177535.120   177764.120   177932.120   178327.120
  1960:   178540.120   178720.130   179080.130   179175.130   179240.120
  1965:   179427.120   179449.120   179616.120   179815.120   180012.120
  1970:   180195.130   180268.120   180341.130   180471.120   180829.130
  1975:   180929.130   181394.120   181633.120   181656.120   181924.120
  1980:   181949.120   182506.130   182654.120   182908.120   183065.130
  1985:   183137.120   183387.120   183906.130   183987.120   184406.120
  1990:   184430.840   184590.640   184590.320   184590.330   184590.350
  1995:   184590.240   184590.130   184840.220   184840.230   184840.250
  2000:   184840.340   185002.120   185151.120   185331.120   185402.130
  2005:   185451.130   185511.120   185769.120   185855.130   185951.120
  2010:   186082.120   186193.120   186322.120   186378.130   186440.840
  2015:   186469.120   186549.640   186549.320   186549.330   186549.350
  2020:   186549.240   186549.130   186799.220   186799.230   186799.250
  2025:   186799.340   186981.120   187142.120   187312.120   187463.120
  2030:   187620.120   187682.130   187753.120   187841.130   187909.120
  2035:   188189.120   188342.120   188399.840   188501.120   188575.640
  2040:   188575.320   188575.330   188575.350   188575.240   188575.130
  2045:   188825.220   188825.230   188825.250   188825.340   189019.120
  2050:   189041.120   189168.120   189331.120   189389.130   189454.120
  2055:   189632.120   189721.130   189792.120   189931.120   189957.120
  2060:   190222.120   190225.840   190289.640   190289.320   190289.330
  2065:   190289.350   190289.240   190289.130   190539.220   190539.230
  2070:   190539.250   190539.340   190640.130   190666.130   190770.120
  2075:   190905.120   191063.120   191170.120   191241.130   191355.120
  2080:   191506.120   191639.840   191649.120   191818.120   191904.640
  2085:   191904.320   191904.330   191904.350   191904.240   191904.130
  2090:   192154.220   192154.230   192154.250   192154.340   192244.130
  2095:   192338.130   192411.120   192569.120   192742.120   192878.120
  2100:   193023.120   193101.130   193170.120   193254.130   193546.120
  2105:   193604.130   193654.840   193671.120   193818.120   193987.120
  2110:   194168.120   194437.640   194437.320   194437.330   194437.350
  2115:   194437.240   194437.130   194687.220   194687.230   194687.250
  2120:   194687.340   194856.120   195000.120   195128.120   195432.120
  2125:   195487.840   195572.120   195711.120   195867.640   195867.320
  2130:   195867.330   195867.350   195867.240   195867.130   196117.220
  2135:   196117.230   196117.250   196117.340   196217.130   196288.120
  2140:   196479.130   196568.120   196661.130   196816.120   196987.120
  2145:   197154.120   197213.130   197423.130   197493.120   197687.120
  2150:   197843.120   197983.120   198145.120   198385.130   198612.120
  2155:   198694.130   198796.120   198932.120   199083.120   199156.130
  2160:   199249.120   199434.130   199507.120   199580.130   199695.120
  2165:   199751.130   199868.120   200012.120   200072.130   200137.120
  2170:   200419.120   200499.130   200707.120   200781.130   200899.130
  2175:   200990.120   201122.120   201407.120   201600.120   201803.120
  2180:   201917.840   202001.640   202001.320   202001.330   202001.350
  2185:   202001.240   202001.130   202251.220   202251.230   202251.250
  2190:   202251.340   202352.130   202424.120   202453.120   202610.120
  2195:   202751.840   202770.120   202949.120   203006.640   203006.320
  2200:   203006.330   203006.350   203006.240   203006.130   203256.220
  2205:   203256.230   203256.250   203256.340   203473.120   203497.120
  2210:   203526.120   203652.120   203803.120   203974.120   204133.130
  2215:   204315.120   204400.130   204478.130   204544.120   204710.120
  2220:   204795.130   204887.120   204948.130   205019.120   205056.840
  2225:   205107.640   205107.320   205107.330   205107.350   205107.240
  2230:   205107.130   205357.220   205357.230   205357.250   205357.340
  2235:   205640.120   205818.120   206058.120   206204.120   206353.120
  2240:   206516.120   206632.130   206691.120   206766.130   206842.120
  2245:   206981.120   207270.120   207416.120   207471.130   207573.120
  2250:   207774.130   208014.120   208279.120   208448.120   208547.130
  2255:   208714.120   208895.120   208968.130   209255.120   209542.120
  2260:   209622.130   209684.120   209944.120   210088.120   210285.120
  2265:   210428.120   210739.130   210857.840   210910.120   210993.640
  2270:   210993.320   210993.330   210993.350   210993.240   210993.130
  2275:   211243.220   211243.230   211243.250   211243.340   211369.130
  2280:   211442.120   211606.130   211712.120   211788.130   211863.120
  2285:   211924.130   212143.840   212237.120   212387.120   212548.640
  2290:   212548.320   212548.330   212548.350   212548.240   212548.130
  2295:   212798.220   212798.230   212798.250   212798.340   212988.120
  2300:   213185.130   213381.120   213440.130   213546.120   213567.120
  2305:   213832.120   213906.130   214000.120   214245.120   214315.130
  2310:   214701.120   214768.130   214798.840   214867.120   215037.120
  2315:   215136.740   215193.540   215193.320   215193.330   215193.350
  2320:   215193.240   215193.120   215443.220   215443.230   215443.250
  2325:   215443.340   215805.120   215953.640   215953.320   215953.330
  2330:   215953.350   215953.240   215953.130   216203.220   216203.230
  2335:   216203.250   216203.340   216299.130   216375.120   216396.120
  2340:   216651.120   216810.120   217043.740   217324.540   217324.320
  2345:   217324.330   217324.350   217324.240   217324.120   217574.220
  2350:   217574.230   217574.250   217574.340   217681.130   217893.120
  2355:   218098.130   218191.120   218537.130   218681.130   218840.120
  2360:   218991.120   219302.120   219383.130   219671.130   219787.120
  2365:   220026.130   220098.120   220103.840   220219.640   220219.320
  2370:   220219.330   220219.350   220219.240   220219.130   220469.220
  2375:   220469.230   220469.250   220469.340   220644.120   220982.120
  2380:   221135.120   221473.130   221655.120   221975.120   222389.130
  2385:   222620.120   223271.130   223488.120   223706.130   224018.120
  2390:   224311.130   224627.130   224698.120   224769.840   224942.640
  2395:   224942.320   224942.330   224942.350   224942.240   224942.130
  2400:   225192.220   225192.230   225192.250   225192.340   225438.130
  2405:   225507.120   225789.130   226121.120   226661.130   226953.120
  2410:   227029.130   227294.120   227520.130   227590.120   227775.120
  2415:   227833.130   227974.130   228137.120   228379.130   228450.120
  2420:   228750.120   228883.120   229034.120   229204.120   229723.130
  2425:   229886.130   230115.120   230330.120   230468.120   230595.130
  2430:   230802.120   231363.130   231730.120   231807.130   231955.130
  2435:   232093.130   232288.120   232513.120   232637.120   232674.740
  2440:   232896.130   233476.540   233476.320   233476.330   233476.350
  2445:   233476.240   233476.120   233726.220   233726.230   233726.250
  2450:   233726.340   234007.120   234127.130   234204.120   234386.130
  2455:   234392.840   234460.120   234583.640   234583.320   234583.330
  2460:   234583.350   234583.240   234583.130   234833.220   234833.230
  2465:   234833.250   234833.340   234914.130   235016.120   235229.120
  2470:   235260.120   235333.840   235384.120   235500.120   235644.120
  2475:   235734.640   235734.320   235734.330   235734.350   235734.240
  2480:   235734.130   235984.220   235984.230   235984.250   235984.340
  2485:   236160.120   236230.130   236298.120   236445.120   236726.740
  2490:   236732.540   236732.320   236732.330   236732.350   236732.240
  2495:   236732.120   236982.220   236982.230   236982.250   236982.340
  2500:   237079.130   237183.120   237331.130   237394.120   237546.120
  2505:   237620.130   237688.120   237808.120   237936.120   237984.840
  2510:   238122.640   238122.320   238122.330   238122.350   238122.240
  2515:   238122.130   238372.220   238372.230   238372.250   238372.340
  2520:   238692.120   238838.120   238897.130   239010.130   239095.120
  2525:   239126.120   239172.840   239269.120   239400.120   239456.640
  2530:   239456.320   239456.330   239456.350   239456.240   239456.130
  2535:   239706.220   239706.230   239706.250   239706.340   239780.130
  2540:   239807.130   240017.120   240154.120   240275.120   240418.120
  2545:   240549.120   240656.130   240715.120   240997.120   241127.120
  2550:   241357.130   241421.120   241582.120   241654.130   241718.120
  2555:   241788.130   241887.120   242022.120   242099.130   242160.120
  2560:   242306.840   242332.120   242352.120   242523.640   242523.320
  2565:   242523.330   242523.350   242523.240   242523.130   242773.220
  2570:   242773.230   242773.250   242773.340   242858.130   242951.120
  2575:   243098.120   243244.120   243380.120   243642.130   243732.120
  2580:   243844.120   244003.120   244071.130   244203.130   244600.120
  2585:   244661.130   244733.120   244873.120   245342.130   245399.120
  2590:   245463.130   245589.130   245720.130   245930.120   246015.130
  2595:   246073.840   246258.640   246258.320   246258.330   246258.350
  2600:   246258.240   246258.130   246508.220   246508.230   246508.250
  2605:   246508.340   246586.130   246611.130   246806.120   246866.130
  2610:   246953.130   247020.120   247227.130   247283.120   247409.120
  2615:   247560.120   247619.130   247825.120   248108.840   248227.120
  2620:   248497.120   248583.640   248583.320   248583.330   248583.350
  2625:   248583.240   248583.130   248833.220   248833.230   248833.250
  2630:   248833.340   248966.120   249091.120   249143.130   249303.120
  2635:   249327.120   249386.130   249564.120   250005.130   250071.120
  2640:   250223.120   250233.840   250310.640   250310.320   250310.330
  2645:   250310.350   250310.240   250310.130   250560.220   250560.230
  2650:   250560.250   250560.340   250732.120   250802.130   250890.120
  2655:   251103.130   251170.120   251189.120   251270.130   251334.120
  2660:   251559.120   251655.130   251660.840   251724.120   251791.640
  2665:   251791.320   251791.330   251791.350   251791.240   251791.130
  2670:   252041.220   252041.230   252041.250   252041.340   252202.120
  2675:   252220.120   252603.120   252755.120   252909.120   253058.120
  2680:   253159.130   253225.130   253284.120   253423.120   253593.120
  2685:   253732.120   253794.130   253866.120   254064.130   254284.120
  2690:   254603.120   254872.120   255087.130   255156.120   255307.120
  2695:   255392.130   255823.130   255934.130   256078.120   256204.120
  2700:   256334.130   256464.130   256733.130   256811.120   257131.130
  2705:   257241.840   257266.640   257266.320   257266.330   257266.350
  2710:   257266.240   257266.130   257516.220   257516.230   257516.250
  2715:   257516.340   257658.120   257726.130   257790.130   257854.120
  2720:   258010.120   258223.130   258290.120   258429.120   258617.130
  2725:   258723.130   258789.120   258959.130   259023.120   259260.120
  2730:   259354.130   259499.120   260013.120   260220.130   260285.120
  2735:   260557.120   260712.120   260786.130   261158.130   261236.120
  2740:   261516.840   261516.130   261682.740   261751.640   261751.320
  2745:   261751.330   261751.350   261751.240   261751.130   262001.220
  2750:   262001.230   262001.250   262001.340   262080.130   262173.130
  2755:   262310.540   262310.320   262310.330   262310.350   262310.240
  2760:   262310.120   262560.220   262560.230   262560.250   262560.340
  2765:   262640.130   262710.120   262826.120   263089.120   263205.120
  2770:   263388.130   263454.120   263567.120   263842.120   264001.840
  2775:   264047.640   264047.320   264047.330   264047.350   264047.240
  2780:   264047.130   264297.220   264297.230   264297.250   264297.340
  2785:   264446.120   264581.120   264603.120   264761.130   264826.120
  2790:   264963.120   265308.120   265899.120   266286.120   266297.840
  2795:   266360.640   266360.320   266360.330   266360.350   266360.240
  2800:   266360.130   266610.220   266610.230   266610.250   266610.340
  2805:   266747.120   266866.120   266990.120   267272.130   267356.120
  2810:   267410.840   267491.120   267850.120   267919.640   267919.320
  2815:   267919.330   267919.350   267919.240   267919.130   268169.220
  2820:   268169.230   268169.250   268169.340   268323.120   268497.120
  2825:   268577.130   268642.120   268756.120   268845.130   268911.120
  2830:   269190.120   269521.120   269620.130   269686.120   269826.120
  2835:   269969.840   270074.120   270360.740   270431.540   270431.320
  2840:   270431.330   270431.350   270431.240   270431.120   270681.220
  2845:   270681.230   270681.250   270681.340   270855.120   271009.120
  2850:   271064.640   271064.320   271064.330   271064.350   271064.240
  2855:   271064.130   271314.220   271314.230   271314.250   271314.340
  2860:   271982.120   272142.120   272286.120   272452.130   273445.130
  2865:   273514.840   273618.120   273762.120   273829.640   273829.320
  2870:   273829.330   273829.350   273829.240   273829.130   274079.220
  2875:   274079.230   274079.250   274079.340   274231.130   274484.120
  2880:   274560.130   274674.130   274739.120   275012.120   275145.120
  2885:   275295.120   275432.120   275507.130   275879.840   276108.640
  2890:   276108.320   276108.330   276108.350   276108.240   276108.130
  2895:   276358.220   276358.230   276358.250   276358.340   276653.120
  2900:   276952.130   277013.120   277103.130   277165.120   277664.120
  2905:   277741.130   277923.120   278068.120   278119.130   278339.120
  2910:   278541.130   278837.120   278976.120   279358.840   279444.120
  2915:   280157.120   280278.120   280433.120   280553.120   280690.120
  2920:   280785.640   280785.320   280785.330   280785.350   280785.240
  2925:   280785.130   281035.220   281035.230   281035.250   281035.340
  2930:   281143.130   281210.120   281339.120   281486.120   281622.120
  2935:   281677.130   281793.130   282002.120   282104.130   282171.120
  2940:   282235.840   282292.120   282805.120   283240.120   283537.120
  2945:   284137.120   284207.640   284207.320   284207.330   284207.350
  2950:   284207.240   284207.130   284457.220   284457.230   284457.250
  2955:   284457.340   284533.130   284555.130   284628.120   284784.120
  2960:   284934.120   284988.130   285141.120   285323.130   285514.120
  2965:   285716.130   285757.840   285777.120   285854.640   285854.320
  2970:   285854.330   285854.350   285854.240   285854.130   286104.220
  2975:   286104.230   286104.250   286104.340   286175.130   286289.120
  2980:   286656.120   286785.120   286848.130   286881.740   286918.540
  2985:   286918.320   286918.330   286918.350   286918.240   286918.120
  2990:   287168.220   287168.230   287168.250   287168.340   287204.840
  2995:   287311.120   287624.120   287808.120   288080.120   288129.640
  3000:   288129.320   288129.330   288129.350   288129.240   288129.130
  3005:   288379.220   288379.230   288379.250   288379.340   288561.120
  3010:   288699.130   288775.120   288931.120   289216.120   289509.120
  3015:   289667.120   289847.120   290024.120   290129.130   290351.130
  3020:   290436.120   290576.120   290826.120   291341.120   291535.130
  3025:   291774.120   292083.120   292236.130   292475.120   292579.840
  3030:   292657.120   292804.120   293467.120   293600.120   294031.120
  3035:   294415.640   294415.320   294415.330   294415.350   294415.240
  3040:   294415.130   294665.220   294665.230   294665.250   294665.340
  3045:   294867.120   294931.130   295053.120   295065.840   295234.640
  3050:   295234.320   295234.330   295234.350   295234.240   295234.130
  3055:   295484.220   295484.230   295484.250   295484.340   295663.120
  3060:   295783.120   295838.130   296032.120   296184.120   296325.120
  3065:   296562.120   296587.120   296741.120   296884.840   297170.120
  3070:   297317.120   297569.120   297645.640   297645.320   297645.330
  3075:   297645.350   297645.240   297645.130   297895.220   297895.230
  3080:   297895.250   297895.340   298052.120   298199.120   298279.130
  3085:   298346.120   298528.120   298628.120   298686.130   298900.120
  3090:   299064.120   299166.130   299239.120   299321.130   299514.130
  3095:   299586.120   299762.120   299950.120   300010.130   300462.120
  3100:   300635.120   300741.130   300931.120   301150.130   301217.120
  3105:   301448.130   301741.120   302256.120   302524.130   302602.120
  3110:   302775.120   303078.120   303314.130   303390.120   304122.120
  3115:   304353.130   304495.840   304570.120   304717.120   304774.640
  3120:   304774.320   304774.330   304774.350   304774.240   304774.130
  3125:   305024.220   305024.230   305024.250   305024.340   305223.120
  3130:   305302.130   305381.120   305763.120   305844.130   305935.130
  3135:   306075.130   306147.120   306362.130   306424.840   306569.120
  3140:   306657.640   306657.320   306657.330   306657.350   306657.240
  3145:   306657.130   306907.220   306907.230   306907.250   306907.340
  3150:   307367.120   307535.130   307608.120   307754.120   307920.120
  3155:   308256.130   308347.120   308406.130   308626.120   308787.120
  3160:   308936.120   309075.120   309230.120   309444.130   309566.130
  3165:   309684.130   309759.120   309969.130   310134.130   310206.120
  3170:   310576.130   310651.120   310671.120   310943.120   311107.840
  3175:   311184.120   311299.120   311449.120   311635.120   312062.120
  3180:   312189.640   312189.320   312189.330   312189.350   312189.240
  3185:   312189.130   312439.220   312439.230   312439.250   312439.340
  3190:   312613.120   312912.120   313064.120   313208.120   313339.840
  3195:   313474.120   313579.640   313579.320   313579.330   313579.350
  3200:   313579.240   313579.130   313829.220   313829.230   313829.250
  3205:   313829.340   314011.120   314169.130   314483.120   314622.120
  3210:   314776.120   314833.130   314929.840   314947.640   314947.320
  3215:   314947.330   314947.350   314947.240   314947.130   315197.220
  3220:   315197.230   315197.250   315197.340   315370.120   315516.120
  3225:   315666.120   315799.120   315876.130   315948.120   316036.130
  3230:   316168.740   316224.540   316224.320   316224.330   316224.350
  3235:   316224.240   316224.120   316474.220   316474.230   316474.250
  3240:   316474.340   316909.120   317280.120   317350.130   317535.120
  3245:   317681.120   317697.840   317838.120   317961.120   318037.640
  3250:   318037.320   318037.330   318037.350   318037.240   318037.130
  3255:   318287.220   318287.230   318287.250   318287.340   318406.130
  3260:   318511.120   318679.130   318908.130   319168.130   319244.120
  3265:   319321.130   319419.130   319492.120   319675.130   319744.120
  3270:   319826.130   319847.130   319965.130   320036.120   320120.130
  3275:   320193.120   320341.120   320474.740   320690.540   320690.320
  3280:   320690.330   320690.350   320690.240   320690.120   320940.220
  3285:   320940.230   320940.250   320940.340   321087.840   321217.120
  3290:   321242.120   321523.120   321791.120   322311.640   322311.320
  3295:   322311.330   322311.350   322311.240   322311.130   322561.220
  3300:   322561.230   322561.250   322561.340   322752.120   322775.120
  3305:   322942.120   323069.120   323218.120   323371.120   323497.120
  3310:   323678.130   323837.130   323907.120   324068.120   324284.130
  3315:   324470.120   324667.130   325273.120   325426.120   325571.120
  3320:   325716.120   325815.130   325888.120   325945.130   326084.130
  3325:   326388.130   326597.120   326742.120   326904.120   327071.120
  3330:   327406.130   327498.130   327631.130   327806.120   328080.120
  3335:   328332.130   328528.120   328778.120   328831.120   328997.120
  3340:   329054.130   329128.120   329205.130   329343.130   329574.120
  3345:   329769.120   329919.120   330017.130   330261.840   330350.640
  3350:   330350.320   330350.330   330350.350   330350.240   330350.130
  3355:   330600.220   330600.230   330600.250   330600.340   330782.120
  3360:   330953.130   331022.120   331166.120   331296.120   331356.130
  3365:   331637.130   331727.130   331798.120   331800.840   332112.120
  3370:   332341.640   332341.320   332341.330   332341.350   332341.240
  3375:   332341.130   332591.220   332591.230   332591.250   332591.340
  3380:   332670.130   332781.120   332864.130   332940.120   333105.120
  3385:   333263.120   333320.130   333393.120   333452.130   333522.120
  3390:   333886.120   334089.120   334381.120   334557.120   334591.840
  3395:   334643.640   334643.320   334643.330   334643.350   334643.240
  3400:   334643.130   334893.220   334893.230   334893.250   334893.340
  3405:   334992.130   335092.120   335282.120   335544.120   335693.840
  3410:   335803.120   335953.120   336107.120   336528.640   336528.320
  3415:   336528.330   336528.350   336528.240   336528.130   336778.220
  3420:   336778.230   336778.250   336778.340   336963.120   337059.130
  3425:   337181.120   337298.120   337414.120   337534.120   337704.120
  3430:   337857.120   338030.120   338198.120   338516.120   338571.130
  3435:   338793.120   339016.130   339136.130   339203.120   339373.120
  3440:   339479.130   339552.120   339725.120   339782.130   340026.120
  3445:   340122.130   340296.120   340666.120   340833.120   340997.120
  3450:   341098.130   341455.120   341602.120   341734.120   342016.120
  3455:   342238.130   342363.130   342624.130   342778.840   342880.120
  3460:   343083.640   343083.320   343083.330   343083.350   343083.240
  3465:   343083.130   343333.220   343333.230   343333.250   343333.340
  3470:   343551.120   343732.120   343883.120   344656.120   344829.130
  3475:   344901.120   345024.120   345200.130   345275.120   345433.840
  3480:   345556.640   345556.320   345556.330   345556.350   345556.240
  3485:   345556.130   345806.220   345806.230   345806.250   345806.340
  3490:   346026.130   346185.120   346210.120   346287.130   346394.130
  3495:   346604.120   346751.120   347027.120   347422.120   347499.130
  3500:   347571.120   347606.840   347703.120   347902.640   347902.320
  3505:   347902.330   347902.350   347902.240   347902.130   348152.220
  3510:   348152.230   348152.250   348152.340   348319.120   348484.130
  3515:   348573.120   348794.130   348872.120   348927.130   349144.120
  3520:   349295.120   349356.130   349479.130   349549.120   349683.120
  3525:   350205.120   350367.120   350818.120   350969.120   351533.130
  3530:   351872.120   352002.120   352581.120   353391.120   353552.840
  3535:   353655.640   353655.320   353655.330   353655.350   353655.240
  3540:   353655.130   353905.220   353905.230   353905.250   353905.340
  3545:   354104.120   354259.130   354336.120   354656.120   354916.120
  3550:   355140.130   355209.120   355368.120   355549.130   355626.120
  3555:   355778.120   356163.120   356184.120   357041.130   357113.120
  3560:   357283.120   357448.120   357981.130   358058.120   358211.120
  3565:   358319.130   358406.120   358612.120   358748.120   358928.120
  3570:   359227.120   359355.130   359605.840   359894.120   360000.320
  3575:   360000.330   360000.350   360000.020
C:
     0:        0.000     1498.000      761.000       30.000      101.000
     5:        0.000
D:
     0:        0.000        0.000
L:
     0:       74.000       74.000       74.000
M:
     0:     1200.000     1201.000     1202.000     1203.000     1204.000
     5:     1205.000     1206.000     1207.000     1208.000     1209.000
    10:     1210.000     1211.000     1212.000     1213.000     1214.000
    15:     1215.000     1216.000     1217.000     1218.000     1219.000
    20:     1220.000     1221.000     1222.000     1223.000     1224.000
    25:     1225.000     1226.000     1227.000     1228.000     1229.000
    30:     1230.000     1231.000     1232.000     1233.000     1234.000
    35:     1235.000     1236.000     1237.000     1238.000     1239.000
    40:     1240.000     1241.000     1242.000     1243.000     1244.000
    45:     1245.000     1246.000     1247.000     1248.000     1249.000
    50:     1250.000     1251.000     1252.000     1253.000     1254.000
    55:     1255.000     1256.000     1257.000     1258.000     1259.000
    60:     1260.000     1261.000     1262.000     1263.000     1264.000
    65:     1265.000     1266.000     1267.000     1268.000     1269.000
    70:     1270.000     1271.000     1272.000     1273.000     1274.000
    75:     1275.000     1276.000     1277.000     1278.000     1279.000
    80:     1280.000     1281.000     1282.000     1283.000     1284.000
    85:     1285.000     1286.000     1287.000     1288.000     1289.000
    90:     1290.000     1291.000     1292.000     1293.000     1294.000
    95:     1295.000     1296.000     1297.000     1298.000     1299.000
   100:     1300.000     1301.000     1302.000     1303.000     1304.000
   105:     1305.000     1306.000     1307.000     1308.000     1309.000
   110:     1310.000     1311.000     1312.000     1313.000     1314.000
   115:     1315.000     1316.000     1317.000     1318.000     1319.000
   120:     1320.000     1321.000     1322.000     1323.000     1324.000
   125:     1325.000     1326.000     1327.000     1328.000     1329.000
   130:     1330.000     1331.000     1332.000     1333.000     1334.000
   135:     1335.000     1336.000     1337.000     1338.000     1339.000
   140:     1340.000     1341.000     1342.000     1343.000     1344.000
   145:     1345.000     1346.000     1347.000     1348.000     1349.000
   150:     1350.000     1351.000     1352.000     1353.000     1354.000
   155:     1355.000     1356.000     1357.000     1358.000     1359.000
   160:     1360.000     1361.000     1362.000     1363.000     1364.000
   165:     1365.000     1366.000     1367.000     1368.000     1369.000
   170:     1370.000     1371.000     1372.000     1373.000     1374.000
   175:     1375.000     1376.000     1377.000     1378.000     1379.000
   180:     1380.000     1381.000     1382.000     1383.000     1384.000
   185:     1385.000     1386.000     1387.000     1388.000     1389.000
   190:     1390.000     1391.000     1392.000     1393.000     1394.000
   195:     1395.000     1396.000     1397.000     1398.000     1399.000
   200:     1400.000     1401.000     1402.000     1403.000     1404.000
   205:     1405.000     1406.000     1407.000     1408.000     1409.000
   210:     1410.000     1411.000     1412.000     1413.000     1414.000
   215:     1415.000     1416.000     1417.000     1418.000     1419.000
   220:     1420.000     1421.000     1422.000     1423.000     1424.000
   225:     1425.000     1426.000     1427.000     1428.000     1429.000
   230:     1430.000     1431.000     1432.000     1433.000     1434.000
   235:     1435.000     1436.000     1437.000     1438.000     1439.000
   240:     1440.000     1441.000     1442.000     1443.000     1444.000
   245:     1445.000     1446.000     1447.000     1448.000     1449.000
   250:     1450.000     1451.000     1452.000     1453.000     1454.000
   255:     1455.000     1456.000     1457.000     1458.000     1459.000
   260:     1460.000     1461.000     1462.000     1463.000     1464.000
   265:     1465.000     1466.000     1467.000     1468.000     1469.000
   270:     1470.000     1471.000     1472.000     1473.000     1474.000
   275:     1475.000     1476.000     1477.000     1478.000     1479.000
   280:     1480.000     1481.000     1482.000     1483.000     1484.000
   285:     1485.000     1486.000     1487.000     1488.000     1489.000
   290:     1490.000     1491.000     1492.000     1493.000     1494.000
   295:     1495.000     1496.000     1497.000     1498.000     1499.000
   300:     1500.000     1501.000     1502.000     1503.000     1504.000
   305:     1505.000     1506.000     1507.000     1508.000     1509.000
   310:     1510.000     1511.000     1512.000     1513.000     1514.000
   315:     1515.000     1516.000     1517.000     1518.000     1519.000
   320:     1520.000     1521.000     1522.000     1523.000     1524.000
   325:     1525.000     1526.000     1527.000     1528.000     1529.000
   330:     1530.000     1531.000     1532.000     1533.000     1534.000
   335:     1535.000     1536.000     1537.000     1538.000     1539.000
   340:     1540.000     1541.000     1542.000     1543.000     1544.000
   345:     1545.000     1546.000     1547.000     1548.000     1549.000
   350:     1550.000     1551.000     1552.000     1553.000     1554.000
   355:     1555.000     1556.000     1557.000     1558.000     1559.000
   360:     1560.000     1561.000     1562.000     1563.000     1564.000
   365:     1565.000     1566.000     1567.000     1568.000     1569.000
   370:     1570.000     1571.000     1572.000     1573.000     1574.000
   375:     1575.000     1576.000     1577.000     1578.000     1579.000
   380:     1580.000     1581.000     1582.000     1583.000     1584.000
   385:     1585.000     1586.000     1587.000     1588.000     1589.000
   390:     1590.000     1591.000     1592.000     1593.000     1594.000
   395:     1595.000     1596.000     1597.000     1598.000     1599.000
   400:     1600.000     1601.000     1602.000     1603.000     1604.000
   405:     1605.000     1606.000     1607.000     1608.000     1609.000
   410:     1610.000     1611.000     1612.000     1613.000     1614.000
   415:     1615.000     1616.000     1617.000     1618.000     1619.000
   420:     1620.000     1621.000     1622.000     1623.000     1624.000
   425:     1625.000     1626.000     1627.000     1628.000     1629.000
   430:     1630.000     1631.000     1632.000     1633.000     1634.000
   435:     1635.000     1636.000     1637.000     1638.000     1639.000
   440:     1640.000     1641.000     1642.000     1643.000     1644.000
   445:     1645.000     1646.000     1647.000     1648.000     1649.000
   450:     1650.000     1651.000     1652.000     1653.000     1654.000
   455:     1655.000     1656.000     1657.000     1658.000     1659.000
   460:     1660.000     1661.000     1662.000     1663.000     1664.000
   465:     1665.000     1666.000     1667.000     1668.000     1669.000
   470:     1670.000     1671.000     1672.000     1673.000     1674.000
   475:     1675.000     1676.000     1677.000     1678.000     1679.000
   480:     1680.000     1681.000     1682.000     1683.000     1684.000
   485:     1685.000     1686.000     1687.000     1688.000     1689.000
   490:     1690.000     1691.000     1692.000     1693.000     1694.000
   495:     1695.000     1696.000     1697.000     1698.000     1699.000
   500:     1700.000     1701.000     1702.000     1703.000     1704.000
   505:     1705.000     1706.000     1707.000     1708.000     1709.000
   510:     1710.000     1711.000     1712.000     1713.000     1714.000
   515:     1715.000     1716.000     1717.000     1718.000     1719.000
   520:     1720.000     1721.000     1722.000     1723.000     1724.000
   525:     1725.000     1726.000     1727.000     1728.000     1729.000
   530:     1730.000     1731.000     1732.000     1733.000     1734.000
   535:     1735.000     1736.000     1737.000     1738.000     1739.000
   540:     1740.000     1741.000     1742.000     1743.000     1744.000
   545:     1745.000     1746.000     1747.000     1748.000     1749.000
   550:     1750.000     1751.000     1752.000     1753.000     1754.000
   555:     1755.000     1756.000     1757.000     1758.000     1759.000
   560:     1760.000     1761.000     1762.000     1763.000     1764.000
   565:     1765.000     1766.000     1767.000     1768.000     1769.000
   570:     1770.000     1771.000     1772.000     1773.000     1774.000
   575:     1775.000     1776.000     1777.000     1778.000     1779.000
   580:     1780.000     1781.000     1782.000     1783.000     1784.000
   585:     1785.000     1786.000     1787.000     1788.000     1789.000
   590:     1790.000     1791.000     1792.000     1793.000     1794.000
   595:     1795.000     1796.000     1797.000     1798.000     1799.000
   600:     1800.000     1801.000     1802.000     1803.000     1804.000
   605:     1805.000     1806.000     1807.000     1808.000     1809.000
   610:     1810.000     1811.000     1812.000     1813.000     1814.000
   615:     1815.000     1816.000     1817.000     1818.000     1819.000
   620:     1820.000     1821.000     1822.000     1823.000     1824.000
   625:     1825.000     1826.000     1827.000     1828.000     1829.000
   630:     1830.000     1831.000     1832.000     1833.000     1834.000
   635:     1835.000     1836.000     1837.000     1838.000     1839.000
   640:     1840.000     1841.000     1842.000     1843.000     1844.000
   645:     1845.000     1846.000     1847.000     1848.000     1849.000
   650:     1850.000     1851.000     1852.000     1853.000     1854.000
   655:     1855.000     1856.000     1857.000     1858.000     1859.000
   660:     1860.000     1861.000     1862.000     1863.000     1864.000
   665:     1865.000     1866.000     1867.000     1868.000     1869.000
   670:     1870.000     1871.000     1872.000     1873.000     1874.000
   675:     1875.000     1876.000     1877.000     1878.000     1879.000
   680:     1880.000     1881.000     1882.000     1883.000     1884.000
   685:     1885.000     1886.000     1887.000     1888.000     1889.000
   690:     1890.000     1891.000     1892.000     1893.000     1894.000
   695:     1895.000     1896.000     1897.000     1898.000     1899.000
   700:     1900.000     1901.000     1902.000     1903.000     1904.000
   705:     1905.000     1906.000     1907.000     1908.000     1909.000
   710:     1910.000     1911.000     1912.000     1913.000     1914.000
   715:     1915.000     1916.000     1917.000     1918.000     1919.000
   720:     1920.000     1921.000     1922.000     1923.000     1924.000
   725:     1925.000     1926.000     1927.000     1928.000     1929.000
   730:     1930.000     1931.000     1932.000     1933.000     1934.000
   735:     1935.000     1936.000     1937.000     1938.000     1939.000
   740:     1940.000     1941.000     1942.000     1943.000     1944.000
   745:     1945.000     1946.000     1947.000     1948.000     1949.000
   750:     1950.000     1951.000     1952.000     1953.000     1954.000
   755:     1955.000     1956.000     1957.000     1958.000     1959.000
   760:     1960.000     1961.000     1962.000     1963.000     1964.000
   765:     1965.000     1966.000     1967.000     1968.000     1969.000
   770:     1970.000     1971.000     1972.000     1973.000     1974.000
   775:     1975.000     1976.000     1977.000     1978.000     1979.000
   780:     1980.000     1981.000     1982.000     1983.000     1984.000
   785:     1985.000     1986.000     1987.000     1988.000     1989.000
   790:     1990.000     1991.000     1992.000     1993.000     1994.000
   795:     1995.000     1996.000     1997.000     1998.000     1999.000
   800:     2000.000     2001.000     2002.000     2003.000     2004.000
   805:     2005.000     2006.000     2007.000     2008.000     2009.000
   810:     2010.000     2011.000     2012.000     2013.000     2014.000
   815:     2015.000     2016.000     2017.000     2018.000     2019.000
   820:     2020.000     2021.000     2022.000     2023.000     2024.000
   825:     2025.000     2026.000     2027.000     2028.000     2029.000
   830:     2030.000     2031.000     2032.000     2033.000     2034.000
   835:     2035.000     2036.000     2037.000     2038.000     2039.000
   840:     2040.000     2041.000     2042.000     2043.000     2044.000
   845:     2045.000     2046.000     2047.000     2048.000     2049.000
   850:     2050.000     2051.000     2052.000     2053.000     2054.000
   855:     2055.000     2056.000     2057.000     2058.000     2059.000
   860:     2060.000     2061.000     2062.000     2063.000     2064.000
   865:     2065.000     2066.000     2067.000     2068.000     2069.000
   870:     2070.000     2071.000     2072.000     2073.000     2074.000
   875:     2075.000     2076.000     2077.000     2078.000     2079.000
   880:     2080.000     2081.000     2082.000     2083.000     2084.000
   885:     2085.000     2086.000     2087.000     2088.000     2089.000
   890:     2090.000     2091.000     2092.000     2093.000     2094.000
   895:     2095.000     2096.000     2097.000     2098.000     2099.000
   900:     2100.000     2101.000     2102.000     2103.000     2104.000
   905:     2105.000     2106.000     2107.000     2108.000     2109.000
   910:     2110.000     2111.000     2112.000     2113.000     2114.000
   915:     2115.000     2116.000     2117.000     2118.000     2119.000
   920:     2120.000     2121.000     2122.000     2123.000     2124.000
   925:     2125.000     2126.000     2127.000     2128.000     2129.000
   930:     2130.000     2131.000     2132.000     2133.000     2134.000
   935:     2135.000     2136.000     2137.000     2138.000     2139.000
   940:     2140.000     2141.000     2142.000     2143.000     2144.000
   945:     2145.000     2146.000     2147.000     2148.000     2149.000
   950:     2150.000     2151.000     2152.000     2153.000     2154.000
   955:     2155.000     2156.000     2157.000     2158.000     2159.000
   960:     2160.000     2161.000     2162.000     2163.000     2164.000
   965:     2165.000     2166.000     2167.000     2168.000     2169.000
   970:     2170.000     2171.000     2172.000     2173.000     2174.000
   975:     2175.000     2176.000     2177.000     2178.000     2179.000
   980:     2180.000     2181.000     2182.000     2183.000     2184.000
   985:     2185.000     2186.000     2187.000     2188.000     2189.000
   990:     2190.000     2191.000     2192.000     2193.000     2194.000
   995:     2195.000     2196.000     2197.000     2198.000     2199.000
  1000:     2200.000     2201.000     2202.000     2203.000     2204.000
  1005:     2205.000     2206.000     2207.000     2208.000     2209.000
  1010:     2210.000     2211.000     2212.000     2213.000     2214.000
  1015:     2215.000     2216.000     2217.000     2218.000     2219.000
  1020:     2220.000     2221.000     2222.000     2223.000     2224.000
  1025:     2225.000     2226.000     2227.000     2228.000     2229.000
  1030:     2230.000     2231.000     2232.000     2233.000     2234.000
  1035:     2235.000     2236.000     2237.000     2238.000     2239.000
  1040:     2240.000     2241.000     2242.000     2243.000     2244.000
  1045:     2245.000     2246.000     2247.000     2248.000     2249.000
  1050:     2250.000     2251.000     2252.000     2253.000     2254.000
  1055:     2255.000     2256.000     2257.000     2258.000     2259.000
  1060:     2260.000     2261.000     2262.000     2263.000     2264.000
  1065:     2265.000     2266.000     2267.000     2268.000     2269.000
  1070:     2270.000     2271.000     2272.000     2273.000     2274.000
  1075:     2275.000     2276.000     2277.000     2278.000     2279.000
  1080:     2280.000     2281.000     2282.000     2283.000     2284.000
  1085:     2285.000     2286.000     2287.000     2288.000     2289.000
  1090:     2290.000     2291.000     2292.000     2293.000     2294.000
  1095:     2295.000     2296.000     2297.000     2298.000     2299.000
  1100:     2300.000     2301.000     2302.000     2303.000     2304.000
  1105:     2305.000     2306.000     2307.000     2308.000     2309.000
  1110:     2310.000     2311.000     2312.000     2313.000     2314.000
  1115:     2315.000     2316.000     2317.000     2318.000     2319.000
  1120:     2320.000     2321.000     2322.000     2323.000     2324.000
  1125:     2325.000     2326.000     2327.000     2328.000     2329.000
  1130:     2330.000     2331.000     2332.000     2333.000     2334.000
  1135:     2335.000     2336.000     2337.000     2338.000     2339.000
  1140:     2340.000     2341.000     2342.000     2343.000     2344.000
  1145:     2345.000     2346.000     2347.000     2348.000     2349.000
  1150:     2350.000     2351.000     2352.000     2353.000     2354.000
  1155:     2355.000     2356.000     2357.000     2358.000     2359.000
  1160:     2360.000     2361.000     2362.000     2363.000     2364.000
  1165:     2365.000     2366.000     2367.000     2368.000     2369.000
  1170:     2370.000     2371.000     2372.000     2373.000     2374.000
  1175:     2375.000     2376.000     2377.000     2378.000     2379.000
  1180:     2380.000     2381.000     2382.000     2383.000     2384.000
  1185:     2385.000     2386.000     2387.000     2388.000     2389.000
  1190:     2390.000     2391.000     2392.000     2393.000     2394.000
  1195:     2395.000     2396.000     2397.000     2398.000     2399.000
  1200:     2400.000
N:
     0:     2700.000     2701.000     2702.000     2703.000     2704.000
     5:     2705.000     2706.000     2707.000     2708.000     2709.000
    10:     2710.000     2711.000     2712.000     2713.000     2714.000
    15:     2715.000     2716.000     2717.000     2718.000     2719.000
    20:     2720.000     2721.000     2722.000     2723.000     2724.000
    25:     2725.000     2726.000     2727.000     2728.000     2729.000
    30:     2730.000     2731.000     2732.000     2733.000     2734.000
    35:     2735.000     2736.000     2737.000     2738.000     2739.000
    40:     2740.000     2741.000     2742.000     2743.000     2744.000
    45:     2745.000     2746.000     2747.000     2748.000     2749.000
    50:     2750.000     2751.000     2752.000     2753.000     2754.000
    55:     2755.000     2756.000     2757.000     2758.000     2759.000
    60:     2760.000     2761.000     2762.000     2763.000     2764.000
    65:     2765.000     2766.000     2767.000     2768.000     2769.000
    70:     2770.000     2771.000     2772.000     2773.000     2774.000
    75:     2775.000     2776.000     2777.000     2778.000     2779.000
    80:     2780.000     2781.000     2782.000     2783.000     2784.000
    85:     2785.000     2786.000     2787.000     2788.000     2789.000
    90:     2790.000     2791.000     2792.000     2793.000     2794.000
    95:     2795.000     2796.000     2797.000     2798.000     2799.000
   100:     2800.000     2801.000     2802.000     2803.000     2804.000
   105:     2805.000     2806.000     2807.000     2808.000     2809.000
   110:     2810.000     2811.000     2812.000     2813.000     2814.000
   115:     2815.000     2816.000     2817.000     2818.000     2819.000
   120:     2820.000     2821.000     2822.000     2823.000     2824.000
   125:     2825.000     2826.000     2827.000     2828.000     2829.000
   130:     2830.000     2831.000     2832.000     2833.000     2834.000
   135:     2835.000     2836.000     2837.000     2838.000     2839.000
   140:     2840.000     2841.000     2842.000     2843.000     2844.000
   145:     2845.000     2846.000     2847.000     2848.000     2849.000
   150:     2850.000     2851.000     2852.000     2853.000     2854.000
   155:     2855.000     2856.000     2857.000     2858.000     2859.000
   160:     2860.000     2861.000     2862.000     2863.000     2864.000
   165:     2865.000     2866.000     2867.000     2868.000     2869.000
   170:     2870.000     2871.000     2872.000     2873.000     2874.000
   175:     2875.000     2876.000     2877.000     2878.000     2879.000
   180:     2880.000     2881.000     2882.000     2883.000     2884.000
   185:     2885.000     2886.000     2887.000     2888.000     2889.000
   190:     2890.000     2891.000     2892.000     2893.000     2894.000
   195:     2895.000     2896.000     2897.000     2898.000     2899.000
   200:     2900.000     2901.000     2902.000     2903.000     2904.000
   205:     2905.000     2906.000     2907.000     2908.000     2909.000
   210:     2910.000     2911.000     2912.000     2913.000     2914.000
   215:     2915.000     2916.000     2917.000     2918.000     2919.000
   220:     2920.000     2921.000     2922.000     2923.000     2924.000
   225:     2925.000     2926.000     2927.000     2928.000     2929.000
   230:     2930.000     2931.000     2932.000     2933.000     2934.000
   235:     2935.000     2936.000     2937.000     2938.000     2939.000
   240:     2940.000     2941.000     2942.000     2943.000     2944.000
   245:     2945.000     2946.000     2947.000     2948.000     2949.000
   250:     2950.000     2951.000     2952.000     2953.000     2954.000
   255:     2955.000     2956.000     2957.000     2958.000     2959.000
   260:     2960.000     2961.000     2962.000     2963.000     2964.000
   265:     2965.000     2966.000     2967.000     2968.000     2969.000
   270:     2970.000     2971.000     2972.000     2973.000     2974.000
   275:     2975.000     2976.000     2977.000     2978.000     2979.000
   280:     2980.000     2981.000     2982.000     2983.000     2984.000
   285:     2985.000     2986.000     2987.000     2988.000     2989.000
   290:     2990.000     2991.000     2992.000     2993.000     2994.000
   295:     2995.000     2996.000     2997.000     2998.000     2999.000
   300:     3000.000
R:
     0:      370.000      370.000      370.000
V:
     0:     2179.000     2756.000
W:
     0:     2179.000     2756.000
