File: C:\MED-PC IV\DATA\p004_s163_japede


Start Date: 12/09/17
End Date: 12/09/17
Subject: p004
Experiment: 0
Group: 0
Box: 7
Start Time: 16:41:51
End Time: 17:42:41
MSN: japede_L_360_360_360_R_24_24_24
B:       0.000
E:    4925.000
F:       0.000
G:       0.000
H:       0.000
I:       2.000
J:       2.000
K:       0.000
O:       0.000
P:       0.000
Q:       0.000
S:  360000.000
T:  360000.000
U:       0.000
X:       0.000
Y:       0.000
Z:       0.000
A:
     0:        0.010        0.250        0.220        0.230       87.130
     5:       99.840      180.120      202.120      226.120      250.120
    10:      317.120      381.120      409.120      474.120      656.640
    15:      656.320      656.330      656.350      656.240      656.130
    20:      906.220      906.230      906.250      906.340     1026.130
    25:     1155.120     1185.120     1211.120     1233.120     1258.120
    30:     1305.120     1429.130     1519.120     1543.120     1676.130
    35:     1759.120     1838.120     1863.120     1898.120     1984.130
    40:     2066.120     2091.120     2115.120     2138.120     2161.120
    45:     2231.120     2300.130     2391.130     2418.130     2492.120
    50:     2515.120     2538.120     2561.120     2582.120     2660.130
    55:     2736.120     2761.120     2788.120     2809.120     2833.120
    60:     2918.130     2998.120     3045.120     3108.120     3168.120
    65:     3192.120     3260.130     3362.120     3411.120     3482.120
    70:     3572.130     3597.130     3663.120     3684.120     3722.120
    75:     3746.120     3799.120     3940.120     3973.120     3999.120
    80:     4169.120     4196.120     4353.130     4512.120     4597.130
    85:     4664.120     4709.120     4730.120     4798.120     4823.120
    90:     4870.120     4906.840     4942.640     4942.320     4942.330
    95:     4942.350     4942.240     4942.130     5192.220     5192.230
   100:     5192.250     5192.340     5281.130     5382.120     5466.130
   105:     5536.120     5561.120     5583.120     5614.120     5669.120
   110:     5734.130     5805.120     5826.120     5848.120     5874.120
   115:     5898.120     5922.120     6026.130     6096.120     6122.120
   120:     6146.120     6282.130     6348.120     6372.120     6434.120
   125:     6458.120     6477.120     6545.130     6617.120     6641.120
   130:     6667.120     6690.120     6848.120     6870.120     6912.120
   135:     6933.120     6961.120     7130.120     7154.120     7369.120
   140:     7395.120     7423.120     7447.120     7467.120     7543.120
   145:     7569.120     7589.120     7612.120     7635.120     7730.120
   150:     7750.120     7777.120     7835.130     7894.120     7915.120
   155:     7938.120     7966.120     7992.120     8141.120     8163.120
   160:     8183.120     8207.120     8344.120     8364.120     8388.120
   165:     8441.120     8471.120     8492.840     8494.120     8520.120
   170:     8589.640     8589.320     8589.330     8589.350     8589.240
   175:     8589.130     8839.220     8839.230     8839.250     8839.340
   180:     8995.120     9024.120     9056.120     9209.120     9230.120
   185:     9306.130     9372.120     9397.120     9418.120     9446.120
   190:     9465.120     9492.120     9547.120     9572.120     9597.120
   195:     9653.130     9744.120     9769.120     9801.120     9847.120
   200:     9869.120     9929.120     9954.120    10041.130    10135.120
   205:    10180.120    10223.120    10399.120    10424.120    10472.120
   210:    10499.120    10640.120    10663.120    10714.120    10839.120
   215:    10861.120    10885.120    10965.130    11034.120    11053.120
   220:    11076.120    11123.120    11145.120    11196.120    11218.120
   225:    11287.130    11353.120    11376.120    11396.120    11422.120
   230:    11616.120    11635.120    11707.130    11787.120    11810.120
   235:    11865.120    11886.120    11914.120    12010.130    12126.120
   240:    12150.120    12204.120    12225.120    12321.130    12421.120
   245:    12443.120    12504.120    12530.120    12610.130    12684.120
   250:    12708.120    12731.120    12757.120    12885.120    12909.120
   255:    12937.120    12985.120    13008.120    13099.130    13213.120
   260:    13240.120    13321.120    13348.120    13412.120    13436.120
   265:    13469.120    13496.120    13642.120    13664.120    13687.120
   270:    13730.120    13782.120    13928.120    13952.120    14056.130
   275:    14133.120    14159.120    14185.120    14210.120    14320.130
   280:    14383.120    14407.120    14432.120    14496.130    14566.120
   285:    14595.120    14689.130    14758.120    14780.120    14807.120
   290:    14872.130    14947.120    14972.120    15042.130    15136.120
   295:    15210.130    15277.120    15299.120    15321.120    15345.120
   300:    15393.120    15523.120    15544.120    15570.120    15589.120
   305:    15754.120    15775.120    15824.120    15938.120    15962.120
   310:    16014.120    16099.130    16197.120    16224.120    16367.120
   315:    16411.120    16504.130    16565.120    16587.120    16632.120
   320:    16656.120    16683.120    16742.130    16838.120    16928.130
   325:    17004.120    17023.120    17052.120    17121.130    17414.130
   330:    17605.130    17757.130    17783.130    17853.120    17878.120
   335:    17949.130    18035.120    18062.120    18142.130    18161.130
   340:    18224.120    18244.120    18363.130    18433.120    18455.120
   345:    18783.120    18806.120    18855.120    18877.120    18956.130
   350:    19063.120    19085.120    19147.130    19219.120    19243.120
   355:    19396.120    19420.120    19443.120    19539.840    19614.120
   360:    19755.120    19935.120    19957.120    19982.120    20060.640
   365:    20060.320    20060.330    20060.350    20060.240    20060.130
   370:    20310.220    20310.230    20310.250    20310.340    20487.120
   375:    20511.120    20582.130    20645.120    20675.120    20732.130
   380:    20800.120    20823.120    21025.130    21044.130    21490.130
   385:    21592.120    21693.130    21773.120    21798.120    21820.120
   390:    21966.130    22110.840    22128.120    22152.120    22252.640
   395:    22252.320    22252.330    22252.350    22252.240    22252.130
   400:    22502.220    22502.230    22502.250    22502.340    22576.130
   405:    22773.120    22878.130    22950.120    22971.120    23124.120
   410:    23169.120    23250.130    23316.120    23341.120    23397.130
   415:    23456.120    23481.120    23687.120    23711.120    23722.120
   420:    23798.130    23900.120    24014.130    24082.120    24102.120
   425:    24164.130    24239.120    24263.120    24302.840    24377.640
   430:    24377.320    24377.330    24377.350    24377.240    24377.130
   435:    24627.220    24627.230    24627.250    24627.340    24979.130
   440:    25064.120    25091.120    25404.130    25575.120    25635.130
   445:    25667.130    25732.120    25757.120    25809.130    25885.130
   450:    26181.130    26205.130    26332.120    26356.120    26382.120
   455:    26455.130    26482.130    26571.120    26686.130    26876.130
   460:    27240.120    27268.120    27292.120    27346.130    27412.120
   465:    27435.120    27496.130    27575.120    27696.130    27843.130
   470:    27865.130    28018.130    28094.120    28117.120    28271.120
   475:    28344.130    28444.120    28466.120    28490.120    28623.120
   480:    28649.120    28702.130    28771.120    28792.120    28860.130
   485:    28902.130    29327.130    29390.130    29458.120    29483.120
   490:    29527.840    29560.640    29560.320    29560.330    29560.350
   495:    29560.240    29560.130    29810.220    29810.230    29810.250
   500:    29810.340    29888.130    29910.130    30040.120    30065.120
   505:    30145.130    30212.120    30234.120    30319.130    30392.120
   510:    30413.120    30485.130    30570.120    30771.130    30859.120
   515:    31152.130    31213.120    31234.120    31331.130    31400.120
   520:    31425.120    31528.130    31687.130    31871.130    31979.120
   525:    32046.130    32120.120    32175.120    32236.130    32282.130
   530:    32362.120    32387.120    32408.120    32463.130    32505.130
   535:    32560.120    32584.120    32737.120    32760.120    32815.130
   540:    32884.120    33010.840    33016.640    33016.320    33016.330
   545:    33016.350    33016.240    33016.130    33266.220    33266.230
   550:    33266.250    33266.340    33346.130    33420.120    33446.120
   555:    33512.130    33602.120    33630.120    33736.130    33757.130
   560:    33877.120    33973.130    34067.120    34172.130    34339.130
   565:    34460.130    34546.120    34636.130    34871.120    34899.120
   570:    34987.130    35082.120    35221.120    35244.120    35297.130
   575:    35369.120    35475.130    35533.120    35653.130    35754.120
   580:    35774.120    35867.130    35969.120    36048.130    36127.120
   585:    36220.130    36397.130    36572.130    36716.130    36766.840
   590:    36777.120    36803.120    36860.640    36860.320    36860.330
   595:    36860.350    36860.240    36860.130    37110.220    37110.230
   600:    37110.250    37110.340    37174.130    37248.120    37270.120
   605:    37339.130    37398.120    37421.120    37572.120    37694.120
   610:    37862.120    37884.120    37991.130    38062.120    38084.120
   615:    38205.130    38273.120    38374.130    38432.120    38455.120
   620:    38478.120    38659.120    38776.130    39003.120    39026.120
   625:    39053.120    39141.130    39335.130    39436.120    39462.120
   630:    39673.120    39756.130    39853.120    39912.130    39996.120
   635:    40252.130    40310.840    40311.120    40338.120    40409.640
   640:    40409.320    40409.330    40409.350    40409.240    40409.130
   645:    40659.220    40659.230    40659.250    40659.340    40915.130
   650:    40996.120    41054.130    41165.130    41339.130    41406.120
   655:    41600.120    41691.130    41760.120    41870.130    42041.130
   660:    42209.130    42347.130    42505.130    42663.130    42801.130
   665:    42861.120    42884.120    42973.130    43094.130    43228.120
   670:    43479.130    43650.130    43813.120    43960.120    44034.130
   675:    44117.120    44159.840    44233.640    44233.320    44233.330
   680:    44233.350    44233.240    44233.130    44483.220    44483.230
   685:    44483.250    44483.340    44556.130    44802.130    44988.130
   690:    45055.120    45146.130    45471.120    45494.120    45580.130
   695:    45808.120    45831.120    45853.120    45927.130    45985.120
   700:    46135.130    46285.130    46446.130    46536.120    46595.130
   705:    46769.130    46843.120    46939.130    47074.130    47083.840
   710:    47214.640    47214.320    47214.330    47214.350    47214.240
   715:    47214.130    47464.220    47464.230    47464.250    47464.340
   720:    47539.130    47605.120    47694.130    47798.120    47820.120
   725:    47849.120    47964.840    47966.640    47966.320    47966.330
   730:    47966.350    47966.240    47966.130    48216.220    48216.230
   735:    48216.250    48216.340    48365.120    48454.130    48524.120
   740:    48545.120    48622.130    48672.120    48692.120    48749.130
   745:    48808.120    48832.120    48933.130    49011.120    49085.130
   750:    49115.130    49217.120    49283.130    49368.120    49425.130
   755:    49481.120    49512.120    49611.130    49712.120    49738.120
   760:    49798.130    49900.120    49977.130    50039.120    50065.120
   765:    50121.130    50199.120    50467.130    50543.120    50569.120
   770:    50655.130    50753.120    50776.120    50833.130    50975.130
   775:    51050.120    51071.120    51127.130    51194.120    51216.840
   780:    51218.120    51243.120    51357.640    51357.320    51357.330
   785:    51357.350    51357.240    51357.130    51607.220    51607.230
   790:    51607.250    51607.340    51679.130    52038.130    52290.130
   795:    52307.840    52380.120    52435.640    52435.320    52435.330
   800:    52435.350    52435.240    52435.130    52685.220    52685.230
   805:    52685.250    52685.340    52768.130    52904.130    53069.130
   810:    53099.130    53159.120    53225.130    53426.130    53524.120
   815:    53598.130    53737.130    53822.120    54049.130    54085.130
   820:    54138.120    54160.120    54267.130    54479.130    54551.120
   825:    54671.130    54822.120    54906.120    54933.120    54992.120
   830:    55019.120    55047.120    55080.120    55145.130    55171.130
   835:    55235.120    55262.120    55293.120    55365.130    55466.120
   840:    55554.130    55710.130    55762.130    55809.130    55901.120
   845:    55965.130    56075.120    56139.130    56214.120    56238.120
   850:    56274.120    56335.130    56485.130    56585.120    56616.120
   855:    56678.130    56785.840    56785.120    56905.640    56905.320
   860:    56905.330    56905.350    56905.240    56905.130    57155.220
   865:    57155.230    57155.250    57155.340    57259.130    57364.120
   870:    57394.120    57469.130    57550.120    57655.130    57727.120
   875:    57752.120    57813.130    57976.130    58056.120    58078.120
   880:    58170.130    58307.130    58373.120    58402.120    58468.130
   885:    58570.120    58632.130    58666.130    58728.120    58756.120
   890:    58864.130    58955.840    59009.640    59009.320    59009.330
   895:    59009.350    59009.240    59009.130    59259.220    59259.230
   900:    59259.250    59259.340    59331.130    59538.130    59739.130
   905:    59784.130    59885.120    59966.130    60038.120    60062.120
   910:    60165.130    60286.120    60421.120    60528.130    60659.840
   915:    60687.640    60687.320    60687.330    60687.350    60687.240
   920:    60687.130    60937.220    60937.230    60937.250    60937.340
   925:    61025.130    61178.130    61344.130    61411.120    61439.120
   930:    61564.130    61640.120    61667.120    61695.120    61783.130
   935:    61932.130    62002.120    62075.130    62102.130    62189.120
   940:    62215.120    62245.120    62364.130    62467.120    62566.130
   945:    62641.120    62666.120    62759.130    62930.130    63112.130
   950:    63216.120    63245.120    63337.840    63341.640    63341.320
   955:    63341.330    63341.350    63341.240    63341.130    63591.220
   960:    63591.230    63591.250    63591.340    63713.130    63737.130
   965:    63840.120    63979.130    64091.120    64167.130    64270.120
   970:    64331.130    64542.130    64643.120    64675.120    64706.120
   975:    64845.130    64926.130    65097.130    65279.130    65350.120
   980:    65380.120    65420.120    65446.120    65586.130    65687.120
   985:    65750.130    65938.130    65975.130    66060.120    66162.130
   990:    66284.120    66312.120    66376.130    66391.840    66470.120
   995:    66573.640    66573.320    66573.330    66573.350    66573.240
  1000:    66573.130    66823.220    66823.230    66823.250    66823.340
  1005:    66909.130    67137.130    67286.130    67360.120    67385.120
  1010:    67417.120    67488.130    67558.120    67583.120    67646.130
  1015:    67770.120    67877.130    67954.120    67984.120    68083.130
  1020:    68191.130    68264.120    68289.120    68317.120    68431.130
  1025:    68510.120    68545.120    68677.130    68723.840    68796.120
  1030:    68904.640    68904.320    68904.330    68904.350    68904.240
  1035:    68904.130    69154.220    69154.230    69154.250    69154.340
  1040:    69237.130    69313.120    69385.130    69454.840    69551.640
  1045:    69551.320    69551.330    69551.350    69551.240    69551.130
  1050:    69801.220    69801.230    69801.250    69801.340    69889.130
  1055:    70046.120    70101.840    70139.640    70139.320    70139.330
  1060:    70139.350    70139.240    70139.130    70389.220    70389.230
  1065:    70389.250    70389.340    70474.130    70574.120    70694.130
  1070:    70759.120    70785.120    70880.130    70966.120    70991.120
  1075:    70999.740    71144.130    71167.130    71331.130    71530.130
  1080:    71615.540    71615.320    71615.330    71615.350    71615.240
  1085:    71615.120    71865.220    71865.230    71865.250    71865.340
  1090:    72124.130    72197.130    72274.120    72300.120    72410.130
  1095:    72471.130    72629.130    72707.120    72731.120    72761.120
  1100:    72935.120    72965.120    73084.130    73185.120    73212.120
  1105:    73307.130    73378.120    73499.130    73579.120    73607.120
  1110:    73696.130    73865.130    73935.120    73960.120    73989.840
  1115:    74073.640    74073.320    74073.330    74073.350    74073.240
  1120:    74073.130    74323.220    74323.230    74323.250    74323.340
  1125:    74517.120    74594.130    74700.120    74786.130    74873.120
  1130:    74975.130    75045.120    75072.120    75131.130    75347.130
  1135:    75420.120    75423.840    75445.120    75472.120    75565.740
  1140:    75607.640    75607.320    75607.330    75607.350    75607.240
  1145:    75607.130    75857.220    75857.230    75857.250    75857.340
  1150:    76305.540    76305.320    76305.330    76305.350    76305.240
  1155:    76305.120    76357.840    76555.220    76555.230    76555.250
  1160:    76555.340    76647.640    76647.320    76647.330    76647.350
  1165:    76647.240    76647.130    76897.220    76897.230    76897.250
  1170:    76897.340    77039.130    77170.130    77268.120    77403.130
  1175:    77571.130    77597.840    77654.120    77781.640    77781.320
  1180:    77781.330    77781.350    77781.240    77781.130    78031.220
  1185:    78031.230    78031.250    78031.340    78116.130    78197.120
  1190:    78225.120    78286.130    78351.120    78378.120    78438.130
  1195:    78642.130    78740.120    78825.130    78907.120    78933.120
  1200:    78961.120    79058.130    79162.120    79263.130    79368.120
  1205:    79462.130    79561.120    79671.130    79893.130    80049.130
  1210:    80123.120    80151.120    80224.130    80342.120    80476.130
  1215:    80554.120    80678.130    80806.130    80905.120    81001.130
  1220:    81071.120    81097.120    81158.130    81264.120    81328.130
  1225:    81500.130    81577.120    81607.120    81671.130    81747.120
  1230:    81772.120    81837.130    81910.120    81935.120    81996.130
  1235:    82053.130    82115.120    82143.120    82233.130    82330.130
  1240:    82514.120    82595.130    82678.120    82751.130    83007.130
  1245:    83091.120    83155.130    83230.120    83329.130    83411.120
  1250:    83435.120    83462.120    83542.130    83616.120    83641.120
  1255:    83755.740    83773.130    83901.130    84000.540    84000.320
  1260:    84000.330    84000.350    84000.240    84000.120    84250.220
  1265:    84250.230    84250.250    84250.340    84344.130    84370.130
  1270:    84476.120    84503.120    84575.130    84682.120    84708.120
  1275:    84772.130    84840.120    84866.120    84894.120    84920.120
  1280:    84988.130    85055.120    85085.120    85147.130    85250.120
  1285:    85355.130    85464.120    85577.130    85754.130    85860.120
  1290:    85887.120    85948.130    86159.130    86228.120    86252.120
  1295:    86314.130    86517.130    86727.130    86957.130    87162.130
  1300:    87235.120    87260.120    87328.130    87429.120    87516.130
  1305:    87601.120    87728.130    87825.120    87852.120    87950.130
  1310:    88046.120    88156.130    88238.120    88263.120    88293.120
  1315:    88352.130    88426.120    88452.120    88512.130    88761.120
  1320:    88833.130    88999.130    89138.130    89231.840    89286.640
  1325:    89286.320    89286.330    89286.350    89286.240    89286.130
  1330:    89536.220    89536.230    89536.250    89536.340    89643.130
  1335:    89774.120    89877.130    89970.120    89997.120    90072.130
  1340:    90161.120    90275.130    90394.120    90529.130    90812.120
  1345:    90837.120    90984.130    91088.120    91117.120    91216.130
  1350:    91431.130    91513.120    91678.120    91707.120    91817.130
  1355:    91910.120    91933.120    92036.840    92037.640    92037.320
  1360:    92037.330    92037.350    92037.240    92037.130    92287.220
  1365:    92287.230    92287.250    92287.340    92398.130    92504.120
  1370:    92602.130    92673.120    92699.120    92812.130    92999.130
  1375:    93073.120    93097.120    93158.130    93308.130    93378.120
  1380:    93404.120    93495.130    93656.130    93722.120    93750.120
  1385:    93842.130    94010.130    94140.130    94208.120    94241.120
  1390:    94392.130    94543.130    94629.120    94721.130    94878.120
  1395:    94887.840    94903.120    95019.640    95019.320    95019.330
  1400:    95019.350    95019.240    95019.130    95269.220    95269.230
  1405:    95269.250    95269.340    95358.130    95463.120    95469.840
  1410:    95488.120    95554.640    95554.320    95554.330    95554.350
  1415:    95554.240    95554.130    95804.220    95804.230    95804.250
  1420:    95804.340    95893.130    95915.130    95992.120    96004.840
  1425:    96018.120    96079.640    96079.320    96079.330    96079.350
  1430:    96079.240    96079.130    96329.220    96329.230    96329.250
  1435:    96329.340    96398.130    96425.130    96588.130    96668.120
  1440:    96693.120    96715.120    96778.130    96835.120    96862.120
  1445:    96956.130    97025.120    97029.840    97052.120    97111.640
  1450:    97111.320    97111.330    97111.350    97111.240    97111.130
  1455:    97361.220    97361.230    97361.250    97361.340    97444.130
  1460:    97461.840    97540.120    97632.640    97632.320    97632.330
  1465:    97632.350    97632.240    97632.130    97882.220    97882.230
  1470:    97882.250    97882.340    97956.130    97979.130    98139.130
  1475:    98298.120    98377.130    98528.130    98609.120    98633.120
  1480:    98666.120    98772.130    98868.120    98894.120    98924.120
  1485:    98989.130    99222.120    99247.120    99323.130    99410.120
  1490:    99434.120    99462.120    99568.130    99808.120    99836.120
  1495:    99869.120    99931.130    99982.840   100036.120   100123.640
  1500:   100123.320   100123.330   100123.350   100123.240   100123.130
  1505:   100373.220   100373.230   100373.250   100373.340   100445.130
  1510:   100471.130   100603.130   100826.130   100924.120   100948.120
  1515:   100973.840   101007.640   101007.320   101007.330   101007.350
  1520:   101007.240   101007.130   101257.220   101257.230   101257.250
  1525:   101257.340   101341.130   101591.120   101620.120   101713.130
  1530:   101791.120   101816.120   101908.130   102088.130   102170.120
  1535:   102201.120   102260.130   102285.130   102391.120   102525.130
  1540:   102545.130   102664.120   102752.130   102914.130   103012.120
  1545:   103036.120   103071.120   103162.130   103265.130   103355.120
  1550:   103441.130   103504.120   103532.120   103648.130   103738.120
  1555:   103761.120   103790.120   103857.840   103908.640   103908.320
  1560:   103908.330   103908.350   103908.240   103908.130   104158.220
  1565:   104158.230   104158.250   104158.340   104245.130   104354.120
  1570:   104427.130   104458.840   104517.120   104544.120   104675.640
  1575:   104675.320   104675.330   104675.350   104675.240   104675.130
  1580:   104925.220   104925.230   104925.250   104925.340   105007.130
  1585:   105033.130   105192.130   105276.120   105300.120   105438.130
  1590:   105548.120   105574.120   105638.130   105751.120   105786.120
  1595:   106034.130   106223.130   106323.130   106451.120   106475.120
  1600:   106537.130   106613.120   106639.120   106735.130   106808.120
  1605:   106825.840   106834.120   106925.640   106925.320   106925.330
  1610:   106925.350   106925.240   106925.130   107175.220   107175.230
  1615:   107175.250   107175.340   107244.130   107275.130   107351.120
  1620:   107377.120   107438.130   107521.120   107667.130   107745.120
  1625:   107769.120   107857.130   107939.120   108042.130   108123.120
  1630:   108149.120   108255.130   108335.120   108433.130   108524.120
  1635:   108638.130   108813.130   109103.130   109309.130   109450.130
  1640:   109540.120   109567.120   109633.130   109772.130   109893.120
  1645:   109917.120   110007.130   110098.120   110175.840   110199.640
  1650:   110199.320   110199.330   110199.350   110199.240   110199.130
  1655:   110449.220   110449.230   110449.250   110449.340   110533.130
  1660:   110562.130   110641.120   110725.130   110831.120   110949.130
  1665:   111026.120   111096.120   111122.120   111226.130   111329.120
  1670:   111452.130   111548.120   111645.130   111737.120   111849.840
  1675:   111852.640   111852.320   111852.330   111852.350   111852.240
  1680:   111852.130   112102.220   112102.230   112102.250   112102.340
  1685:   112183.130   112332.120   112361.120   112430.130   112499.120
  1690:   112528.120   112594.130   112665.120   112698.120   112784.130
  1695:   112857.120   112882.120   112973.130   113059.120   113086.120
  1700:   113155.130   113343.130   113431.120   113456.120   113545.130
  1705:   113617.120   113641.120   113735.130   113809.120   113836.120
  1710:   113902.840   114122.640   114122.320   114122.330   114122.350
  1715:   114122.240   114122.130   114372.220   114372.230   114372.250
  1720:   114372.340   114457.130   114483.130   114604.120   114670.130
  1725:   114705.130   114777.120   114867.130   114935.120   114959.120
  1730:   115020.130   115215.130   115287.120   115397.130   115488.120
  1735:   115515.120   115577.130   115713.130   115779.120   115806.120
  1740:   115873.130   116035.130   116152.130   116296.130   116419.130
  1745:   116472.840   116494.120   116520.120   116622.640   116622.320
  1750:   116622.330   116622.350   116622.240   116622.130   116872.220
  1755:   116872.230   116872.250   116872.340   116948.130   117177.130
  1760:   117269.120   117481.120   117550.130   117623.120   117696.130
  1765:   117862.130   117936.120   117963.120   118077.130   118205.120
  1770:   118281.130   118350.740   118378.540   118378.320   118378.330
  1775:   118378.350   118378.240   118378.120   118472.840   118628.220
  1780:   118628.230   118628.250   118628.340   118711.640   118711.320
  1785:   118711.330   118711.350   118711.240   118711.130   118961.220
  1790:   118961.230   118961.250   118961.340   119044.130   119139.120
  1795:   119164.120   119222.130   119295.120   119397.130   119466.120
  1800:   119568.130   119697.130   119800.120   119879.130   120182.120
  1805:   120279.130   120374.120   120471.130   120567.120   120631.130
  1810:   120813.130   120955.130   120961.840   120978.640   120978.320
  1815:   120978.330   120978.350   120978.240   120978.130   121228.220
  1820:   121228.230   121228.250   121228.340   121315.130   121336.130
  1825:   121411.120   121439.120   121525.130   121617.120   121712.130
  1830:   121789.120   121817.120   121906.130   121999.120   122022.120
  1835:   122128.840   122170.640   122170.320   122170.330   122170.350
  1840:   122170.240   122170.130   122420.220   122420.230   122420.250
  1845:   122420.340   122502.130   122648.130   122756.120   122785.120
  1850:   122937.130   123025.120   123050.120   123114.130   123277.130
  1855:   123350.120   123377.120   123497.130   123604.120   123700.130
  1860:   123723.130   123932.130   124102.130   124251.130   124369.120
  1865:   124452.130   124540.120   124569.120   124655.130   124747.120
  1870:   124848.130   124916.120   124942.120   125062.130   125156.120
  1875:   125182.120   125267.130   125417.130   125523.120   125629.130
  1880:   125703.120   125799.130   125938.130   126103.130   126266.130
  1885:   126332.120   126357.120   126465.130   126598.120   126695.130
  1890:   126728.740   126781.130   126919.130   126987.540   126987.320
  1895:   126987.330   126987.350   126987.240   126987.120   127237.220
  1900:   127237.230   127237.250   127237.340   127320.130   127345.130
  1905:   127492.120   127633.120   127657.120   127772.130   127899.120
  1910:   127920.840   127982.640   127982.320   127982.330   127982.350
  1915:   127982.240   127982.130   128232.220   128232.230   128232.250
  1920:   128232.340   128318.130   128479.130   128554.120   128579.120
  1925:   128636.130   128796.130   128860.120   128884.120   128993.130
  1930:   129075.120   129176.130   129333.130   129494.130   129681.130
  1935:   129818.130   129884.120   129906.120   129982.130   130023.130
  1940:   130115.120   130247.130   130340.120   130364.120   130449.130
  1945:   130548.120   130640.130   130789.130   130856.120   130882.120
  1950:   130981.130   131125.130   131132.840   131363.120   131388.120
  1955:   131456.640   131456.320   131456.330   131456.350   131456.240
  1960:   131456.130   131706.220   131706.230   131706.250   131706.340
  1965:   131870.120   131972.130   132051.120   132143.130   132288.130
  1970:   132384.120   132461.130   132554.120   132669.130   132748.120
  1975:   132774.120   132898.130   132977.120   133076.130   133227.130
  1980:   133292.120   133317.120   133406.130   133582.130   133641.120
  1985:   133667.120   133810.120   133948.130   134048.130   134325.130
  1990:   134358.130   134515.130   134606.840   134682.640   134682.320
  1995:   134682.330   134682.350   134682.240   134682.130   134932.220
  2000:   134932.230   134932.250   134932.340   135000.130   135075.120
  2005:   135102.120   135159.130   135244.120   135268.120   135355.130
  2010:   135445.120   135504.130   135571.120   135599.120   135666.130
  2015:   135762.130   135849.120   135989.130   136077.120   136101.120
  2020:   136129.120   136225.130   136400.130   136607.130   136703.120
  2025:   136734.120   136797.130   136916.130   136989.120   137013.120
  2030:   137103.130   137132.840   137269.640   137269.320   137269.330
  2035:   137269.350   137269.240   137269.130   137519.220   137519.230
  2040:   137519.250   137519.340   137792.130   137858.120   137883.120
  2045:   137986.130   138073.120   138119.840   138147.640   138147.320
  2050:   138147.330   138147.350   138147.240   138147.130   138397.220
  2055:   138397.230   138397.250   138397.340   138491.130   138646.120
  2060:   138728.130   138824.120   138997.840   139015.120   139041.120
  2065:   139129.640   139129.320   139129.330   139129.350   139129.240
  2070:   139129.130   139379.220   139379.230   139379.250   139379.340
  2075:   139458.130   139569.120   139596.120   139688.130   139964.120
  2080:   139994.120   140093.130   140245.130   140370.130   140443.120
  2085:   140468.120   140497.120   140611.130   140680.120   140703.120
  2090:   140806.130   140937.130   141022.120   141079.130   141208.130
  2095:   141275.120   141301.120   141471.120   141497.120   141631.130
  2100:   141750.130   141911.120   142011.130   142179.130   142385.130
  2105:   142471.120   142536.130   142728.130   142879.130   143030.130
  2110:   143100.120   143128.120   143211.130   143378.130   143548.130
  2115:   143722.130   143858.130   143979.840   144016.640   144016.320
  2120:   144016.330   144016.350   144016.240   144016.130   144266.220
  2125:   144266.230   144266.250   144266.340   144349.130   144450.120
  2130:   144521.130   144598.120   144698.130   144854.130   145169.130
  2135:   145338.130   145366.840   145548.640   145548.320   145548.330
  2140:   145548.350   145548.240   145548.130   145798.220   145798.230
  2145:   145798.250   145798.340   145858.130   146049.130   146145.120
  2150:   146171.120   146282.130   146464.130   146600.130   146741.130
  2155:   146811.120   146834.120   146954.130   147099.130   147170.120
  2160:   147193.120   147296.130   147420.130   147534.130   147692.130
  2165:   147830.130   147952.130   148027.120   148054.120   148113.130
  2170:   148239.130   148411.130   148619.120   148643.120   148706.130
  2175:   148852.130   148898.840   148974.640   148974.320   148974.330
  2180:   148974.350   148974.240   148974.130   149224.220   149224.230
  2185:   149224.250   149224.340   149345.130   149501.130   149567.120
  2190:   149669.130   149898.130   149979.120   150006.120   150114.130
  2195:   150259.130   150362.120   150423.130   150539.130   150724.840
  2200:   150735.640   150735.320   150735.330   150735.350   150735.240
  2205:   150735.130   150985.220   150985.230   150985.250   150985.340
  2210:   151057.130   151085.840   151135.120   151225.640   151225.320
  2215:   151225.330   151225.350   151225.240   151225.130   151475.220
  2220:   151475.230   151475.250   151475.340   151580.130   151730.130
  2225:   151842.120   151931.130   152010.120   152079.130   152151.120
  2230:   152237.130   152358.130   152487.130   152665.130   152762.130
  2235:   152940.130   153027.120   153161.130   153229.120   153253.120
  2240:   153319.130   153375.840   153454.640   153454.320   153454.330
  2245:   153454.350   153454.240   153454.130   153537.740   153704.220
  2250:   153704.230   153704.250   153704.340   153776.130   154083.540
  2255:   154083.320   154083.330   154083.350   154083.240   154083.120
  2260:   154333.220   154333.230   154333.250   154333.340   154459.130
  2265:   154884.130   154954.120   155026.130   155220.120   155414.120
  2270:   155438.120   155498.130   155655.130   155772.130   155900.130
  2275:   156005.120   156086.130   156190.130   156319.120   156565.120
  2280:   156590.120   156673.130   156768.120   156854.130   156948.130
  2285:   157051.130   157204.840   157250.640   157250.320   157250.330
  2290:   157250.350   157250.240   157250.130   157500.220   157500.230
  2295:   157500.250   157500.340   157577.130   158038.130   158129.120
  2300:   158151.120   158241.130   158324.120   158395.130   158461.120
  2305:   158486.120   158549.130   158629.120   158654.120   158700.840
  2310:   158711.640   158711.320   158711.330   158711.350   158711.240
  2315:   158711.130   158961.220   158961.230   158961.250   158961.340
  2320:   159026.130   159049.130   159232.130   159333.120   159395.130
  2325:   159553.130   159625.120   159653.120   159751.130   159854.120
  2330:   159952.130   160029.120   160148.130   160297.130   160394.130
  2335:   160467.120   160593.130   160661.840   160781.640   160781.320
  2340:   160781.330   160781.350   160781.240   160781.130   161031.220
  2345:   161031.230   161031.250   161031.340   161111.130   161131.840
  2350:   161224.120   161319.640   161319.320   161319.330   161319.350
  2355:   161319.240   161319.130   161569.220   161569.230   161569.250
  2360:   161569.340   161640.130   161830.130   161999.130   162073.120
  2365:   162197.130   162270.120   162369.130   162447.130   162514.120
  2370:   162540.120   162655.130   162736.120   162791.120   162936.130
  2375:   163017.130   163197.130   163268.120   163370.130   163441.120
  2380:   163465.120   163496.120   163586.130   163661.120   163757.130
  2385:   163823.120   163850.120   163954.130   164030.120   164055.120
  2390:   164220.130   164295.120   164320.120   164431.130   164526.120
  2395:   164606.130   164675.120   164701.120   164911.120   164938.120
  2400:   165025.130   165107.120   165131.120   165231.130   165269.840
  2405:   165373.640   165373.320   165373.330   165373.350   165373.240
  2410:   165373.130   165623.220   165623.230   165623.250   165623.340
  2415:   165728.130   165845.120   165946.130   166051.120   166076.120
  2420:   166169.130   166376.130   166455.120   166480.120   166583.130
  2425:   166736.130   166805.120   166833.120   166921.130   167023.120
  2430:   167119.130   167222.120   167307.130   167411.120   167474.130
  2435:   167566.120   167639.130   167708.120   167732.120   167868.130
  2440:   167988.130   168138.130   168208.120   168233.120   168291.130
  2445:   168360.120   168383.120   168505.130   168646.130   168717.120
  2450:   168741.120   168867.130   168939.120   168964.120   169023.130
  2455:   169097.120   169120.120   169176.130   169316.130   169382.120
  2460:   169479.130   169556.120   169611.130   169741.130   169920.130
  2465:   170020.130   170145.130   170208.120   170281.130   170349.120
  2470:   170373.120   170460.130   170536.120   170562.120   170626.130
  2475:   170706.130   170777.120   170802.120   170859.130   170935.120
  2480:   171007.130   171080.120   171173.130   171223.840   171243.120
  2485:   171325.640   171325.320   171325.330   171325.350   171325.240
  2490:   171325.130   171575.220   171575.230   171575.250   171575.340
  2495:   171802.120   171830.120   171957.120   171982.120   172044.130
  2500:   172117.120   172174.130   172247.120   172270.120   172332.130
  2505:   172393.120   172420.120   172479.130   172548.120   172632.130
  2510:   172753.130   172907.130   172984.120   173057.130   173123.120
  2515:   173148.120   173238.130   173335.130   173407.120   173513.130
  2520:   173591.120   173720.130   173803.130   173879.120   173903.120
  2525:   174016.130   174091.120   174175.840   174234.640   174234.320
  2530:   174234.330   174234.350   174234.240   174234.130   174484.220
  2535:   174484.230   174484.250   174484.340   174554.130   174645.120
  2540:   174759.130   174816.120   174842.120   174905.130   174973.120
  2545:   175047.130   175116.120   175139.120   175203.130   175303.120
  2550:   175327.120   175465.120   175489.120   175578.130   175651.120
  2555:   175676.120   175889.120   175988.130   176061.120   176084.840
  2560:   176177.640   176177.320   176177.330   176177.350   176177.240
  2565:   176177.130   176427.220   176427.230   176427.250   176427.340
  2570:   176569.120   176641.130   176821.130   176827.840   176896.120
  2575:   176920.120   177064.120   177209.640   177209.320   177209.330
  2580:   177209.350   177209.240   177209.130   177459.220   177459.230
  2585:   177459.250   177459.340   177535.130   177559.840   177572.640
  2590:   177572.320   177572.330   177572.350   177572.240   177572.130
  2595:   177822.220   177822.230   177822.250   177822.340   177896.130
  2600:   178061.130   178167.120   178251.130   178441.130   178525.120
  2605:   178627.130   178706.120   178730.120   178822.130   178929.120
  2610:   179036.130   179114.120   179200.130   179294.120   179354.130
  2615:   179518.130   179661.130   179720.120   179745.120   179876.120
  2620:   179952.130   180103.130   180247.130   180323.120   180346.120
  2625:   180438.130   180512.120   180522.840   180635.640   180635.320
  2630:   180635.330   180635.350   180635.240   180635.130   180885.220
  2635:   180885.230   180885.250   180885.340   180985.840   181076.640
  2640:   181076.320   181076.330   181076.350   181076.240   181076.130
  2645:   181326.220   181326.230   181326.250   181326.340   181423.130
  2650:   181426.840   181502.120   181533.120   181595.640   181595.320
  2655:   181595.330   181595.350   181595.240   181595.130   181845.220
  2660:   181845.230   181845.250   181845.340   181928.130   182055.130
  2665:   182111.120   182136.120   182330.120   182356.120   182421.130
  2670:   182498.120   182524.120   182620.130   182767.130   182862.130
  2675:   182944.120   183045.130   183229.130   183415.130   183518.120
  2680:   183652.130   183766.130   183846.130   183922.120   183949.120
  2685:   184051.130   184064.130   184215.130   184368.130   184454.120
  2690:   184552.130   184624.120   184700.130   184774.120   184878.130
  2695:   185131.130   185220.120   185243.120   185381.130   185445.840
  2700:   185479.640   185479.320   185479.330   185479.350   185479.240
  2705:   185479.130   185729.220   185729.230   185729.250   185729.340
  2710:   185806.130   185908.130   186102.130   186201.120   186229.120
  2715:   186291.130   186359.120   186384.120   186483.130   186552.120
  2720:   186657.130   186850.130   186946.120   187048.130   187118.120
  2725:   187218.130   187347.130   187467.130   187541.120   187659.130
  2730:   187803.130   187829.840   187873.120   187899.120   187960.640
  2735:   187960.320   187960.330   187960.350   187960.240   187960.130
  2740:   188210.220   188210.230   188210.250   188210.340   188278.130
  2745:   188355.120   188471.130   188570.130   188749.130   188842.130
  2750:   188911.120   188938.120   189027.130   189196.130   189270.120
  2755:   189295.120   189375.130   189505.130   189510.840   189705.640
  2760:   189705.320   189705.330   189705.350   189705.240   189705.130
  2765:   189955.220   189955.230   189955.250   189955.340   190014.130
  2770:   190142.130   190211.120   190241.120   190327.130   190485.130
  2775:   190588.130   190755.840   190771.640   190771.320   190771.330
  2780:   190771.350   190771.240   190771.130   191021.220   191021.230
  2785:   191021.250   191021.340   191101.130   191236.130   191390.130
  2790:   191466.120   191492.120   191521.840   191579.640   191579.320
  2795:   191579.330   191579.350   191579.240   191579.130   191829.220
  2800:   191829.230   191829.250   191829.340   191916.130   192026.120
  2805:   192087.130   192214.130   192356.130   192421.120   192533.130
  2810:   192618.120   192718.130   192802.120   192885.130   193027.130
  2815:   193101.120   193128.120   193216.130   193314.120   193414.130
  2820:   193488.120   193546.130   193671.130   193741.120   193768.120
  2825:   193828.130   193829.840   193948.640   193948.320   193948.330
  2830:   193948.350   193948.240   193948.130   194198.220   194198.230
  2835:   194198.250   194198.340   194273.130   194344.120   194373.120
  2840:   194438.130   194504.120   194656.120   194738.130   194812.120
  2845:   194838.120   194894.130   194973.120   194999.120   195097.130
  2850:   195265.130   195343.120   195456.130   195560.130   195685.130
  2855:   195782.130   195840.120   195863.120   195999.120   196024.120
  2860:   196112.130   196188.120   196214.120   196328.130   196413.120
  2865:   196442.120   196529.130   196608.120   196633.120   196757.130
  2870:   196929.130   197056.130   197201.130   197357.130   197398.840
  2875:   197422.120   197449.120   197524.640   197524.320   197524.330
  2880:   197524.350   197524.240   197524.130   197774.220   197774.230
  2885:   197774.250   197774.340   197836.130   197971.130   198138.130
  2890:   198213.120   198344.130   198438.120   198512.130   198579.120
  2895:   198697.130   198774.130   198836.120   198962.130   199061.120
  2900:   199138.130   199260.130   199351.130   199430.120   199530.130
  2905:   199677.130   199748.120   199822.130   199909.130   200003.120
  2910:   200074.840   200140.640   200140.320   200140.330   200140.350
  2915:   200140.240   200140.130   200390.220   200390.230   200390.250
  2920:   200390.340   200527.120   200598.130   200793.120   200922.130
  2925:   201043.130   201181.130   201247.120   201271.120   201344.130
  2930:   201489.130   201561.120   201587.120   201689.130   201790.840
  2935:   201908.640   201908.320   201908.330   201908.350   201908.240
  2940:   201908.130   202158.220   202158.230   202158.250   202158.340
  2945:   202221.130   202311.120   202342.120   202404.130   202525.130
  2950:   202676.130   202755.120   202758.840   202897.640   202897.320
  2955:   202897.330   202897.350   202897.240   202897.130   203147.220
  2960:   203147.230   203147.250   203147.340   203212.130   203325.120
  2965:   203415.130   203612.130   203825.130   203959.120   204104.130
  2970:   204213.130   204305.120   204601.120   204715.130   204866.120
  2975:   204891.120   204983.130   205050.120   205078.120   205139.130
  2980:   205247.120   205359.130   205519.120   205547.840   205593.640
  2985:   205593.320   205593.330   205593.350   205593.240   205593.130
  2990:   205843.220   205843.230   205843.250   205843.340   205915.130
  2995:   206154.120   206225.130   206404.130   206432.130   206575.130
  3000:   206643.840   206683.120   206819.640   206819.320   206819.330
  3005:   206819.350   206819.240   206819.130   207069.220   207069.230
  3010:   207069.250   207069.340   207151.130   207270.130   207341.120
  3015:   207377.120   207486.130   207606.130   207734.130   207810.120
  3020:   207944.130   207990.130   208089.120   208116.120   208208.130
  3025:   208284.120   208383.130   208488.130   208564.120   208647.130
  3030:   208720.120   208743.120   208840.130   208918.130   208966.130
  3035:   209024.120   209053.120   209117.130   209201.120   209315.130
  3040:   209432.130   209503.120   209590.130   209774.130   209985.130
  3045:   210052.120   210084.120   210174.130   210257.120   210334.130
  3050:   210444.130   210544.130   210667.130   210758.130   210828.120
  3055:   210852.120   210941.130   211105.130   211239.130   211311.120
  3060:   211336.120   211510.120   211585.130   211716.130   211781.120
  3065:   211913.130   211963.130   212033.120   212133.130   212199.120
  3070:   212224.120   212311.130   212402.120   212427.120   212513.130
  3075:   212605.120   212631.120   212690.130   212899.130   212969.840
  3080:   213008.120   213114.640   213114.320   213114.330   213114.350
  3085:   213114.240   213114.130   213364.220   213364.230   213364.250
  3090:   213364.340   213455.130   213570.120   213596.120   213652.130
  3095:   213722.120   213751.120   213812.130   213888.120   213914.120
  3100:   214003.130   214076.120   214101.120   214219.130   214295.120
  3105:   214319.120   214441.130   214560.130   214632.120   214657.120
  3110:   214746.130   214819.120   214844.120   214932.130   215008.120
  3115:   215034.120   215111.130   215205.130   215278.120   215394.130
  3120:   215465.120   215490.120   215580.130   215669.130   215746.120
  3125:   215849.130   215965.130   216030.120   216056.120   216158.130
  3130:   216233.740   216269.130   216342.540   216342.320   216342.330
  3135:   216342.350   216342.240   216342.120   216592.220   216592.230
  3140:   216592.250   216592.340   216745.120   216819.130   216937.130
  3145:   217001.120   217088.130   217156.120   217274.130   217355.120
  3150:   217379.120   217493.130   217577.120   217600.120   217703.130
  3155:   217716.130   217770.130   217837.120   217935.130   218027.130
  3160:   218093.120   218122.120   218305.130   218381.120   218411.120
  3165:   218472.130   218646.130   218721.120   218802.130   218879.130
  3170:   218945.120   219054.130   219124.120   219150.120   219208.130
  3175:   219276.120   219399.130   219464.840   219497.640   219497.320
  3180:   219497.330   219497.350   219497.240   219497.130   219747.220
  3185:   219747.230   219747.250   219747.340   219820.130   219899.120
  3190:   219925.120   220012.130   220162.120   220248.130   220320.120
  3195:   220343.120   220488.120   220514.120   220579.130   220653.120
  3200:   220723.130   220824.130   220893.120   220963.130   221038.120
  3205:   221047.840   221109.640   221109.320   221109.330   221109.350
  3210:   221109.240   221109.130   221359.220   221359.230   221359.250
  3215:   221359.340   221504.120   221574.130   221653.130   221723.120
  3220:   221850.120   221988.120   222063.130   222138.120   222162.120
  3225:   222228.130   222470.120   222542.130   222615.120   222727.130
  3230:   222809.120   222933.130   223020.120   223089.130   223191.130
  3235:   223290.120   223347.130   223440.130   223510.120   223534.120
  3240:   223595.130   223659.840   223668.120   223747.640   223747.320
  3245:   223747.330   223747.350   223747.240   223747.130   223997.220
  3250:   223997.230   223997.250   223997.340   224097.840   224102.640
  3255:   224102.320   224102.330   224102.350   224102.240   224102.130
  3260:   224352.220   224352.230   224352.250   224352.340   224425.130
  3265:   224590.130   224719.130   224791.120   224916.130   224991.120
  3270:   225015.120   225079.130   225155.120   225185.120   225271.130
  3275:   225339.120   225365.120   225427.130   225493.120   225517.120
  3280:   225646.120   225747.130   225878.130   225946.120   225971.120
  3285:   226032.130   226151.130   226230.120   226257.120   226372.130
  3290:   226455.130   226526.120   226555.120   226675.130   226765.130
  3295:   226828.120   226855.120   226915.130   226991.120   227052.840
  3300:   227109.640   227109.320   227109.330   227109.350   227109.240
  3305:   227109.130   227359.220   227359.230   227359.250   227359.340
  3310:   227442.130   227604.130   227765.130   227831.120   227953.130
  3315:   228048.130   228123.120   228150.120   228260.130   228359.840
  3320:   228365.640   228365.320   228365.330   228365.350   228365.240
  3325:   228365.130   228615.220   228615.230   228615.250   228615.340
  3330:   228694.130   228802.130   228972.130   229047.130   229111.120
  3335:   229250.130   229314.130   229439.130   229508.120   229515.840
  3340:   229588.640   229588.320   229588.330   229588.350   229588.240
  3345:   229588.130   229838.220   229838.230   229838.250   229838.340
  3350:   229916.130   230017.130   230094.120   230122.120   230183.130
  3355:   230259.120   230286.120   230386.130   230507.130   230576.120
  3360:   230601.120   230689.130   230787.120   230906.130   230983.120
  3365:   231012.120   231232.130   231304.120   231330.120   231390.130
  3370:   231493.130   231617.130   231738.840   231751.640   231751.320
  3375:   231751.330   231751.350   231751.240   231751.130   232001.220
  3380:   232001.230   232001.250   232001.340   232088.130   232101.840
  3385:   232201.640   232201.320   232201.330   232201.350   232201.240
  3390:   232201.130   232451.220   232451.230   232451.250   232451.340
  3395:   232534.130   232641.120   232769.130   232843.120   232950.130
  3400:   233041.120   233099.130   233174.120   233298.130   233423.130
  3405:   233542.130   233665.130   233758.130   233846.130   234001.130
  3410:   234166.130   234238.130   234331.130   234397.120   234471.130
  3415:   234632.130   234706.120   234730.120   234787.130   234857.120
  3420:   234882.120   234970.130   235171.130   235270.130   235342.120
  3425:   235370.120   235431.130   235548.130   235660.130   235879.130
  3430:   235953.130   236086.130   236157.120   236233.130   236354.130
  3435:   236429.120   236453.120   236644.130   236848.130   236941.120
  3440:   236965.120   237065.130   237144.120   237171.120   237254.130
  3445:   237380.130   237487.130   237553.120   237578.120   237641.130
  3450:   237762.130   237832.120   237906.130   238006.130   238092.130
  3455:   238259.130   238326.120   238354.120   238412.130   238499.130
  3460:   238596.130   238670.120   238803.130   238900.120   239004.130
  3465:   239081.120   239107.120   239166.130   239379.130   239487.130
  3470:   239559.120   239585.120   239645.130   239724.120   239750.120
  3475:   239812.130   239905.130   239969.120   240046.130   240121.120
  3480:   240195.130   240264.120   240290.120   240431.130   240530.120
  3485:   240671.130   240746.120   240772.120   240833.130   240909.120
  3490:   240982.130   241054.120   241078.120   241178.130   241347.130
  3495:   241420.120   241501.130   241648.130   241799.120   241875.130
  3500:   242123.130   242269.130   242352.130   242415.120   242446.120
  3505:   242510.130   242576.120   242652.130   242754.130   242859.130
  3510:   242980.130   243057.120   243081.120   243156.130   243320.130
  3515:   243417.130   243510.120   243585.130   243651.840   243664.120
  3520:   243686.120   243802.640   243802.320   243802.330   243802.350
  3525:   243802.240   243802.130   243816.130   244052.220   244052.230
  3530:   244052.250   244052.340   244134.130   244321.130   244384.120
  3535:   244410.120   244471.130   244538.120   244560.120   244685.130
  3540:   244785.120   244845.130   244926.120   245231.130   245309.120
  3545:   245334.120   245545.130   245729.130   245811.120   245835.120
  3550:   245893.130   245988.120   246107.130   246219.120   246290.130
  3555:   246361.120   246426.130   246592.120   246617.120   246689.130
  3560:   246788.130   246850.120   246878.120   246941.130   247097.130
  3565:   247152.840   247188.640   247188.320   247188.330   247188.350
  3570:   247188.240   247188.130   247438.220   247438.230   247438.250
  3575:   247438.340   247521.130   247602.120   247631.120   247718.130
  3580:   247786.120   247812.120   247838.840   247902.640   247902.320
  3585:   247902.330   247902.350   247902.240   247902.130   248152.220
  3590:   248152.230   248152.250   248152.340   248241.130   248325.120
  3595:   248464.120   248578.130   248650.120   248755.130   248825.120
  3600:   248963.130   249142.130   249222.130   249289.120   249359.130
  3605:   249440.120   249542.130   249735.130   249828.130   249939.130
  3610:   250031.130   250098.120   250229.130   250352.840   250549.640
  3615:   250549.320   250549.330   250549.350   250549.240   250549.130
  3620:   250799.220   250799.230   250799.250   250799.340   250894.130
  3625:   250977.130   251059.130   251229.130   251308.120   251377.130
  3630:   251446.120   251668.130   251902.120   252003.130   252104.130
  3635:   252243.130   252389.120   252503.130   252648.130   252730.120
  3640:   252820.130   252891.120   252959.130   253092.130   253172.120
  3645:   253199.120   253271.130   253350.120   253374.120   253399.840
  3650:   253447.640   253447.320   253447.330   253447.350   253447.240
  3655:   253447.130   253697.220   253697.230   253697.250   253697.340
  3660:   253896.130   254040.130   254197.840   254376.640   254376.320
  3665:   254376.330   254376.350   254376.240   254376.130   254626.220
  3670:   254626.230   254626.250   254626.340   254731.130   254873.130
  3675:   255019.130   255195.130   255293.130   255387.130   255460.120
  3680:   255581.130   255751.130   255881.120   255907.120   256196.130
  3685:   256275.120   256347.130   256425.120   256453.120   256550.130
  3690:   256629.120   256711.130   256781.120   256807.120   256918.130
  3695:   257074.130   257168.130   257244.120   257315.130   257326.840
  3700:   257410.640   257410.320   257410.330   257410.350   257410.240
  3705:   257410.130   257660.220   257660.230   257660.250   257660.340
  3710:   257739.130   257849.120   257925.130   258048.130   258367.120
  3715:   258392.120   258474.130   258629.120   258653.120   258760.840
  3720:   258891.640   258891.320   258891.330   258891.350   258891.240
  3725:   258891.130   259141.220   259141.230   259141.250   259141.340
  3730:   259236.130   259340.120   259403.130   259502.120   259541.840
  3735:   259590.640   259590.320   259590.330   259590.350   259590.240
  3740:   259590.130   259840.220   259840.230   259840.250   259840.340
  3745:   259927.130   260189.120   260215.120   260326.130   260395.120
  3750:   260543.130   260616.120   260747.130   260843.120   260952.130
  3755:   261024.120   261146.130   261345.130   261440.840   261442.640
  3760:   261442.320   261442.330   261442.350   261442.240   261442.130
  3765:   261692.220   261692.230   261692.250   261692.340   261770.130
  3770:   261868.120   261966.130   262043.120   262066.120   262152.130
  3775:   262223.120   262356.130   262441.130   262526.120   262642.130
  3780:   262805.130   262935.130   263054.130   263132.120   263156.120
  3785:   263267.130   263463.130   263492.740   263543.540   263543.320
  3790:   263543.330   263543.350   263543.240   263543.120   263792.840
  3795:   263793.220   263793.230   263793.250   263793.340   263869.640
  3800:   263869.320   263869.330   263869.350   263869.240   263869.130
  3805:   264119.220   264119.230   264119.250   264119.340   264200.130
  3810:   264274.120   264350.130   264506.130   264813.130   264893.120
  3815:   264971.130   265072.130   265197.130   265273.120   265377.130
  3820:   265501.130   265683.130   265805.130   265877.120   265902.120
  3825:   266166.130   266269.130   266465.130   266553.130   266674.130
  3830:   266834.130   267040.130   267134.130   267227.120   267318.130
  3835:   267408.130   267481.120   267553.130   267635.120   267660.120
  3840:   267719.840   267844.640   267844.320   267844.330   267844.350
  3845:   267844.240   267844.130   268094.220   268094.230   268094.250
  3850:   268094.340   268160.130   268252.130   268344.130   268436.130
  3855:   268554.130   268594.840   268649.640   268649.320   268649.330
  3860:   268649.350   268649.240   268649.130   268899.220   268899.230
  3865:   268899.250   268899.340   269072.120   269097.120   269199.840
  3870:   269346.640   269346.320   269346.330   269346.350   269346.240
  3875:   269346.130   269596.220   269596.230   269596.250   269596.340
  3880:   269692.130   269781.120   269894.130   269990.120   270070.130
  3885:   270147.120   270174.120   270290.130   270369.120   270453.130
  3890:   270475.130   270544.120   270674.130   270923.130   270998.120
  3895:   271061.130   271139.120   271163.120   271280.130   271398.130
  3900:   271491.130   271607.130   271692.130   271823.130   271922.130
  3905:   272015.130   272129.130   272204.120   272228.120   272316.130
  3910:   272441.130   272525.120   272626.130   272723.130   272824.130
  3915:   272914.130   273013.130   273091.130   273165.120   273194.120
  3920:   273322.120   273394.130   273468.120   273493.120   273564.130
  3925:   273710.130   273805.130   273872.120   273896.840   273975.640
  3930:   273975.320   273975.330   273975.350   273975.240   273975.130
  3935:   274225.220   274225.230   274225.250   274225.340   274293.130
  3940:   274455.130   274542.120   274650.130   274816.130   274887.120
  3945:   275029.130   275157.130   275381.130   275425.840   275482.640
  3950:   275482.320   275482.330   275482.350   275482.240   275482.130
  3955:   275732.220   275732.230   275732.250   275732.340   275810.130
  3960:   275924.130   276021.130   276095.120   276226.130   276332.120
  3965:   276408.130   276527.130   276648.130   276771.130   276874.130
  3970:   276944.120   277003.130   277104.130   277185.130   277256.120
  3975:   277283.120   277385.130   277482.130   277712.130   277802.130
  3980:   277882.120   277907.120   278038.130   278252.130   278349.130
  3985:   278424.120   278538.130   278634.130   278726.130   278838.130
  3990:   278908.120   278984.130   279077.120   279172.130   279307.130
  3995:   279380.120   279404.120   279526.130   279601.120   279626.120
  4000:   279735.130   279858.130   280005.130   280186.130   280402.130
  4005:   280477.120   280555.130   280628.120   280717.130   280732.840
  4010:   280789.120   280897.640   280897.320   280897.330   280897.350
  4015:   280897.240   280897.130   281147.220   281147.230   281147.250
  4020:   281147.340   281209.130   281418.120   281445.120   281510.130
  4025:   281632.130   281701.120   281761.130   281844.120   281954.130
  4030:   282307.130   282440.130   282628.130   282703.120   282731.120
  4035:   282830.130   282954.130   283039.130   283115.120   283280.130
  4040:   283496.120   283559.130   283689.130   283786.130   283885.130
  4045:   284059.130   284282.120   284305.120   284364.130   284443.120
  4050:   284467.120   284558.130   284641.120   284788.120   284816.120
  4055:   284958.120   285028.130   285122.130   285275.130   285347.120
  4060:   285420.130   285514.130   285586.120   285609.120   285694.130
  4065:   285793.740   285865.130   285979.130   286164.130   286237.540
  4070:   286237.320   286237.330   286237.350   286237.240   286237.120
  4075:   286487.220   286487.230   286487.250   286487.340   286557.130
  4080:   286678.120   286702.120   286817.130   286892.120   286918.120
  4085:   287006.130   287132.130   287276.130   287464.130   287541.120
  4090:   287567.120   287635.130   287753.130   287827.120   287904.130
  4095:   287973.120   288002.120   288061.130   288135.120   288224.130
  4100:   288324.130   288455.130   288560.130   288637.120   288662.120
  4105:   288754.130   288863.130   288949.120   289012.130   289103.130
  4110:   289262.130   289336.120   289359.120   289420.130   289494.120
  4115:   289524.120   289780.120   289864.130   289956.130   290027.120
  4120:   290103.130   290245.130   290346.120   290546.130   290728.130
  4125:   290812.120   290835.120   290896.130   291047.130   291121.120
  4130:   291149.120   291267.130   291361.130   291664.130   291733.120
  4135:   291760.120   291841.130   291913.120   291938.120   291947.840
  4140:   292074.640   292074.320   292074.330   292074.350   292074.240
  4145:   292074.130   292324.220   292324.230   292324.250   292324.340
  4150:   292392.130   292470.120   292497.120   292524.840   292637.640
  4155:   292637.320   292637.330   292637.350   292637.240   292637.130
  4160:   292887.220   292887.230   292887.250   292887.340   292964.130
  4165:   292987.130   293105.130   293203.120   293273.130   293440.120
  4170:   293578.120   293602.120   293687.130   293902.130   293987.840
  4175:   294094.640   294094.320   294094.330   294094.350   294094.240
  4180:   294094.130   294344.220   294344.230   294344.250   294344.340
  4185:   294454.130   294476.130   294528.130   294544.840   294590.120
  4190:   294670.640   294670.320   294670.330   294670.350   294670.240
  4195:   294670.130   294920.220   294920.230   294920.250   294920.340
  4200:   295026.130   295128.130   295272.130   295367.130   295494.130
  4205:   295588.130   295720.840   295741.640   295741.320   295741.330
  4210:   295741.350   295741.240   295741.130   295991.220   295991.230
  4215:   295991.250   295991.340   296123.120   296149.120   296233.130
  4220:   296372.130   296465.130   296564.130   296740.130   296853.130
  4225:   296984.130   297166.130   297245.130   297318.120   297430.130
  4230:   297520.130   297627.130   297960.130   298156.130   298248.120
  4235:   298277.120   298432.130   298517.130   298621.130   298713.130
  4240:   298878.130   299000.130   299111.130   299187.120   299212.120
  4245:   299291.840   299300.640   299300.320   299300.330   299300.350
  4250:   299300.240   299300.130   299550.220   299550.230   299550.250
  4255:   299550.340   299623.130   299719.120   299742.120   299833.130
  4260:   299934.120   299961.120   300051.130   300185.130   300333.130
  4265:   300422.130   300544.130   300625.120   300754.130   300891.130
  4270:   300984.130   301065.120   301140.130   301215.120   301239.120
  4275:   301349.130   301450.130   301464.130   301541.130   301634.130
  4280:   301723.130   301851.130   302017.130   302151.130   302279.130
  4285:   302347.120   302425.130   302558.130   302773.130   302850.840
  4290:   303215.120   303243.120   303506.640   303506.320   303506.330
  4295:   303506.350   303506.240   303506.130   303756.220   303756.230
  4300:   303756.250   303756.340   303841.130   303940.130   304058.130
  4305:   304139.120   304211.130   304401.130   304485.120   304563.130
  4310:   304656.130   304838.130   304942.130   305126.130   305246.130
  4315:   305335.130   305456.840   305461.640   305461.320   305461.330
  4320:   305461.350   305461.240   305461.130   305711.220   305711.230
  4325:   305711.250   305711.340   305787.130   305880.130   306029.130
  4330:   306179.130   306411.840   306463.640   306463.320   306463.330
  4335:   306463.350   306463.240   306463.130   306587.740   306713.220
  4340:   306713.230   306713.250   306713.340   306783.130   306917.130
  4345:   307015.130   307103.130   307190.540   307190.320   307190.330
  4350:   307190.350   307190.240   307190.120   307440.220   307440.230
  4355:   307440.250   307440.340   307530.130   307654.130   307728.120
  4360:   307808.130   307935.130   308080.130   308158.130   308378.120
  4365:   308452.130   308564.130   308637.120   308698.130   308794.130
  4370:   309177.130   309307.130   309426.130   309575.130   309715.130
  4375:   309843.130   309984.130   310070.130   310249.130   310401.130
  4380:   310523.130   310621.130   310751.130   310839.130   310910.120
  4385:   310934.120   311066.130   311157.130   311232.120   311258.120
  4390:   311317.130   311670.130   311751.120   311902.120   311979.130
  4395:   312056.120   312157.130   312242.120   312313.130   312406.130
  4400:   312488.120   312515.120   312642.130   312830.130   312991.120
  4405:   313017.120   313104.130   313235.130   313406.120   313432.120
  4410:   313541.130   313612.130   313760.130   313848.120   313912.130
  4415:   314072.130   314175.120   314251.130   314390.130   314413.840
  4420:   314465.120   314543.640   314543.320   314543.330   314543.350
  4425:   314543.240   314543.130   314793.220   314793.230   314793.250
  4430:   314793.340   314876.130   315126.130   315230.120   315318.130
  4435:   315459.120   315573.130   315697.130   315793.840   315870.640
  4440:   315870.320   315870.330   315870.350   315870.240   315870.130
  4445:   316120.220   316120.230   316120.250   316120.340   316197.130
  4450:   316279.120   316354.130   316496.130   316580.120   316605.120
  4455:   316694.130   316720.840   316791.640   316791.320   316791.330
  4460:   316791.350   316791.240   316791.130   317041.220   317041.230
  4465:   317041.250   317041.340   317217.120   317242.120   317330.130
  4470:   317413.120   317440.120   317502.130   317604.130   317723.130
  4475:   317790.120   317888.130   318046.130   318141.840   318172.640
  4480:   318172.320   318172.330   318172.350   318172.240   318172.130
  4485:   318422.220   318422.230   318422.250   318422.340   318501.130
  4490:   318523.130   318715.130   318812.130   318949.130   319039.130
  4495:   319117.120   319223.130   319379.120   319509.130   319661.130
  4500:   319755.130   319915.130   320046.130   320142.130   320265.130
  4505:   320449.130   320573.130   320656.120   320776.130   320856.130
  4510:   320977.130   321061.130   321231.130   321386.130   321483.130
  4515:   321688.130   321784.130   322000.130   322086.120   322163.130
  4520:   322247.120   322273.120   322344.130   322486.130   322653.130
  4525:   322749.130   322872.130   322962.130   323137.130   323470.130
  4530:   323598.130   323622.840   323748.640   323748.320   323748.330
  4535:   323748.350   323748.240   323748.130   323998.220   323998.230
  4540:   323998.250   323998.340   324073.130   324100.130   324182.120
  4545:   324257.130   324338.120   324462.130   324664.130   324764.130
  4550:   324954.130   325127.130   325202.130   325295.130   325410.130
  4555:   325511.130   325811.130   325898.130   325968.120   325992.120
  4560:   326080.130   326172.130   326267.130   326441.130   326527.130
  4565:   326659.130   326698.840   326970.640   326970.320   326970.330
  4570:   326970.350   326970.240   326970.130   327220.220   327220.230
  4575:   327220.250   327220.340   327276.130   327393.120   327459.130
  4580:   327644.130   327664.130   327760.130   327869.130   328005.130
  4585:   328164.130   328337.130   328437.130   328566.130   328660.130
  4590:   328757.130   328978.120   329056.130   329276.130   329362.130
  4595:   329560.130   329710.130   329861.130   330002.130   330267.130
  4600:   330416.130   330513.120   330539.120   330649.130   330741.130
  4605:   330861.130   330988.130   331080.130   331241.130   331434.130
  4610:   331529.130   331716.130   331890.120   331916.120   331980.130
  4615:   332079.130   332224.130   332326.130   332414.130   332509.130
  4620:   332640.130   332726.120   332752.120   332935.130   333012.120
  4625:   333041.120   333101.130   333229.130   333316.130   333484.130
  4630:   333587.120   333607.120   333680.130   333783.130   333880.120
  4635:   334007.130   334141.120   334220.840   334259.640   334259.320
  4640:   334259.330   334259.350   334259.240   334259.130   334509.220
  4645:   334509.230   334509.250   334509.340   334591.130   334691.120
  4650:   334873.120   335064.120   335094.120   335225.120   335338.130
  4655:   335429.130   335509.840   335604.640   335604.320   335604.330
  4660:   335604.350   335604.240   335604.130   335854.220   335854.230
  4665:   335854.250   335854.340   336013.120   336044.120   336054.840
  4670:   336101.640   336101.320   336101.330   336101.350   336101.240
  4675:   336101.130   336351.220   336351.230   336351.250   336351.340
  4680:   336448.130   336537.120   336612.130   336739.130   336997.130
  4685:   337085.120   337111.120   337203.130   337333.130   337421.120
  4690:   337523.130   337643.130   337819.130   337851.840   337903.640
  4695:   337903.320   337903.330   337903.350   337903.240   337903.130
  4700:   338153.220   338153.230   338153.250   338153.340   338249.130
  4705:   338253.840   338331.120   338358.120   338414.640   338414.320
  4710:   338414.330   338414.350   338414.240   338414.130   338664.220
  4715:   338664.230   338664.250   338664.340   338738.130   338763.130
  4720:   338860.120   338925.130   339050.130   339200.130   339290.120
  4725:   339320.120   339469.130   339552.120   339564.840   339654.640
  4730:   339654.320   339654.330   339654.350   339654.240   339654.130
  4735:   339904.220   339904.230   339904.250   339904.340   339991.130
  4740:   340181.130   340292.120   340438.130   340527.120   340554.120
  4745:   340670.130   340752.120   340882.130   341019.130   341163.130
  4750:   341311.130   341410.130   341514.120   341619.130   341724.130
  4755:   341834.130   341863.130   341963.130   342138.120   342266.130
  4760:   342392.130   342484.130   342581.130   342676.130   342767.130
  4765:   342955.130   343059.120   343164.130   343311.130   343429.130
  4770:   343615.130   343665.130   343754.120   343838.130   343947.130
  4775:   344040.130   344166.130   344463.130   344579.130   344653.120
  4780:   344751.130   344821.120   344845.120   344934.130   345075.130
  4785:   345161.120   345186.120   345270.130   345389.130   345464.120
  4790:   345546.130   345724.130   345846.130   346011.130   346141.130
  4795:   346204.840   346324.640   346324.320   346324.330   346324.350
  4800:   346324.240   346324.130   346574.220   346574.230   346574.250
  4805:   346574.340   346635.130   346818.130   346948.130   347048.130
  4810:   347165.130   347255.130   347346.130   347524.130   347704.130
  4815:   347796.130   347883.130   348036.130   348110.130   348251.130
  4820:   348349.130   348511.130   348759.130   348850.130   348945.130
  4825:   349120.120   349143.120   349256.130   349418.130   349592.130
  4830:   349674.840   349749.640   349749.320   349749.330   349749.350
  4835:   349749.240   349749.130   349999.220   349999.230   349999.250
  4840:   349999.340   350184.120   350291.130   350438.130   350526.120
  4845:   350600.130   350686.120   350810.130   351000.130   351027.130
  4850:   351146.130   351288.130   351301.130   351465.130   351615.130
  4855:   351732.120   351757.120   351867.130   352108.120   352217.130
  4860:   352302.120   352328.120   352436.130   352527.130   352705.130
  4865:   352786.120   352810.120   352870.130   353043.130   353135.120
  4870:   353385.130   353480.130   353628.130   353802.130   353909.130
  4875:   354209.120   354302.130   354554.130   354631.120   354657.120
  4880:   354746.130   354993.120   355103.130   355241.130   355377.130
  4885:   355399.840   355505.120   355823.640   355823.320   355823.330
  4890:   355823.350   355823.240   355823.130   356073.220   356073.230
  4895:   356073.250   356073.340   356142.130   356786.130   356951.130
  4900:   357088.130   357234.130   357324.130   357421.130   357610.130
  4905:   357840.130   357972.130   358102.130   358253.130   358409.130
  4910:   358588.130   358663.120   358790.130   358954.130   359134.130
  4915:   359312.130   359535.120   359561.120   359772.130   359851.120
  4920:   360000.320   360000.330   360000.350   360000.020
C:
     0:        0.000     1616.000     1860.000       10.000      134.000
     5:        0.000
D:
     0:        0.000        0.000
L:
     0:       27.000       27.000       27.000
M:
     0:     1200.000     1201.000     1202.000     1203.000     1204.000
     5:     1205.000     1206.000     1207.000     1208.000     1209.000
    10:     1210.000     1211.000     1212.000     1213.000     1214.000
    15:     1215.000     1216.000     1217.000     1218.000     1219.000
    20:     1220.000     1221.000     1222.000     1223.000     1224.000
    25:     1225.000     1226.000     1227.000     1228.000     1229.000
    30:     1230.000     1231.000     1232.000     1233.000     1234.000
    35:     1235.000     1236.000     1237.000     1238.000     1239.000
    40:     1240.000     1241.000     1242.000     1243.000     1244.000
    45:     1245.000     1246.000     1247.000     1248.000     1249.000
    50:     1250.000     1251.000     1252.000     1253.000     1254.000
    55:     1255.000     1256.000     1257.000     1258.000     1259.000
    60:     1260.000     1261.000     1262.000     1263.000     1264.000
    65:     1265.000     1266.000     1267.000     1268.000     1269.000
    70:     1270.000     1271.000     1272.000     1273.000     1274.000
    75:     1275.000     1276.000     1277.000     1278.000     1279.000
    80:     1280.000     1281.000     1282.000     1283.000     1284.000
    85:     1285.000     1286.000     1287.000     1288.000     1289.000
    90:     1290.000     1291.000     1292.000     1293.000     1294.000
    95:     1295.000     1296.000     1297.000     1298.000     1299.000
   100:     1300.000     1301.000     1302.000     1303.000     1304.000
   105:     1305.000     1306.000     1307.000     1308.000     1309.000
   110:     1310.000     1311.000     1312.000     1313.000     1314.000
   115:     1315.000     1316.000     1317.000     1318.000     1319.000
   120:     1320.000     1321.000     1322.000     1323.000     1324.000
   125:     1325.000     1326.000     1327.000     1328.000     1329.000
   130:     1330.000     1331.000     1332.000     1333.000     1334.000
   135:     1335.000     1336.000     1337.000     1338.000     1339.000
   140:     1340.000     1341.000     1342.000     1343.000     1344.000
   145:     1345.000     1346.000     1347.000     1348.000     1349.000
   150:     1350.000     1351.000     1352.000     1353.000     1354.000
   155:     1355.000     1356.000     1357.000     1358.000     1359.000
   160:     1360.000     1361.000     1362.000     1363.000     1364.000
   165:     1365.000     1366.000     1367.000     1368.000     1369.000
   170:     1370.000     1371.000     1372.000     1373.000     1374.000
   175:     1375.000     1376.000     1377.000     1378.000     1379.000
   180:     1380.000     1381.000     1382.000     1383.000     1384.000
   185:     1385.000     1386.000     1387.000     1388.000     1389.000
   190:     1390.000     1391.000     1392.000     1393.000     1394.000
   195:     1395.000     1396.000     1397.000     1398.000     1399.000
   200:     1400.000     1401.000     1402.000     1403.000     1404.000
   205:     1405.000     1406.000     1407.000     1408.000     1409.000
   210:     1410.000     1411.000     1412.000     1413.000     1414.000
   215:     1415.000     1416.000     1417.000     1418.000     1419.000
   220:     1420.000     1421.000     1422.000     1423.000     1424.000
   225:     1425.000     1426.000     1427.000     1428.000     1429.000
   230:     1430.000     1431.000     1432.000     1433.000     1434.000
   235:     1435.000     1436.000     1437.000     1438.000     1439.000
   240:     1440.000     1441.000     1442.000     1443.000     1444.000
   245:     1445.000     1446.000     1447.000     1448.000     1449.000
   250:     1450.000     1451.000     1452.000     1453.000     1454.000
   255:     1455.000     1456.000     1457.000     1458.000     1459.000
   260:     1460.000     1461.000     1462.000     1463.000     1464.000
   265:     1465.000     1466.000     1467.000     1468.000     1469.000
   270:     1470.000     1471.000     1472.000     1473.000     1474.000
   275:     1475.000     1476.000     1477.000     1478.000     1479.000
   280:     1480.000     1481.000     1482.000     1483.000     1484.000
   285:     1485.000     1486.000     1487.000     1488.000     1489.000
   290:     1490.000     1491.000     1492.000     1493.000     1494.000
   295:     1495.000     1496.000     1497.000     1498.000     1499.000
   300:     1500.000     1501.000     1502.000     1503.000     1504.000
   305:     1505.000     1506.000     1507.000     1508.000     1509.000
   310:     1510.000     1511.000     1512.000     1513.000     1514.000
   315:     1515.000     1516.000     1517.000     1518.000     1519.000
   320:     1520.000     1521.000     1522.000     1523.000     1524.000
   325:     1525.000     1526.000     1527.000     1528.000     1529.000
   330:     1530.000     1531.000     1532.000     1533.000     1534.000
   335:     1535.000     1536.000     1537.000     1538.000     1539.000
   340:     1540.000     1541.000     1542.000     1543.000     1544.000
   345:     1545.000     1546.000     1547.000     1548.000     1549.000
   350:     1550.000     1551.000     1552.000     1553.000     1554.000
   355:     1555.000     1556.000     1557.000     1558.000     1559.000
   360:     1560.000     1561.000     1562.000     1563.000     1564.000
   365:     1565.000     1566.000     1567.000     1568.000     1569.000
   370:     1570.000     1571.000     1572.000     1573.000     1574.000
   375:     1575.000     1576.000     1577.000     1578.000     1579.000
   380:     1580.000     1581.000     1582.000     1583.000     1584.000
   385:     1585.000     1586.000     1587.000     1588.000     1589.000
   390:     1590.000     1591.000     1592.000     1593.000     1594.000
   395:     1595.000     1596.000     1597.000     1598.000     1599.000
   400:     1600.000     1601.000     1602.000     1603.000     1604.000
   405:     1605.000     1606.000     1607.000     1608.000     1609.000
   410:     1610.000     1611.000     1612.000     1613.000     1614.000
   415:     1615.000     1616.000     1617.000     1618.000     1619.000
   420:     1620.000     1621.000     1622.000     1623.000     1624.000
   425:     1625.000     1626.000     1627.000     1628.000     1629.000
   430:     1630.000     1631.000     1632.000     1633.000     1634.000
   435:     1635.000     1636.000     1637.000     1638.000     1639.000
   440:     1640.000     1641.000     1642.000     1643.000     1644.000
   445:     1645.000     1646.000     1647.000     1648.000     1649.000
   450:     1650.000     1651.000     1652.000     1653.000     1654.000
   455:     1655.000     1656.000     1657.000     1658.000     1659.000
   460:     1660.000     1661.000     1662.000     1663.000     1664.000
   465:     1665.000     1666.000     1667.000     1668.000     1669.000
   470:     1670.000     1671.000     1672.000     1673.000     1674.000
   475:     1675.000     1676.000     1677.000     1678.000     1679.000
   480:     1680.000     1681.000     1682.000     1683.000     1684.000
   485:     1685.000     1686.000     1687.000     1688.000     1689.000
   490:     1690.000     1691.000     1692.000     1693.000     1694.000
   495:     1695.000     1696.000     1697.000     1698.000     1699.000
   500:     1700.000     1701.000     1702.000     1703.000     1704.000
   505:     1705.000     1706.000     1707.000     1708.000     1709.000
   510:     1710.000     1711.000     1712.000     1713.000     1714.000
   515:     1715.000     1716.000     1717.000     1718.000     1719.000
   520:     1720.000     1721.000     1722.000     1723.000     1724.000
   525:     1725.000     1726.000     1727.000     1728.000     1729.000
   530:     1730.000     1731.000     1732.000     1733.000     1734.000
   535:     1735.000     1736.000     1737.000     1738.000     1739.000
   540:     1740.000     1741.000     1742.000     1743.000     1744.000
   545:     1745.000     1746.000     1747.000     1748.000     1749.000
   550:     1750.000     1751.000     1752.000     1753.000     1754.000
   555:     1755.000     1756.000     1757.000     1758.000     1759.000
   560:     1760.000     1761.000     1762.000     1763.000     1764.000
   565:     1765.000     1766.000     1767.000     1768.000     1769.000
   570:     1770.000     1771.000     1772.000     1773.000     1774.000
   575:     1775.000     1776.000     1777.000     1778.000     1779.000
   580:     1780.000     1781.000     1782.000     1783.000     1784.000
   585:     1785.000     1786.000     1787.000     1788.000     1789.000
   590:     1790.000     1791.000     1792.000     1793.000     1794.000
   595:     1795.000     1796.000     1797.000     1798.000     1799.000
   600:     1800.000     1801.000     1802.000     1803.000     1804.000
   605:     1805.000     1806.000     1807.000     1808.000     1809.000
   610:     1810.000     1811.000     1812.000     1813.000     1814.000
   615:     1815.000     1816.000     1817.000     1818.000     1819.000
   620:     1820.000     1821.000     1822.000     1823.000     1824.000
   625:     1825.000     1826.000     1827.000     1828.000     1829.000
   630:     1830.000     1831.000     1832.000     1833.000     1834.000
   635:     1835.000     1836.000     1837.000     1838.000     1839.000
   640:     1840.000     1841.000     1842.000     1843.000     1844.000
   645:     1845.000     1846.000     1847.000     1848.000     1849.000
   650:     1850.000     1851.000     1852.000     1853.000     1854.000
   655:     1855.000     1856.000     1857.000     1858.000     1859.000
   660:     1860.000     1861.000     1862.000     1863.000     1864.000
   665:     1865.000     1866.000     1867.000     1868.000     1869.000
   670:     1870.000     1871.000     1872.000     1873.000     1874.000
   675:     1875.000     1876.000     1877.000     1878.000     1879.000
   680:     1880.000     1881.000     1882.000     1883.000     1884.000
   685:     1885.000     1886.000     1887.000     1888.000     1889.000
   690:     1890.000     1891.000     1892.000     1893.000     1894.000
   695:     1895.000     1896.000     1897.000     1898.000     1899.000
   700:     1900.000     1901.000     1902.000     1903.000     1904.000
   705:     1905.000     1906.000     1907.000     1908.000     1909.000
   710:     1910.000     1911.000     1912.000     1913.000     1914.000
   715:     1915.000     1916.000     1917.000     1918.000     1919.000
   720:     1920.000     1921.000     1922.000     1923.000     1924.000
   725:     1925.000     1926.000     1927.000     1928.000     1929.000
   730:     1930.000     1931.000     1932.000     1933.000     1934.000
   735:     1935.000     1936.000     1937.000     1938.000     1939.000
   740:     1940.000     1941.000     1942.000     1943.000     1944.000
   745:     1945.000     1946.000     1947.000     1948.000     1949.000
   750:     1950.000     1951.000     1952.000     1953.000     1954.000
   755:     1955.000     1956.000     1957.000     1958.000     1959.000
   760:     1960.000     1961.000     1962.000     1963.000     1964.000
   765:     1965.000     1966.000     1967.000     1968.000     1969.000
   770:     1970.000     1971.000     1972.000     1973.000     1974.000
   775:     1975.000     1976.000     1977.000     1978.000     1979.000
   780:     1980.000     1981.000     1982.000     1983.000     1984.000
   785:     1985.000     1986.000     1987.000     1988.000     1989.000
   790:     1990.000     1991.000     1992.000     1993.000     1994.000
   795:     1995.000     1996.000     1997.000     1998.000     1999.000
   800:     2000.000     2001.000     2002.000     2003.000     2004.000
   805:     2005.000     2006.000     2007.000     2008.000     2009.000
   810:     2010.000     2011.000     2012.000     2013.000     2014.000
   815:     2015.000     2016.000     2017.000     2018.000     2019.000
   820:     2020.000     2021.000     2022.000     2023.000     2024.000
   825:     2025.000     2026.000     2027.000     2028.000     2029.000
   830:     2030.000     2031.000     2032.000     2033.000     2034.000
   835:     2035.000     2036.000     2037.000     2038.000     2039.000
   840:     2040.000     2041.000     2042.000     2043.000     2044.000
   845:     2045.000     2046.000     2047.000     2048.000     2049.000
   850:     2050.000     2051.000     2052.000     2053.000     2054.000
   855:     2055.000     2056.000     2057.000     2058.000     2059.000
   860:     2060.000     2061.000     2062.000     2063.000     2064.000
   865:     2065.000     2066.000     2067.000     2068.000     2069.000
   870:     2070.000     2071.000     2072.000     2073.000     2074.000
   875:     2075.000     2076.000     2077.000     2078.000     2079.000
   880:     2080.000     2081.000     2082.000     2083.000     2084.000
   885:     2085.000     2086.000     2087.000     2088.000     2089.000
   890:     2090.000     2091.000     2092.000     2093.000     2094.000
   895:     2095.000     2096.000     2097.000     2098.000     2099.000
   900:     2100.000     2101.000     2102.000     2103.000     2104.000
   905:     2105.000     2106.000     2107.000     2108.000     2109.000
   910:     2110.000     2111.000     2112.000     2113.000     2114.000
   915:     2115.000     2116.000     2117.000     2118.000     2119.000
   920:     2120.000     2121.000     2122.000     2123.000     2124.000
   925:     2125.000     2126.000     2127.000     2128.000     2129.000
   930:     2130.000     2131.000     2132.000     2133.000     2134.000
   935:     2135.000     2136.000     2137.000     2138.000     2139.000
   940:     2140.000     2141.000     2142.000     2143.000     2144.000
   945:     2145.000     2146.000     2147.000     2148.000     2149.000
   950:     2150.000     2151.000     2152.000     2153.000     2154.000
   955:     2155.000     2156.000     2157.000     2158.000     2159.000
   960:     2160.000     2161.000     2162.000     2163.000     2164.000
   965:     2165.000     2166.000     2167.000     2168.000     2169.000
   970:     2170.000     2171.000     2172.000     2173.000     2174.000
   975:     2175.000     2176.000     2177.000     2178.000     2179.000
   980:     2180.000     2181.000     2182.000     2183.000     2184.000
   985:     2185.000     2186.000     2187.000     2188.000     2189.000
   990:     2190.000     2191.000     2192.000     2193.000     2194.000
   995:     2195.000     2196.000     2197.000     2198.000     2199.000
  1000:     2200.000     2201.000     2202.000     2203.000     2204.000
  1005:     2205.000     2206.000     2207.000     2208.000     2209.000
  1010:     2210.000     2211.000     2212.000     2213.000     2214.000
  1015:     2215.000     2216.000     2217.000     2218.000     2219.000
  1020:     2220.000     2221.000     2222.000     2223.000     2224.000
  1025:     2225.000     2226.000     2227.000     2228.000     2229.000
  1030:     2230.000     2231.000     2232.000     2233.000     2234.000
  1035:     2235.000     2236.000     2237.000     2238.000     2239.000
  1040:     2240.000     2241.000     2242.000     2243.000     2244.000
  1045:     2245.000     2246.000     2247.000     2248.000     2249.000
  1050:     2250.000     2251.000     2252.000     2253.000     2254.000
  1055:     2255.000     2256.000     2257.000     2258.000     2259.000
  1060:     2260.000     2261.000     2262.000     2263.000     2264.000
  1065:     2265.000     2266.000     2267.000     2268.000     2269.000
  1070:     2270.000     2271.000     2272.000     2273.000     2274.000
  1075:     2275.000     2276.000     2277.000     2278.000     2279.000
  1080:     2280.000     2281.000     2282.000     2283.000     2284.000
  1085:     2285.000     2286.000     2287.000     2288.000     2289.000
  1090:     2290.000     2291.000     2292.000     2293.000     2294.000
  1095:     2295.000     2296.000     2297.000     2298.000     2299.000
  1100:     2300.000     2301.000     2302.000     2303.000     2304.000
  1105:     2305.000     2306.000     2307.000     2308.000     2309.000
  1110:     2310.000     2311.000     2312.000     2313.000     2314.000
  1115:     2315.000     2316.000     2317.000     2318.000     2319.000
  1120:     2320.000     2321.000     2322.000     2323.000     2324.000
  1125:     2325.000     2326.000     2327.000     2328.000     2329.000
  1130:     2330.000     2331.000     2332.000     2333.000     2334.000
  1135:     2335.000     2336.000     2337.000     2338.000     2339.000
  1140:     2340.000     2341.000     2342.000     2343.000     2344.000
  1145:     2345.000     2346.000     2347.000     2348.000     2349.000
  1150:     2350.000     2351.000     2352.000     2353.000     2354.000
  1155:     2355.000     2356.000     2357.000     2358.000     2359.000
  1160:     2360.000     2361.000     2362.000     2363.000     2364.000
  1165:     2365.000     2366.000     2367.000     2368.000     2369.000
  1170:     2370.000     2371.000     2372.000     2373.000     2374.000
  1175:     2375.000     2376.000     2377.000     2378.000     2379.000
  1180:     2380.000     2381.000     2382.000     2383.000     2384.000
  1185:     2385.000     2386.000     2387.000     2388.000     2389.000
  1190:     2390.000     2391.000     2392.000     2393.000     2394.000
  1195:     2395.000     2396.000     2397.000     2398.000     2399.000
  1200:     2400.000
N:
     0:     2700.000     2701.000     2702.000     2703.000     2704.000
     5:     2705.000     2706.000     2707.000     2708.000     2709.000
    10:     2710.000     2711.000     2712.000     2713.000     2714.000
    15:     2715.000     2716.000     2717.000     2718.000     2719.000
    20:     2720.000     2721.000     2722.000     2723.000     2724.000
    25:     2725.000     2726.000     2727.000     2728.000     2729.000
    30:     2730.000     2731.000     2732.000     2733.000     2734.000
    35:     2735.000     2736.000     2737.000     2738.000     2739.000
    40:     2740.000     2741.000     2742.000     2743.000     2744.000
    45:     2745.000     2746.000     2747.000     2748.000     2749.000
    50:     2750.000     2751.000     2752.000     2753.000     2754.000
    55:     2755.000     2756.000     2757.000     2758.000     2759.000
    60:     2760.000     2761.000     2762.000     2763.000     2764.000
    65:     2765.000     2766.000     2767.000     2768.000     2769.000
    70:     2770.000     2771.000     2772.000     2773.000     2774.000
    75:     2775.000     2776.000     2777.000     2778.000     2779.000
    80:     2780.000     2781.000     2782.000     2783.000     2784.000
    85:     2785.000     2786.000     2787.000     2788.000     2789.000
    90:     2790.000     2791.000     2792.000     2793.000     2794.000
    95:     2795.000     2796.000     2797.000     2798.000     2799.000
   100:     2800.000     2801.000     2802.000     2803.000     2804.000
   105:     2805.000     2806.000     2807.000     2808.000     2809.000
   110:     2810.000     2811.000     2812.000     2813.000     2814.000
   115:     2815.000     2816.000     2817.000     2818.000     2819.000
   120:     2820.000     2821.000     2822.000     2823.000     2824.000
   125:     2825.000     2826.000     2827.000     2828.000     2829.000
   130:     2830.000     2831.000     2832.000     2833.000     2834.000
   135:     2835.000     2836.000     2837.000     2838.000     2839.000
   140:     2840.000     2841.000     2842.000     2843.000     2844.000
   145:     2845.000     2846.000     2847.000     2848.000     2849.000
   150:     2850.000     2851.000     2852.000     2853.000     2854.000
   155:     2855.000     2856.000     2857.000     2858.000     2859.000
   160:     2860.000     2861.000     2862.000     2863.000     2864.000
   165:     2865.000     2866.000     2867.000     2868.000     2869.000
   170:     2870.000     2871.000     2872.000     2873.000     2874.000
   175:     2875.000     2876.000     2877.000     2878.000     2879.000
   180:     2880.000     2881.000     2882.000     2883.000     2884.000
   185:     2885.000     2886.000     2887.000     2888.000     2889.000
   190:     2890.000     2891.000     2892.000     2893.000     2894.000
   195:     2895.000     2896.000     2897.000     2898.000     2899.000
   200:     2900.000     2901.000     2902.000     2903.000     2904.000
   205:     2905.000     2906.000     2907.000     2908.000     2909.000
   210:     2910.000     2911.000     2912.000     2913.000     2914.000
   215:     2915.000     2916.000     2917.000     2918.000     2919.000
   220:     2920.000     2921.000     2922.000     2923.000     2924.000
   225:     2925.000     2926.000     2927.000     2928.000     2929.000
   230:     2930.000     2931.000     2932.000     2933.000     2934.000
   235:     2935.000     2936.000     2937.000     2938.000     2939.000
   240:     2940.000     2941.000     2942.000     2943.000     2944.000
   245:     2945.000     2946.000     2947.000     2948.000     2949.000
   250:     2950.000     2951.000     2952.000     2953.000     2954.000
   255:     2955.000     2956.000     2957.000     2958.000     2959.000
   260:     2960.000     2961.000     2962.000     2963.000     2964.000
   265:     2965.000     2966.000     2967.000     2968.000     2969.000
   270:     2970.000     2971.000     2972.000     2973.000     2974.000
   275:     2975.000     2976.000     2977.000     2978.000     2979.000
   280:     2980.000     2981.000     2982.000     2983.000     2984.000
   285:     2985.000     2986.000     2987.000     2988.000     2989.000
   290:     2990.000     2991.000     2992.000     2993.000     2994.000
   295:     2995.000     2996.000     2997.000     2998.000     2999.000
   300:     3000.000
R:
     0:      416.000      416.000      416.000
V:
     0:     1326.000     2894.000
W:
     0:     1326.000     2894.000
