File: C:\MED-PC IV\DATA\p004_s176_japede


Start Date: 12/23/17
End Date: 12/23/17
Subject: p004
Experiment: 0
Group: 0
Box: 7
Start Time: 15:24:34
End Time: 16:25:19
MSN: japede_L_135_27_27_R_27_135_135
B:       0.000
E:    4030.000
F:       0.000
G:       0.000
H:       0.000
I:       2.000
J:       2.000
K:       0.000
O:       0.000
P:       0.000
Q:       0.000
S:  360000.000
T:  360000.000
U:       0.000
X:       0.000
Y:       0.000
Z:       0.000
A:
     0:        0.010        0.250        0.220        0.230      165.120
     5:      199.120      318.120      345.120      376.120      465.120
    10:      499.120      606.130      757.120      799.840      846.640
    15:      846.320      846.330      846.350      846.240      846.130
    20:     1096.220     1096.230     1096.250     1096.340     1261.130
    25:     1383.120     1408.120     1592.130     1882.120     1905.120
    30:     1933.120     1987.120     2020.120     2107.130     2191.120
    35:     2245.120     2345.130     2481.120     2547.120     2573.120
    40:     2684.130     2721.130     2805.120     2900.120     2924.120
    45:     3040.130     3166.120     3187.120     3296.840     3307.640
    50:     3307.320     3307.330     3307.350     3307.240     3307.130
    55:     3557.220     3557.230     3557.250     3557.340     3732.120
    60:     3790.120     3853.130     3875.130     3966.120     3991.120
    65:     4017.120     4047.120     4126.130     4208.120     4234.120
    70:     4257.840     4356.640     4356.320     4356.330     4356.350
    75:     4356.240     4356.130     4606.220     4606.230     4606.250
    80:     4606.340     4706.840     4718.640     4718.320     4718.330
    85:     4718.350     4718.240     4718.130     4968.220     4968.230
    90:     4968.250     4968.340     5052.130     5205.130     5291.120
    95:     5320.120     5396.130     5478.120     5499.120     5618.130
   100:     5742.120     5840.130     5921.120     6224.130     6306.120
   105:     6332.120     6363.120     6458.130     6540.120     6565.120
   110:     6589.120     6619.120     6738.130     6780.130     6872.130
   115:     6972.120     7058.120     7142.120     7245.130     7332.120
   120:     7354.120     7435.130     7639.130     7714.120     7736.120
   125:     7869.130     7988.130     8089.120     8145.120     8195.120
   130:     8220.120     8299.740     8332.130     8460.540     8460.320
   135:     8460.330     8460.350     8460.240     8460.120     8710.220
   140:     8710.230     8710.250     8710.340     8823.130     8941.120
   145:     9006.120     9079.130     9236.120     9332.130     9405.120
   150:     9552.130     9656.120     9668.840     9815.640     9815.320
   155:     9815.330     9815.350     9815.240     9815.130    10065.220
   160:    10065.230    10065.250    10065.340    10176.130    10256.120
   165:    10332.130    10420.130    10465.840    10514.120    10539.120
   170:    10615.640    10615.320    10615.330    10615.350    10615.240
   175:    10615.130    10865.220    10865.230    10865.250    10865.340
   180:    10966.130    11073.120    11143.130    11234.120    11256.120
   185:    11291.120    11372.130    11759.120    11783.120    11885.130
   190:    11958.120    11981.120    12011.120    12064.120    12135.130
   195:    12219.120    12240.120    12318.130    12500.120    12523.120
   200:    12620.130    12670.130    12750.120    12859.120    12929.130
   205:    12965.840    13003.120    13025.120    13054.120    13132.640
   210:    13132.320    13132.330    13132.350    13132.240    13132.130
   215:    13382.220    13382.230    13382.250    13382.340    13573.130
   220:    13700.130    13800.120    13875.130    13898.130    13991.120
   225:    14055.120    14079.120    14171.130    14382.840    14388.640
   230:    14388.320    14388.330    14388.350    14388.240    14388.130
   235:    14638.220    14638.230    14638.250    14638.340    14737.130
   240:    14958.130    15037.120    15193.130    15223.130    15327.130
   245:    15415.120    15441.120    15470.120    15497.120    15586.130
   250:    15782.120    15805.120    15896.130    15992.120    16018.120
   255:    16040.120    16164.130    16238.840    16263.120    16286.120
   260:    16384.640    16384.320    16384.330    16384.350    16384.240
   265:    16384.130    16634.220    16634.230    16634.250    16634.340
   270:    16728.130    16828.120    16851.120    16925.130    17034.130
   275:    17146.120    17169.120    17233.130    17336.120    17445.130
   280:    17539.130    17610.740    17626.540    17626.320    17626.330
   285:    17626.350    17626.240    17626.120    17876.220    17876.230
   290:    17876.250    17876.340    18055.130    18182.120    18205.120
   295:    18290.130    18366.120    18385.120    18406.120    18474.130
   300:    18825.130    18930.120    18955.120    19043.130    19167.120
   305:    19238.130    19338.120    19408.130    19489.130    19562.120
   310:    19583.120    19609.120    19633.120    19715.130    19962.130
   315:    20166.130    20345.130    20707.130    20798.120    20893.130
   320:    20990.120    21094.130    21189.120    21285.130    21410.130
   325:    21588.130    21684.130    21862.130    21944.120    22094.130
   330:    22219.120    22291.130    22362.130    22424.120    22444.120
   335:    22516.130    22602.120    22622.120    22645.120    22722.130
   340:    22734.840    22799.120    22819.120    22840.120    22954.640
   345:    22954.320    22954.330    22954.350    22954.240    22954.130
   350:    23204.220    23204.230    23204.250    23204.340    23293.130
   355:    23444.130    23573.120    23637.130    23812.130    23956.130
   360:    24040.120    24062.120    24180.130    24375.130    24465.120
   365:    24484.120    24576.740    24586.130    24687.540    24687.320
   370:    24687.330    24687.350    24687.240    24687.120    24937.220
   375:    24937.230    24937.250    24937.340    25182.120    25280.130
   380:    25300.130    25304.840    25380.120    25549.120    25648.640
   385:    25648.320    25648.330    25648.350    25648.240    25648.130
   390:    25898.220    25898.230    25898.250    25898.340    25983.130
   395:    26004.130    26098.840    26221.640    26221.320    26221.330
   400:    26221.350    26221.240    26221.130    26471.220    26471.230
   405:    26471.250    26471.340    26549.130    26573.130    26643.130
   410:    26733.120    26755.120    26771.840    26818.640    26818.320
   415:    26818.330    26818.350    26818.240    26818.130    27068.220
   420:    27068.230    27068.250    27068.340    27145.130    27226.120
   425:    27249.120    27343.130    27424.120    27543.130    27715.130
   430:    27800.120    27891.130    27986.120    28094.130    28209.120
   435:    28286.130    28509.120    28576.130    28645.120    28670.120
   440:    28766.130    28837.130    28898.130    29005.120    29069.130
   445:    29145.120    29235.130    29347.120    29462.130    29468.840
   450:    29559.120    29634.640    29634.320    29634.330    29634.350
   455:    29634.240    29634.130    29884.220    29884.230    29884.250
   460:    29884.340    29963.130    30062.120    30084.840    30134.640
   465:    30134.320    30134.330    30134.350    30134.240    30134.130
   470:    30384.220    30384.230    30384.250    30384.340    30462.130
   475:    30484.130    30697.130    30855.130    31036.130    31084.840
   480:    31130.120    31155.120    31181.120    31293.640    31293.320
   485:    31293.330    31293.350    31293.240    31293.130    31543.220
   490:    31543.230    31543.250    31543.340    31632.130    31750.120
   495:    31834.130    31910.120    31936.120    32009.130    32143.840
   500:    32148.640    32148.320    32148.330    32148.350    32148.240
   505:    32148.130    32398.220    32398.230    32398.250    32398.340
   510:    32574.120    32594.120    32699.130    32796.130    32860.120
   515:    33033.130    33122.120    33249.120    33274.120    33375.130
   520:    33475.130    33498.840    33533.120    33554.120    33667.640
   525:    33667.320    33667.330    33667.350    33667.240    33667.130
   530:    33917.220    33917.230    33917.250    33917.340    33997.130
   535:    34093.120    34189.130    34294.120    34356.120    34379.120
   540:    34617.840    34730.640    34730.320    34730.330    34730.350
   545:    34730.240    34730.130    34980.220    34980.230    34980.250
   550:    34980.340    35053.130    35080.130    35228.130    35333.120
   555:    35470.130    35583.120    35728.130    35838.120    36040.120
   560:    36061.120    36363.130    36437.130    36544.130    36617.120
   565:    36638.120    36746.130    36845.120    36866.120    36965.130
   570:    37055.120    37158.130    37352.130    37427.120    37449.120
   575:    37525.130    37616.120    37636.120    37726.130    37909.130
   580:    37939.130    38106.130    38366.130    38577.130    38668.120
   585:    38757.130    38778.130    38874.120    38981.130    39085.120
   590:    39107.120    39172.130    39192.130    39206.130    39278.130
   595:    39355.120    39379.120    39501.130    39745.130    39853.120
   600:    39956.130    40047.120    40123.130    40219.120    40238.120
   605:    40308.130    40455.130    40594.130    40659.120    40765.130
   610:    40913.130    40974.120    41023.120    41094.130    41171.120
   615:    41295.130    41408.130    41550.130    41687.120    41711.120
   620:    41780.840    41960.640    41960.320    41960.330    41960.350
   625:    41960.240    41960.130    42210.220    42210.230    42210.250
   630:    42210.340    42300.130    42394.120    42486.130    42565.120
   635:    42807.130    42895.120    42921.120    43006.130    43210.130
   640:    43411.130    43504.120    43575.130    43678.120    43777.130
   645:    43916.120    43994.130    44218.130    44360.130    44510.130
   650:    44599.120    44701.130    45223.130    45403.130    45530.130
   655:    45737.740    45752.540    45752.320    45752.330    45752.350
   660:    45752.240    45752.120    46002.220    46002.230    46002.250
   665:    46002.340    46083.130    46102.130    46255.130    46390.120
   670:    46552.120    46574.120    46638.130    46755.120    46835.130
   675:    46915.130    46973.120    47200.120    47260.130    47310.840
   680:    47336.640    47336.320    47336.330    47336.350    47336.240
   685:    47336.130    47586.220    47586.230    47586.250    47586.340
   690:    47654.130    47773.120    47816.120    48056.130    48077.130
   695:    48086.840    48302.640    48302.320    48302.330    48302.350
   700:    48302.240    48302.130    48552.220    48552.230    48552.250
   705:    48552.340    48671.130    48690.130    48865.130    48960.120
   710:    49065.130    49153.120    49175.120    49245.130    49359.130
   715:    49500.130    49502.740    49600.540    49600.320    49600.330
   720:    49600.350    49600.240    49600.120    49850.220    49850.230
   725:    49850.250    49850.340    49919.130    50021.120    50133.130
   730:    50210.120    50231.120    50330.130    50752.130    50781.130
   735:    50871.130    50955.120    51014.130    51106.120    51128.120
   740:    51206.130    51280.130    51428.130    51687.120    51833.120
   745:    51853.120    51917.130    51986.120    52010.120    52148.130
   750:    52236.120    52305.130    52404.120    52515.130    52606.120
   755:    52684.130    52837.120    52929.130    53058.120    53315.130
   760:    53461.130    53538.120    53560.120    53711.120    53814.130
   765:    53948.130    54368.120    54420.120    54521.130    54552.840
   770:    54771.120    54899.640    54899.320    54899.330    54899.350
   775:    54899.240    54899.130    55149.220    55149.230    55149.250
   780:    55149.340    55243.130    55349.840    55392.640    55392.320
   785:    55392.330    55392.350    55392.240    55392.130    55642.220
   790:    55642.230    55642.250    55642.340    55727.130    55824.120
   795:    55848.120    55911.130    56084.120    56146.130    56258.120
   800:    56326.130    56349.130    56567.130    56648.120    56752.130
   805:    56860.120    56950.130    57004.130    57042.840    57100.120
   810:    57165.640    57165.320    57165.330    57165.350    57165.240
   815:    57165.130    57415.220    57415.230    57415.250    57415.340
   820:    57513.130    57533.130    57653.130    57761.130    57786.130
   825:    57880.120    57962.130    58072.120    58133.130    58268.130
   830:    58374.130    58497.120    58565.130    58647.120    58671.120
   835:    58750.740    58786.130    58815.130    58915.130    58974.540
   840:    58974.320    58974.330    58974.350    58974.240    58974.120
   845:    59224.220    59224.230    59224.250    59224.340    59315.130
   850:    59338.130    59415.840    59458.640    59458.320    59458.330
   855:    59458.350    59458.240    59458.130    59708.220    59708.230
   860:    59708.250    59708.340    59802.130    59831.130    59943.120
   865:    60005.130    60025.130    60098.120    60203.130    60234.130
   870:    60328.120    60433.130    60613.130    60712.120    60780.130
   875:    60860.120    60883.120    60982.130    61084.120    61212.130
   880:    61425.130    61626.130    61735.120    61826.130    61975.130
   885:    62180.130    62335.130    62519.130    62660.130    62734.120
   890:    62891.130    62908.840    63042.640    63042.320    63042.330
   895:    63042.350    63042.240    63042.130    63292.220    63292.230
   900:    63292.250    63292.340    63379.130    63566.130    63665.120
   905:    63764.130    63922.130    64054.130    64210.130    64306.130
   910:    64462.130    64640.130    64856.130    64960.120    64990.120
   915:    65103.130    65226.120    65253.120    65339.130    65441.130
   920:    65505.120    65609.130    65701.130    65850.130    65938.130
   925:    66138.130    66227.120    66250.120    66331.130    66720.130
   930:    66881.130    67128.130    67222.120    67297.130    67472.130
   935:    67675.130    67801.120    67899.130    68049.120    68149.130
   940:    68323.130    68462.120    68544.130    68638.130    68736.120
   945:    68803.130    68961.120    69083.130    69315.130    69516.130
   950:    69632.120    69711.130    69830.120    69967.130    70291.130
   955:    70373.120    70498.130    70662.130    70775.120    70838.130
   960:    71036.130    71183.130    71297.120    71392.130    71541.130
   965:    71609.120    71632.120    71706.130    71800.120    71891.130
   970:    72008.120    72073.130    72233.130    72349.120    72447.130
   975:    72466.130    72640.130    72734.120    72797.130    73089.120
   980:    73153.130    73271.120    73362.130    73540.130    73717.130
   985:    73913.130    74184.130    74411.130    74606.130    74795.130
   990:    74865.130    74951.120    75047.130    75206.130    75301.120
   995:    75409.130    75524.120    75643.130    75821.130    75992.840
  1000:    76010.640    76010.320    76010.330    76010.350    76010.240
  1005:    76010.130    76260.220    76260.230    76260.250    76260.340
  1010:    76366.130    76526.130    76610.120    76760.130    76976.130
  1015:    77092.120    77217.130    77328.120    77406.130    77560.840
  1020:    77566.640    77566.320    77566.330    77566.350    77566.240
  1025:    77566.130    77816.220    77816.230    77816.250    77816.340
  1030:    77933.130    78067.130    78218.130    78544.130    78716.840
  1035:    78800.640    78800.320    78800.330    78800.350    78800.240
  1040:    78800.130    79050.220    79050.230    79050.250    79050.340
  1045:    79136.130    79295.130    79392.120    79521.130    79621.120
  1050:    79695.130    79897.130    80119.130    80150.840    80242.120
  1055:    80499.640    80499.320    80499.330    80499.350    80499.240
  1060:    80499.130    80749.220    80749.230    80749.250    80749.340
  1065:    80832.130    81018.130    81156.120    81251.130    81344.130
  1070:    81424.740    81426.540    81426.320    81426.330    81426.350
  1075:    81426.240    81426.120    81549.840    81676.220    81676.230
  1080:    81676.250    81676.340    81760.640    81760.320    81760.330
  1085:    81760.350    81760.240    81760.130    82010.220    82010.230
  1090:    82010.250    82010.340    82099.130    82263.130    82400.120
  1095:    82512.130    82614.120    82688.130    82845.130    82939.120
  1100:    83053.130    83226.130    83368.130    83418.130    83491.120
  1105:    83516.120    83628.130    83647.130    83752.120    83915.130
  1110:    84100.130    84297.130    84427.130    84510.840    84582.640
  1115:    84582.320    84582.330    84582.350    84582.240    84582.130
  1120:    84832.220    84832.230    84832.250    84832.340    84975.130
  1125:    85073.120    85148.130    85335.130    85541.130    85670.130
  1130:    85759.120    85776.740    85784.540    85784.320    85784.330
  1135:    85784.350    85784.240    85784.120    86034.220    86034.230
  1140:    86034.250    86034.340    86119.130    86295.130    86478.130
  1145:    86689.130    86772.120    86798.120    86822.120    86960.130
  1150:    87079.120    87188.130    87279.120    87355.130    87504.130
  1155:    87536.130    87608.120    87632.120    87778.130    87862.120
  1160:    87885.120    87950.130    88152.130    88174.130    88263.120
  1165:    88392.130    88571.130    88729.130    88882.130    89045.130
  1170:    89150.120    89254.130    89442.130    89632.130    89821.130
  1175:    89944.130    90163.130    90342.130    90411.120    90437.120
  1180:    90529.130    90662.130    90872.130    91056.130    91178.130
  1185:    91272.120    91377.130    91482.120    91506.120    91532.840
  1190:    91607.640    91607.320    91607.330    91607.350    91607.240
  1195:    91607.130    91857.220    91857.230    91857.250    91857.340
  1200:    91945.130    91969.130    92122.130    92312.130    92526.130
  1205:    92676.130    92941.120    93040.130    93123.120    93145.120
  1210:    93244.130    93266.130    93360.120    93432.130    93577.130
  1215:    93735.130    93930.130    94013.120    94122.130    94290.130
  1220:    94564.130    94664.120    94789.130    95088.130    95110.130
  1225:    95300.130    95474.130    95627.130    95812.130    95986.130
  1230:    96064.120    96086.120    96193.130    96798.120    96825.120
  1235:    96906.130    97015.120    97107.130    97263.130    97393.130
  1240:    97618.130    97833.130    98004.130    98117.120    98191.130
  1245:    98383.130    98587.130    98739.130    98901.130    99077.130
  1250:    99292.130    99443.130    99638.130    99830.130   100208.120
  1255:   100275.130   100460.130   100673.130   100800.120   100823.120
  1260:   100895.130   101034.740   101280.130   101382.540   101382.320
  1265:   101382.330   101382.350   101382.240   101382.120   101632.220
  1270:   101632.230   101632.250   101632.340   101736.130   101761.130
  1275:   101950.130   102088.120   102179.130   102265.120   102358.130
  1280:   102445.120   102457.840   102512.640   102512.320   102512.330
  1285:   102512.350   102512.240   102512.130   102762.220   102762.230
  1290:   102762.250   102762.340   102840.130   102863.130   102994.130
  1295:   103109.120   103177.130   103331.130   103515.130   103839.130
  1300:   104019.130   104176.130   104256.120   104281.120   104358.130
  1305:   104558.130   104745.130   104830.120   104902.130   104988.120
  1310:   105013.120   105121.130   105319.130   105479.130   105661.130
  1315:   105932.120   106026.130   106126.120   106217.130   106268.130
  1320:   106452.130   106553.120   106661.130   106767.120   106855.130
  1325:   106949.120   107033.130   107187.130   107365.130   107462.840
  1330:   107561.640   107561.320   107561.330   107561.350   107561.240
  1335:   107561.130   107811.220   107811.230   107811.250   107811.340
  1340:   107870.130   107959.120   108022.130   108277.120   108410.130
  1345:   108578.130   108711.840   108766.640   108766.320   108766.330
  1350:   108766.350   108766.240   108766.130   109016.220   109016.230
  1355:   109016.250   109016.340   109121.130   109204.120   109229.120
  1360:   109288.130   109400.130   109476.120   109499.120   109745.130
  1365:   109810.120   109833.120   109903.130   109916.840   110006.120
  1370:   110078.640   110078.320   110078.330   110078.350   110078.240
  1375:   110078.130   110328.220   110328.230   110328.250   110328.340
  1380:   110406.130   110564.130   110585.130   110605.130   110779.130
  1385:   110886.120   110962.130   111140.130   111233.120   111307.130
  1390:   111532.130   111608.120   111632.120   111691.130   111900.130
  1395:   112077.130   112224.130   112458.130   112537.120   112563.120
  1400:   112628.130   112770.130   112848.120   112871.120   113111.130
  1405:   113271.130   113345.120   113426.130   113500.120   113600.130
  1410:   113793.130   113970.130   114139.130   114278.130   114411.130
  1415:   114506.120   114577.130   114663.120   114731.130   114797.120
  1420:   114820.120   114894.130   114972.120   114995.120   115119.130
  1425:   115311.130   115404.120   115502.130   115630.130   115701.120
  1430:   115729.120   115831.130   115952.120   116018.130   116301.120
  1435:   116367.130   116508.130   116840.130   116932.120   117006.130
  1440:   117170.130   117313.130   117453.130   117596.130   117749.130
  1445:   117813.120   117928.840   118152.640   118152.320   118152.330
  1450:   118152.350   118152.240   118152.130   118402.220   118402.230
  1455:   118402.250   118402.340   118628.130   118832.130   118922.130
  1460:   118997.120   119021.120   119106.130   119354.120   119400.120
  1465:   119742.120   119822.130   119910.120   119976.130   120066.130
  1470:   120154.120   120226.130   120397.130   120540.130   120632.120
  1475:   120790.120   121004.130   121073.130   121167.120   121295.120
  1480:   121320.120   121474.130   121567.120   121645.130   121804.130
  1485:   122043.120   122197.130   122352.130   122543.130   122694.130
  1490:   122776.120   122937.120   122963.120   123086.130   123179.130
  1495:   123273.120   123381.130   123534.130   123676.130   123746.120
  1500:   123766.120   123823.130   123983.130   124084.120   124348.130
  1505:   124563.120   124658.130   124736.120   124829.130   125173.130
  1510:   125319.130   125463.130   125528.120   125633.130   125720.120
  1515:   125780.130   125949.130   126081.130   126169.120   126288.120
  1520:   126409.130   126599.130   126698.120   126822.120   126848.120
  1525:   127001.120   127106.130   127297.130   127355.120   127378.120
  1530:   127465.130   127530.120   127598.130   127736.130   127902.840
  1535:   128042.120   128161.640   128161.320   128161.330   128161.350
  1540:   128161.240   128161.130   128411.220   128411.230   128411.250
  1545:   128411.340   128479.130   128684.130   128835.130   128921.120
  1550:   128946.120   129004.130   129077.120   129099.120   129303.130
  1555:   129493.120   129602.130   129886.130   130126.120   130178.130
  1560:   130477.130   130611.840   130687.120   130714.120   130877.640
  1565:   130877.320   130877.330   130877.350   130877.240   130877.130
  1570:   131127.220   131127.230   131127.250   131127.340   131195.130
  1575:   131357.130   131467.120   131537.130   131627.840   131631.120
  1580:   131731.640   131731.320   131731.330   131731.350   131731.240
  1585:   131731.130   131981.220   131981.230   131981.250   131981.340
  1590:   132052.130   132077.130   132175.120   132324.120   132427.130
  1595:   132525.130   132607.120   132722.130   132747.130   133047.120
  1600:   133213.120   133430.130   133457.130   133953.130   134132.130
  1605:   134288.120   134372.130   134481.840   134695.640   134695.320
  1610:   134695.330   134695.350   134695.240   134695.130   134945.220
  1615:   134945.230   134945.250   134945.340   135006.130   135143.120
  1620:   135167.120   135227.130   135252.130   135367.120   135394.120
  1625:   135502.130   135679.130   135835.130   135876.130   136046.130
  1630:   136145.120   136433.130   136575.130   136729.130   136821.120
  1635:   136926.130   137002.120   137026.120   137131.130   137203.120
  1640:   137295.130   137442.130   137599.130   137741.130   137830.120
  1645:   137901.130   137998.120   138126.130   138261.130   138425.130
  1650:   138591.130   138707.130   138771.120   138796.120   138878.130
  1655:   138939.120   138964.120   139152.130   139345.130   139486.130
  1660:   139632.740   139646.130   139733.540   139733.320   139733.330
  1665:   139733.350   139733.240   139733.120   139983.220   139983.230
  1670:   139983.250   139983.340   140045.130   140071.130   140145.840
  1675:   140187.640   140187.320   140187.330   140187.350   140187.240
  1680:   140187.130   140437.220   140437.230   140437.250   140437.340
  1685:   140500.130   140702.130   140889.130   140931.130   141275.130
  1690:   141409.130   141541.130   141679.130   141780.130   141848.120
  1695:   142027.130   142090.120   142114.120   142183.130   142312.130
  1700:   142435.130   142760.130   143054.130   143467.130   143531.120
  1705:   143676.130   143837.840   143883.740   144041.640   144041.320
  1710:   144041.330   144041.350   144041.240   144041.130   144291.220
  1715:   144291.230   144291.250   144291.340   144454.540   144454.320
  1720:   144454.330   144454.350   144454.240   144454.120   144704.220
  1725:   144704.230   144704.250   144704.340   144914.130   145057.130
  1730:   145233.130   145469.130   145640.130   145731.120   145754.120
  1735:   145825.130   145904.740   145930.540   145930.320   145930.330
  1740:   145930.350   145930.240   145930.120   146180.220   146180.230
  1745:   146180.250   146180.340   146250.130   146433.130   146586.130
  1750:   146844.120   146864.120   147063.120   147139.130   147454.130
  1755:   147550.120   147624.130   147778.130   147880.740   147922.130
  1760:   148013.130   148167.130   148301.130   148461.130   148601.130
  1765:   148702.540   148702.320   148702.330   148702.350   148702.240
  1770:   148702.120   148952.220   148952.230   148952.250   148952.340
  1775:   149030.130   149207.120   149340.130   149406.120   149432.120
  1780:   149507.130   150064.130   150538.130   150647.120   150914.130
  1785:   151098.130   151291.130   151461.130   151564.120   151585.120
  1790:   151652.740   151667.130   151822.130   152085.540   152085.320
  1795:   152085.330   152085.350   152085.240   152085.120   152335.220
  1800:   152335.230   152335.250   152335.340   152435.130   152614.130
  1805:   152733.120   152803.130   152831.130   152984.130   153174.130
  1810:   153336.130   153405.120   153522.130   153673.130   153743.120
  1815:   153847.130   153928.120   153953.120   154046.130   154147.120
  1820:   154218.130   154291.840   154303.120   154378.640   154378.320
  1825:   154378.330   154378.350   154378.240   154378.130   154628.220
  1830:   154628.230   154628.250   154628.340   154697.130   154818.120
  1835:   154881.130   154998.130   155288.120   155395.130   155508.130
  1840:   155669.130   155771.120   155840.130   155977.130   156092.130
  1845:   156339.120   156361.120   156432.130   156570.130   156672.120
  1850:   156730.130   156797.120   156835.740   156891.130   157036.130
  1855:   157123.540   157123.320   157123.330   157123.350   157123.240
  1860:   157123.120   157373.220   157373.230   157373.250   157373.340
  1865:   157616.130   157700.120   157773.740   157829.130   157986.130
  1870:   158427.540   158427.320   158427.330   158427.350   158427.240
  1875:   158427.120   158677.220   158677.230   158677.250   158677.340
  1880:   158751.130   158774.130   158877.740   158900.130   158997.540
  1885:   158997.320   158997.330   158997.350   158997.240   158997.120
  1890:   159247.220   159247.230   159247.250   159247.340   159321.130
  1895:   159504.130   159531.130   159678.130   159876.130   159954.120
  1900:   160031.130   160116.120   160138.120   160297.120   160424.130
  1905:   160497.120   160650.130   160724.120   161078.120   161125.120
  1910:   161185.130   161249.120   161273.120   161337.130   161447.740
  1915:   161504.130   161663.130   161962.130   162037.540   162037.320
  1920:   162037.330   162037.350   162037.240   162037.120   162287.220
  1925:   162287.230   162287.250   162287.340   162353.130   162469.120
  1930:   162538.130   162658.120   162744.130   162815.120   162936.130
  1935:   163412.130   163477.120   163604.130   163744.130   163837.120
  1940:   163946.130   164085.130   164261.130   164330.120   164352.120
  1945:   164445.130   164512.120   164609.130   164740.130   164938.130
  1950:   165046.120   165235.120   165314.130   165450.130   165539.120
  1955:   165565.120   165678.130   165687.740   165795.540   165795.320
  1960:   165795.330   165795.350   165795.240   165795.120   166045.220
  1965:   166045.230   166045.250   166045.340   167445.740   172128.840
  1970:   186339.640   186339.320   186339.330   186339.350   186339.240
  1975:   186339.130   186589.220   186589.230   186589.250   186589.340
  1980:   186909.130   187148.540   187148.320   187148.330   187148.350
  1985:   187148.240   187148.120   187398.220   187398.230   187398.250
  1990:   187398.340   187560.130   187589.840   187755.120   187802.120
  1995:   187826.120   187960.640   187960.320   187960.330   187960.350
  2000:   187960.240   187960.130   188210.220   188210.230   188210.250
  2005:   188210.340   188283.130   188311.130   188416.120   188446.120
  2010:   188469.120   188555.130   188648.120   188822.120   188846.120
  2015:   188917.130   188955.130   189051.120   189181.130   189298.740
  2020:   189341.130   189405.130   189597.540   189597.320   189597.330
  2025:   189597.350   189597.240   189597.120   189847.220   189847.230
  2030:   189847.250   189847.340   189943.130   190031.120   190093.120
  2035:   190164.130   190241.120   190311.130   190406.120   190430.120
  2040:   190495.130   190574.130   190718.130   190797.120   190861.130
  2045:   191013.130   191084.130   191147.740   191153.540   191153.320
  2050:   191153.330   191153.350   191153.240   191153.120   191403.220
  2055:   191403.230   191403.250   191403.340   191487.130   191575.120
  2060:   191653.130   191746.130   191907.130   192049.130   192177.120
  2065:   192244.130   192379.120   192448.130   192547.120   192582.120
  2070:   192609.120   192678.130   192803.130   192874.120   192901.120
  2075:   192977.130   193209.130   193315.120   193343.120   193436.130
  2080:   193527.120   193609.130   193778.120   193808.120   193842.120
  2085:   193914.130   194011.120   194035.120   194108.130   194269.130
  2090:   194376.120   194401.120   194481.130   194641.130   194737.120
  2095:   194761.120   194936.130   195077.120   195224.120   195335.130
  2100:   195424.120   195484.130   195564.120   195627.130   195736.120
  2105:   195761.120   195838.130   195916.120   195998.130   196077.120
  2110:   196099.120   196179.130   196262.120   196335.130   196423.120
  2115:   196446.120   196598.120   196619.120   196683.130   196783.120
  2120:   196859.130   196946.120   196971.120   197046.130   197155.120
  2125:   197223.130   197430.130   197510.130   197625.120   197705.130
  2130:   197834.120   197908.130   198030.120   198100.130   198328.120
  2135:   198349.120   198374.120   198453.130   198528.120   198600.130
  2140:   198702.130   198851.130   198910.840   198970.120   199152.120
  2145:   199172.120   199196.120   199265.640   199265.320   199265.330
  2150:   199265.350   199265.240   199265.130   199515.220   199515.230
  2155:   199515.250   199515.340   199587.130   199801.130   199900.120
  2160:   199924.120   200005.130   200206.130   200284.120   200329.120
  2165:   200402.130   200472.120   200493.120   200561.130   200664.120
  2170:   200848.120   201042.130   201106.120   201134.120   201234.130
  2175:   201345.120   201433.130   201528.120   201548.120   201616.130
  2180:   201715.120   201735.120   201803.740   201808.130   201917.540
  2185:   201917.320   201917.330   201917.350   201917.240   201917.120
  2190:   202167.220   202167.230   202167.250   202167.340   202271.130
  2195:   202405.120   202425.120   202510.130   202608.120   202671.130
  2200:   202972.130   203069.120   203136.130   203167.740   203278.130
  2205:   203379.130   203451.540   203451.320   203451.330   203451.350
  2210:   203451.240   203451.120   203701.220   203701.230   203701.250
  2215:   203701.340   203807.130   203906.120   203928.120   204103.120
  2220:   204125.120   204199.130   204276.130   204364.120   204438.130
  2225:   204530.120   204601.740   204605.130   204678.540   204678.320
  2230:   204678.330   204678.350   204678.240   204678.120   204928.220
  2235:   204928.230   204928.250   204928.340   205010.130   205028.740
  2240:   205038.130   205370.540   205370.320   205370.330   205370.350
  2245:   205370.240   205370.120   205620.220   205620.230   205620.250
  2250:   205620.340   205721.130   205926.130   206024.120   206101.130
  2255:   206170.120   206295.130   206368.120   206396.120   206460.130
  2260:   206528.120   206555.120   206698.120   206722.120   206782.130
  2265:   206851.120   206875.120   206949.130   207014.120   207091.130
  2270:   207176.120   207202.120   207260.130   207338.120   207430.130
  2275:   207503.120   207972.130   208020.740   208057.540   208057.320
  2280:   208057.330   208057.350   208057.240   208057.120   208307.220
  2285:   208307.230   208307.250   208307.340   208383.130   208479.120
  2290:   208501.120   208576.130   208706.130   208872.130   209013.130
  2295:   209075.120   209099.120   209201.130   209267.120   209345.130
  2300:   209408.120   209498.130   209567.120   209591.120   209654.130
  2305:   209730.120   209798.130   209881.120   210115.120   210370.130
  2310:   210562.130   210633.120   210748.130   210936.130   211235.130
  2315:   211326.120   211446.130   211651.130   211839.120   212007.740
  2320:   212077.130   212198.130   212269.540   212269.320   212269.330
  2325:   212269.350   212269.240   212269.120   212519.220   212519.230
  2330:   212519.250   212519.340   212672.120   212901.120   213034.130
  2335:   213186.130   213429.130   213522.120   213592.130   213757.130
  2340:   213914.130   214067.130   214285.120   214305.120   214376.130
  2345:   214419.740   214536.130   214710.130   214799.540   214799.320
  2350:   214799.330   214799.350   214799.240   214799.120   215049.220
  2355:   215049.230   215049.250   215049.340   215122.130   215370.130
  2360:   215393.130   215481.120   215613.120   215700.130   215790.120
  2365:   215972.120   216104.120   216128.120   216190.130   216480.120
  2370:   216635.120   217018.130   217149.740   217231.540   217231.320
  2375:   217231.330   217231.350   217231.240   217231.120   217481.220
  2380:   217481.230   217481.250   217481.340   217550.130   217752.130
  2385:   217902.130   217987.120   218033.120   218056.120   218123.130
  2390:   218208.120   218225.120   218338.120   218482.120   218658.120
  2395:   218718.130   218808.120   218954.120   219024.130   219090.120
  2400:   219236.120   219261.120   219387.120   219429.120   219521.130
  2405:   219600.120   219665.130   219798.120   219875.130   220010.130
  2410:   220081.740   220097.540   220097.320   220097.330   220097.350
  2415:   220097.240   220097.120   220347.220   220347.230   220347.250
  2420:   220347.340   220418.130   220507.120   220729.130   220789.120
  2425:   220880.130   220965.120   221038.130   221225.120   221295.130
  2430:   221515.840   221515.120   221582.640   221582.320   221582.330
  2435:   221582.350   221582.240   221582.130   221832.220   221832.230
  2440:   221832.250   221832.340   221906.130   222005.120   222153.120
  2445:   222177.120   222241.130   222302.120   222467.120   222634.120
  2450:   222694.130   222791.120   222874.130   222943.120   223047.740
  2455:   223069.540   223069.320   223069.330   223069.350   223069.240
  2460:   223069.120   223319.220   223319.230   223319.250   223319.340
  2465:   223469.120   223558.130   223633.120   223703.130   223771.120
  2470:   223848.130   223928.120   223993.130   224089.120   224135.120
  2475:   224208.130   224280.120   224346.130   224422.120   224490.130
  2480:   224519.740   224594.540   224594.320   224594.330   224594.350
  2485:   224594.240   224594.120   224844.220   224844.230   224844.250
  2490:   224844.340   224913.130   224937.130   225011.120   225037.120
  2495:   225150.120   225277.120   225346.130   225410.120   225479.130
  2500:   225556.120   225626.130   225876.120   225943.130   226170.120
  2505:   226208.120   226275.130   226350.120   226373.120   226441.130
  2510:   226609.120   226632.120   226658.120   226819.120   226841.120
  2515:   226902.130   227144.740   227145.540   227145.320   227145.330
  2520:   227145.350   227145.240   227145.120   227395.220   227395.230
  2525:   227395.250   227395.340   227480.130   227565.120   227638.120
  2530:   227771.120   227854.130   228050.120   228133.130   228218.120
  2535:   228300.130   228381.120   228453.130   228668.130   228738.120
  2540:   228887.120   228932.840   229043.120   229065.120   229129.640
  2545:   229129.320   229129.330   229129.350   229129.240   229129.130
  2550:   229379.220   229379.230   229379.250   229379.340   229471.130
  2555:   229655.130   229729.120   229801.130   229902.120   229976.130
  2560:   230052.120   230201.120   230224.120   230282.130   230380.120
  2565:   230447.130   230542.120   230728.130   230791.120   230934.120
  2570:   230956.120   231110.120   231178.130   231272.120   231420.120
  2575:   231633.120   231773.120   231797.120   231862.130   231954.120
  2580:   232025.130   232264.120   232290.120   232358.130   232653.130
  2585:   232715.120   232801.130   232912.120   232985.130   233156.120
  2590:   233181.120   233255.130   233295.740   233321.540   233321.320
  2595:   233321.330   233321.350   233321.240   233321.120   233571.220
  2600:   233571.230   233571.250   233571.340   233652.130   233862.130
  2605:   233950.120   233992.120   234177.120   234252.130   234336.120
  2610:   234362.120   234428.130   234473.130   234545.120   234687.120
  2615:   234764.130   234929.130   235008.120   235082.130   235362.120
  2620:   235443.130   235606.130   235685.120   235759.130   235923.130
  2625:   235994.120   236064.130   236155.120   236325.120   236409.130
  2630:   236497.120   236671.740   236671.120   236801.130   237177.130
  2635:   237252.540   237252.320   237252.330   237252.350   237252.240
  2640:   237252.120   237502.220   237502.230   237502.250   237502.340
  2645:   237672.120   237818.120   237842.120   237979.120   238220.120
  2650:   238295.130   238371.120   238513.120   238579.840   238679.120
  2655:   238702.740   238791.640   238791.320   238791.330   238791.350
  2660:   238791.240   238791.130   239041.220   239041.230   239041.250
  2665:   239041.340   239646.540   239646.320   239646.330   239646.350
  2670:   239646.240   239646.120   239896.220   239896.230   239896.250
  2675:   239896.340   240255.130   240411.120   240437.120   240464.120
  2680:   240602.130   240725.120   240796.130   240921.120   241044.120
  2685:   241069.120   241133.130   241219.120   241296.740   241368.540
  2690:   241368.320   241368.330   241368.350   241368.240   241368.120
  2695:   241618.220   241618.230   241618.250   241618.340   241780.120
  2700:   241804.120   241976.120   242117.120   242142.120   242269.130
  2705:   242361.120   242518.740   242524.540   242524.320   242524.330
  2710:   242524.350   242524.240   242524.120   242774.220   242774.230
  2715:   242774.250   242774.340   242951.120   243137.120   243159.120
  2720:   243297.120   243319.120   243392.130   243471.120   243494.120
  2725:   243557.130   243650.120   243725.130   243809.120   243966.120
  2730:   243987.120   244063.130   244136.120   244380.130   244473.120
  2735:   244605.120   244709.130   244917.120   245009.130   245086.120
  2740:   245156.130   245310.130   245394.120   245538.120   245609.130
  2745:   245690.120   245712.120   245990.120   246361.120   246381.120
  2750:   246610.130   246690.120   246885.120   247062.120   247163.130
  2755:   247410.120   247565.120   247588.120   247731.120   247871.120
  2760:   247893.120   247972.120   248106.120   248131.120   248193.130
  2765:   248419.120   248574.120   248664.130   248876.120   249019.120
  2770:   249248.120   249274.120   249433.120   249572.120   249685.120
  2775:   249917.130   250035.120   250202.120   250352.120   250375.120
  2780:   250441.840   250443.640   250443.320   250443.330   250443.350
  2785:   250443.240   250443.130   250693.220   250693.230   250693.250
  2790:   250693.340   250774.740   250786.130   250881.540   250881.320
  2795:   250881.330   250881.350   250881.240   250881.120   251131.220
  2800:   251131.230   251131.250   251131.340   251227.130   251329.120
  2805:   251498.130   251742.120   251981.120   252007.120   252156.120
  2810:   252226.130   252231.740   252436.540   252436.320   252436.330
  2815:   252436.350   252436.240   252436.120   252686.220   252686.230
  2820:   252686.250   252686.340   252775.130   252880.120   253013.120
  2825:   253034.120   253166.120   253191.120   253333.120   253402.130
  2830:   253474.120   253542.130   253617.120   253760.120   253786.740
  2835:   254053.130   254131.540   254131.320   254131.330   254131.350
  2840:   254131.240   254131.120   254381.220   254381.230   254381.250
  2845:   254381.340   254466.130   254589.120   254741.120   254781.740
  2850:   254888.130   254965.540   254965.320   254965.330   254965.350
  2855:   254965.240   254965.120   255215.220   255215.230   255215.250
  2860:   255215.340   255296.130   255520.130   255613.120   255739.120
  2865:   255922.120   255999.130   256080.120   256107.120   256238.120
  2870:   256307.130   256384.120   256469.130   256573.120   256706.120
  2875:   256779.130   256862.120   256968.130   257040.120   257065.120
  2880:   257115.740   257386.540   257386.320   257386.330   257386.350
  2885:   257386.240   257386.120   257636.220   257636.230   257636.250
  2890:   257636.340   257985.130   258100.120   258268.120   258347.130
  2895:   258423.120   258566.120   258724.120   258866.120   259025.120
  2900:   259561.120   259983.130   260080.120   260142.130   260362.120
  2905:   260436.740   260583.130   260662.540   260662.320   260662.330
  2910:   260662.350   260662.240   260662.120   260912.220   260912.230
  2915:   260912.250   260912.340   261148.120   261311.120   261393.130
  2920:   261478.120   261642.120   261733.130   261782.130   261872.120
  2925:   261956.130   262033.120   262115.130   262198.120   262349.120
  2930:   262423.120   262593.840   262696.640   262696.320   262696.330
  2935:   262696.350   262696.240   262696.130   262946.220   262946.230
  2940:   262946.250   262946.340   263217.120   263596.130   263663.120
  2945:   263762.130   263980.120   264009.120   264357.120   264518.120
  2950:   264614.130   264691.120   264908.120   265164.120   265288.120
  2955:   265311.120   265312.740   265496.540   265496.320   265496.330
  2960:   265496.350   265496.240   265496.120   265746.220   265746.230
  2965:   265746.250   265746.340   265873.130   265977.120   266042.120
  2970:   266256.120   266425.120   266755.120   266904.120   267062.120
  2975:   267146.130   267303.120   267388.130   267446.740   267781.540
  2980:   267781.320   267781.330   267781.350   267781.240   267781.120
  2985:   268031.220   268031.230   268031.250   268031.340   268113.130
  2990:   268181.120   268205.120   268414.120   268584.130   268674.120
  2995:   268700.120   268849.120   268876.120   268930.120   269082.120
  3000:   269273.120   269295.120   269323.120   269508.120   269724.120
  3005:   269930.120   270012.130   270140.120   270332.120   270346.840
  3010:   270437.640   270437.320   270437.330   270437.350   270437.240
  3015:   270437.130   270687.220   270687.230   270687.250   270687.340
  3020:   270878.120   271006.130   271095.120   271131.740   271414.540
  3025:   271414.320   271414.330   271414.350   271414.240   271414.120
  3030:   271664.220   271664.230   271664.250   271664.340   271754.130
  3035:   271846.120   271994.130   272079.120   272242.120   272264.740
  3040:   272270.540   272270.320   272270.330   272270.350   272270.240
  3045:   272270.120   272520.220   272520.230   272520.250   272520.340
  3050:   272620.130   272732.120   272755.120   272875.130   272974.120
  3055:   273003.120   273151.120   273177.120   273452.130   273530.120
  3060:   273554.120   273718.120   273799.130   273996.120   274054.120
  3065:   274076.120   274152.130   274407.120   274567.120   274595.120
  3070:   274780.120   274955.120   275122.120   275146.120   275343.120
  3075:   275430.130   275522.120   275697.120   276207.130   276325.120
  3080:   276484.120   276534.120   276798.130   276820.740   276883.540
  3085:   276883.320   276883.330   276883.350   276883.240   276883.120
  3090:   277133.220   277133.230   277133.250   277133.340   277317.120
  3095:   277345.120   277525.130   277604.120   277632.120   277733.740
  3100:   277762.130   277841.540   277841.320   277841.330   277841.350
  3105:   277841.240   277841.120   278091.220   278091.230   278091.250
  3110:   278091.340   278191.130   278213.130   278491.740   278550.540
  3115:   278550.320   278550.330   278550.350   278550.240   278550.120
  3120:   278800.220   278800.230   278800.250   278800.340   278905.130
  3125:   278932.130   279127.130   279207.120   279376.120   279471.130
  3130:   279500.740   279554.540   279554.320   279554.330   279554.350
  3135:   279554.240   279554.120   279804.220   279804.230   279804.250
  3140:   279804.340   279907.130   279999.120   280097.130   280180.120
  3145:   280207.120   280361.120   280385.120   280468.120   280627.120
  3150:   280653.120   280894.120   280995.130   281271.120   281445.120
  3155:   281552.130   281880.120   281986.130   282067.120   282172.130
  3160:   282250.120   282336.130   282414.120   282501.130   282504.740
  3165:   282612.540   282612.320   282612.330   282612.350   282612.240
  3170:   282612.120   282862.220   282862.230   282862.250   282862.340
  3175:   283045.130   283145.120   283176.120   283251.130   283331.120
  3180:   283639.120   283728.130   283816.120   283977.120   284005.120
  3185:   284166.120   284190.120   284395.120   284450.120   284605.120
  3190:   284706.130   284796.120   284872.120   285030.120   285060.120
  3195:   285164.130   285249.120   285271.120   285427.120   285452.120
  3200:   285534.130   285763.130   285858.120   285890.120   285970.130
  3205:   286038.120   286065.120   286135.130   286214.120   286360.130
  3210:   286362.740   286552.130   286688.540   286688.320   286688.330
  3215:   286688.350   286688.240   286688.120   286938.220   286938.230
  3220:   286938.250   286938.340   287030.130   287130.120   287293.120
  3225:   287317.120   287454.120   287480.120   287662.120   287810.120
  3230:   287834.120   287998.120   288046.120   288209.120   288290.130
  3235:   288466.130   288579.120   288781.120   288808.120   288864.120
  3240:   289041.120   289122.130   289418.120   289570.120   289681.130
  3245:   289750.120   289776.120   289830.120   289914.130   290052.120
  3250:   290186.130   290267.120   290293.120   290367.130   290618.120
  3255:   290638.740   290643.540   290643.320   290643.330   290643.350
  3260:   290643.240   290643.120   290893.220   290893.230   290893.250
  3265:   290893.340   291003.130   291087.120   291116.120   291309.120
  3270:   291334.120   291475.130   291580.120   291739.120   291945.120
  3275:   292205.130   292740.120   292855.130   292935.120   293124.130
  3280:   293226.120   293250.120   293414.120   293437.120   293863.120
  3285:   293923.120   294227.120   294382.120   294791.120   294872.130
  3290:   295039.130   295118.120   295169.120   295524.120   295550.120
  3295:   295689.120   295714.120   295741.120   295819.130   295905.120
  3300:   295992.130   296066.120   296343.120   296400.120   296420.120
  3305:   296484.130   296493.740   296560.540   296560.320   296560.330
  3310:   296560.350   296560.240   296560.120   296810.220   296810.230
  3315:   296810.250   296810.340   296890.130   297467.120   297490.120
  3320:   297608.120   297776.120   297918.120   298170.120   298263.130
  3325:   298497.120   298518.120   298712.120   298980.130   299318.120
  3330:   299412.130   299484.120   299577.130   299610.740   299730.130
  3335:   299803.540   299803.320   299803.330   299803.350   299803.240
  3340:   299803.120   300053.220   300053.230   300053.250   300053.340
  3345:   300145.130   300392.120   300717.120   300743.120   300886.120
  3350:   301022.120   301041.120   301103.130   301219.120   301375.120
  3355:   301405.120   301449.120   301729.120   301940.120   302084.120
  3360:   302109.120   302529.120   302820.120   302953.740   302975.540
  3365:   302975.320   302975.330   302975.350   302975.240   302975.120
  3370:   303225.220   303225.230   303225.250   303225.340   303295.130
  3375:   303830.130   303933.120   303952.120   304015.130   304082.120
  3380:   304270.120   304501.130   304571.120   304594.120   304680.130
  3385:   304752.120   304774.120   304820.120   305238.130   305399.120
  3390:   305419.120   305523.130   305684.130   305725.740   305758.540
  3395:   305758.320   305758.330   305758.350   305758.240   305758.120
  3400:   306008.220   306008.230   306008.250   306008.340   306152.120
  3405:   306341.120   306423.130   306511.120   306642.120   306773.120
  3410:   306792.120   306928.120   307109.120   307128.120   307204.130
  3415:   307360.120   307385.120   307471.130   307586.120   307651.130
  3420:   307747.120   307976.120   308108.740   308121.540   308121.320
  3425:   308121.330   308121.350   308121.240   308121.120   308371.220
  3430:   308371.230   308371.250   308371.340   308495.130   308585.120
  3435:   308758.120   308806.120   308998.120   309017.120   309144.120
  3440:   309171.740   309281.130   309342.540   309342.320   309342.330
  3445:   309342.350   309342.240   309342.120   309592.220   309592.230
  3450:   309592.250   309592.340   309661.130   309742.120   309762.120
  3455:   309921.120   310031.130   310128.120   310278.120   310400.120
  3460:   310437.120   310517.130   310590.120   310616.120   310705.130
  3465:   310767.120   310787.120   310937.120   311259.120   311552.120
  3470:   311638.130   311708.120   312017.120   312126.120   312288.120
  3475:   312312.120   312389.130   312615.120   312743.130   312823.120
  3480:   312968.120   313268.120   313352.130   313554.120   313578.120
  3485:   313648.130   314173.120   314369.130   314486.120   314680.130
  3490:   314755.120   314778.120   315128.130   315228.120   315297.130
  3495:   315362.120   315729.120   315884.120   315992.740   316005.540
  3500:   316005.320   316005.330   316005.350   316005.240   316005.120
  3505:   316255.220   316255.230   316255.250   316255.340   316354.130
  3510:   316446.120   316595.130   316658.120   316749.120   316755.740
  3515:   316964.540   316964.320   316964.330   316964.350   316964.240
  3520:   316964.120   317214.220   317214.230   317214.250   317214.340
  3525:   317307.130   317314.740   317483.130   317552.540   317552.320
  3530:   317552.330   317552.350   317552.240   317552.120   317802.220
  3535:   317802.230   317802.250   317802.340   317903.130   318103.130
  3540:   318170.120   318190.120   318395.120   318416.120   318551.120
  3545:   318574.120   318666.130   318738.120   318899.120   319042.120
  3550:   319283.120   319287.840   319302.120   319432.120   319741.120
  3555:   319788.120   319992.120   320015.120   320197.640   320197.320
  3560:   320197.330   320197.350   320197.240   320197.130   320447.220
  3565:   320447.230   320447.250   320447.340   320624.120   320644.120
  3570:   320930.120   320997.130   321268.120   321336.130   321406.120
  3575:   321531.120   321721.120   321762.120   321904.120   321928.120
  3580:   322002.740   322092.540   322092.320   322092.330   322092.350
  3585:   322092.240   322092.120   322342.220   322342.230   322342.250
  3590:   322342.340   322454.130   322544.120   322714.120   322880.120
  3595:   322903.120   322973.130   323068.120   323217.120   323236.120
  3600:   323277.120   323432.120   323582.120   323652.130   323723.120
  3605:   323894.120   324033.130   324093.120   324114.120   324333.130
  3610:   324342.740   324429.540   324429.320   324429.330   324429.350
  3615:   324429.240   324429.120   324679.220   324679.230   324679.250
  3620:   324679.340   324759.130   324834.120   324857.120   325001.120
  3625:   325026.120   325222.120   325369.120   325386.120   325503.120
  3630:   325720.120   325895.120   325936.120   326066.120   326236.120
  3635:   326762.120   327102.130   327177.120   327289.130   327384.120
  3640:   327541.120   327579.740   327826.540   327826.320   327826.330
  3645:   327826.350   327826.240   327826.120   328076.220   328076.230
  3650:   328076.250   328076.340   328167.130   328255.120   328276.740
  3655:   328484.540   328484.320   328484.330   328484.350   328484.240
  3660:   328484.120   328734.220   328734.230   328734.250   328734.340
  3665:   328953.120   329091.120   329236.120   329258.120   329336.130
  3670:   329414.120   329505.130   329569.120   329589.120   329676.130
  3675:   329732.120   329753.120   329990.130   330160.120   330376.120
  3680:   330397.120   330448.120   330521.130   330596.120   330619.120
  3685:   330642.120   330744.130   330806.120   330990.120   331135.120
  3690:   331412.120   331434.740   331557.130   331763.540   331763.320
  3695:   331763.330   331763.350   331763.240   331763.120   332013.220
  3700:   332013.230   332013.250   332013.340   332205.120   332395.120
  3705:   332549.120   332575.120   332596.120   332748.120   332826.130
  3710:   332896.120   332916.120   333053.120   333076.120   333231.120
  3715:   333251.120   333435.120   333461.120   333513.740   333661.540
  3720:   333661.320   333661.330   333661.350   333661.240   333661.120
  3725:   333911.220   333911.230   333911.250   333911.340   334069.120
  3730:   334286.120   334358.120   334525.120   334968.120   335031.120
  3735:   335255.130   335382.120   335535.120   335689.120   335712.120
  3740:   335733.120   335890.120   336047.120   336066.120   336086.120
  3745:   336111.120   336289.120   336412.120   336954.120   336977.120
  3750:   337122.120   337298.120   337321.120   337463.130   337557.120
  3755:   337602.120   337626.120   337769.120   337874.130   338029.130
  3760:   338108.120   338153.120   338324.120   338351.120   338399.120
  3765:   338577.120   338601.120   338742.120   338766.120   338908.130
  3770:   339231.120   339333.130   339619.120   339729.130   339819.120
  3775:   339856.120   340055.120   340267.120   340451.120   340611.130
  3780:   340743.120   340767.120   340996.120   341023.120   341047.120
  3785:   341236.130   341332.120   341366.120   341470.130   341541.120
  3790:   341564.120   341636.130   341758.120   341781.120   341867.130
  3795:   341951.120   341975.120   342023.120   342091.130   342160.120
  3800:   342182.120   342259.130   342327.120   342409.130   342475.130
  3805:   342547.120   342570.120   342593.120   342648.130   342733.120
  3810:   342759.120   342907.120   343027.130   343123.120   343220.130
  3815:   343310.120   343335.120   343358.120   343430.130   343494.120
  3820:   343516.120   343604.130   343735.130   343998.130   344011.740
  3825:   344074.540   344074.320   344074.330   344074.350   344074.240
  3830:   344074.120   344324.220   344324.230   344324.250   344324.340
  3835:   344401.130   344491.120   344598.130   344654.120   344760.130
  3840:   345000.120   345024.120   345047.120   345081.120   345165.130
  3845:   345233.120   345328.130   345417.120   345442.120   345491.120
  3850:   345629.120   345654.120   345681.120   345805.120   345824.120
  3855:   345978.120   346159.120   346229.130   346304.120   346345.120
  3860:   346497.120   346520.120   346587.130   346624.740   346734.540
  3865:   346734.320   346734.330   346734.350   346734.240   346734.120
  3870:   346984.220   346984.230   346984.250   346984.340   347088.120
  3875:   347109.120   347186.130   347291.120   347431.120   347453.120
  3880:   347531.130   347613.120   347813.120   347878.130   348040.120
  3885:   348064.120   348134.130   348225.120   348249.120   348337.130
  3890:   348426.120   348657.120   348684.740   348688.540   348688.320
  3895:   348688.330   348688.350   348688.240   348688.120   348938.220
  3900:   348938.230   348938.250   348938.340   349056.130   349177.120
  3905:   349363.120   349586.120   349611.120   349861.120   349910.120
  3910:   350075.120   350159.130   350534.130   350538.740   350616.540
  3915:   350616.320   350616.330   350616.350   350616.240   350616.120
  3920:   350866.220   350866.230   350866.250   350866.340   351071.120
  3925:   351098.120   351276.120   351300.120   351472.120   351557.130
  3930:   351642.120   351669.120   351826.120   351855.120   351921.130
  3935:   352004.120   352029.120   352069.120   352240.120   352264.120
  3940:   352293.120   352391.120   352548.120   352744.120   352939.130
  3945:   353012.120   353068.120   353249.120   353278.120   353370.130
  3950:   353451.120   353475.120   353542.120   353566.120   353654.130
  3955:   353766.120   353793.120   354071.130   354155.130   354240.120
  3960:   354299.120   354494.120   354598.130   354673.120   354697.120
  3965:   355010.120   355037.120   355151.130   355261.120   355454.120
  3970:   355480.120   355553.130   355651.120   355880.120   355976.130
  3975:   356060.120   356296.120   356460.120   356466.740   356486.540
  3980:   356486.320   356486.330   356486.350   356486.240   356486.120
  3985:   356736.220   356736.230   356736.250   356736.340   356849.130
  3990:   356959.120   357047.840   357490.120   357517.120   357565.120
  3995:   357591.120   357799.120   357935.640   357935.320   357935.330
  4000:   357935.350   357935.240   357935.130   358185.220   358185.230
  4005:   358185.250   358185.340   358269.130   358541.120   358566.120
  4010:   358752.120   358780.120   359029.120   359059.120   359170.130
  4015:   359250.120   359276.120   359469.120   359636.740   359987.540
  4020:   359987.320   359987.330   359987.350   359987.240   359987.120
  4025:   360000.320   360000.330   360000.350   360000.020
C:
     0:        0.000     1458.000     1227.000       77.000       57.000
     5:        0.000
D:
     0:        0.000        0.000
L:
     0:       74.000      370.000      370.000
M:
     0:     1200.000     1201.000     1202.000     1203.000     1204.000
     5:     1205.000     1206.000     1207.000     1208.000     1209.000
    10:     1210.000     1211.000     1212.000     1213.000     1214.000
    15:     1215.000     1216.000     1217.000     1218.000     1219.000
    20:     1220.000     1221.000     1222.000     1223.000     1224.000
    25:     1225.000     1226.000     1227.000     1228.000     1229.000
    30:     1230.000     1231.000     1232.000     1233.000     1234.000
    35:     1235.000     1236.000     1237.000     1238.000     1239.000
    40:     1240.000     1241.000     1242.000     1243.000     1244.000
    45:     1245.000     1246.000     1247.000     1248.000     1249.000
    50:     1250.000     1251.000     1252.000     1253.000     1254.000
    55:     1255.000     1256.000     1257.000     1258.000     1259.000
    60:     1260.000     1261.000     1262.000     1263.000     1264.000
    65:     1265.000     1266.000     1267.000     1268.000     1269.000
    70:     1270.000     1271.000     1272.000     1273.000     1274.000
    75:     1275.000     1276.000     1277.000     1278.000     1279.000
    80:     1280.000     1281.000     1282.000     1283.000     1284.000
    85:     1285.000     1286.000     1287.000     1288.000     1289.000
    90:     1290.000     1291.000     1292.000     1293.000     1294.000
    95:     1295.000     1296.000     1297.000     1298.000     1299.000
   100:     1300.000     1301.000     1302.000     1303.000     1304.000
   105:     1305.000     1306.000     1307.000     1308.000     1309.000
   110:     1310.000     1311.000     1312.000     1313.000     1314.000
   115:     1315.000     1316.000     1317.000     1318.000     1319.000
   120:     1320.000     1321.000     1322.000     1323.000     1324.000
   125:     1325.000     1326.000     1327.000     1328.000     1329.000
   130:     1330.000     1331.000     1332.000     1333.000     1334.000
   135:     1335.000     1336.000     1337.000     1338.000     1339.000
   140:     1340.000     1341.000     1342.000     1343.000     1344.000
   145:     1345.000     1346.000     1347.000     1348.000     1349.000
   150:     1350.000     1351.000     1352.000     1353.000     1354.000
   155:     1355.000     1356.000     1357.000     1358.000     1359.000
   160:     1360.000     1361.000     1362.000     1363.000     1364.000
   165:     1365.000     1366.000     1367.000     1368.000     1369.000
   170:     1370.000     1371.000     1372.000     1373.000     1374.000
   175:     1375.000     1376.000     1377.000     1378.000     1379.000
   180:     1380.000     1381.000     1382.000     1383.000     1384.000
   185:     1385.000     1386.000     1387.000     1388.000     1389.000
   190:     1390.000     1391.000     1392.000     1393.000     1394.000
   195:     1395.000     1396.000     1397.000     1398.000     1399.000
   200:     1400.000     1401.000     1402.000     1403.000     1404.000
   205:     1405.000     1406.000     1407.000     1408.000     1409.000
   210:     1410.000     1411.000     1412.000     1413.000     1414.000
   215:     1415.000     1416.000     1417.000     1418.000     1419.000
   220:     1420.000     1421.000     1422.000     1423.000     1424.000
   225:     1425.000     1426.000     1427.000     1428.000     1429.000
   230:     1430.000     1431.000     1432.000     1433.000     1434.000
   235:     1435.000     1436.000     1437.000     1438.000     1439.000
   240:     1440.000     1441.000     1442.000     1443.000     1444.000
   245:     1445.000     1446.000     1447.000     1448.000     1449.000
   250:     1450.000     1451.000     1452.000     1453.000     1454.000
   255:     1455.000     1456.000     1457.000     1458.000     1459.000
   260:     1460.000     1461.000     1462.000     1463.000     1464.000
   265:     1465.000     1466.000     1467.000     1468.000     1469.000
   270:     1470.000     1471.000     1472.000     1473.000     1474.000
   275:     1475.000     1476.000     1477.000     1478.000     1479.000
   280:     1480.000     1481.000     1482.000     1483.000     1484.000
   285:     1485.000     1486.000     1487.000     1488.000     1489.000
   290:     1490.000     1491.000     1492.000     1493.000     1494.000
   295:     1495.000     1496.000     1497.000     1498.000     1499.000
   300:     1500.000     1501.000     1502.000     1503.000     1504.000
   305:     1505.000     1506.000     1507.000     1508.000     1509.000
   310:     1510.000     1511.000     1512.000     1513.000     1514.000
   315:     1515.000     1516.000     1517.000     1518.000     1519.000
   320:     1520.000     1521.000     1522.000     1523.000     1524.000
   325:     1525.000     1526.000     1527.000     1528.000     1529.000
   330:     1530.000     1531.000     1532.000     1533.000     1534.000
   335:     1535.000     1536.000     1537.000     1538.000     1539.000
   340:     1540.000     1541.000     1542.000     1543.000     1544.000
   345:     1545.000     1546.000     1547.000     1548.000     1549.000
   350:     1550.000     1551.000     1552.000     1553.000     1554.000
   355:     1555.000     1556.000     1557.000     1558.000     1559.000
   360:     1560.000     1561.000     1562.000     1563.000     1564.000
   365:     1565.000     1566.000     1567.000     1568.000     1569.000
   370:     1570.000     1571.000     1572.000     1573.000     1574.000
   375:     1575.000     1576.000     1577.000     1578.000     1579.000
   380:     1580.000     1581.000     1582.000     1583.000     1584.000
   385:     1585.000     1586.000     1587.000     1588.000     1589.000
   390:     1590.000     1591.000     1592.000     1593.000     1594.000
   395:     1595.000     1596.000     1597.000     1598.000     1599.000
   400:     1600.000     1601.000     1602.000     1603.000     1604.000
   405:     1605.000     1606.000     1607.000     1608.000     1609.000
   410:     1610.000     1611.000     1612.000     1613.000     1614.000
   415:     1615.000     1616.000     1617.000     1618.000     1619.000
   420:     1620.000     1621.000     1622.000     1623.000     1624.000
   425:     1625.000     1626.000     1627.000     1628.000     1629.000
   430:     1630.000     1631.000     1632.000     1633.000     1634.000
   435:     1635.000     1636.000     1637.000     1638.000     1639.000
   440:     1640.000     1641.000     1642.000     1643.000     1644.000
   445:     1645.000     1646.000     1647.000     1648.000     1649.000
   450:     1650.000     1651.000     1652.000     1653.000     1654.000
   455:     1655.000     1656.000     1657.000     1658.000     1659.000
   460:     1660.000     1661.000     1662.000     1663.000     1664.000
   465:     1665.000     1666.000     1667.000     1668.000     1669.000
   470:     1670.000     1671.000     1672.000     1673.000     1674.000
   475:     1675.000     1676.000     1677.000     1678.000     1679.000
   480:     1680.000     1681.000     1682.000     1683.000     1684.000
   485:     1685.000     1686.000     1687.000     1688.000     1689.000
   490:     1690.000     1691.000     1692.000     1693.000     1694.000
   495:     1695.000     1696.000     1697.000     1698.000     1699.000
   500:     1700.000     1701.000     1702.000     1703.000     1704.000
   505:     1705.000     1706.000     1707.000     1708.000     1709.000
   510:     1710.000     1711.000     1712.000     1713.000     1714.000
   515:     1715.000     1716.000     1717.000     1718.000     1719.000
   520:     1720.000     1721.000     1722.000     1723.000     1724.000
   525:     1725.000     1726.000     1727.000     1728.000     1729.000
   530:     1730.000     1731.000     1732.000     1733.000     1734.000
   535:     1735.000     1736.000     1737.000     1738.000     1739.000
   540:     1740.000     1741.000     1742.000     1743.000     1744.000
   545:     1745.000     1746.000     1747.000     1748.000     1749.000
   550:     1750.000     1751.000     1752.000     1753.000     1754.000
   555:     1755.000     1756.000     1757.000     1758.000     1759.000
   560:     1760.000     1761.000     1762.000     1763.000     1764.000
   565:     1765.000     1766.000     1767.000     1768.000     1769.000
   570:     1770.000     1771.000     1772.000     1773.000     1774.000
   575:     1775.000     1776.000     1777.000     1778.000     1779.000
   580:     1780.000     1781.000     1782.000     1783.000     1784.000
   585:     1785.000     1786.000     1787.000     1788.000     1789.000
   590:     1790.000     1791.000     1792.000     1793.000     1794.000
   595:     1795.000     1796.000     1797.000     1798.000     1799.000
   600:     1800.000     1801.000     1802.000     1803.000     1804.000
   605:     1805.000     1806.000     1807.000     1808.000     1809.000
   610:     1810.000     1811.000     1812.000     1813.000     1814.000
   615:     1815.000     1816.000     1817.000     1818.000     1819.000
   620:     1820.000     1821.000     1822.000     1823.000     1824.000
   625:     1825.000     1826.000     1827.000     1828.000     1829.000
   630:     1830.000     1831.000     1832.000     1833.000     1834.000
   635:     1835.000     1836.000     1837.000     1838.000     1839.000
   640:     1840.000     1841.000     1842.000     1843.000     1844.000
   645:     1845.000     1846.000     1847.000     1848.000     1849.000
   650:     1850.000     1851.000     1852.000     1853.000     1854.000
   655:     1855.000     1856.000     1857.000     1858.000     1859.000
   660:     1860.000     1861.000     1862.000     1863.000     1864.000
   665:     1865.000     1866.000     1867.000     1868.000     1869.000
   670:     1870.000     1871.000     1872.000     1873.000     1874.000
   675:     1875.000     1876.000     1877.000     1878.000     1879.000
   680:     1880.000     1881.000     1882.000     1883.000     1884.000
   685:     1885.000     1886.000     1887.000     1888.000     1889.000
   690:     1890.000     1891.000     1892.000     1893.000     1894.000
   695:     1895.000     1896.000     1897.000     1898.000     1899.000
   700:     1900.000     1901.000     1902.000     1903.000     1904.000
   705:     1905.000     1906.000     1907.000     1908.000     1909.000
   710:     1910.000     1911.000     1912.000     1913.000     1914.000
   715:     1915.000     1916.000     1917.000     1918.000     1919.000
   720:     1920.000     1921.000     1922.000     1923.000     1924.000
   725:     1925.000     1926.000     1927.000     1928.000     1929.000
   730:     1930.000     1931.000     1932.000     1933.000     1934.000
   735:     1935.000     1936.000     1937.000     1938.000     1939.000
   740:     1940.000     1941.000     1942.000     1943.000     1944.000
   745:     1945.000     1946.000     1947.000     1948.000     1949.000
   750:     1950.000     1951.000     1952.000     1953.000     1954.000
   755:     1955.000     1956.000     1957.000     1958.000     1959.000
   760:     1960.000     1961.000     1962.000     1963.000     1964.000
   765:     1965.000     1966.000     1967.000     1968.000     1969.000
   770:     1970.000     1971.000     1972.000     1973.000     1974.000
   775:     1975.000     1976.000     1977.000     1978.000     1979.000
   780:     1980.000     1981.000     1982.000     1983.000     1984.000
   785:     1985.000     1986.000     1987.000     1988.000     1989.000
   790:     1990.000     1991.000     1992.000     1993.000     1994.000
   795:     1995.000     1996.000     1997.000     1998.000     1999.000
   800:     2000.000     2001.000     2002.000     2003.000     2004.000
   805:     2005.000     2006.000     2007.000     2008.000     2009.000
   810:     2010.000     2011.000     2012.000     2013.000     2014.000
   815:     2015.000     2016.000     2017.000     2018.000     2019.000
   820:     2020.000     2021.000     2022.000     2023.000     2024.000
   825:     2025.000     2026.000     2027.000     2028.000     2029.000
   830:     2030.000     2031.000     2032.000     2033.000     2034.000
   835:     2035.000     2036.000     2037.000     2038.000     2039.000
   840:     2040.000     2041.000     2042.000     2043.000     2044.000
   845:     2045.000     2046.000     2047.000     2048.000     2049.000
   850:     2050.000     2051.000     2052.000     2053.000     2054.000
   855:     2055.000     2056.000     2057.000     2058.000     2059.000
   860:     2060.000     2061.000     2062.000     2063.000     2064.000
   865:     2065.000     2066.000     2067.000     2068.000     2069.000
   870:     2070.000     2071.000     2072.000     2073.000     2074.000
   875:     2075.000     2076.000     2077.000     2078.000     2079.000
   880:     2080.000     2081.000     2082.000     2083.000     2084.000
   885:     2085.000     2086.000     2087.000     2088.000     2089.000
   890:     2090.000     2091.000     2092.000     2093.000     2094.000
   895:     2095.000     2096.000     2097.000     2098.000     2099.000
   900:     2100.000     2101.000     2102.000     2103.000     2104.000
   905:     2105.000     2106.000     2107.000     2108.000     2109.000
   910:     2110.000     2111.000     2112.000     2113.000     2114.000
   915:     2115.000     2116.000     2117.000     2118.000     2119.000
   920:     2120.000     2121.000     2122.000     2123.000     2124.000
   925:     2125.000     2126.000     2127.000     2128.000     2129.000
   930:     2130.000     2131.000     2132.000     2133.000     2134.000
   935:     2135.000     2136.000     2137.000     2138.000     2139.000
   940:     2140.000     2141.000     2142.000     2143.000     2144.000
   945:     2145.000     2146.000     2147.000     2148.000     2149.000
   950:     2150.000     2151.000     2152.000     2153.000     2154.000
   955:     2155.000     2156.000     2157.000     2158.000     2159.000
   960:     2160.000     2161.000     2162.000     2163.000     2164.000
   965:     2165.000     2166.000     2167.000     2168.000     2169.000
   970:     2170.000     2171.000     2172.000     2173.000     2174.000
   975:     2175.000     2176.000     2177.000     2178.000     2179.000
   980:     2180.000     2181.000     2182.000     2183.000     2184.000
   985:     2185.000     2186.000     2187.000     2188.000     2189.000
   990:     2190.000     2191.000     2192.000     2193.000     2194.000
   995:     2195.000     2196.000     2197.000     2198.000     2199.000
  1000:     2200.000     2201.000     2202.000     2203.000     2204.000
  1005:     2205.000     2206.000     2207.000     2208.000     2209.000
  1010:     2210.000     2211.000     2212.000     2213.000     2214.000
  1015:     2215.000     2216.000     2217.000     2218.000     2219.000
  1020:     2220.000     2221.000     2222.000     2223.000     2224.000
  1025:     2225.000     2226.000     2227.000     2228.000     2229.000
  1030:     2230.000     2231.000     2232.000     2233.000     2234.000
  1035:     2235.000     2236.000     2237.000     2238.000     2239.000
  1040:     2240.000     2241.000     2242.000     2243.000     2244.000
  1045:     2245.000     2246.000     2247.000     2248.000     2249.000
  1050:     2250.000     2251.000     2252.000     2253.000     2254.000
  1055:     2255.000     2256.000     2257.000     2258.000     2259.000
  1060:     2260.000     2261.000     2262.000     2263.000     2264.000
  1065:     2265.000     2266.000     2267.000     2268.000     2269.000
  1070:     2270.000     2271.000     2272.000     2273.000     2274.000
  1075:     2275.000     2276.000     2277.000     2278.000     2279.000
  1080:     2280.000     2281.000     2282.000     2283.000     2284.000
  1085:     2285.000     2286.000     2287.000     2288.000     2289.000
  1090:     2290.000     2291.000     2292.000     2293.000     2294.000
  1095:     2295.000     2296.000     2297.000     2298.000     2299.000
  1100:     2300.000     2301.000     2302.000     2303.000     2304.000
  1105:     2305.000     2306.000     2307.000     2308.000     2309.000
  1110:     2310.000     2311.000     2312.000     2313.000     2314.000
  1115:     2315.000     2316.000     2317.000     2318.000     2319.000
  1120:     2320.000     2321.000     2322.000     2323.000     2324.000
  1125:     2325.000     2326.000     2327.000     2328.000     2329.000
  1130:     2330.000     2331.000     2332.000     2333.000     2334.000
  1135:     2335.000     2336.000     2337.000     2338.000     2339.000
  1140:     2340.000     2341.000     2342.000     2343.000     2344.000
  1145:     2345.000     2346.000     2347.000     2348.000     2349.000
  1150:     2350.000     2351.000     2352.000     2353.000     2354.000
  1155:     2355.000     2356.000     2357.000     2358.000     2359.000
  1160:     2360.000     2361.000     2362.000     2363.000     2364.000
  1165:     2365.000     2366.000     2367.000     2368.000     2369.000
  1170:     2370.000     2371.000     2372.000     2373.000     2374.000
  1175:     2375.000     2376.000     2377.000     2378.000     2379.000
  1180:     2380.000     2381.000     2382.000     2383.000     2384.000
  1185:     2385.000     2386.000     2387.000     2388.000     2389.000
  1190:     2390.000     2391.000     2392.000     2393.000     2394.000
  1195:     2395.000     2396.000     2397.000     2398.000     2399.000
  1200:     2400.000
N:
     0:     2700.000     2701.000     2702.000     2703.000     2704.000
     5:     2705.000     2706.000     2707.000     2708.000     2709.000
    10:     2710.000     2711.000     2712.000     2713.000     2714.000
    15:     2715.000     2716.000     2717.000     2718.000     2719.000
    20:     2720.000     2721.000     2722.000     2723.000     2724.000
    25:     2725.000     2726.000     2727.000     2728.000     2729.000
    30:     2730.000     2731.000     2732.000     2733.000     2734.000
    35:     2735.000     2736.000     2737.000     2738.000     2739.000
    40:     2740.000     2741.000     2742.000     2743.000     2744.000
    45:     2745.000     2746.000     2747.000     2748.000     2749.000
    50:     2750.000     2751.000     2752.000     2753.000     2754.000
    55:     2755.000     2756.000     2757.000     2758.000     2759.000
    60:     2760.000     2761.000     2762.000     2763.000     2764.000
    65:     2765.000     2766.000     2767.000     2768.000     2769.000
    70:     2770.000     2771.000     2772.000     2773.000     2774.000
    75:     2775.000     2776.000     2777.000     2778.000     2779.000
    80:     2780.000     2781.000     2782.000     2783.000     2784.000
    85:     2785.000     2786.000     2787.000     2788.000     2789.000
    90:     2790.000     2791.000     2792.000     2793.000     2794.000
    95:     2795.000     2796.000     2797.000     2798.000     2799.000
   100:     2800.000     2801.000     2802.000     2803.000     2804.000
   105:     2805.000     2806.000     2807.000     2808.000     2809.000
   110:     2810.000     2811.000     2812.000     2813.000     2814.000
   115:     2815.000     2816.000     2817.000     2818.000     2819.000
   120:     2820.000     2821.000     2822.000     2823.000     2824.000
   125:     2825.000     2826.000     2827.000     2828.000     2829.000
   130:     2830.000     2831.000     2832.000     2833.000     2834.000
   135:     2835.000     2836.000     2837.000     2838.000     2839.000
   140:     2840.000     2841.000     2842.000     2843.000     2844.000
   145:     2845.000     2846.000     2847.000     2848.000     2849.000
   150:     2850.000     2851.000     2852.000     2853.000     2854.000
   155:     2855.000     2856.000     2857.000     2858.000     2859.000
   160:     2860.000     2861.000     2862.000     2863.000     2864.000
   165:     2865.000     2866.000     2867.000     2868.000     2869.000
   170:     2870.000     2871.000     2872.000     2873.000     2874.000
   175:     2875.000     2876.000     2877.000     2878.000     2879.000
   180:     2880.000     2881.000     2882.000     2883.000     2884.000
   185:     2885.000     2886.000     2887.000     2888.000     2889.000
   190:     2890.000     2891.000     2892.000     2893.000     2894.000
   195:     2895.000     2896.000     2897.000     2898.000     2899.000
   200:     2900.000     2901.000     2902.000     2903.000     2904.000
   205:     2905.000     2906.000     2907.000     2908.000     2909.000
   210:     2910.000     2911.000     2912.000     2913.000     2914.000
   215:     2915.000     2916.000     2917.000     2918.000     2919.000
   220:     2920.000     2921.000     2922.000     2923.000     2924.000
   225:     2925.000     2926.000     2927.000     2928.000     2929.000
   230:     2930.000     2931.000     2932.000     2933.000     2934.000
   235:     2935.000     2936.000     2937.000     2938.000     2939.000
   240:     2940.000     2941.000     2942.000     2943.000     2944.000
   245:     2945.000     2946.000     2947.000     2948.000     2949.000
   250:     2950.000     2951.000     2952.000     2953.000     2954.000
   255:     2955.000     2956.000     2957.000     2958.000     2959.000
   260:     2960.000     2961.000     2962.000     2963.000     2964.000
   265:     2965.000     2966.000     2967.000     2968.000     2969.000
   270:     2970.000     2971.000     2972.000     2973.000     2974.000
   275:     2975.000     2976.000     2977.000     2978.000     2979.000
   280:     2980.000     2981.000     2982.000     2983.000     2984.000
   285:     2985.000     2986.000     2987.000     2988.000     2989.000
   290:     2990.000     2991.000     2992.000     2993.000     2994.000
   295:     2995.000     2996.000     2997.000     2998.000     2999.000
   300:     3000.000
R:
     0:      370.000       74.000       74.000
V:
     0:     1415.000     2967.000
W:
     0:     1415.000     2967.000
