File: C:\MED-PC IV\DATA\p004_s179_japede


Start Date: 12/26/17
End Date: 12/26/17
Subject: p004
Experiment: 0
Group: 0
Box: 7
Start Time: 17:25:16
End Time: 18:25:51
MSN: japede_L_135_135_135_R_27_27_27
B:       0.000
E:    4927.000
F:       0.000
G:       0.000
H:       0.000
I:       2.000
J:       2.000
K:       0.000
O:       0.000
P:       0.000
Q:       0.000
S:  360000.000
T:  360000.000
U:       0.000
X:       0.000
Y:       0.000
Z:       0.000
A:
     0:        0.010        0.250        0.220        0.230       98.120
     5:      118.120      150.120      179.120      231.120      269.120
    10:      292.120      317.120      326.120      617.120      763.130
    15:      859.120      892.120      917.120      943.120      971.120
    20:     1017.120     1039.120     1102.120     1122.120     1145.120
    25:     1168.120     1331.130     1428.120     1453.120     1473.120
    30:     1499.840     1562.120     1644.640     1644.320     1644.330
    35:     1644.350     1644.240     1644.130     1894.220     1894.230
    40:     1894.250     1894.340     2043.130     2129.120     2156.120
    45:     2240.130     2325.120     2348.120     2370.120     2392.120
    50:     2416.120     2489.120     2571.130     2678.120     2703.120
    55:     2727.120     2750.120     2848.130     2929.120     2953.120
    60:     2977.120     3007.120     3018.120     3121.130     3149.130
    65:     3175.130     3287.120     3312.120     3398.130     3513.120
    70:     3620.130     3700.120     3747.120     3775.120     3802.120
    75:     3876.130     3977.120     3998.120     4059.120     4162.130
    80:     4239.120     4265.120     4288.120     4317.120     4347.120
    85:     4423.130     4507.120     4530.120     4553.120     4605.120
    90:     4716.130     4794.120     4817.120     4903.130     4980.120
    95:     5003.120     5029.120     5063.120     5094.120     5174.130
   100:     5209.130     5277.120     5300.120     5326.120     5411.130
   105:     5493.120     5520.120     5544.120     5568.120     5646.130
   110:     5670.130     5698.130     5782.120     5806.120     5828.120
   115:     5853.120     5956.130     6033.120     6056.120     6087.120
   120:     6168.130     6245.120     6268.120     6293.120     6343.120
   125:     6427.130     6518.120     6542.120     6573.120     6600.120
   130:     6678.130     6758.120     6782.120     6839.120     6864.120
   135:     6894.120     6921.120     6996.130     7073.120     7097.120
   140:     7119.120     7253.130     7339.120     7362.120     7472.130
   145:     7545.120     7569.120     7603.120     7741.120     7764.120
   150:     7795.120     7820.120     7993.120     8016.120     8103.130
   155:     8182.120     8202.120     8227.120     8252.120     8277.120
   160:     8349.130     8437.130     8512.120     8532.120     8556.120
   165:     8626.130     8703.120     8728.120     8751.120     8865.130
   170:     8941.120     8961.120     8984.120     9007.120     9034.120
   175:     9131.130     9203.120     9226.120     9250.120     9324.130
   180:     9414.120     9437.120     9459.120     9484.120     9506.120
   185:     9584.130     9653.120     9747.130     9821.120     9845.120
   190:     9866.120     9894.840     9963.640     9963.320     9963.330
   195:     9963.350     9963.240     9963.130    10213.220    10213.230
   200:    10213.250    10213.340    10386.120    10408.120    10436.120
   205:    10489.120    10585.130    10664.120    10686.120    10710.120
   210:    10811.130    10890.120    10909.120    10936.120    11107.120
   215:    11128.120    11213.130    11232.130    11262.130    11344.120
   220:    11368.120    11436.130    11508.120    11532.120    11557.120
   225:    11644.130    11719.120    11740.120    11762.120    11833.130
   230:    11853.130    11921.120    12013.130    12037.130    12098.120
   235:    12122.120    12156.120    12179.120    12260.130    12328.120
   240:    12352.120    12380.120    12550.120    12575.120    12601.120
   245:    12627.120    12728.130    12810.120    12832.120    12854.120
   250:    12925.130    13000.120    13025.120    13048.120    13135.130
   255:    13198.120    13221.120    13243.120    13338.130    13411.120
   260:    13432.120    13526.130    13597.120    13619.120    13687.130
   265:    13788.120    13812.120    13881.130    13938.120    13959.120
   270:    13985.120    14038.130    14076.130    14157.120    14183.120
   275:    14220.120    14247.120    14341.130    14413.120    14448.120
   280:    14498.120    14518.120    14529.120    14610.130    14634.130
   285:    14690.120    14715.120    14780.130    14888.120    14926.120
   290:    14989.130    15034.130    15112.120    15138.120    15210.130
   295:    15313.840    15322.120    15344.120    15364.120    15398.120
   300:    15466.640    15466.320    15466.330    15466.350    15466.240
   305:    15466.130    15716.220    15716.230    15716.250    15716.340
   310:    15989.120    16015.120    16016.840    16087.120    16113.120
   315:    16200.640    16200.320    16200.330    16200.350    16200.240
   320:    16200.130    16450.220    16450.230    16450.250    16450.340
   325:    16584.130    16646.120    16720.130    16803.120    16825.120
   330:    16849.120    16876.120    16947.130    17024.120    17053.120
   335:    17183.130    17264.120    17287.120    17315.120    17388.130
   340:    17476.120    17498.120    17522.120    17623.130    17698.120
   345:    17720.120    17742.120    17765.120    17777.120    17847.130
   350:    17914.120    17934.120    17955.120    18023.130    18093.120
   355:    18227.130    18299.120    18321.120    18412.130    18480.120
   360:    18499.740    18504.540    18504.320    18504.330    18504.350
   365:    18504.240    18504.120    18754.220    18754.230    18754.250
   370:    18754.340    18852.130    18920.120    18942.120    19020.130
   375:    19067.130    19144.120    19168.120    19233.130    19303.120
   380:    19323.120    19344.120    19366.120    19435.130    19498.120
   385:    19542.120    19628.130    19702.120    19752.120    19826.130
   390:    19891.120    19921.120    19945.120    19950.840    20048.640
   395:    20048.320    20048.330    20048.350    20048.240    20048.130
   400:    20298.220    20298.230    20298.250    20298.340    20469.120
   405:    20487.120    20514.120    20594.130    20619.130    20679.120
   410:    20700.120    20733.120    20797.130    20861.120    20883.120
   415:    20907.120    20974.130    21048.120    21072.120    21099.120
   420:    21231.120    21409.120    21430.120    21475.120    21522.120
   425:    21549.120    21631.130    21705.120    21727.120    21753.120
   430:    21840.130    21961.120    22028.130    22104.120    22125.120
   435:    22158.120    22294.120    22313.120    22337.120    22510.120
   440:    22636.130    22706.120    22730.120    22752.120    22798.840
   445:    22819.640    22819.320    22819.330    22819.350    22819.240
   450:    22819.130    23069.220    23069.230    23069.250    23069.340
   455:    23179.130    23266.120    23378.130    23453.120    23474.120
   460:    23499.120    23590.130    23660.120    23686.120    23719.120
   465:    23948.120    23971.120    24042.130    24228.130    24295.120
   470:    24323.120    24435.130    24507.120    24527.120    24635.130
   475:    24707.120    24731.120    24764.120    24797.120    25058.130
   480:    25128.120    25152.120    25185.120    25258.130    25325.120
   485:    25348.120    25369.840    25369.120    25543.120    25571.120
   490:    25664.640    25664.320    25664.330    25664.350    25664.240
   495:    25664.130    25914.220    25914.230    25914.250    25914.340
   500:    26014.840    26021.640    26021.320    26021.330    26021.350
   505:    26021.240    26021.130    26271.220    26271.230    26271.250
   510:    26271.340    26359.130    26429.120    26453.120    26542.130
   515:    26612.120    26732.130    26796.120    26820.120    26930.130
   520:    27010.120    27031.120    27112.130    27179.120    27202.120
   525:    27307.130    27377.120    27402.120    27434.120    27524.130
   530:    27596.120    27618.120    27768.120    27791.120    27960.120
   535:    27984.120    28058.130    28247.130    28324.120    28347.120
   540:    28376.120    28478.130    28554.740    28567.540    28567.320
   545:    28567.330    28567.350    28567.240    28567.120    28817.220
   550:    28817.230    28817.250    28817.340    29180.130    29267.120
   555:    29289.120    29316.120    29344.120    29373.120    29522.120
   560:    29547.120    29643.130    29720.120    29747.120    29770.120
   565:    29836.130    29908.120    29929.120    30051.130    30242.130
   570:    30313.120    30346.120    30401.130    30476.120    30497.120
   575:    30586.130    30665.120    30689.120    30760.130    30840.120
   580:    30861.120    30938.130    31012.120    31038.120    31141.130
   585:    31212.120    31237.120    31419.120    31442.120    31468.120
   590:    31646.120    31670.120    31746.130    31828.120    31854.120
   595:    31957.130    32037.120    32132.130    32227.120    32247.120
   600:    32327.130    32405.120    32428.120    32691.130    32760.120
   605:    32787.120    32813.120    32883.130    32962.120    33055.130
   610:    33146.120    33317.120    33339.120    33365.120    33483.130
   615:    33550.120    33620.130    33671.840    33687.120    33708.120
   620:    33734.120    33839.640    33839.320    33839.330    33839.350
   625:    33839.240    33839.130    34089.220    34089.230    34089.250
   630:    34089.340    34189.840    34208.640    34208.320    34208.330
   635:    34208.350    34208.240    34208.130    34458.220    34458.230
   640:    34458.250    34458.340    34622.130    34697.120    34798.130
   645:    34879.120    34951.130    35038.120    35061.120    35129.130
   650:    35237.120    35259.120    35324.130    35404.120    35519.130
   655:    35598.120    35617.120    35775.120    35797.120    35880.130
   660:    35950.120    35968.120    36105.130    36176.120    36201.120
   665:    36270.130    36367.120    36442.130    36520.120    36548.120
   670:    36572.120    36662.130    36751.120    36758.840    36773.120
   675:    36922.120    36948.120    36974.120    37045.640    37045.320
   680:    37045.330    37045.350    37045.240    37045.130    37295.220
   685:    37295.230    37295.250    37295.340    37494.130    37572.120
   690:    37591.120    37612.120    37636.120    37695.840    37714.640
   695:    37714.320    37714.330    37714.350    37714.240    37714.130
   700:    37964.220    37964.230    37964.250    37964.340    38064.840
   705:    38075.640    38075.320    38075.330    38075.350    38075.240
   710:    38075.130    38325.220    38325.230    38325.250    38325.340
   715:    38394.130    38513.120    38525.840    38588.640    38588.320
   720:    38588.330    38588.350    38588.240    38588.130    38838.220
   725:    38838.230    38838.250    38838.340    38938.840    39035.640
   730:    39035.320    39035.330    39035.350    39035.240    39035.130
   735:    39285.220    39285.230    39285.250    39285.340    39408.130
   740:    39504.120    39527.120    39598.130    39652.130    39722.120
   745:    39846.130    39944.120    40007.130    40083.120    40107.120
   750:    40133.120    40158.120    40230.130    40305.120    40332.120
   755:    40399.130    40419.130    40477.120    40498.120    40588.130
   760:    40661.120    40766.130    40862.130    40931.120    41031.130
   765:    41167.130    41289.130    41360.120    41382.120    41469.130
   770:    41510.130    41576.120    41600.120    41626.120    41686.130
   775:    41762.120    41783.120    41785.840    41849.640    41849.320
   780:    41849.330    41849.350    41849.240    41849.130    42099.220
   785:    42099.230    42099.250    42099.340    42204.130    42275.120
   790:    42345.130    42445.120    42535.130    42606.120    42626.120
   795:    42697.130    42756.120    42786.120    42865.130    42981.120
   800:    43108.120    43131.120    43201.130    43265.120    43285.120
   805:    43381.130    43466.120    43562.130    43661.120    43754.130
   810:    43865.130    43922.120    43946.120    44023.130    44089.120
   815:    44110.120    44170.130    44306.130    44366.130    44442.120
   820:    44464.120    44654.120    44815.120    44836.120    44924.130
   825:    44990.120    45044.120    45135.130    45204.120    45277.130
   830:    45350.120    45372.120    45493.130    45560.120    45630.130
   835:    45782.130    45938.130    46005.120    46105.130    46193.130
   840:    46289.120    46317.120    46401.130    46466.120    46548.130
   845:    46614.120    46636.120    46736.130    46885.130    46971.120
   850:    47057.130    47235.130    47299.120    47322.120    47460.120
   855:    47482.120    47546.130    47725.130    47866.130    47987.130
   860:    48172.120    48228.130    48327.120    48386.130    48455.120
   865:    48522.130    48667.130    48832.130    48899.120    48922.120
   870:    48959.120    49118.120    49142.120    49259.130    49326.120
   875:    49347.120    49438.130    49507.120    49534.120    49592.130
   880:    49673.120    49697.120    49757.130    49820.120    49841.120
   885:    49865.120    50011.120    50034.120    50132.130    50287.130
   890:    50411.120    50478.130    50550.120    50575.120    50649.130
   895:    50838.130    50999.130    51144.130    51295.130    51472.130
   900:    51546.120    51574.120    51685.130    51823.130    51890.120
   905:    51911.120    52017.740    52076.130    52148.540    52148.320
   910:    52148.330    52148.350    52148.240    52148.120    52398.220
   915:    52398.230    52398.250    52398.340    52491.130    52572.120
   920:    52646.130    52698.740    52699.840    52740.540    52740.320
   925:    52740.330    52740.350    52740.240    52740.120    52990.220
   930:    52990.230    52990.250    52990.340    53151.640    53151.320
   935:    53151.330    53151.350    53151.240    53151.130    53401.220
   940:    53401.230    53401.250    53401.340    53511.130    53639.120
   945:    53716.130    53824.130    53938.120    54043.130    54128.120
   950:    54153.120    54246.130    54321.120    54347.120    54415.130
   955:    54494.120    54558.120    54617.130    54703.120    54821.130
   960:    54896.120    54983.130    55056.120    55083.120    55148.130
   965:    55359.130    55459.120    55535.130    55605.120    55633.120
   970:    55714.130    55846.130    55901.840    55950.120    56057.640
   975:    56057.320    56057.330    56057.350    56057.240    56057.130
   980:    56307.220    56307.230    56307.250    56307.340    56391.130
   985:    56549.130    56654.130    56726.120    56752.120    56814.130
   990:    56921.130    56936.130    57028.120    57059.120    57120.130
   995:    57199.120    57275.130    57377.130    57407.840    57572.640
  1000:    57572.320    57572.330    57572.350    57572.240    57572.130
  1005:    57822.220    57822.230    57822.250    57822.340    57922.130
  1010:    58014.120    58038.120    58137.130    58268.130    58384.130
  1015:    58452.120    58532.130    58622.120    58733.130    58808.120
  1020:    58832.120    58892.130    58975.120    59077.130    59175.120
  1025:    59265.130    59342.120    59444.130    59512.120    59539.120
  1030:    59646.130    59744.120    59869.130    59973.120    60055.130
  1035:    60128.120    60227.130    60297.120    60322.120    60387.130
  1040:    60487.120    60561.130    60654.130    60748.120    60825.130
  1045:    60921.120    60993.130    61067.120    61095.120    61122.840
  1050:    61195.640    61195.320    61195.330    61195.350    61195.240
  1055:    61195.130    61445.220    61445.230    61445.250    61445.340
  1060:    61593.130    61619.130    61776.130    61797.130    61900.130
  1065:    62025.120    62114.130    62154.130    62252.130    62319.120
  1070:    62344.120    62410.130    62488.120    62572.130    62715.130
  1075:    62785.120    62810.120    62893.130    62976.120    63004.120
  1080:    63104.130    63182.120    63208.120    63276.130    63478.130
  1085:    63565.120    63639.130    63753.120    63823.130    63935.120
  1090:    64001.130    64078.120    64108.120    64184.130    64308.130
  1095:    64491.130    64669.130    64802.130    64865.120    64891.120
  1100:    64971.130    65121.130    65189.120    65290.130    65649.130
  1105:    65744.120    65767.120    66013.130    66207.130    66276.120
  1110:    66380.130    66495.120    66522.120    66545.840    66587.640
  1115:    66587.320    66587.330    66587.350    66587.240    66587.130
  1120:    66837.220    66837.230    66837.250    66837.340    66913.130
  1125:    67011.120    67092.130    67137.840    67218.120    67306.640
  1130:    67306.320    67306.330    67306.350    67306.240    67306.130
  1135:    67556.220    67556.230    67556.250    67556.340    67642.130
  1140:    67743.120    67841.130    67972.130    68112.130    68186.120
  1145:    68314.130    68443.130    68623.130    68725.120    68797.130
  1150:    68856.840    68975.640    68975.320    68975.330    68975.350
  1155:    68975.240    68975.130    69225.220    69225.230    69225.250
  1160:    69225.340    69367.130    69396.130    69419.130    69518.120
  1165:    69541.120    69566.120    69646.130    69744.120    69769.120
  1170:    69835.130    70001.130    70130.130    70199.120    70224.120
  1175:    70262.120    70370.130    70453.120    70475.120    70538.130
  1180:    70697.130    70888.130    71052.130    71208.130    71371.130
  1185:    71524.130    71594.120    71618.120    71701.130    71828.130
  1190:    71892.120    71917.120    72238.130    72333.120    72358.120
  1195:    72434.130    72511.120    72536.120    72614.130    72625.840
  1200:    72692.120    72845.640    72845.320    72845.330    72845.350
  1205:    72845.240    72845.130    73095.220    73095.230    73095.250
  1210:    73095.340    73238.130    73323.120    73348.120    73408.130
  1215:    73516.130    73627.130    73723.120    73832.130    73913.120
  1220:    73940.120    74014.130    74143.130    74224.120    74330.130
  1225:    74487.130    74586.120    74611.120    74671.130    74807.130
  1230:    74876.120    74907.120    74989.130    75210.120    75291.130
  1235:    75424.130    75444.130    75517.120    75540.120    75695.840
  1240:    75784.640    75784.320    75784.330    75784.350    75784.240
  1245:    75784.130    76034.220    76034.230    76034.250    76034.340
  1250:    76145.130    76257.120    76283.120    76424.130    76434.840
  1255:    76482.640    76482.320    76482.330    76482.350    76482.240
  1260:    76482.130    76732.220    76732.230    76732.250    76732.340
  1265:    76821.130    76916.120    76946.120    76967.120    76986.120
  1270:    77021.120    77096.130    77125.130    77217.120    77242.120
  1275:    77332.130    77438.120    77518.130    77639.130    77724.120
  1280:    77747.120    77838.130    77944.120    78051.130    78149.130
  1285:    78226.120    78253.120    78343.130    78425.120    78531.130
  1290:    78588.130    78699.120    78802.130    78912.120    78935.120
  1295:    78964.120    79064.130    79150.120    79174.120    79264.130
  1300:    79381.120    79449.130    79538.120    79608.130    79736.130
  1305:    79900.130    79981.120    80095.130    80185.120    80214.120
  1310:    80282.130    80388.120    80460.130    80563.130    80744.130
  1315:    80830.120    80855.120    80948.130    81018.120    81042.120
  1320:    81116.130    81215.120    81240.120    81366.130    81456.120
  1325:    81555.130    81657.120    81738.130    81845.120    81955.130
  1330:    82032.120    82056.120    82137.130    82161.130    82230.120
  1335:    82257.120    82412.130    82520.120    82545.120    82620.130
  1340:    82650.130    82789.130    82869.120    82896.120    82962.130
  1345:    83035.120    83054.120    83122.130    83198.120    83225.120
  1350:    83333.130    83441.120    83509.130    83581.120    83606.120
  1355:    83701.130    83766.120    83799.120    83862.130    83931.120
  1360:    83959.120    84027.130    84099.130    84173.120    84250.130
  1365:    84325.120    84413.130    84488.120    84512.120    84620.130
  1370:    84839.130    84929.120    85014.130    85174.130    85271.120
  1375:    85385.130    85569.130    85648.120    85674.120    85824.120
  1380:    85849.120    85920.130    86003.120    86029.120    86132.130
  1385:    86209.120    86238.120    86314.130    86387.120    86411.120
  1390:    86491.130    86577.120    86600.120    86699.130    86969.120
  1395:    86994.120    87089.130    87182.120    87208.120    87288.130
  1400:    87389.120    87478.130    87707.130    87820.120    87967.120
  1405:    87993.120    88020.120    88093.130    88170.120    88277.130
  1410:    88346.120    88367.120    88463.130    88565.120    88659.130
  1415:    88719.120    88743.120    88814.130    88878.120    88912.120
  1420:    89077.120    89153.130    89181.130    89247.120    89272.120
  1425:    89340.130    89415.120    89442.120    89507.130    89575.120
  1430:    89604.120    89695.130    89862.130    90005.130    90110.130
  1435:    90215.120    90382.120    90445.130    90601.130    90697.120
  1440:    90796.130    90865.120    90972.130    91047.120    91157.130
  1445:    91225.120    91250.120    91346.130    91503.130    91603.120
  1450:    91697.130    91861.130    91957.120    92050.130    92204.130
  1455:    92285.120    92311.120    92459.120    92485.120    92652.120
  1460:    92681.120    92742.130    92876.130    93003.120    93080.130
  1465:    93268.130    93346.120    93525.130    93546.130    93614.120
  1470:    93645.120    93744.130    93818.120    93844.120    93929.130
  1475:    94051.120    94285.120    94313.120    94376.130    94471.120
  1480:    94497.120    94532.840    94559.640    94559.320    94559.330
  1485:    94559.350    94559.240    94559.130    94809.220    94809.230
  1490:    94809.250    94809.340    94917.130    94942.130    95134.130
  1495:    95221.120    95246.120    95323.130    95404.120    95484.130
  1500:    95569.120    95594.120    95670.130    95709.840    95761.120
  1505:    95786.120    95861.640    95861.320    95861.330    95861.350
  1510:    95861.240    95861.130    96111.220    96111.230    96111.250
  1515:    96111.340    96211.130    96306.120    96333.120    96447.130
  1520:    96558.130    96636.120    96712.130    96865.130    96945.120
  1525:    96969.120    97063.130    97146.120    97173.120    97290.740
  1530:    97361.540    97361.320    97361.330    97361.350    97361.240
  1535:    97361.120    97611.220    97611.230    97611.250    97611.340
  1540:    97711.740    97735.130    97761.130    97855.540    97855.320
  1545:    97855.330    97855.350    97855.240    97855.120    98105.220
  1550:    98105.230    98105.250    98105.340    98199.130    98229.130
  1555:    98326.120    98349.120    98434.130    98518.120    98591.130
  1560:    98666.120    98751.130    98918.130    98996.120    99071.130
  1565:    99157.120    99183.120    99283.130    99377.120    99398.120
  1570:    99502.130    99584.120    99612.120    99707.130    99776.120
  1575:    99890.130    99967.120    99992.120   100083.130   100162.120
  1580:   100185.120   100273.130   100352.120   100430.130   100589.130
  1585:   100671.120   100698.120   100711.840   100782.640   100782.320
  1590:   100782.330   100782.350   100782.240   100782.130   101032.220
  1595:   101032.230   101032.250   101032.340   101134.130   101212.120
  1600:   101232.840   101270.640   101270.320   101270.330   101270.350
  1605:   101270.240   101270.130   101520.220   101520.230   101520.250
  1610:   101520.340   101623.130   101699.120   101773.130   101819.130
  1615:   101886.120   101977.130   102073.130   102138.120   102168.120
  1620:   102220.840   102262.640   102262.320   102262.330   102262.350
  1625:   102262.240   102262.130   102512.220   102512.230   102512.250
  1630:   102512.340   102624.130   102735.120   102760.120   102827.130
  1635:   102935.120   102966.120   103032.130   103109.120   103132.120
  1640:   103225.130   103297.120   103375.130   103449.120   103526.130
  1645:   103597.120   103681.130   103758.120   103783.120   103851.130
  1650:   103928.120   103955.120   104059.130   104144.120   104168.120
  1655:   104265.130   104423.130   104522.120   104612.130   104694.120
  1660:   104722.120   104829.130   104937.120   105158.130   105239.120
  1665:   105267.120   105405.120   105437.120   105504.130   105561.130
  1670:   105631.120   105656.120   105754.130   105948.130   106052.120
  1675:   106231.120   106305.740   106342.130   106421.540   106421.320
  1680:   106421.330   106421.350   106421.240   106421.120   106671.220
  1685:   106671.230   106671.250   106671.340   106756.130   106898.130
  1690:   107083.130   107231.130   107403.130   107473.120   107500.120
  1695:   107608.130   107841.120   107901.130   107984.120   108008.120
  1700:   108130.130   108204.120   108296.130   108377.120   108402.120
  1705:   108499.130   108657.130   108761.120   108787.120   108976.130
  1710:   109045.120   109134.130   109337.130   109465.120   109533.130
  1715:   109639.120   109673.120   109733.130   109830.120   109857.120
  1720:   109918.130   110058.130   110164.130   110279.120   110306.120
  1725:   110369.130   110471.120   110540.130   110601.120   110798.120
  1730:   110891.130   111039.130   111113.120   111138.120   111215.130
  1735:   111337.120   111362.120   111422.130   111484.120   111513.120
  1740:   111584.130   111679.120   111808.120   111831.120   111927.130
  1745:   112005.120   112183.120   112213.120   112285.130   112351.120
  1750:   112374.120   112475.130   112583.120   112699.130   112712.840
  1755:   112774.120   112799.120   112882.640   112882.320   112882.330
  1760:   112882.350   112882.240   112882.130   113132.220   113132.230
  1765:   113132.250   113132.340   113213.130   113371.130   113522.130
  1770:   113617.120   113644.120   113709.130   113791.120   113818.120
  1775:   113893.130   114027.120   114122.130   114270.120   114298.120
  1780:   114400.130   114658.120   114687.120   114754.130   114834.120
  1785:   114955.130   115271.130   115383.120   115494.130   115650.130
  1790:   115730.120   115755.120   115846.130   115911.120   116272.120
  1795:   116340.130   116493.130   116561.120   116592.120   116686.130
  1800:   116922.130   117027.120   117052.120   117109.120   117136.120
  1805:   117281.130   117446.130   117607.130   117632.840   117692.120
  1810:   117717.120   117783.640   117783.320   117783.330   117783.350
  1815:   117783.240   117783.130   118033.220   118033.230   118033.250
  1820:   118033.340   118202.130   118322.120   118355.120   118458.130
  1825:   118646.130   118728.120   118755.120   118827.130   118886.130
  1830:   118948.120   118976.120   119056.130   119185.120   119278.130
  1835:   119379.120   119406.120   119489.130   119669.130   119759.120
  1840:   119786.120   119878.130   120052.130   120221.130   120409.130
  1845:   120568.130   120726.130   120733.840   120805.120   120832.120
  1850:   120911.640   120911.320   120911.330   120911.350   120911.240
  1855:   120911.130   121161.220   121161.230   121161.250   121161.340
  1860:   121252.130   121376.120   121401.120   121481.130   121583.120
  1865:   121649.130   121775.130   121851.120   121876.120   121952.130
  1870:   122025.120   122104.130   122270.130   122388.120   122414.120
  1875:   122479.130   122572.130   122693.120   122774.130   122973.120
  1880:   123047.130   123137.120   123159.120   123281.130   123356.120
  1885:   123381.120   123468.130   123654.130   123763.120   123844.130
  1890:   123924.120   123949.120   124039.130   124183.120   124251.130
  1895:   124330.120   124359.120   124452.130   124521.120   124548.120
  1900:   124641.130   124718.120   124799.130   124863.120   124961.840
  1905:   124973.640   124973.320   124973.330   124973.350   124973.240
  1910:   124973.130   125223.220   125223.230   125223.250   125223.340
  1915:   125299.130   125485.130   125563.120   125589.120   125653.130
  1920:   125750.120   125829.130   125918.120   125942.120   126028.130
  1925:   126131.120   126244.130   126423.840   126433.640   126433.320
  1930:   126433.330   126433.350   126433.240   126433.130   126571.740
  1935:   126683.220   126683.230   126683.250   126683.340   126794.130
  1940:   126874.540   126874.320   126874.330   126874.350   126874.240
  1945:   126874.120   127124.220   127124.230   127124.250   127124.340
  1950:   127226.130   127252.130   127352.120   127379.120   127473.130
  1955:   127604.130   127690.120   127716.120   127812.130   127990.130
  1960:   128172.130   128250.120   128324.130   128424.120   128505.130
  1965:   128583.120   128607.120   128699.130   128843.130   128965.130
  1970:   129046.120   129147.130   129432.130   129518.120   129538.120
  1975:   129629.130   129750.120   129845.130   129925.120   129949.120
  1980:   130014.130   130158.130   130234.120   130262.120   130430.130
  1985:   130567.130   130588.130   130653.120   130680.120   130852.120
  1990:   130930.130   131041.120   131068.120   131130.130   131208.120
  1995:   131234.120   131315.130   131395.120   131422.120   131483.130
  2000:   131566.120   131589.120   131658.130   131757.120   131846.130
  2005:   131966.130   132048.120   132133.130   132195.120   132221.120
  2010:   132299.130   132451.130   132528.120   132554.120   132623.130
  2015:   132719.120   132794.130   132863.120   132889.120   133137.130
  2020:   133240.120   133319.130   133473.130   133577.120   133641.130
  2025:   133748.120   133833.130   133909.120   134007.130   134117.120
  2030:   134181.130   134255.120   134334.130   134426.120   134586.120
  2035:   134611.120   134679.130   134790.120   134864.130   134966.130
  2040:   135038.120   135063.120   135162.130   135242.120   135274.120
  2045:   135440.120   135507.130   135615.120   135642.120   135841.120
  2050:   135918.130   136006.120   136033.120   136097.130   136178.120
  2055:   136202.120   136285.130   136334.130   136415.120   136439.120
  2060:   136500.130   136573.120   136676.130   136801.130   136879.120
  2065:   136905.120   136972.130   137101.130   137196.120   137373.130
  2070:   137565.130   137742.130   137935.130   138036.120   138116.130
  2075:   138195.120   138222.120   138362.120   138383.120   138471.130
  2080:   138578.120   138653.130   138789.130   138861.120   138882.120
  2085:   138972.130   139108.130   139215.120   139298.130   139385.120
  2090:   139471.130   139573.120   139746.120   139894.130   140025.120
  2095:   140052.120   140143.130   140290.130   140373.120   140459.130
  2100:   140573.130   140674.130   140773.120   140833.130   140883.840
  2105:   141034.120   141059.120   141124.640   141124.320   141124.330
  2110:   141124.350   141124.240   141124.130   141374.220   141374.230
  2115:   141374.250   141374.340   141454.130   141573.120   141595.120
  2120:   141623.120   141689.130   141809.120   141874.840   141915.640
  2125:   141915.320   141915.330   141915.350   141915.240   141915.130
  2130:   142165.220   142165.230   142165.250   142165.340   142266.130
  2135:   142291.130   142391.120   142460.130   142557.120   142583.120
  2140:   142728.120   142757.120   142818.130   142901.120   142926.120
  2145:   143146.130   143222.120   143248.120   143310.130   143457.130
  2150:   143533.120   143559.120   143655.130   143753.120   143816.130
  2155:   143905.120   143930.120   143996.130   144080.120   144107.120
  2160:   144201.130   144265.840   144330.640   144330.320   144330.330
  2165:   144330.350   144330.240   144330.130   144580.220   144580.230
  2170:   144580.250   144580.340   144690.130   144780.840   144808.120
  2175:   144873.640   144873.320   144873.330   144873.350   144873.240
  2180:   144873.130   145123.220   145123.230   145123.250   145123.340
  2185:   145216.130   145323.840   145328.640   145328.320   145328.330
  2190:   145328.350   145328.240   145328.130   145578.220   145578.230
  2195:   145578.250   145578.340   145668.130   145776.120   145800.120
  2200:   145884.130   145912.130   146022.130   146224.120   146305.130
  2205:   146343.130   146437.120   146508.130   146582.120   146659.130
  2210:   146735.120   146759.120   146826.130   146909.120   146932.120
  2215:   147040.130   147139.120   147206.130   147278.840   147284.120
  2220:   147309.120   147498.640   147498.320   147498.330   147498.350
  2225:   147498.240   147498.130   147748.220   147748.230   147748.250
  2230:   147748.340   147834.130   147848.840   147905.120   147999.640
  2235:   147999.320   147999.330   147999.350   147999.240   147999.130
  2240:   148249.220   148249.230   148249.250   148249.340   148348.130
  2245:   148433.120   148525.130   148621.130   148703.120   148728.120
  2250:   148820.130   148849.840   148939.640   148939.320   148939.330
  2255:   148939.350   148939.240   148939.130   149189.220   149189.230
  2260:   149189.250   149189.340   149260.130   149356.130   149454.130
  2265:   149533.120   149557.120   149649.130   149755.120   149784.120
  2270:   149853.130   149936.120   150012.130   150077.120   150104.120
  2275:   150164.130   150242.120   150314.130   150469.130   150661.130
  2280:   150742.120   150771.120   150840.130   151083.130   151204.130
  2285:   151284.120   151309.120   151403.130   151465.130   151527.120
  2290:   151605.130   151679.120   151709.120   151797.130   151898.130
  2295:   152005.120   152072.130   152150.120   152222.130   152308.120
  2300:   152334.120   152360.120   152602.120   152674.130   152759.130
  2305:   152856.120   152879.120   152965.130   153089.840   153099.640
  2310:   153099.320   153099.330   153099.350   153099.240   153099.130
  2315:   153349.220   153349.230   153349.250   153349.340   153446.130
  2320:   153530.120   153605.130   153743.130   153886.120   153949.840
  2325:   153962.640   153962.320   153962.330   153962.350   153962.240
  2330:   153962.130   154212.220   154212.230   154212.250   154212.340
  2335:   154312.130   154445.130   154524.120   154556.120   154623.130
  2340:   154732.120   154821.130   154917.130   154990.120   155061.130
  2345:   155142.120   155165.120   155279.130   155353.120   155378.120
  2350:   155472.130   155622.130   155700.130   155763.120   155787.120
  2355:   155851.130   156033.130   156123.120   156150.120   156243.130
  2360:   156323.120   156387.130   156478.120   156554.130   156709.130
  2365:   156841.130   157012.840   157056.640   157056.320   157056.330
  2370:   157056.350   157056.240   157056.130   157306.220   157306.230
  2375:   157306.250   157306.340   157423.130   157504.120   157530.120
  2380:   157592.130   157674.120   157839.130   157926.120   157952.120
  2385:   158016.130   158110.120   158133.120   158231.130   158364.130
  2390:   158436.120   158463.120   158595.130   158687.120   158709.120
  2395:   158778.130   158887.120   158945.130   159026.120   159057.120
  2400:   159118.130   159189.120   159216.120   159275.130   159375.120
  2405:   159446.130   159556.120   159636.130   159740.120   159803.130
  2410:   159928.130   160076.130   160239.130   160260.130   160331.120
  2415:   160355.120   160467.130   160581.120   160647.130   160744.130
  2420:   160899.130   160978.120   161002.120   161006.840   161092.640
  2425:   161092.320   161092.330   161092.350   161092.240   161092.130
  2430:   161342.220   161342.230   161342.250   161342.340   161438.130
  2435:   161463.130   161617.120   161684.130   161762.120   161839.130
  2440:   161963.130   162040.120   162129.130   162224.130   162287.120
  2445:   162311.120   162406.130   162488.120   162563.130   162641.120
  2450:   162667.120   162786.130   162867.120   162949.130   163042.840
  2455:   163072.640   163072.320   163072.330   163072.350   163072.240
  2460:   163072.130   163322.220   163322.230   163322.250   163322.340
  2465:   163442.130   163541.120   163566.120   163641.130   163716.120
  2470:   163722.840   163748.120   163813.640   163813.320   163813.330
  2475:   163813.350   163813.240   163813.130   164063.220   164063.230
  2480:   164063.250   164063.340   164171.130   164196.130   164266.120
  2485:   164295.120   164358.130   164436.120   164460.120   164533.130
  2490:   164619.120   164644.120   164707.130   164790.120   164817.120
  2495:   164909.130   164986.120   165062.130   165327.120   165420.130
  2500:   165496.120   165527.120   165614.130   165741.130   165837.120
  2505:   165947.130   166048.120   166121.130   166229.120   166385.120
  2510:   166464.130   166618.130   166700.120   166763.840   166804.640
  2515:   166804.320   166804.330   166804.350   166804.240   166804.130
  2520:   167054.220   167054.230   167054.250   167054.340   167142.130
  2525:   167216.120   167246.120   167326.130   167456.130   167558.130
  2530:   167635.120   167659.120   167755.130   167882.130   167957.130
  2535:   168060.120   168116.130   168194.120   168221.120   168248.120
  2540:   168357.130   168521.130   168638.120   168663.120   168732.130
  2545:   168841.120   168930.130   169020.120   169044.120   169133.130
  2550:   169286.130   169374.120   169399.120   169488.130   169581.130
  2555:   169909.130   170008.130   170154.840   170170.640   170170.320
  2560:   170170.330   170170.350   170170.240   170170.130   170420.220
  2565:   170420.230   170420.250   170420.340   170492.130   170657.130
  2570:   170742.120   170769.120   170888.130   170969.120   170994.120
  2575:   171076.130   171100.130   171288.120   171313.120   171384.130
  2580:   171484.130   171560.120   171583.120   171676.130   171850.130
  2585:   172020.130   172113.120   172187.130   172347.130   172493.130
  2590:   172564.120   172592.120   172749.120   172814.130   172927.120
  2595:   172989.130   173144.130   173243.120   173329.130   173434.120
  2600:   173506.130   173655.130   173739.120   173763.120   173790.120
  2605:   173870.130   174026.130   174107.120   174128.120   174307.120
  2610:   174373.130   174469.130   174683.130   174769.120   174845.130
  2615:   174950.120   175009.130   175106.120   175177.130   175251.120
  2620:   175273.120   175336.130   175463.130   175554.130   175733.130
  2625:   175812.120   175911.130   176058.130   176150.130   176255.120
  2630:   176378.130   176510.130   176666.130   176793.130   176824.740
  2635:   176871.540   176871.320   176871.330   176871.350   176871.240
  2640:   176871.120   177121.220   177121.230   177121.250   177121.340
  2645:   177239.130   177378.130   177454.120   177482.120   177567.130
  2650:   177647.120   177671.120   177736.130   177814.120   177839.120
  2655:   177929.130   178054.120   178226.120   178336.130   178492.130
  2660:   178568.120   178596.120   178710.130   178836.120   178921.740
  2665:   178928.130   179131.130   179288.130   179379.130   179477.540
  2670:   179477.320   179477.330   179477.350   179477.240   179477.120
  2675:   179727.220   179727.230   179727.250   179727.340   179863.130
  2680:   179990.120   180017.120   180108.130   180189.120   180212.120
  2685:   180276.130   180379.120   180404.120   180464.130   180624.130
  2690:   180700.120   180728.120   180829.130   180920.840   181023.640
  2695:   181023.320   181023.330   181023.350   181023.240   181023.130
  2700:   181273.220   181273.230   181273.250   181273.340   181395.130
  2705:   181527.120   181639.130   181736.130   181817.120   181845.120
  2710:   181938.130   182054.120   182130.130   182271.120   182365.130
  2715:   182522.130   182620.130   182700.120   182728.120   182792.130
  2720:   182857.120   182873.840   182883.120   182974.640   182974.320
  2725:   182974.330   182974.350   182974.240   182974.130   183224.220
  2730:   183224.230   183224.250   183224.340   183306.130   183335.130
  2735:   183531.130   183636.130   183827.130   183905.120   183996.130
  2740:   184077.120   184103.120   184182.130   184282.130   184469.130
  2745:   184524.840   184551.120   184577.120   184670.640   184670.320
  2750:   184670.330   184670.350   184670.240   184670.130   184920.220
  2755:   184920.230   184920.250   184920.340   185074.130   185155.120
  2760:   185181.120   185260.130   185350.130   185428.120   185457.120
  2765:   185484.120   185575.130   185719.130   185847.130   185925.120
  2770:   185950.120   186025.130   186105.120   186130.120   186220.840
  2775:   186225.640   186225.320   186225.330   186225.350   186225.240
  2780:   186225.130   186227.740   186475.220   186475.230   186475.250
  2785:   186475.340   186561.130   186642.540   186642.320   186642.330
  2790:   186642.350   186642.240   186642.120   186892.220   186892.230
  2795:   186892.250   186892.340   187007.130   187097.120   187124.120
  2800:   187175.840   187186.640   187186.320   187186.330   187186.350
  2805:   187186.240   187186.130   187436.220   187436.230   187436.250
  2810:   187436.340   187517.130   187620.120   187646.120   187733.130
  2815:   187819.120   187889.130   187936.840   187968.120   187992.740
  2820:   187992.120   188088.640   188088.320   188088.330   188088.350
  2825:   188088.240   188088.130   188338.220   188338.230   188338.250
  2830:   188338.340   188431.130   188453.130   188524.540   188524.320
  2835:   188524.330   188524.350   188524.240   188524.120   188774.220
  2840:   188774.230   188774.250   188774.340   188874.130   189000.120
  2845:   189077.130   189181.130   189303.130   189479.130   189629.130
  2850:   189711.120   189737.120   189925.120   189997.130   190092.120
  2855:   190116.120   190203.130   190284.120   190417.130   190519.120
  2860:   190580.130   190702.130   190776.120   190806.120   190899.130
  2865:   191021.120   191116.130   191195.120   191305.130   191491.130
  2870:   191674.130   191838.840   191863.640   191863.320   191863.330
  2875:   191863.350   191863.240   191863.130   192113.220   192113.230
  2880:   192113.250   192113.340   192224.130   192351.120   192377.120
  2885:   192438.130   192517.120   192619.130   192713.840   192718.640
  2890:   192718.320   192718.330   192718.350   192718.240   192718.130
  2895:   192968.220   192968.230   192968.250   192968.340   193051.130
  2900:   193158.120   193221.130   193317.130   193455.130   193533.120
  2905:   193560.120   193657.130   193732.120   193758.120   193883.130
  2910:   193987.120   194050.130   194131.120   194157.120   194251.130
  2915:   194417.130   194531.120   194620.130   194718.120   194795.130
  2920:   194876.120   194898.120   194968.130   195053.120   195082.120
  2925:   195143.130   195303.130   195409.120   195513.130   195665.130
  2930:   195801.130   195896.120   195972.130   196130.130   196228.130
  2935:   196302.120   196326.120   196368.840   196450.640   196450.320
  2940:   196450.330   196450.350   196450.240   196450.130   196700.220
  2945:   196700.230   196700.250   196700.340   196817.130   196965.130
  2950:   197086.120   197117.120   197180.130   197284.120   197348.130
  2955:   197667.130   197825.130   197987.130   198062.120   198088.120
  2960:   198189.130   198285.130   198405.120   198469.130   198608.130
  2965:   198698.130   198848.130   198960.120   199045.130   199129.120
  2970:   199153.120   199244.130   199324.120   199351.120   199410.130
  2975:   199541.130   199712.130   199865.130   199938.120   199964.120
  2980:   200023.130   200124.120   200214.130   200370.130   200374.740
  2985:   200487.540   200487.320   200487.330   200487.350   200487.240
  2990:   200487.120   200737.220   200737.230   200737.250   200737.340
  2995:   200841.130   201011.130   201199.130   201301.120   201328.120
  3000:   201473.120   201572.130   201729.130   201805.120   201827.120
  3005:   201923.130   202046.130   202142.130   202271.130   202384.130
  3010:   202625.120   202650.120   202755.130   202852.130   203014.120
  3015:   203142.130   203234.130   203348.120   203435.130   203508.120
  3020:   203533.120   203600.130   203688.120   203711.120   203803.130
  3025:   203905.130   203996.120   204095.130   204242.130   204349.130
  3030:   204453.120   204560.130   204644.120   204669.120   204772.130
  3035:   204852.120   204973.130   205053.120   205076.120   205171.130
  3040:   205286.120   205351.130   205494.130   205793.130   205876.120
  3045:   205899.120   205969.130   206100.130   206200.840   206218.640
  3050:   206218.320   206218.330   206218.350   206218.240   206218.130
  3055:   206468.220   206468.230   206468.250   206468.340   206540.130
  3060:   206631.120   206657.120   206736.130   206816.120   206841.120
  3065:   206909.130   207036.120   207107.130   207189.120   207219.120
  3070:   207237.740   207254.540   207254.320   207254.330   207254.350
  3075:   207254.240   207254.120   207468.840   207504.220   207504.230
  3080:   207504.250   207504.340   207599.640   207599.320   207599.330
  3085:   207599.350   207599.240   207599.130   207849.220   207849.230
  3090:   207849.250   207849.340   207941.130   208041.120   208127.130
  3095:   208220.130   208316.120   208414.130   208502.120   208528.120
  3100:   208549.840   208748.640   208748.320   208748.330   208748.350
  3105:   208748.240   208748.130   208998.220   208998.230   208998.250
  3110:   208998.340   209070.130   209181.120   209210.120   209311.130
  3115:   209402.120   209430.120   209550.130   209657.120   209767.130
  3120:   209862.130   210031.130   210137.120   210169.120   210283.130
  3125:   210385.130   210484.130   210588.120   210680.130   210836.130
  3130:   210924.130   211008.120   211031.120   211092.130   211188.130
  3135:   211360.120   211436.130   211526.120   211552.120   211645.130
  3140:   211760.120   211989.120   212014.120   212116.130   212211.120
  3145:   212235.120   212316.130   212427.120   212530.130   212619.120
  3150:   212644.120   212720.130   212876.130   213049.130   213126.120
  3155:   213151.120   213289.130   213382.120   213410.120   213498.130
  3160:   213666.130   213765.120   213851.130   214001.130   214103.120
  3165:   214344.130   214428.120   214450.120   214529.130   214648.120
  3170:   214742.130   214851.120   214974.130   215052.120   215078.120
  3175:   215314.130   215432.120   215503.130   215581.120   215606.120
  3180:   215669.130   215792.130   215938.130   216034.120   216214.120
  3185:   216300.130   216511.130   216598.840   216609.640   216609.320
  3190:   216609.330   216609.350   216609.240   216609.130   216859.220
  3195:   216859.230   216859.250   216859.340   216945.130   216969.130
  3200:   217075.120   217103.120   217192.130   217273.120   217299.120
  3205:   217359.130   217450.120   217474.120   217594.130   217719.130
  3210:   217844.130   217934.130   218046.120   218186.130   218263.120
  3215:   218292.120   218421.120   218541.130   218639.120   218753.130
  3220:   218862.120   218962.130   219036.120   219062.120   219127.130
  3225:   219220.130   219310.120   219381.130   219457.120   219689.120
  3230:   219850.120   219878.120   219964.130   220043.120   220067.120
  3235:   220145.130   220221.120   220247.120   220480.130   220578.130
  3240:   220645.120   220725.130   220791.120   220918.130   221009.120
  3245:   221095.130   221263.130   221380.130   221535.130   221656.130
  3250:   221733.120   221839.130   221929.130   222116.130   222282.130
  3255:   222405.130   222546.130   222625.120   222650.120   222722.130
  3260:   222853.130   222859.840   223039.640   223039.320   223039.330
  3265:   223039.350   223039.240   223039.130   223289.220   223289.230
  3270:   223289.250   223289.340   223365.130   223577.130   223704.130
  3275:   223819.120   223931.130   224048.120   224104.740   224145.130
  3280:   224274.130   224293.130   224386.540   224386.320   224386.330
  3285:   224386.350   224386.240   224386.120   224636.220   224636.230
  3290:   224636.250   224636.340   224734.130   224965.130   225046.120
  3295:   225072.120   225163.130   225269.130   225337.120   225365.120
  3300:   225446.130   225559.120   225649.130   225869.130   225979.120
  3305:   226053.130   226217.130   226309.130   226408.120   226438.120
  3310:   226500.130   226715.130   226789.840   226796.120   226823.120
  3315:   226915.640   226915.320   226915.330   226915.350   226915.240
  3320:   226915.130   227165.220   227165.230   227165.250   227165.340
  3325:   227234.130   227336.120   227362.120   227388.120   227456.130
  3330:   227562.120   227659.130   227730.120   227755.120   227854.130
  3335:   227933.120   227958.120   228036.130   228137.130   228231.120
  3340:   228261.120   228322.130   228365.840   228484.640   228484.320
  3345:   228484.330   228484.350   228484.240   228484.130   228734.220
  3350:   228734.230   228734.250   228734.340   228821.130   228898.120
  3355:   228926.120   228987.130   229141.130   229265.130   229425.130
  3360:   229434.840   229549.640   229549.320   229549.330   229549.350
  3365:   229549.240   229549.130   229799.220   229799.230   229799.250
  3370:   229799.340   229882.130   229988.120   229999.840   230013.120
  3375:   230044.120   230122.640   230122.320   230122.330   230122.350
  3380:   230122.240   230122.130   230372.220   230372.230   230372.250
  3385:   230372.340   230452.130   230561.120   230586.120   230654.130
  3390:   230769.120   230800.120   230872.130   230975.120   231081.130
  3395:   231156.120   231182.120   231271.130   231474.130   231579.130
  3400:   231708.120   231880.120   231908.120   231969.130   232054.120
  3405:   232078.120   232166.130   232252.120   232275.120   232365.130
  3410:   232533.130   232684.130   232766.120   232795.120   232873.130
  3415:   232970.120   233000.120   233089.130   233228.130   233385.130
  3420:   233537.130   233643.120   233730.130   233807.120   233840.120
  3425:   233900.130   234063.130   234156.130   234338.130   234433.130
  3430:   234697.120   234721.120   234891.120   234914.120   234976.130
  3435:   235150.130   235259.120   235349.130   235441.120   235653.130
  3440:   235821.130   235917.120   236001.130   236102.130   236239.130
  3445:   236356.120   236419.130   236597.130   236713.120   236894.120
  3450:   236921.120   237007.130   237102.130   237166.120   237191.120
  3455:   237451.130   237537.120   237618.130   237700.120   237723.120
  3460:   237787.130   237864.120   238038.120   238063.120   238162.130
  3465:   238274.120   238336.130   238441.130   238532.130   238696.130
  3470:   238871.130   238957.120   238983.120   239067.130   239144.130
  3475:   239217.120   239348.130   239451.120   239532.130   239681.130
  3480:   239788.130   239915.130   239997.120   240087.130   240184.130
  3485:   240255.120   240278.120   240310.120   240638.120   240744.130
  3490:   240830.130   240917.120   240942.120   241036.130   241184.130
  3495:   241264.120   241292.120   241364.130   241450.120   241545.130
  3500:   241684.130   241868.130   241945.120   241970.120   242109.130
  3505:   242292.130   242372.840   242380.120   242436.740   242450.640
  3510:   242450.320   242450.330   242450.350   242450.240   242450.130
  3515:   242700.220   242700.230   242700.250   242700.340   242761.130
  3520:   242828.540   242828.320   242828.330   242828.350   242828.240
  3525:   242828.120   243078.220   243078.230   243078.250   243078.340
  3530:   243145.130   243169.130   243295.120   243358.130   243517.130
  3535:   243644.130   243886.130   243900.840   243983.640   243983.320
  3540:   243983.330   243983.350   243983.240   243983.130   244233.220
  3545:   244233.230   244233.250   244233.340   244311.130   244442.120
  3550:   244468.120   244546.130   244607.130   244683.120   244712.120
  3555:   244785.130   244903.120   245014.130   245142.120   245216.130
  3560:   245307.120   245334.120   245423.130   245552.130   245716.130
  3565:   245839.130   245921.120   245944.120   246022.130   246166.130
  3570:   246265.120   246290.120   246377.130   246455.120   246481.120
  3575:   246553.130   246641.120   246666.120   246733.130   246826.130
  3580:   246902.120   246979.130   247199.120   247450.130   247540.130
  3585:   247609.120   247718.130   248004.130   248080.120   248303.130
  3590:   248437.130   248557.120   248649.130   248928.130   249033.840
  3595:   249259.640   249259.320   249259.330   249259.350   249259.240
  3600:   249259.130   249509.220   249509.230   249509.250   249509.340
  3605:   249587.130   249622.130   249709.840   249819.640   249819.320
  3610:   249819.330   249819.350   249819.240   249819.130   250069.220
  3615:   250069.230   250069.250   250069.340   250168.130   250254.120
  3620:   250284.120   250374.130   250470.130   250628.130   250726.120
  3625:   250751.120   250852.130   250978.740   250978.120   251250.130
  3630:   251348.130   251441.130   251614.130   251667.130   251803.130
  3635:   252004.130   252083.540   252083.320   252083.330   252083.350
  3640:   252083.240   252083.120   252333.220   252333.230   252333.250
  3645:   252333.340   252439.130   252463.130   252625.130   252786.130
  3650:   252923.130   252946.130   253038.120   253069.840   253115.640
  3655:   253115.320   253115.330   253115.350   253115.240   253115.130
  3660:   253365.220   253365.230   253365.250   253365.340   253457.130
  3665:   253556.120   253625.130   253717.130   253840.130   253992.130
  3670:   254440.130   254565.840   254625.640   254625.320   254625.330
  3675:   254625.350   254625.240   254625.130   254875.220   254875.230
  3680:   254875.250   254875.340   254948.130   254970.130   255078.130
  3685:   255169.130   255268.120   255361.130   255535.130   255692.130
  3690:   255777.120   255800.120   255991.120   256243.120   256327.130
  3695:   256375.840   256410.120   256437.120   256534.640   256534.320
  3700:   256534.330   256534.350   256534.240   256534.130   256784.220
  3705:   256784.230   256784.250   256784.340   256865.130   256965.120
  3710:   257044.130   257207.130   257313.130   257384.840   257440.640
  3715:   257440.320   257440.330   257440.350   257440.240   257440.130
  3720:   257690.220   257690.230   257690.250   257690.340   257775.130
  3725:   257881.130   257904.130   257991.120   258020.120   258086.130
  3730:   258256.130   258334.120   258361.120   258390.840   258438.640
  3735:   258438.320   258438.330   258438.350   258438.240   258438.130
  3740:   258688.220   258688.230   258688.250   258688.340   258763.130
  3745:   258858.130   258936.120   259050.130   259181.130   259315.120
  3750:   259416.130   259511.120   259540.120   259633.130   259770.130
  3755:   259842.120   259867.120   259938.130   260168.130   260332.130
  3760:   260388.840   260426.120   260500.640   260500.320   260500.330
  3765:   260500.350   260500.240   260500.130   260750.220   260750.230
  3770:   260750.250   260750.340   260845.130   260954.120   261134.120
  3775:   261203.130   261458.130   261550.840   261579.120   261635.640
  3780:   261635.320   261635.330   261635.350   261635.240   261635.130
  3785:   261885.220   261885.230   261885.250   261885.340   261961.130
  3790:   262027.120   262053.120   262114.130   262205.130   262319.130
  3795:   262397.120   262423.120   262479.130   262619.130   262759.130
  3800:   262967.120   262989.120   263123.120   263143.120   263217.130
  3805:   263341.130   263430.130   263514.120   263602.130   263745.130
  3810:   263915.130   263987.120   264172.120   264266.130   264285.840
  3815:   264438.640   264438.320   264438.330   264438.350   264438.240
  3820:   264438.130   264688.220   264688.230   264688.250   264688.340
  3825:   264760.130   264852.120   264874.120   264950.130   265038.120
  3830:   265060.120   265138.130   265227.120   265304.130   265454.130
  3835:   265552.120   265588.840   265661.640   265661.320   265661.330
  3840:   265661.350   265661.240   265661.130   265911.220   265911.230
  3845:   265911.250   265911.340   265975.130   266122.130   266223.120
  3850:   266305.130   266400.120   266487.130   266567.120   266594.120
  3855:   266833.130   266928.120   267103.130   267181.120   267204.120
  3860:   267276.130   267352.130   267444.120   267526.130   267665.130
  3865:   267779.130   267856.120   267878.120   267957.130   268098.130
  3870:   268206.130   268277.120   268298.120   268395.130   268475.130
  3875:   268564.130   268656.120   268684.120   268738.130   268781.130
  3880:   268974.120   269000.120   269069.130   269234.130   269411.840
  3885:   269419.640   269419.320   269419.330   269419.350   269419.240
  3890:   269419.130   269669.220   269669.230   269669.250   269669.340
  3895:   269742.130   269888.130   270010.130   270119.120   270211.130
  3900:   270281.120   270305.120   270406.130   270498.130   270645.130
  3905:   270781.130   270903.120   270993.130   271254.120   271279.120
  3910:   271469.840   271547.640   271547.320   271547.330   271547.350
  3915:   271547.240   271547.130   271797.220   271797.230   271797.250
  3920:   271797.340   271863.130   272041.130   272148.120   272229.130
  3925:   272344.130   272478.130   272639.130   272799.130   272882.120
  3930:   273122.130   273342.130   273517.130   273690.130   273774.130
  3935:   273969.130   274321.130   274409.120   274430.120   274600.130
  3940:   274705.130   274897.840   275065.120   275130.640   275130.320
  3945:   275130.330   275130.350   275130.240   275130.130   275380.220
  3950:   275380.230   275380.250   275380.340   275472.130   275615.130
  3955:   275690.120   275711.120   275794.130   275903.130   275980.120
  3960:   276055.130   276149.120   276239.130   276333.130   276407.120
  3965:   276525.130   276640.120   276808.120   276836.120   276910.130
  3970:   277080.840   277086.640   277086.320   277086.330   277086.350
  3975:   277086.240   277086.130   277336.220   277336.230   277336.250
  3980:   277336.340   277410.130   277436.840   277491.120   277564.640
  3985:   277564.320   277564.330   277564.350   277564.240   277564.130
  3990:   277814.220   277814.230   277814.250   277814.340   277905.130
  3995:   277997.120   278020.120   278104.130   278209.120   278277.130
  4000:   278369.130   278537.130   278698.130   278771.120   278795.120
  4005:   278870.130   278959.130   279069.130   279208.120   279239.120
  4010:   279321.130   279404.120   279429.120   279509.130   279597.130
  4015:   279815.120   279909.130   279961.130   280052.130   280130.120
  4020:   280413.130   280513.120   280586.130   280729.130   280800.120
  4025:   280820.120   280905.130   280986.130   281150.130   281238.130
  4030:   281347.130   281558.130   281627.120   281650.120   281735.130
  4035:   281823.130   281920.120   281992.130   282080.130   282194.130
  4040:   282342.130   282416.120   282442.120   282468.120   282555.130
  4045:   282715.130   282859.130   282934.120   283126.120   283290.120
  4050:   283361.130   283447.130   283545.120   283613.130   283720.130
  4055:   283847.130   283942.120   284060.130   284114.840   284233.740
  4060:   284342.540   284342.320   284342.330   284342.350   284342.240
  4065:   284342.120   284592.220   284592.230   284592.250   284592.340
  4070:   284664.640   284664.320   284664.330   284664.350   284664.240
  4075:   284664.130   284914.220   284914.230   284914.250   284914.340
  4080:   285133.130   285301.130   285414.840   285450.640   285450.320
  4085:   285450.330   285450.350   285450.240   285450.130   285700.220
  4090:   285700.230   285700.250   285700.340   285775.130   285800.840
  4095:   285861.120   285886.120   285946.640   285946.320   285946.330
  4100:   285946.350   285946.240   285946.130   286196.220   286196.230
  4105:   286196.250   286196.340   286255.130   286296.840   286402.640
  4110:   286402.320   286402.330   286402.350   286402.240   286402.130
  4115:   286652.220   286652.230   286652.250   286652.340   286759.130
  4120:   286808.130   287034.130   287119.120   287321.130   287415.130
  4125:   287594.120   287670.130   287778.120   287804.120   287882.130
  4130:   288065.130   288341.130   288526.130   288592.740   288637.130
  4135:   288779.130   288887.130   288979.540   288979.320   288979.330
  4140:   288979.350   288979.240   288979.120   289229.220   289229.230
  4145:   289229.250   289229.340   289321.130   289491.130   289625.130
  4150:   289775.130   289852.840   289891.640   289891.320   289891.330
  4155:   289891.350   289891.240   289891.130   290141.220   290141.230
  4160:   290141.250   290141.340   290219.130   290323.130   290445.130
  4165:   290589.130   290684.120   290709.120   290762.130   290874.130
  4170:   290970.120   291069.130   291182.120   291241.840   291269.640
  4175:   291269.320   291269.330   291269.350   291269.240   291269.130
  4180:   291519.220   291519.230   291519.250   291519.340   291603.130
  4185:   291955.130   292064.130   292324.130   292505.130   292661.130
  4190:   292769.120   292886.130   292958.120   293093.130   293195.120
  4195:   293219.120   293304.130   293397.130   293508.130   293647.130
  4200:   293901.120   293921.120   294116.130   294229.130   294311.120
  4205:   294372.130   294520.130   294616.130   294770.130   295006.130
  4210:   295096.120   295198.130   295455.130   295690.120   295713.120
  4215:   295841.130   296115.130   296188.120   296212.120   296308.130
  4220:   296370.120   296394.120   296513.130   296660.130   296858.130
  4225:   296923.120   297029.130   297227.130   297419.130   297516.120
  4230:   297670.120   297696.120   297800.130   297884.120   297905.120
  4235:   297987.130   298083.120   298168.130   298317.130   298387.130
  4240:   298590.120   298708.130   298844.130   298922.120   298955.120
  4245:   299025.130   299189.130   299283.120   299373.130   299490.130
  4250:   299575.130   299684.130   299772.120   299795.120   299854.130
  4255:   299949.120   300028.130   300099.120   300318.130   300419.840
  4260:   300459.120   300533.640   300533.320   300533.330   300533.350
  4265:   300533.240   300533.130   300783.220   300783.230   300783.250
  4270:   300783.340   300853.130   300941.120   301045.130   301198.130
  4275:   301274.120   301300.120   301355.130   301516.130   301764.120
  4280:   301844.130   301929.130   302092.130   302404.130   302506.120
  4285:   302598.130   302683.840   302837.640   302837.320   302837.330
  4290:   302837.350   302837.240   302837.130   303087.220   303087.230
  4295:   303087.250   303087.340   303304.130   303382.120   303403.120
  4300:   303598.130   303749.130   303835.120   303861.120   304015.130
  4305:   304174.130   304295.130   304398.120   304618.130   304739.130
  4310:   304864.130   304993.130   305289.130   305617.130   305692.120
  4315:   305953.130   306054.120   306124.130   306583.130   306734.130
  4320:   306832.130   306951.130   306999.130   307139.130   307260.120
  4325:   307287.840   307348.640   307348.320   307348.330   307348.350
  4330:   307348.240   307348.130   307598.220   307598.230   307598.250
  4335:   307598.340   307726.130   307829.120   307910.130   307999.120
  4340:   308076.130   308196.130   308408.130   308485.120   308513.120
  4345:   308614.130   308705.130   308798.840   308836.640   308836.320
  4350:   308836.330   308836.350   308836.240   308836.130   309086.220
  4355:   309086.230   309086.250   309086.340   309148.130   309267.120
  4360:   309352.130   309503.130   309627.130   309770.130   309920.130
  4365:   310212.130   310346.130   310468.130   310627.130   310722.120
  4370:   310795.130   310948.130   311172.130   311240.120   311339.130
  4375:   311437.130   311609.130   311762.130   311888.120   311964.130
  4380:   312072.120   312157.130   312306.130   312556.130   312875.120
  4385:   312966.130   313065.120   313139.130   313229.740   313447.130
  4390:   313578.130   313680.540   313680.320   313680.330   313680.350
  4395:   313680.240   313680.120   313930.220   313930.230   313930.250
  4400:   313930.340   314026.130   314126.120   314204.130   314366.130
  4405:   314466.130   314748.130   314820.120   314919.130   315153.120
  4410:   315175.120   315230.740   315236.130   315320.130   315416.130
  4415:   315598.130   315671.540   315671.320   315671.330   315671.350
  4420:   315671.240   315671.120   315921.220   315921.230   315921.250
  4425:   315921.340   316003.130   316190.130   316291.130   316447.130
  4430:   316559.120   316752.120   316815.130   316988.130   317100.120
  4435:   317174.130   317275.130   317449.130   317566.120   317638.130
  4440:   317878.130   317978.130   318069.130   318183.120   318257.130
  4445:   318386.840   318399.640   318399.320   318399.330   318399.350
  4450:   318399.240   318399.130   318649.220   318649.230   318649.250
  4455:   318649.340   318770.130   318866.120   318892.120   318962.130
  4460:   319059.130   319232.130   319336.130   319575.130   319852.130
  4465:   320097.120   320124.120   320155.120   320224.130   320345.130
  4470:   320449.840   320500.640   320500.320   320500.330   320500.350
  4475:   320500.240   320500.130   320750.220   320750.230   320750.250
  4480:   320750.340   320838.130   320941.130   321031.120   321055.120
  4485:   321150.840   321341.640   321341.320   321341.330   321341.350
  4490:   321341.240   321341.130   321591.220   321591.230   321591.250
  4495:   321591.340   321691.130   321779.120   321867.130   321963.120
  4500:   321990.120   322149.120   322414.130   322516.130   322688.130
  4505:   322790.130   322890.130   322979.120   323099.130   323144.130
  4510:   323212.120   323290.130   323432.130   323520.120   323549.120
  4515:   323617.130   324003.130   324084.130   324226.130   324375.130
  4520:   324571.130   324828.120   324846.120   325073.120   325161.130
  4525:   325261.130   325384.130   325500.130   325643.120   325733.130
  4530:   325858.130   325993.120   326081.130   326255.130   326337.120
  4535:   326364.120   326391.840   326392.120   326479.640   326479.320
  4540:   326479.330   326479.350   326479.240   326479.130   326729.220
  4545:   326729.230   326729.250   326729.340   326852.130   327003.130
  4550:   327181.130   327331.130   327414.120   327440.120   327518.130
  4555:   327630.130   327775.130   327935.130   328031.130   328127.120
  4560:   328211.130   328322.120   328433.130   328556.130   328637.120
  4565:   328717.130   328802.120   328884.130   329009.130   329088.120
  4570:   329311.120   329379.130   329467.130   329562.130   329665.120
  4575:   329891.130   329955.130   330113.130   330328.130   330412.120
  4580:   330501.130   330653.130   330830.130   330920.130   331041.120
  4585:   331101.130   331197.120   331287.130   331580.120   331846.130
  4590:   332001.130   332088.120   332109.120   332200.130   332322.130
  4595:   332429.840   332536.120   332562.120   332639.640   332639.320
  4600:   332639.330   332639.350   332639.240   332639.130   332889.220
  4605:   332889.230   332889.250   332889.340   332980.130   333164.130
  4610:   333325.130   333840.130   333922.120   333950.120   334060.130
  4615:   334100.130   334189.130   334284.120   334360.130   334467.120
  4620:   334532.130   334616.120   334641.120   334715.130   334868.130
  4625:   334952.120   334975.120   335053.130   335213.130   335287.120
  4630:   335440.130   335618.120   335693.130   335812.120   335897.130
  4635:   335977.120   336003.120   336109.130   336214.120   336279.130
  4640:   336476.130   336641.120   336919.130   337030.120   337135.130
  4645:   337262.130   337386.130   337712.130   337823.130   337947.130
  4650:   338045.120   338068.120   338143.130   338276.130   338399.130
  4655:   338556.130   338671.120   338739.130   338815.120   338841.120
  4660:   338865.120   338961.130   339087.120   339199.130   339290.120
  4665:   339315.120   339395.130   339522.130   339754.120   339989.840
  4670:   340124.120   340200.640   340200.320   340200.330   340200.350
  4675:   340200.240   340200.130   340450.220   340450.230   340450.250
  4680:   340450.340   340597.120   340668.130   340751.120   340776.120
  4685:   340871.130   340979.120   341011.120   341201.120   341288.130
  4690:   341379.130   341472.120   341498.120   341590.130   341846.130
  4695:   342040.130   342141.130   342223.120   342250.120   342331.130
  4700:   342432.130   342450.840   342624.640   342624.320   342624.330
  4705:   342624.350   342624.240   342624.130   342874.220   342874.230
  4710:   342874.250   342874.340   342942.130   343096.130   343252.130
  4715:   343403.130   343475.120   343593.130   343683.130   343808.130
  4720:   343920.120   344009.130   344126.130   344299.130   344385.120
  4725:   344413.120   344443.120   344506.130   344595.120   344621.120
  4730:   344697.130   344816.120   344880.130   345002.120   345089.130
  4735:   345251.130   345414.130   345496.120   345526.120   345574.840
  4740:   345729.640   345729.320   345729.330   345729.350   345729.240
  4745:   345729.130   345979.220   345979.230   345979.250   345979.340
  4750:   346072.130   346177.120   346200.120   346291.130   346465.130
  4755:   346567.120   346643.130   346725.120   346753.120   346852.130
  4760:   347015.130   347240.130   347343.120   347370.120   347436.130
  4765:   347518.120   347545.120   347652.130   347759.120   347853.130
  4770:   348011.130   348083.120   348110.120   348252.130   348331.120
  4775:   348359.120   348449.130   348576.130   348708.130   348795.120
  4780:   348825.120   348914.130   349001.130   349118.120   349210.130
  4785:   349328.120   349612.130   349727.130   349810.120   349891.130
  4790:   350014.130   350112.130   350207.120   350276.130   350452.130
  4795:   350503.130   350590.130   350695.120   350719.120   350780.130
  4800:   351062.120   351149.130   351279.840   351307.640   351307.320
  4805:   351307.330   351307.350   351307.240   351307.130   351557.220
  4810:   351557.230   351557.250   351557.340   351638.130   351750.120
  4815:   351874.130   351957.120   351986.120   352077.130   352190.130
  4820:   352263.120   352345.130   352438.120   352680.120   352747.130
  4825:   352847.120   352857.840   352907.640   352907.320   352907.330
  4830:   352907.350   352907.240   352907.130   353157.220   353157.230
  4835:   353157.250   353157.340   353252.130   353345.130   353506.130
  4840:   353627.130   353744.120   353821.740   353829.130   353857.840
  4845:   353915.540   353915.320   353915.330   353915.350   353915.240
  4850:   353915.120   354165.220   354165.230   354165.250   354165.340
  4855:   354261.640   354261.320   354261.330   354261.350   354261.240
  4860:   354261.130   354511.220   354511.230   354511.250   354511.340
  4865:   354611.130   354745.120   354820.130   354882.130   354959.120
  4870:   355033.130   355183.130   355355.130   355538.130   355650.120
  4875:   355759.130   355843.120   355872.120   356039.130   356139.130
  4880:   356256.120   356525.130   356677.130   356753.130   356849.120
  4885:   356877.120   356969.130   357078.120   357149.130   357228.120
  4890:   357256.120   357328.130   357418.120   357443.120   357550.130
  4895:   357632.120   357659.120   357737.130   357784.130   358044.130
  4900:   358124.120   358148.120   358257.130   358370.130   358526.130
  4905:   358611.120   358636.120   358717.130   358846.130   358996.130
  4910:   359089.120   359114.120   359211.130   359309.120   359401.130
  4915:   359494.120   359522.120   359610.130   359721.130   359829.120
  4920:   359915.130   359995.120   360000.320   360000.330   360000.350
  4925:   360000.020
C:
     0:        0.000     1794.000     1814.000       22.000      109.000
     5:        0.000
D:
     0:        0.000        0.000
L:
     0:       74.000       74.000       74.000
M:
     0:     1200.000     1201.000     1202.000     1203.000     1204.000
     5:     1205.000     1206.000     1207.000     1208.000     1209.000
    10:     1210.000     1211.000     1212.000     1213.000     1214.000
    15:     1215.000     1216.000     1217.000     1218.000     1219.000
    20:     1220.000     1221.000     1222.000     1223.000     1224.000
    25:     1225.000     1226.000     1227.000     1228.000     1229.000
    30:     1230.000     1231.000     1232.000     1233.000     1234.000
    35:     1235.000     1236.000     1237.000     1238.000     1239.000
    40:     1240.000     1241.000     1242.000     1243.000     1244.000
    45:     1245.000     1246.000     1247.000     1248.000     1249.000
    50:     1250.000     1251.000     1252.000     1253.000     1254.000
    55:     1255.000     1256.000     1257.000     1258.000     1259.000
    60:     1260.000     1261.000     1262.000     1263.000     1264.000
    65:     1265.000     1266.000     1267.000     1268.000     1269.000
    70:     1270.000     1271.000     1272.000     1273.000     1274.000
    75:     1275.000     1276.000     1277.000     1278.000     1279.000
    80:     1280.000     1281.000     1282.000     1283.000     1284.000
    85:     1285.000     1286.000     1287.000     1288.000     1289.000
    90:     1290.000     1291.000     1292.000     1293.000     1294.000
    95:     1295.000     1296.000     1297.000     1298.000     1299.000
   100:     1300.000     1301.000     1302.000     1303.000     1304.000
   105:     1305.000     1306.000     1307.000     1308.000     1309.000
   110:     1310.000     1311.000     1312.000     1313.000     1314.000
   115:     1315.000     1316.000     1317.000     1318.000     1319.000
   120:     1320.000     1321.000     1322.000     1323.000     1324.000
   125:     1325.000     1326.000     1327.000     1328.000     1329.000
   130:     1330.000     1331.000     1332.000     1333.000     1334.000
   135:     1335.000     1336.000     1337.000     1338.000     1339.000
   140:     1340.000     1341.000     1342.000     1343.000     1344.000
   145:     1345.000     1346.000     1347.000     1348.000     1349.000
   150:     1350.000     1351.000     1352.000     1353.000     1354.000
   155:     1355.000     1356.000     1357.000     1358.000     1359.000
   160:     1360.000     1361.000     1362.000     1363.000     1364.000
   165:     1365.000     1366.000     1367.000     1368.000     1369.000
   170:     1370.000     1371.000     1372.000     1373.000     1374.000
   175:     1375.000     1376.000     1377.000     1378.000     1379.000
   180:     1380.000     1381.000     1382.000     1383.000     1384.000
   185:     1385.000     1386.000     1387.000     1388.000     1389.000
   190:     1390.000     1391.000     1392.000     1393.000     1394.000
   195:     1395.000     1396.000     1397.000     1398.000     1399.000
   200:     1400.000     1401.000     1402.000     1403.000     1404.000
   205:     1405.000     1406.000     1407.000     1408.000     1409.000
   210:     1410.000     1411.000     1412.000     1413.000     1414.000
   215:     1415.000     1416.000     1417.000     1418.000     1419.000
   220:     1420.000     1421.000     1422.000     1423.000     1424.000
   225:     1425.000     1426.000     1427.000     1428.000     1429.000
   230:     1430.000     1431.000     1432.000     1433.000     1434.000
   235:     1435.000     1436.000     1437.000     1438.000     1439.000
   240:     1440.000     1441.000     1442.000     1443.000     1444.000
   245:     1445.000     1446.000     1447.000     1448.000     1449.000
   250:     1450.000     1451.000     1452.000     1453.000     1454.000
   255:     1455.000     1456.000     1457.000     1458.000     1459.000
   260:     1460.000     1461.000     1462.000     1463.000     1464.000
   265:     1465.000     1466.000     1467.000     1468.000     1469.000
   270:     1470.000     1471.000     1472.000     1473.000     1474.000
   275:     1475.000     1476.000     1477.000     1478.000     1479.000
   280:     1480.000     1481.000     1482.000     1483.000     1484.000
   285:     1485.000     1486.000     1487.000     1488.000     1489.000
   290:     1490.000     1491.000     1492.000     1493.000     1494.000
   295:     1495.000     1496.000     1497.000     1498.000     1499.000
   300:     1500.000     1501.000     1502.000     1503.000     1504.000
   305:     1505.000     1506.000     1507.000     1508.000     1509.000
   310:     1510.000     1511.000     1512.000     1513.000     1514.000
   315:     1515.000     1516.000     1517.000     1518.000     1519.000
   320:     1520.000     1521.000     1522.000     1523.000     1524.000
   325:     1525.000     1526.000     1527.000     1528.000     1529.000
   330:     1530.000     1531.000     1532.000     1533.000     1534.000
   335:     1535.000     1536.000     1537.000     1538.000     1539.000
   340:     1540.000     1541.000     1542.000     1543.000     1544.000
   345:     1545.000     1546.000     1547.000     1548.000     1549.000
   350:     1550.000     1551.000     1552.000     1553.000     1554.000
   355:     1555.000     1556.000     1557.000     1558.000     1559.000
   360:     1560.000     1561.000     1562.000     1563.000     1564.000
   365:     1565.000     1566.000     1567.000     1568.000     1569.000
   370:     1570.000     1571.000     1572.000     1573.000     1574.000
   375:     1575.000     1576.000     1577.000     1578.000     1579.000
   380:     1580.000     1581.000     1582.000     1583.000     1584.000
   385:     1585.000     1586.000     1587.000     1588.000     1589.000
   390:     1590.000     1591.000     1592.000     1593.000     1594.000
   395:     1595.000     1596.000     1597.000     1598.000     1599.000
   400:     1600.000     1601.000     1602.000     1603.000     1604.000
   405:     1605.000     1606.000     1607.000     1608.000     1609.000
   410:     1610.000     1611.000     1612.000     1613.000     1614.000
   415:     1615.000     1616.000     1617.000     1618.000     1619.000
   420:     1620.000     1621.000     1622.000     1623.000     1624.000
   425:     1625.000     1626.000     1627.000     1628.000     1629.000
   430:     1630.000     1631.000     1632.000     1633.000     1634.000
   435:     1635.000     1636.000     1637.000     1638.000     1639.000
   440:     1640.000     1641.000     1642.000     1643.000     1644.000
   445:     1645.000     1646.000     1647.000     1648.000     1649.000
   450:     1650.000     1651.000     1652.000     1653.000     1654.000
   455:     1655.000     1656.000     1657.000     1658.000     1659.000
   460:     1660.000     1661.000     1662.000     1663.000     1664.000
   465:     1665.000     1666.000     1667.000     1668.000     1669.000
   470:     1670.000     1671.000     1672.000     1673.000     1674.000
   475:     1675.000     1676.000     1677.000     1678.000     1679.000
   480:     1680.000     1681.000     1682.000     1683.000     1684.000
   485:     1685.000     1686.000     1687.000     1688.000     1689.000
   490:     1690.000     1691.000     1692.000     1693.000     1694.000
   495:     1695.000     1696.000     1697.000     1698.000     1699.000
   500:     1700.000     1701.000     1702.000     1703.000     1704.000
   505:     1705.000     1706.000     1707.000     1708.000     1709.000
   510:     1710.000     1711.000     1712.000     1713.000     1714.000
   515:     1715.000     1716.000     1717.000     1718.000     1719.000
   520:     1720.000     1721.000     1722.000     1723.000     1724.000
   525:     1725.000     1726.000     1727.000     1728.000     1729.000
   530:     1730.000     1731.000     1732.000     1733.000     1734.000
   535:     1735.000     1736.000     1737.000     1738.000     1739.000
   540:     1740.000     1741.000     1742.000     1743.000     1744.000
   545:     1745.000     1746.000     1747.000     1748.000     1749.000
   550:     1750.000     1751.000     1752.000     1753.000     1754.000
   555:     1755.000     1756.000     1757.000     1758.000     1759.000
   560:     1760.000     1761.000     1762.000     1763.000     1764.000
   565:     1765.000     1766.000     1767.000     1768.000     1769.000
   570:     1770.000     1771.000     1772.000     1773.000     1774.000
   575:     1775.000     1776.000     1777.000     1778.000     1779.000
   580:     1780.000     1781.000     1782.000     1783.000     1784.000
   585:     1785.000     1786.000     1787.000     1788.000     1789.000
   590:     1790.000     1791.000     1792.000     1793.000     1794.000
   595:     1795.000     1796.000     1797.000     1798.000     1799.000
   600:     1800.000     1801.000     1802.000     1803.000     1804.000
   605:     1805.000     1806.000     1807.000     1808.000     1809.000
   610:     1810.000     1811.000     1812.000     1813.000     1814.000
   615:     1815.000     1816.000     1817.000     1818.000     1819.000
   620:     1820.000     1821.000     1822.000     1823.000     1824.000
   625:     1825.000     1826.000     1827.000     1828.000     1829.000
   630:     1830.000     1831.000     1832.000     1833.000     1834.000
   635:     1835.000     1836.000     1837.000     1838.000     1839.000
   640:     1840.000     1841.000     1842.000     1843.000     1844.000
   645:     1845.000     1846.000     1847.000     1848.000     1849.000
   650:     1850.000     1851.000     1852.000     1853.000     1854.000
   655:     1855.000     1856.000     1857.000     1858.000     1859.000
   660:     1860.000     1861.000     1862.000     1863.000     1864.000
   665:     1865.000     1866.000     1867.000     1868.000     1869.000
   670:     1870.000     1871.000     1872.000     1873.000     1874.000
   675:     1875.000     1876.000     1877.000     1878.000     1879.000
   680:     1880.000     1881.000     1882.000     1883.000     1884.000
   685:     1885.000     1886.000     1887.000     1888.000     1889.000
   690:     1890.000     1891.000     1892.000     1893.000     1894.000
   695:     1895.000     1896.000     1897.000     1898.000     1899.000
   700:     1900.000     1901.000     1902.000     1903.000     1904.000
   705:     1905.000     1906.000     1907.000     1908.000     1909.000
   710:     1910.000     1911.000     1912.000     1913.000     1914.000
   715:     1915.000     1916.000     1917.000     1918.000     1919.000
   720:     1920.000     1921.000     1922.000     1923.000     1924.000
   725:     1925.000     1926.000     1927.000     1928.000     1929.000
   730:     1930.000     1931.000     1932.000     1933.000     1934.000
   735:     1935.000     1936.000     1937.000     1938.000     1939.000
   740:     1940.000     1941.000     1942.000     1943.000     1944.000
   745:     1945.000     1946.000     1947.000     1948.000     1949.000
   750:     1950.000     1951.000     1952.000     1953.000     1954.000
   755:     1955.000     1956.000     1957.000     1958.000     1959.000
   760:     1960.000     1961.000     1962.000     1963.000     1964.000
   765:     1965.000     1966.000     1967.000     1968.000     1969.000
   770:     1970.000     1971.000     1972.000     1973.000     1974.000
   775:     1975.000     1976.000     1977.000     1978.000     1979.000
   780:     1980.000     1981.000     1982.000     1983.000     1984.000
   785:     1985.000     1986.000     1987.000     1988.000     1989.000
   790:     1990.000     1991.000     1992.000     1993.000     1994.000
   795:     1995.000     1996.000     1997.000     1998.000     1999.000
   800:     2000.000     2001.000     2002.000     2003.000     2004.000
   805:     2005.000     2006.000     2007.000     2008.000     2009.000
   810:     2010.000     2011.000     2012.000     2013.000     2014.000
   815:     2015.000     2016.000     2017.000     2018.000     2019.000
   820:     2020.000     2021.000     2022.000     2023.000     2024.000
   825:     2025.000     2026.000     2027.000     2028.000     2029.000
   830:     2030.000     2031.000     2032.000     2033.000     2034.000
   835:     2035.000     2036.000     2037.000     2038.000     2039.000
   840:     2040.000     2041.000     2042.000     2043.000     2044.000
   845:     2045.000     2046.000     2047.000     2048.000     2049.000
   850:     2050.000     2051.000     2052.000     2053.000     2054.000
   855:     2055.000     2056.000     2057.000     2058.000     2059.000
   860:     2060.000     2061.000     2062.000     2063.000     2064.000
   865:     2065.000     2066.000     2067.000     2068.000     2069.000
   870:     2070.000     2071.000     2072.000     2073.000     2074.000
   875:     2075.000     2076.000     2077.000     2078.000     2079.000
   880:     2080.000     2081.000     2082.000     2083.000     2084.000
   885:     2085.000     2086.000     2087.000     2088.000     2089.000
   890:     2090.000     2091.000     2092.000     2093.000     2094.000
   895:     2095.000     2096.000     2097.000     2098.000     2099.000
   900:     2100.000     2101.000     2102.000     2103.000     2104.000
   905:     2105.000     2106.000     2107.000     2108.000     2109.000
   910:     2110.000     2111.000     2112.000     2113.000     2114.000
   915:     2115.000     2116.000     2117.000     2118.000     2119.000
   920:     2120.000     2121.000     2122.000     2123.000     2124.000
   925:     2125.000     2126.000     2127.000     2128.000     2129.000
   930:     2130.000     2131.000     2132.000     2133.000     2134.000
   935:     2135.000     2136.000     2137.000     2138.000     2139.000
   940:     2140.000     2141.000     2142.000     2143.000     2144.000
   945:     2145.000     2146.000     2147.000     2148.000     2149.000
   950:     2150.000     2151.000     2152.000     2153.000     2154.000
   955:     2155.000     2156.000     2157.000     2158.000     2159.000
   960:     2160.000     2161.000     2162.000     2163.000     2164.000
   965:     2165.000     2166.000     2167.000     2168.000     2169.000
   970:     2170.000     2171.000     2172.000     2173.000     2174.000
   975:     2175.000     2176.000     2177.000     2178.000     2179.000
   980:     2180.000     2181.000     2182.000     2183.000     2184.000
   985:     2185.000     2186.000     2187.000     2188.000     2189.000
   990:     2190.000     2191.000     2192.000     2193.000     2194.000
   995:     2195.000     2196.000     2197.000     2198.000     2199.000
  1000:     2200.000     2201.000     2202.000     2203.000     2204.000
  1005:     2205.000     2206.000     2207.000     2208.000     2209.000
  1010:     2210.000     2211.000     2212.000     2213.000     2214.000
  1015:     2215.000     2216.000     2217.000     2218.000     2219.000
  1020:     2220.000     2221.000     2222.000     2223.000     2224.000
  1025:     2225.000     2226.000     2227.000     2228.000     2229.000
  1030:     2230.000     2231.000     2232.000     2233.000     2234.000
  1035:     2235.000     2236.000     2237.000     2238.000     2239.000
  1040:     2240.000     2241.000     2242.000     2243.000     2244.000
  1045:     2245.000     2246.000     2247.000     2248.000     2249.000
  1050:     2250.000     2251.000     2252.000     2253.000     2254.000
  1055:     2255.000     2256.000     2257.000     2258.000     2259.000
  1060:     2260.000     2261.000     2262.000     2263.000     2264.000
  1065:     2265.000     2266.000     2267.000     2268.000     2269.000
  1070:     2270.000     2271.000     2272.000     2273.000     2274.000
  1075:     2275.000     2276.000     2277.000     2278.000     2279.000
  1080:     2280.000     2281.000     2282.000     2283.000     2284.000
  1085:     2285.000     2286.000     2287.000     2288.000     2289.000
  1090:     2290.000     2291.000     2292.000     2293.000     2294.000
  1095:     2295.000     2296.000     2297.000     2298.000     2299.000
  1100:     2300.000     2301.000     2302.000     2303.000     2304.000
  1105:     2305.000     2306.000     2307.000     2308.000     2309.000
  1110:     2310.000     2311.000     2312.000     2313.000     2314.000
  1115:     2315.000     2316.000     2317.000     2318.000     2319.000
  1120:     2320.000     2321.000     2322.000     2323.000     2324.000
  1125:     2325.000     2326.000     2327.000     2328.000     2329.000
  1130:     2330.000     2331.000     2332.000     2333.000     2334.000
  1135:     2335.000     2336.000     2337.000     2338.000     2339.000
  1140:     2340.000     2341.000     2342.000     2343.000     2344.000
  1145:     2345.000     2346.000     2347.000     2348.000     2349.000
  1150:     2350.000     2351.000     2352.000     2353.000     2354.000
  1155:     2355.000     2356.000     2357.000     2358.000     2359.000
  1160:     2360.000     2361.000     2362.000     2363.000     2364.000
  1165:     2365.000     2366.000     2367.000     2368.000     2369.000
  1170:     2370.000     2371.000     2372.000     2373.000     2374.000
  1175:     2375.000     2376.000     2377.000     2378.000     2379.000
  1180:     2380.000     2381.000     2382.000     2383.000     2384.000
  1185:     2385.000     2386.000     2387.000     2388.000     2389.000
  1190:     2390.000     2391.000     2392.000     2393.000     2394.000
  1195:     2395.000     2396.000     2397.000     2398.000     2399.000
  1200:     2400.000
N:
     0:     2700.000     2701.000     2702.000     2703.000     2704.000
     5:     2705.000     2706.000     2707.000     2708.000     2709.000
    10:     2710.000     2711.000     2712.000     2713.000     2714.000
    15:     2715.000     2716.000     2717.000     2718.000     2719.000
    20:     2720.000     2721.000     2722.000     2723.000     2724.000
    25:     2725.000     2726.000     2727.000     2728.000     2729.000
    30:     2730.000     2731.000     2732.000     2733.000     2734.000
    35:     2735.000     2736.000     2737.000     2738.000     2739.000
    40:     2740.000     2741.000     2742.000     2743.000     2744.000
    45:     2745.000     2746.000     2747.000     2748.000     2749.000
    50:     2750.000     2751.000     2752.000     2753.000     2754.000
    55:     2755.000     2756.000     2757.000     2758.000     2759.000
    60:     2760.000     2761.000     2762.000     2763.000     2764.000
    65:     2765.000     2766.000     2767.000     2768.000     2769.000
    70:     2770.000     2771.000     2772.000     2773.000     2774.000
    75:     2775.000     2776.000     2777.000     2778.000     2779.000
    80:     2780.000     2781.000     2782.000     2783.000     2784.000
    85:     2785.000     2786.000     2787.000     2788.000     2789.000
    90:     2790.000     2791.000     2792.000     2793.000     2794.000
    95:     2795.000     2796.000     2797.000     2798.000     2799.000
   100:     2800.000     2801.000     2802.000     2803.000     2804.000
   105:     2805.000     2806.000     2807.000     2808.000     2809.000
   110:     2810.000     2811.000     2812.000     2813.000     2814.000
   115:     2815.000     2816.000     2817.000     2818.000     2819.000
   120:     2820.000     2821.000     2822.000     2823.000     2824.000
   125:     2825.000     2826.000     2827.000     2828.000     2829.000
   130:     2830.000     2831.000     2832.000     2833.000     2834.000
   135:     2835.000     2836.000     2837.000     2838.000     2839.000
   140:     2840.000     2841.000     2842.000     2843.000     2844.000
   145:     2845.000     2846.000     2847.000     2848.000     2849.000
   150:     2850.000     2851.000     2852.000     2853.000     2854.000
   155:     2855.000     2856.000     2857.000     2858.000     2859.000
   160:     2860.000     2861.000     2862.000     2863.000     2864.000
   165:     2865.000     2866.000     2867.000     2868.000     2869.000
   170:     2870.000     2871.000     2872.000     2873.000     2874.000
   175:     2875.000     2876.000     2877.000     2878.000     2879.000
   180:     2880.000     2881.000     2882.000     2883.000     2884.000
   185:     2885.000     2886.000     2887.000     2888.000     2889.000
   190:     2890.000     2891.000     2892.000     2893.000     2894.000
   195:     2895.000     2896.000     2897.000     2898.000     2899.000
   200:     2900.000     2901.000     2902.000     2903.000     2904.000
   205:     2905.000     2906.000     2907.000     2908.000     2909.000
   210:     2910.000     2911.000     2912.000     2913.000     2914.000
   215:     2915.000     2916.000     2917.000     2918.000     2919.000
   220:     2920.000     2921.000     2922.000     2923.000     2924.000
   225:     2925.000     2926.000     2927.000     2928.000     2929.000
   230:     2930.000     2931.000     2932.000     2933.000     2934.000
   235:     2935.000     2936.000     2937.000     2938.000     2939.000
   240:     2940.000     2941.000     2942.000     2943.000     2944.000
   245:     2945.000     2946.000     2947.000     2948.000     2949.000
   250:     2950.000     2951.000     2952.000     2953.000     2954.000
   255:     2955.000     2956.000     2957.000     2958.000     2959.000
   260:     2960.000     2961.000     2962.000     2963.000     2964.000
   265:     2965.000     2966.000     2967.000     2968.000     2969.000
   270:     2970.000     2971.000     2972.000     2973.000     2974.000
   275:     2975.000     2976.000     2977.000     2978.000     2979.000
   280:     2980.000     2981.000     2982.000     2983.000     2984.000
   285:     2985.000     2986.000     2987.000     2988.000     2989.000
   290:     2990.000     2991.000     2992.000     2993.000     2994.000
   295:     2995.000     2996.000     2997.000     2998.000     2999.000
   300:     3000.000
R:
     0:      370.000      370.000      370.000
V:
     0:     1413.000     2767.000
W:
     0:     1413.000     2767.000
