File: C:\MED-PC IV\DATA\p004_s172_japede


Start Date: 12/19/17
End Date: 12/19/17
Subject: p004
Experiment: 0
Group: 0
Box: 7
Start Time: 14:56:44
End Time: 15:57:35
MSN: japede_L_360_35_35_R_24_63_63
B:       0.000
E:    4534.000
F:       0.000
G:       0.000
H:       0.000
I:       2.000
J:       2.000
K:       0.000
O:       0.000
P:       0.000
Q:       0.000
S:  360000.000
T:  360000.000
U:       0.000
X:       0.000
Y:       0.000
Z:       0.000
A:
     0:        0.010        0.250        0.220        0.230       93.120
     5:      116.120      168.120      227.120      305.120      362.120
    10:      449.130      637.120      694.120      720.120      809.130
    15:      842.130      940.120      965.120      985.120     1008.120
    20:     1116.120     1207.130     1323.120     1376.120     1399.840
    25:     1399.120     1471.120     1557.640     1557.320     1557.330
    30:     1557.350     1557.240     1557.130     1599.740     1807.220
    35:     1807.230     1807.250     1807.340     1982.130     2066.540
    40:     2066.320     2066.330     2066.350     2066.240     2066.120
    45:     2316.220     2316.230     2316.250     2316.340     2497.120
    50:     2525.120     2615.130     2755.120     2810.120     2835.120
    55:     2911.130     3013.120     3043.120     3146.120     3172.120
    60:     3200.120     3280.130     3379.120     3409.120     3527.130
    65:     3617.120     3642.120     3666.120     3745.130     3822.120
    70:     3846.120     3871.120     3895.120     3987.130     4083.120
    75:     4108.120     4188.130     4263.120     4308.120     4373.120
    80:     4401.120     4507.130     4591.120     4637.120     4665.120
    85:     4814.120     4868.120     4955.130     5029.120     5166.130
    90:     5288.120     5353.120     5425.130     5520.120     5573.120
    95:     5597.120     5775.120     5797.120     5822.120     5882.120
   100:     5904.120     5954.120     6007.840     6017.640     6017.320
   105:     6017.330     6017.350     6017.240     6017.130     6267.220
   110:     6267.230     6267.250     6267.340     6450.120     6599.120
   115:     6619.120     6855.120     6946.130     7017.120     7041.120
   120:     7070.120     7219.120     7243.120     7271.120     7340.130
   125:     7435.120     7459.120     7580.130     7651.120     7674.120
   130:     7700.120     7831.120     7854.120     7882.120     8021.120
   135:     8045.120     8067.840     8152.640     8152.320     8152.330
   140:     8152.350     8152.240     8152.130     8402.220     8402.230
   145:     8402.250     8402.340     8521.120     8547.120     8626.130
   150:     8696.120     8719.120     8746.120     8814.130     8839.130
   155:     8923.120     9029.130     9122.120     9145.120     9169.120
   160:     9212.120     9236.120     9368.130     9474.120     9496.120
   165:     9518.120     9561.120     9585.120     9792.120     9817.120
   170:     9990.120    10086.130    10183.120    10209.120    10230.120
   175:    10367.120    10389.120    10412.120    10440.120    10478.120
   180:    10502.120    10579.130    10633.130    10702.120    10726.120
   185:    10748.120    10773.120    10850.130    10924.120    10971.120
   190:    11098.130    11175.120    11197.120    11220.120    11270.120
   195:    11294.120    11364.130    11462.120    11488.120    11556.130
   200:    11633.120    11653.120    11720.130    11815.120    11897.130
   205:    11992.120    12099.130    12169.120    12189.120    12213.120
   210:    12283.130    12397.120    12460.130    12522.120    12545.120
   215:    12697.120    12773.130    12834.120    12856.120    12885.120
   220:    12905.120    12974.130    13071.120    13122.130    13190.120
   225:    13208.120    13233.120    13291.130    13359.120    13381.120
   230:    13448.130    13505.120    13528.120    13598.130    13662.120
   235:    13685.120    13711.120    13820.120    13901.130    13974.120
   240:    14042.130    14126.120    14184.130    14230.130    14300.120
   245:    14409.130    14480.120    14556.130    14614.130    14681.120
   250:    14702.840    14707.120    14788.120    14929.640    14929.320
   255:    14929.330    14929.350    14929.240    14929.130    15179.220
   260:    15179.230    15179.250    15179.340    15319.120    15459.120
   265:    15529.130    15599.120    15622.120    15679.840    15731.640
   270:    15731.320    15731.330    15731.350    15731.240    15731.130
   275:    15981.220    15981.230    15981.250    15981.340    16105.120
   280:    16167.130    16189.130    16247.120    16319.130    16385.120
   285:    16407.120    16442.120    16512.130    16581.840    16584.120
   290:    16654.640    16654.320    16654.330    16654.350    16654.240
   295:    16654.130    16904.220    16904.230    16904.250    16904.340
   300:    17004.130    17092.120    17115.120    17150.120    17219.130
   305:    17292.120    17316.120    17388.130    17452.120    17523.130
   310:    17589.120    17610.120    17686.130    17777.120    17836.120
   315:    17859.120    17884.120    18016.130    18084.120    18104.120
   320:    18177.130    18244.120    18268.120    18399.120    18421.120
   325:    18445.120    18510.130    18579.120    18600.120    18622.120
   330:    18690.130    18764.120    18787.120    18905.130    18969.120
   335:    18992.120    19070.130    19131.120    19154.120    19181.120
   340:    19307.130    19377.120    19477.130    19621.130    19693.120
   345:    19715.120    19857.120    19976.130    20039.120    20108.130
   350:    20178.120    20198.120    20322.130    20583.120    20651.130
   355:    20742.120    20796.130    20904.840    20981.120    21044.640
   360:    21044.320    21044.330    21044.350    21044.240    21044.130
   365:    21294.220    21294.230    21294.250    21294.340    21426.120
   370:    21450.120    21538.130    21629.120    21750.130    21780.130
   375:    21805.130    21926.130    21992.120    22014.120    22082.130
   380:    22154.120    22175.120    22300.130    22375.120    22395.120
   385:    22465.130    22538.120    22563.120    22684.120    22705.120
   390:    22778.130    22851.120    22985.130    23120.130    23185.120
   395:    23208.120    23277.130    23349.120    23371.120    23443.130
   400:    23508.120    23530.120    23679.130    23748.120    23975.130
   405:    24030.130    24106.130    24181.120    24339.130    24368.130
   410:    24520.130    24679.130    24705.130    24781.130    24929.130
   415:    25028.120    25048.120    25077.120    25219.130    25295.120
   420:    25447.130    25475.130    25516.740    25667.130    25733.540
   425:    25733.320    25733.330    25733.350    25733.240    25733.120
   430:    25983.220    25983.230    25983.250    25983.340    26087.130
   435:    26290.130    26456.130    26542.120    26780.130    26861.120
   440:    26934.130    27040.120    27138.130    27394.840    27496.640
   445:    27496.320    27496.330    27496.350    27496.240    27496.130
   450:    27746.220    27746.230    27746.250    27746.340    27894.130
   455:    27998.120    28019.120    28093.130    28119.130    28234.120
   460:    28256.120    28310.130    28395.120    28486.130    28550.120
   465:    28573.120    28663.130    28801.130    28859.120    28931.130
   470:    29028.120    29316.130    29563.130    29765.130    29940.130
   475:    30002.120    30026.120    30127.130    30276.130    30354.120
   480:    30376.120    30471.130    30685.130    30946.840    31089.640
   485:    31089.320    31089.330    31089.350    31089.240    31089.130
   490:    31339.220    31339.230    31339.250    31339.340    31510.130
   495:    31602.120    31712.130    31881.130    31983.740    32092.130
   500:    32226.130    32553.130    32654.130    32871.130    33149.130
   505:    33297.540    33297.320    33297.330    33297.350    33297.240
   510:    33297.120    33547.220    33547.230    33547.250    33547.340
   515:    33624.130    33778.130    33916.130    34011.120    34209.120
   520:    34480.130    34546.120    34611.130    34816.130    35016.120
   525:    35042.120    35108.130    35174.120    35195.120    35286.130
   530:    35423.130    35469.130    35531.120    35554.120    35611.130
   535:    35639.840    35674.120    35731.640    35731.320    35731.330
   540:    35731.350    35731.240    35731.130    35981.220    35981.230
   545:    35981.250    35981.340    36096.130    36122.130    36240.130
   550:    36334.130    36417.120    36481.130    36648.130    36718.120
   555:    36845.130    36917.120    37041.130    37113.120    37189.130
   560:    37307.120    37419.130    37563.130    37625.120    37681.840
   565:    37744.640    37744.320    37744.330    37744.350    37744.240
   570:    37744.130    37994.220    37994.230    37994.250    37994.340
   575:    38180.130    38299.120    38360.130    38422.120    38551.130
   580:    38606.120    38693.130    38763.120    38786.120    38851.130
   585:    39006.130    39070.120    39146.130    39293.130    39355.120
   590:    39378.120    39442.130    39519.120    39581.130    39667.120
   595:    39725.130    39797.120    39868.130    39939.120    40062.130
   600:    40112.130    40186.120    40245.130    40366.130    40426.120
   605:    40489.120    40560.130    40747.740    40759.130    40829.540
   610:    40829.320    40829.330    40829.350    40829.240    40829.120
   615:    41079.220    41079.230    41079.250    41079.340    41341.120
   620:    41413.130    41558.120    41623.130    41710.120    41884.120
   625:    41994.840    42005.640    42005.320    42005.330    42005.350
   630:    42005.240    42005.130    42255.220    42255.230    42255.250
   635:    42255.340    42455.840    42476.640    42476.320    42476.330
   640:    42476.350    42476.240    42476.130    42726.220    42726.230
   645:    42726.250    42726.340    42823.130    42847.130    42926.840
   650:    42933.120    43074.640    43074.320    43074.330    43074.350
   655:    43074.240    43074.130    43324.220    43324.230    43324.250
   660:    43324.340    43448.120    43466.120    43536.130    43602.120
   665:    43731.130    44025.120    44224.840    44295.640    44295.320
   670:    44295.330    44295.350    44295.240    44295.130    44545.220
   675:    44545.230    44545.250    44545.340    44727.130    45114.130
   680:    45213.120    45240.120    45378.130    45585.130    45745.130
   685:    45839.120    45906.130    46025.130    46141.130    46277.130
   690:    46432.130    46609.130    46883.130    47013.130    47061.130
   695:    47145.840    47214.640    47214.320    47214.330    47214.350
   700:    47214.240    47214.130    47464.220    47464.230    47464.250
   705:    47464.340    47540.130    47561.130    47707.130    47792.130
   710:    47965.130    48142.130    48209.120    48272.130    48477.130
   715:    48735.130    48961.120    49022.130    49138.130    49210.130
   720:    49302.130    49367.130    49482.130    49576.130    49736.130
   725:    49864.130    50077.130    50289.130    50588.130    50810.130
   730:    51006.130    51127.130    51222.130    51638.130    51664.840
   735:    51826.640    51826.320    51826.330    51826.350    51826.240
   740:    51826.130    52076.220    52076.230    52076.250    52076.340
   745:    52185.130    52347.130    52410.120    52564.130    52644.120
   750:    52785.130    52942.130    53039.120    53276.840    53312.640
   755:    53312.320    53312.330    53312.350    53312.240    53312.130
   760:    53562.220    53562.230    53562.250    53562.340    53662.840
   765:    53779.740    53786.640    53786.320    53786.330    53786.350
   770:    53786.240    53786.130    54036.220    54036.230    54036.250
   775:    54036.340    54103.130    54122.130    54211.540    54211.320
   780:    54211.330    54211.350    54211.240    54211.120    54461.220
   785:    54461.230    54461.250    54461.340    54537.130    54679.130
   790:    54696.130    54778.120    54850.130    54933.120    55071.130
   795:    55201.130    55279.120    55392.130    55566.130    55594.130
   800:    55798.130    55938.130    56091.130    56195.130    56636.840
   805:    56811.640    56811.320    56811.330    56811.350    56811.240
   810:    56811.130    57061.220    57061.230    57061.250    57061.340
   815:    57218.120    57329.130    57414.130    57461.840    57491.120
   820:    57598.640    57598.320    57598.330    57598.350    57598.240
   825:    57598.130    57848.220    57848.230    57848.250    57848.340
   830:    57934.130    57960.130    58061.740    58152.130    58258.130
   835:    58338.540    58338.320    58338.330    58338.350    58338.240
   840:    58338.120    58588.220    58588.230    58588.250    58588.340
   845:    58773.120    58843.130    58925.120    58998.130    59218.130
   850:    59397.130    59507.120    59607.130    59687.120    59709.120
   855:    60081.130    60214.130    60309.130    60469.130    60547.120
   860:    60548.840    60639.640    60639.320    60639.330    60639.350
   865:    60639.240    60639.130    60889.220    60889.230    60889.250
   870:    60889.340    61063.120    61132.130    61211.120    61322.130
   875:    61403.120    61518.130    61552.130    61647.120    61721.130
   880:    61897.130    61977.120    62000.120    62068.130    62344.130
   885:    62495.120    62570.130    62624.130    62747.130    62900.130
   890:    63102.130    63291.130    63448.130    63631.130    63837.130
   895:    63911.130    64045.130    64130.120    64205.130    64398.130
   900:    64544.130    64590.130    64674.120    64782.130    64842.130
   905:    64939.130    65126.130    65344.130    65449.120    65530.130
   910:    65701.130    65945.130    66121.130    66189.840    66290.640
   915:    66290.320    66290.330    66290.350    66290.240    66290.130
   920:    66540.220    66540.230    66540.250    66540.340    66632.130
   925:    66660.130    66774.120    66854.130    66878.130    66960.120
   930:    67052.130    67228.130    67317.120    67341.120    67413.130
   935:    67540.840    67610.640    67610.320    67610.330    67610.350
   940:    67610.240    67610.130    67860.220    67860.230    67860.250
   945:    67860.340    67924.130    68002.120    68029.120    68112.130
   950:    68227.120    68255.120    68367.130    68392.130    68469.120
   955:    68577.130    68655.120    68761.130    68998.130    69156.130
   960:    69373.130    69517.130    69707.130    69815.120    69894.130
   965:    70065.130    70178.120    70292.130    70389.120    70461.130
   970:    70634.130    70799.130    70959.130    71086.130    71169.120
   975:    71243.130    71347.120    71560.840    71665.640    71665.320
   980:    71665.330    71665.350    71665.240    71665.130    71915.220
   985:    71915.230    71915.250    71915.340    72007.130    72032.130
   990:    72101.120    72188.130    72215.840    72272.120    72294.120
   995:    72405.640    72405.320    72405.330    72405.350    72405.240
  1000:    72405.130    72655.220    72655.230    72655.250    72655.340
  1005:    72725.130    72918.130    73000.120    73055.130    73131.120
  1010:    73157.120    73184.120    73212.120    73368.130    73447.120
  1015:    73614.130    73742.130    73969.130    74059.120    74186.130
  1020:    74314.130    74440.120    74514.130    74663.130    74856.130
  1025:    74908.130    75130.130    75225.120    75316.130    75400.120
  1030:    75475.130    75627.130    75805.130    75887.130    76106.130
  1035:    76201.120    76317.130    76445.120    76507.130    76632.130
  1040:    76659.130    76755.840    76788.640    76788.320    76788.330
  1045:    76788.350    76788.240    76788.130    77038.220    77038.230
  1050:    77038.250    77038.340    77099.130    77237.120    77308.130
  1055:    77500.130    77685.130    77756.120    77917.130    77999.120
  1060:    78024.120    78130.130    78207.130    78374.130    78603.130
  1065:    78652.130    78741.130    78800.130    79023.130    79100.130
  1070:    79275.130    79353.120    79496.130    79605.120    79670.130
  1075:    79820.130    80014.130    80044.130    80198.130    80356.130
  1080:    80438.840    80456.120    80603.640    80603.320    80603.330
  1085:    80603.350    80603.240    80603.130    80853.220    80853.230
  1090:    80853.250    80853.340    80927.130    81022.120    81053.840
  1095:    81095.640    81095.320    81095.330    81095.350    81095.240
  1100:    81095.130    81345.220    81345.230    81345.250    81345.340
  1105:    81414.130    81516.120    81548.120    81611.130    81691.120
  1110:    81833.130    81946.120    82015.130    82231.130    82328.120
  1115:    82419.130    82520.130    82665.130    82775.120    82868.130
  1120:    82997.130    83079.120    83186.130    83366.130    83506.130
  1125:    83685.130    83834.130    84026.130    84245.840    84253.640
  1130:    84253.320    84253.330    84253.350    84253.240    84253.130
  1135:    84503.220    84503.230    84503.250    84503.340    84582.130
  1140:    84660.120    84715.120    84777.130    84860.120    84996.130
  1145:    85205.120    85293.130    85513.130    85583.120    85608.120
  1150:    85684.130    85759.120    85899.130    86048.130    86180.130
  1155:    86345.130    86514.130    86714.130    87028.130    87119.130
  1160:    87335.130    87497.130    87607.120    87680.130    87854.130
  1165:    88024.130    88129.120    88162.120    88347.130    88535.130
  1170:    88705.130    88857.130    88954.130    89055.120    89082.120
  1175:    89146.130    89338.130    89418.120    89530.130    89688.130
  1180:    89879.130    90060.130    90257.130    90398.120    90806.130
  1185:    90991.130    91185.130    91316.130    91482.130    91581.120
  1190:    91791.130    91981.130    92162.130    92233.120    92281.120
  1195:    92378.130    92503.840    92543.640    92543.320    92543.330
  1200:    92543.350    92543.240    92543.130    92793.220    92793.230
  1205:    92793.250    92793.340    92882.130    92973.120    92994.120
  1210:    93075.130    93207.130    93292.120    93313.120    93391.130
  1215:    93558.130    93751.130    93851.120    93873.120    93900.120
  1220:    93967.130    94164.130    94319.130    94685.130    94844.130
  1225:    94939.130    95045.120    95112.130    95263.130    95394.130
  1230:    95693.840    95708.640    95708.320    95708.330    95708.350
  1235:    95708.240    95708.130    95958.220    95958.230    95958.250
  1240:    95958.340    96068.120    96098.120    96296.130    96371.120
  1245:    96479.130    96589.120    96614.120    96696.130    96805.120
  1250:    96913.130    97039.130    97230.130    97362.130    97547.130
  1255:    97604.130    97785.130    97974.130    98401.130    98560.130
  1260:    98737.130    98914.130    99072.130    99179.120    99290.130
  1265:    99464.130    99609.130    99782.130    99952.130   100162.120
  1270:   100274.130   100445.130   100625.120   100646.120   100812.130
  1275:   100956.130   101129.130   101182.130   101254.120   101258.840
  1280:   101368.640   101368.320   101368.330   101368.350   101368.240
  1285:   101368.130   101618.220   101618.230   101618.250   101618.340
  1290:   101685.130   101775.120   101857.130   101967.120   102038.130
  1295:   102165.120   102320.120   102344.120   102372.120   102498.130
  1300:   102602.130   102710.120   102735.120   102840.130   103012.130
  1305:   103197.130   103409.130   103594.130   103755.130   104025.130
  1310:   104132.120   104156.120   104224.130   104301.120   104325.120
  1315:   104418.130   104491.120   104570.130   104680.120   104840.130
  1320:   104918.840   104945.120   105056.640   105056.320   105056.330
  1325:   105056.350   105056.240   105056.130   105306.220   105306.230
  1330:   105306.250   105306.340   105559.130   105742.130   105906.840
  1335:   105913.640   105913.320   105913.330   105913.350   105913.240
  1340:   105913.130   106163.220   106163.230   106163.250   106163.340
  1345:   106246.130   106324.120   106351.120   106416.130   106497.120
  1350:   106525.120   106598.130   106778.130   106940.130   106963.840
  1355:   107215.640   107215.320   107215.330   107215.350   107215.240
  1360:   107215.130   107465.220   107465.230   107465.250   107465.340
  1365:   107542.130   107653.120   107675.120   107885.130   108097.130
  1370:   108273.130   108454.130   108696.130   108861.130   108884.130
  1375:   109017.130   109223.130   109349.130   109511.130   109642.130
  1380:   109823.130   109944.130   110102.130   110377.130   110500.120
  1385:   110612.130   110721.120   110810.130   111017.130   111153.130
  1390:   111265.840   111353.640   111353.320   111353.330   111353.350
  1395:   111353.240   111353.130   111603.220   111603.230   111603.250
  1400:   111603.340   111701.130   111981.130   112140.130   112488.130
  1405:   112651.130   112987.130   113083.120   113117.120   113197.130
  1410:   113541.130   113703.840   113885.120   114053.120   114166.640
  1415:   114166.320   114166.330   114166.350   114166.240   114166.130
  1420:   114416.220   114416.230   114416.250   114416.340   114533.120
  1425:   114556.120   114638.130   114745.120   114815.130   114816.840
  1430:   114927.120   115007.640   115007.320   115007.330   115007.350
  1435:   115007.240   115007.130   115257.220   115257.230   115257.250
  1440:   115257.340   115351.130   115381.130   115541.130   115884.130
  1445:   116116.130   116274.130   116427.130   116655.130   116765.120
  1450:   117055.130   117150.120   117297.130   117546.130   118009.130
  1455:   118240.130   118373.130   118558.130   118750.130   118920.130
  1460:   119107.130   119210.120   119235.120   119345.130   119544.130
  1465:   119731.130   119942.130   120056.120   120169.130   120324.130
  1470:   120507.130   120614.120   120636.120   120657.840   120659.120
  1475:   120725.640   120725.320   120725.330   120725.350   120725.240
  1480:   120725.130   120975.220   120975.230   120975.250   120975.340
  1485:   121062.130   121142.120   121225.130   121350.130   121513.130
  1490:   121646.130   121866.130   121969.130   122097.130   122250.130
  1495:   122344.120   122422.130   122675.840   122828.640   122828.320
  1500:   122828.330   122828.350   122828.240   122828.130   123078.220
  1505:   123078.230   123078.250   123078.340   123140.130   123245.120
  1510:   123342.130   123431.120   123506.130   123614.130   123732.120
  1515:   123755.120   123783.120   123886.130   124003.120   124023.120
  1520:   124085.130   124280.130   124378.840   124387.120   124460.640
  1525:   124460.320   124460.330   124460.350   124460.240   124460.130
  1530:   124710.220   124710.230   124710.250   124710.340   124805.130
  1535:   124906.120   124974.130   125070.120   125185.130   125336.130
  1540:   125474.130   125551.120   125575.120   125672.130   125934.120
  1545:   126018.130   126281.130   126373.120   126396.120   126539.130
  1550:   126634.120   126658.120   126730.130   126866.130   126939.130
  1555:   127031.120   127155.130   127336.130   127435.120   127504.130
  1560:   127680.130   127759.120   127877.130   127976.130   128125.120
  1565:   128255.130   128338.120   128363.120   128537.130   128716.130
  1570:   128789.120   128897.130   128972.120   129045.130   129119.120
  1575:   129247.130   129326.120   129347.120   129375.120   129454.130
  1580:   129618.130   129728.120   129932.120   129959.120   130033.130
  1585:   130110.120   130136.120   130256.130   130416.130   130468.130
  1590:   130510.840   130565.120   130594.120   130763.640   130763.320
  1595:   130763.330   130763.350   130763.240   130763.130   131013.220
  1600:   131013.230   131013.250   131013.340   131074.130   131141.120
  1605:   131166.120   131245.130   131468.130   131682.130   131867.130
  1610:   131973.120   132124.130   132314.130   132446.130   132631.130
  1615:   132712.120   132735.120   132812.130   132976.130   133051.130
  1620:   133125.120   133191.130   133269.120   133334.130   133432.120
  1625:   133548.130   133626.120   133723.130   133901.130   133980.120
  1630:   134013.840   134152.640   134152.320   134152.330   134152.350
  1635:   134152.240   134152.130   134402.220   134402.230   134402.250
  1640:   134402.340   134489.130   134564.120   134591.120   134684.130
  1645:   134920.130   135047.130   135127.120   135275.130   135402.840
  1650:   135436.640   135436.320   135436.330   135436.350   135436.240
  1655:   135436.130   135686.220   135686.230   135686.250   135686.340
  1660:   135769.130   135878.120   135936.120   136010.130   136086.840
  1665:   136088.120   136213.640   136213.320   136213.330   136213.350
  1670:   136213.240   136213.130   136463.220   136463.230   136463.250
  1675:   136463.340   136636.120   136761.130   136842.120   136911.130
  1680:   136996.130   137212.130   137403.130   137591.130   137743.130
  1685:   137918.130   138012.130   138093.120   138118.120   138201.130
  1690:   138231.130   138333.120   138434.130   138516.120   138539.120
  1695:   138651.130   138842.130   138866.130   139022.130   139151.130
  1700:   139227.120   139250.120   139582.130   139766.130   139955.130
  1705:   140127.130   140254.120   140315.130   140391.130   140544.130
  1710:   140761.130   140887.130   140939.130   141064.120   141131.130
  1715:   141238.120   141352.130   141456.120   141724.130   141900.120
  1720:   141925.120   141991.130   142077.120   142188.130   142264.120
  1725:   142377.130   142559.130   142723.130   142797.120   142822.120
  1730:   142963.130   143042.120   143066.120   143200.130   143363.840
  1735:   143382.640   143382.320   143382.330   143382.350   143382.240
  1740:   143382.130   143632.220   143632.230   143632.250   143632.340
  1745:   143702.130   143812.120   143835.120   143915.130   143992.120
  1750:   144020.120   144148.130   144251.130   144446.130   144577.130
  1755:   144727.130   144910.130   145036.130   145118.120   145141.120
  1760:   145376.130   145756.130   145918.130   146038.120   146109.130
  1765:   146416.130   146512.120   146626.130   146788.130   146866.120
  1770:   146888.120   146977.130   147139.130   147216.120   147237.120
  1775:   147302.130   147397.120   147690.130   147994.130   148245.120
  1780:   148370.130   148388.740   148519.130   148632.840   148662.640
  1785:   148662.320   148662.330   148662.350   148662.240   148662.130
  1790:   148912.220   148912.230   148912.250   148912.340   148974.130
  1795:   149078.540   149078.320   149078.330   149078.350   149078.240
  1800:   149078.120   149328.220   149328.230   149328.250   149328.340
  1805:   149419.130   149443.130   149558.120   149628.130   149778.130
  1810:   149886.120   149912.120   150002.130   150108.120   150344.130
  1815:   150425.120   150448.120   150475.120   150600.130   150734.130
  1820:   150780.130   150856.120   150879.120   150909.120   151099.120
  1825:   151124.120   151240.130   151370.130   151534.130   151608.130
  1830:   151709.120   151790.130   151885.120   151951.130   152053.120
  1835:   152127.130   152209.120   152235.120   152311.130   152333.130
  1840:   152538.130   152645.120   152712.840   152807.120   152987.640
  1845:   152987.320   152987.330   152987.350   152987.240   152987.130
  1850:   153237.220   153237.230   153237.250   153237.340   153329.130
  1855:   153355.130   153507.130   153630.130   153792.130   153887.120
  1860:   154029.130   154349.120   154375.120   154404.120   154508.130
  1865:   154618.120   154737.840   154741.640   154741.320   154741.330
  1870:   154741.350   154741.240   154741.130   154991.220   154991.230
  1875:   154991.250   154991.340   155090.130   155172.120   155198.120
  1880:   155276.130   155528.740   155601.540   155601.320   155601.330
  1885:   155601.350   155601.240   155601.120   155851.220   155851.230
  1890:   155851.250   155851.340   155937.130   156059.120   156082.120
  1895:   156200.130   156511.120   156636.130   156714.120   156738.120
  1900:   156809.130   156908.120   156934.120   157014.130   157155.130
  1905:   157205.130   157270.120   157294.120   157325.120   157451.740
  1910:   157468.130   157571.540   157571.320   157571.330   157571.350
  1915:   157571.240   157571.120   157821.220   157821.230   157821.250
  1920:   157821.340   157906.130   158021.740   158046.540   158046.320
  1925:   158046.330   158046.350   158046.240   158046.120   158296.220
  1930:   158296.230   158296.250   158296.340   158517.120   158588.130
  1935:   158661.120   158729.130   158832.120   158913.130   158988.120
  1940:   159014.120   159041.120   159117.130   159189.120   159191.840
  1945:   159362.640   159362.320   159362.330   159362.350   159362.240
  1950:   159362.130   159612.220   159612.230   159612.250   159612.340
  1955:   159766.130   159896.120   160006.130   160120.120   160200.130
  1960:   160433.130   160510.120   160613.130   160889.130   161109.130
  1965:   161392.120   161417.120   161761.130   161925.130   162028.120
  1970:   162055.120   162400.130   162504.120   162530.120   162592.130
  1975:   162641.130   162826.130   163088.120   163155.130   163252.120
  1980:   163321.130   163482.130   163672.130   163849.130   163942.120
  1985:   164022.130   164244.130   164416.130   164496.740   164588.130
  1990:   164688.540   164688.320   164688.330   164688.350   164688.240
  1995:   164688.120   164938.220   164938.230   164938.250   164938.340
  2000:   165013.130   165186.130   165283.120   165350.130   165452.120
  2005:   165535.130   165635.130   165719.120   165748.120   165823.130
  2010:   166109.120   166139.120   166164.120   166230.130   166320.120
  2015:   166346.120   166408.130   166514.120   166605.130   166744.130
  2020:   166844.120   166938.740   166991.540   166991.320   166991.330
  2025:   166991.350   166991.240   166991.120   167241.220   167241.230
  2030:   167241.250   167241.340   167330.130   167411.120   167643.130
  2035:   167742.130   167878.130   168033.130   168135.120   168218.130
  2040:   168320.120   168477.120   168502.120   168535.120   168778.130
  2045:   168862.130   169079.130   169181.120   169279.130   169378.120
  2050:   169555.130   169633.130   169729.120   169791.130   169889.120
  2055:   169969.130   170043.120   170071.120   170169.130   170267.120
  2060:   170345.130   170421.120   170525.130   170683.130   170786.120
  2065:   170813.120   170983.120   171101.130   171281.130   171443.120
  2070:   171558.130   171721.130   171790.120   171864.130   172061.130
  2075:   172159.120   172251.130   172340.130   172341.740   172428.540
  2080:   172428.320   172428.330   172428.350   172428.240   172428.120
  2085:   172612.840   172678.220   172678.230   172678.250   172678.340
  2090:   172759.640   172759.320   172759.330   172759.350   172759.240
  2095:   172759.130   173009.220   173009.230   173009.250   173009.340
  2100:   173080.130   173146.120   173209.840   173278.640   173278.320
  2105:   173278.330   173278.350   173278.240   173278.130   173528.220
  2110:   173528.230   173528.250   173528.340   173612.130   173777.130
  2115:   173879.120   173975.130   174170.130   174178.740   174247.540
  2120:   174247.320   174247.330   174247.350   174247.240   174247.120
  2125:   174497.220   174497.230   174497.250   174497.340   174577.130
  2130:   174728.130   174908.130   175044.130   175152.120   175263.130
  2135:   175442.130   175522.120   175550.120   175626.130   175925.130
  2140:   175991.120   176014.120   176087.130   176159.120   176185.120
  2145:   176215.120   176359.130   176371.130   176459.120   176576.130
  2150:   176668.120   176773.130   176872.120   177001.130   177185.130
  2155:   177258.120   177282.120   177355.130   177511.130   177586.120
  2160:   177611.120   177749.130   177976.130   177991.130   178086.120
  2165:   178297.740   178368.130   178471.540   178471.320   178471.330
  2170:   178471.350   178471.240   178471.120   178721.220   178721.230
  2175:   178721.250   178721.340   178803.130   178880.120   178935.120
  2180:   179217.130   179397.130   179519.130   179668.130   179759.120
  2185:   179830.130   179951.120   180000.130   180094.120   180147.130
  2190:   180233.120   180258.120   180317.130   180380.120   180406.120
  2195:   180488.130   180598.130   180776.120   180820.120   181044.130
  2200:   181171.130   181266.120   181486.130   181545.120   181667.120
  2205:   181689.120   181804.120   181827.120   181976.120   182046.130
  2210:   182141.130   182229.120   182283.130   182421.740   182454.130
  2215:   182590.130   182791.540   182791.320   182791.330   182791.350
  2220:   182791.240   182791.120   183041.220   183041.230   183041.250
  2225:   183041.340   183113.130   183307.130   183400.120   183456.130
  2230:   183545.120   183611.130   183702.120   183766.130   183854.120
  2235:   183924.130   184013.120   184040.120   184067.120   184095.120
  2240:   184122.120   184271.130   184338.130   184426.120   184489.130
  2245:   184697.130   184781.120   184876.130   184971.120   185038.130
  2250:   185181.130   185240.120   185269.120   185412.120   185556.120
  2255:   185709.120   186057.130   186151.120   186202.130   186277.130
  2260:   186374.120   186478.130   186623.130   186685.120   186728.840
  2265:   186818.120   186949.120   187041.740   187073.540   187073.320
  2270:   187073.330   187073.350   187073.240   187073.120   187323.220
  2275:   187323.230   187323.250   187323.340   187585.640   187585.320
  2280:   187585.330   187585.350   187585.240   187585.130   187835.220
  2285:   187835.230   187835.250   187835.340   187910.130   188007.120
  2290:   188038.120   188104.130   188196.120   188255.130   188333.130
  2295:   188419.120   188512.130   188581.120   188605.120   188764.120
  2300:   188831.130   189055.120   189124.130   189199.120   189266.130
  2305:   189481.120   189768.120   189825.130   189955.130   190127.130
  2310:   190405.130   190496.130   190566.120   190635.840   190645.640
  2315:   190645.320   190645.330   190645.350   190645.240   190645.130
  2320:   190895.220   190895.230   190895.250   190895.340   190923.740
  2325:   191021.540   191021.320   191021.330   191021.350   191021.240
  2330:   191021.120   191271.220   191271.230   191271.250   191271.340
  2335:   191346.130   191413.120   191485.120   191548.130   191644.120
  2340:   191725.130   191862.130   192189.120   192195.840   192253.640
  2345:   192253.320   192253.330   192253.350   192253.240   192253.130
  2350:   192503.220   192503.230   192503.250   192503.340   192647.120
  2355:   192848.120   192874.120   192939.130   193038.120   193112.130
  2360:   193176.120   193200.120   193226.120   193340.130   193408.120
  2365:   193477.130   193632.130   193771.130   193864.120   193871.740
  2370:   194006.540   194006.320   194006.330   194006.350   194006.240
  2375:   194006.120   194256.220   194256.230   194256.250   194256.340
  2380:   194320.130   194384.120   194408.120   194474.130   194761.120
  2385:   194933.130   194956.740   195113.130   195276.130   195344.540
  2390:   195344.320   195344.330   195344.350   195344.240   195344.120
  2395:   195594.220   195594.230   195594.250   195594.340   195663.130
  2400:   195744.120   195764.120   195832.130   196062.120   196094.740
  2405:   196124.130   196213.540   196213.320   196213.330   196213.350
  2410:   196213.240   196213.120   196463.220   196463.230   196463.250
  2415:   196463.340   196524.130   196546.130   196635.120   196705.130
  2420:   196808.120   196874.130   197022.130   197105.120   197171.130
  2425:   197263.120   197390.120   197418.120   197476.130   197539.120
  2430:   197614.130   197753.120   197948.130   198015.120   198134.120
  2435:   198156.120   198235.130   198384.120   198456.130   198535.120
  2440:   198555.120   198630.130   198771.130   198863.120   199062.130
  2445:   199152.120   199332.130   199416.130   199550.130   199607.120
  2450:   199677.130   199802.130   200023.130   200215.120   200276.130
  2455:   200454.130   200605.130   200705.120   200764.130   200867.120
  2460:   200933.130   201085.130   201140.120   201343.130   201406.120
  2465:   201428.120   201623.120   201678.130   201751.120   201811.130
  2470:   201932.130   202063.740   202081.130   202414.130   202554.130
  2475:   202742.130   202885.130   202967.540   202967.320   202967.330
  2480:   202967.350   202967.240   202967.120   203217.220   203217.230
  2485:   203217.250   203217.340   203306.130   203361.120   203425.130
  2490:   203638.120   203693.130   203757.120   203780.120   203842.130
  2495:   203908.120   203926.120   204067.120   204119.130   204249.130
  2500:   204385.130   204439.120   204582.120   204617.740   204645.130
  2505:   204780.130   204864.540   204864.320   204864.330   204864.350
  2510:   204864.240   204864.120   205103.840   205114.220   205114.230
  2515:   205114.250   205114.340   205189.640   205189.320   205189.330
  2520:   205189.350   205189.240   205189.130   205439.220   205439.230
  2525:   205439.250   205439.340   205510.130   205593.120   205614.740
  2530:   205713.130   205824.540   205824.320   205824.330   205824.350
  2535:   205824.240   205824.120   206074.220   206074.230   206074.250
  2540:   206074.340   206153.130   206314.130   206395.120   206505.120
  2545:   206569.130   206639.120   206704.130   206795.120   206967.130
  2550:   207039.120   207214.120   207382.120   207442.130   207621.130
  2555:   207674.740   207704.540   207704.320   207704.330   207704.350
  2560:   207704.240   207704.120   207954.220   207954.230   207954.250
  2565:   207954.340   208017.130   208183.130   208265.120   208391.120
  2570:   208410.120   208472.130   208540.120   208642.130   208703.120
  2575:   208763.130   208994.120   209070.130   209143.120   209208.130
  2580:   209298.120   209415.120   209569.120   209652.130   209714.120
  2585:   209798.130   209936.130   209998.120   210060.130   210119.120
  2590:   210172.130   210251.120   210297.120   210423.120   210490.130
  2595:   210580.120   210601.120   210659.130   210720.120   210806.130
  2600:   210882.120   210942.130   211092.130   211282.120   211374.130
  2605:   211454.740   211475.540   211475.320   211475.330   211475.350
  2610:   211475.240   211475.120   211725.220   211725.230   211725.250
  2615:   211725.340   211828.130   211915.120   211939.120   212016.130
  2620:   212100.120   212248.120   212310.130   212369.120   212514.120
  2625:   212582.130   212661.120   212725.740   212732.130   213041.130
  2630:   213099.540   213099.320   213099.330   213099.350   213099.240
  2635:   213099.120   213349.220   213349.230   213349.250   213349.340
  2640:   213411.130   213500.120   213605.130   213669.120   213747.130
  2645:   213900.130   214038.130   214098.120   214151.130   214279.130
  2650:   214336.120   214425.130   214650.120   214780.120   214830.130
  2655:   214915.120   214986.130   215049.120   215206.120   215278.130
  2660:   215340.120   215402.130   215538.130   215539.840   215629.120
  2665:   215703.640   215703.320   215703.330   215703.350   215703.240
  2670:   215703.130   215953.220   215953.230   215953.250   215953.340
  2675:   216011.130   216242.120   216468.130   216549.120   216623.130
  2680:   216844.120   216868.120   216946.130   217025.120   217088.130
  2685:   217224.130   217283.120   217310.120   217382.130   217517.130
  2690:   217596.120   217666.130   217730.120   217801.130   217882.120
  2695:   218042.120   218169.120   218246.130   218320.120   218391.130
  2700:   218458.120   218481.120   218549.740   218639.540   218639.320
  2705:   218639.330   218639.350   218639.240   218639.120   218889.220
  2710:   218889.230   218889.250   218889.340   218955.130   219029.120
  2715:   219052.120   219126.130   219209.120   219389.130   219447.120
  2720:   219513.130   219770.130   219959.130   220027.120   220052.120
  2725:   220107.130   220172.120   220192.120   220266.130   220553.130
  2730:   220675.130   220831.130   220916.120   220982.130   221136.130
  2735:   221197.120   221218.120   221275.130   221420.130   221560.120
  2740:   221632.130   221692.120   221779.130   221913.120   222070.120
  2745:   222168.130   222236.120   222716.120   222798.130   222863.120
  2750:   222999.120   223067.130   223179.120   223238.130   223403.130
  2755:   223480.120   223502.120   223550.120   223666.120   223686.120
  2760:   223816.120   223886.130   223943.120   223989.740   224013.130
  2765:   224098.540   224098.320   224098.330   224098.350   224098.240
  2770:   224098.120   224348.220   224348.230   224348.250   224348.340
  2775:   224405.130   224587.130   224666.120   224790.120   224860.130
  2780:   224927.120   225083.120   225310.130   225397.120   225415.120
  2785:   225496.130   225628.130   225687.120   225741.130   225801.120
  2790:   225853.130   225925.120   226046.120   226111.130   226192.120
  2795:   226326.120   226401.130   226550.130   226606.120   226699.130
  2800:   226826.130   226888.120   226948.740   226949.130   227067.130
  2805:   227204.130   227355.130   227424.540   227424.320   227424.330
  2810:   227424.350   227424.240   227424.120   227674.220   227674.230
  2815:   227674.250   227674.340   227755.130   227984.130   228077.120
  2820:   228169.130   228226.120   228295.130   228448.130   228606.130
  2825:   228673.120   228737.130   228815.120   228887.130   228945.120
  2830:   228966.120   229196.130   229320.120   229391.130   229537.130
  2835:   229688.130   229968.130   230114.130   230277.130   230355.120
  2840:   230427.130   230513.120   230579.130   230731.130   230788.120
  2845:   230939.120   231061.120   231131.130   231195.120   231246.130
  2850:   231412.130   231472.120   231531.130   231623.120   231748.120
  2855:   231913.120   231971.130   232288.130   232425.130   232563.130
  2860:   232618.120   232687.130   232841.120   232972.130   233032.120
  2865:   233120.130   233195.120   233322.120   233390.130   233473.120
  2870:   233546.130   233609.120   233677.130   233742.120   233868.120
  2875:   233891.120   233967.130   234038.120   234164.120   234225.130
  2880:   234253.840   234312.120   234393.640   234393.320   234393.330
  2885:   234393.350   234393.240   234393.130   234643.220   234643.230
  2890:   234643.250   234643.340   234781.120   234854.130   234936.120
  2895:   235085.120   235162.130   235231.120   235311.130   235381.120
  2900:   235508.130   235597.120   235760.120   235972.130   236047.120
  2905:   236129.130   236209.120   236295.130   236382.120   236515.120
  2910:   236593.130   236671.120   236750.130   236774.740   237004.540
  2915:   237004.320   237004.330   237004.350   237004.240   237004.120
  2920:   237254.220   237254.230   237254.250   237254.340   237454.120
  2925:   237560.130   237640.120   237786.120   237940.120   237990.120
  2930:   238067.130   238133.120   238283.120   238468.130   238549.120
  2935:   238620.130   238693.120   238826.120   238901.130   238969.120
  2940:   239051.130   239143.840   239460.640   239460.320   239460.330
  2945:   239460.350   239460.240   239460.130   239710.220   239710.230
  2950:   239710.250   239710.340   239795.130   239988.130   240036.130
  2955:   240110.840   240121.120   240198.640   240198.320   240198.330
  2960:   240198.350   240198.240   240198.130   240448.220   240448.230
  2965:   240448.250   240448.340   240590.120   240749.130   240886.130
  2970:   240965.120   241119.120   241151.120   241232.130   241289.130
  2975:   241373.120   241446.130   241595.130   241654.130   241801.130
  2980:   241848.130   241918.120   241952.120   242005.130   242133.130
  2985:   242305.130   242376.120   242435.130   242448.840   242533.120
  2990:   242554.740   242615.640   242615.320   242615.330   242615.350
  2995:   242615.240   242615.130   242865.220   242865.230   242865.250
  3000:   242865.340   242994.540   242994.320   242994.330   242994.350
  3005:   242994.240   242994.120   243244.220   243244.230   243244.250
  3010:   243244.340   243344.740   243350.130   243376.130   243446.540
  3015:   243446.320   243446.330   243446.350   243446.240   243446.120
  3020:   243696.220   243696.230   243696.250   243696.340   243765.840
  3025:   243800.640   243800.320   243800.330   243800.350   243800.240
  3030:   243800.130   244050.220   244050.230   244050.250   244050.340
  3035:   244096.740   244194.540   244194.320   244194.330   244194.350
  3040:   244194.240   244194.120   244444.220   244444.230   244444.250
  3045:   244444.340   244525.130   244632.120   244657.120   244750.120
  3050:   244835.130   244976.130   245090.120   245113.120   245287.120
  3055:   245419.120   245499.130   245575.120   245656.130   245815.130
  3060:   246068.130   246163.120   246233.130   246418.130   246518.120
  3065:   246626.130   246691.120   246764.130   246826.120   246899.130
  3070:   247053.130   247122.120   247181.130   247270.120   247337.130
  3075:   247493.130   247571.120   247594.120   247736.120   247789.130
  3080:   247856.120   247961.130   248009.130   248173.130   248239.120
  3085:   248396.130   248492.120   248519.120   248585.130   248650.840
  3090:   248885.120   248961.640   248961.320   248961.330   248961.350
  3095:   248961.240   248961.130   249211.220   249211.230   249211.250
  3100:   249211.340   249288.130   249387.120   249529.120   249553.120
  3105:   249615.130   249707.120   249783.130   250008.120   250033.120
  3110:   250100.130   250211.840   250216.120   250391.120   250529.120
  3115:   250554.120   250618.640   250618.320   250618.330   250618.350
  3120:   250618.240   250618.130   250868.220   250868.230   250868.250
  3125:   250868.340   250941.130   251003.120   251025.120   251103.130
  3130:   251190.120   251214.120   251357.120   251381.120   251466.130
  3135:   251635.130   251882.130   251980.120   252114.120   252177.130
  3140:   252222.130   252347.130   252428.120   252452.120   252521.130
  3145:   252610.120   252683.130   252712.130   252777.120   252830.130
  3150:   252953.130   253023.120   253117.130   253144.740   253220.130
  3155:   253292.540   253292.320   253292.330   253292.350   253292.240
  3160:   253292.120   253542.220   253542.230   253542.250   253542.340
  3165:   253746.120   253880.130   253978.120   254002.120   254072.130
  3170:   254146.120   254174.120   254237.130   254339.120   254412.130
  3175:   254500.120   254524.120   254708.120   254845.120   254895.120
  3180:   254954.130   255056.120   255295.130   255372.120   255397.120
  3185:   255492.130   255683.120   255711.120   255803.130   255934.130
  3190:   256119.130   256211.120   256356.120   256498.120   256558.130
  3195:   256760.130   257023.130   257094.120   257190.130   257266.120
  3200:   257343.130   257673.130   257782.120   257911.120   257940.120
  3205:   258068.840   258107.120   258177.640   258177.320   258177.330
  3210:   258177.350   258177.240   258177.130   258427.220   258427.230
  3215:   258427.250   258427.340   258514.130   258535.130   258601.120
  3220:   258624.120   258698.130   258802.120   259027.840   259029.640
  3225:   259029.320   259029.330   259029.350   259029.240   259029.130
  3230:   259279.220   259279.230   259279.250   259279.340   259481.130
  3235:   259576.120   259694.130   259839.130   259946.120   260009.130
  3240:   260083.120   260109.120   260183.130   260265.130   260362.120
  3245:   260450.130   260519.120   260593.130   260691.120   260845.120
  3250:   260914.130   260967.130   261094.130   261164.120   261245.130
  3255:   261344.120   261431.130   261528.120   261635.130   261742.740
  3260:   261795.130   261897.540   261897.320   261897.330   261897.350
  3265:   261897.240   261897.120   262147.220   262147.230   262147.250
  3270:   262147.340   262234.130   262641.130   262903.130   263007.120
  3275:   263117.130   263263.130   263289.130   263512.130   263682.130
  3280:   263809.130   263947.740   263963.130   264069.540   264069.320
  3285:   264069.330   264069.350   264069.240   264069.120   264319.220
  3290:   264319.230   264319.250   264319.340   264455.120   264479.120
  3295:   264506.120   264598.130   264778.130   264926.120   264951.120
  3300:   265028.130   265128.120   265200.130   265304.120   265375.130
  3305:   265471.120   265577.130   265647.120   265732.130   265801.130
  3310:   265872.120   265896.120   266028.130   266100.120   266125.120
  3315:   266185.130   266263.120   266335.130   266530.130   266620.130
  3320:   266721.120   266795.130   267057.120   267118.130   267187.120
  3325:   267213.120   267301.130   267433.130   267508.120   267588.130
  3330:   267659.120   267685.120   267831.120   267855.120   267927.130
  3335:   268000.120   268022.120   268328.120   268353.120   268418.130
  3340:   268548.120   268658.130   268727.120   268782.120   268847.130
  3345:   268995.130   269090.130   269183.120   269256.130   269355.120
  3350:   269414.130   269468.130   269535.120   269559.120   269665.130
  3355:   269760.120   269834.130   269932.120   270006.130   270076.130
  3360:   270212.130   270357.130   270495.130   270647.130   270982.120
  3365:   271062.130   271276.120   271299.120   271368.130   271466.120
  3370:   271522.130   271672.130   271778.120   271856.130   271957.120
  3375:   272200.130   272300.120   272445.120   272528.130   272620.130
  3380:   272716.120   272850.130   272924.120   273009.130   273145.130
  3385:   273260.130   273353.120   273450.130   273603.130   273717.130
  3390:   273819.120   273931.130   274029.120   274100.130   274119.740
  3395:   274237.130   274313.540   274313.320   274313.330   274313.350
  3400:   274313.240   274313.120   274563.220   274563.230   274563.250
  3405:   274563.340   274640.130   274665.130   274743.120   274770.120
  3410:   275001.130   275127.130   275222.120   275321.130   275420.120
  3415:   275529.130   275621.120   275682.130   275743.120   275767.120
  3420:   275971.130   276074.120   276131.130   276235.120   276318.130
  3425:   276415.120   276487.130   276569.120   276594.120   276687.130
  3430:   276769.120   276795.120   276897.130   277024.130   277072.130
  3435:   277198.130   277294.120   277460.120   277521.130   277760.120
  3440:   277782.120   277913.120   277937.120   278059.130   278152.120
  3445:   278213.130   278310.120   278414.130   278553.130   278626.120
  3450:   278765.130   278854.120   278927.130   278976.130   279079.130
  3455:   279172.120   279366.120   279433.130   279635.130   279882.130
  3460:   279979.120   280046.130   280116.120   280139.120   280204.130
  3465:   280321.130   280401.120   280463.740   280549.540   280549.320
  3470:   280549.330   280549.350   280549.240   280549.120   280779.840
  3475:   280799.220   280799.230   280799.250   280799.340   280882.640
  3480:   280882.320   280882.330   280882.350   280882.240   280882.130
  3485:   281132.220   281132.230   281132.250   281132.340   281225.130
  3490:   281332.840   281459.640   281459.320   281459.330   281459.350
  3495:   281459.240   281459.130   281709.220   281709.230   281709.250
  3500:   281709.340   281786.130   281852.120   281882.120   281991.130
  3505:   282093.120   282169.130   282248.120   282271.120   282362.130
  3510:   282465.120   282637.120   282663.120   282727.130   282860.130
  3515:   282926.120   283005.130   283184.130   283277.120   283412.120
  3520:   283509.840   283613.120   283745.120   283810.640   283810.320
  3525:   283810.330   283810.350   283810.240   283810.130   284060.220
  3530:   284060.230   284060.250   284060.340   284190.120   284281.130
  3535:   284355.120   284377.120   284399.740   284474.130   284551.540
  3540:   284551.320   284551.330   284551.350   284551.240   284551.120
  3545:   284801.220   284801.230   284801.250   284801.340   284874.130
  3550:   284901.130   284992.120   285014.120   285201.740   285231.540
  3555:   285231.320   285231.330   285231.350   285231.240   285231.120
  3560:   285481.220   285481.230   285481.250   285481.340   285562.130
  3565:   285763.130   285859.120   285927.130   285997.120   286021.120
  3570:   286087.130   286155.120   286376.130   286535.130   286688.130
  3575:   286797.120   286889.130   286986.130   287086.120   287116.120
  3580:   287175.130   287272.130   287367.120   287504.120   287741.130
  3585:   287886.130   287950.120   288018.130   288294.130   288582.130
  3590:   288667.120   288692.120   288807.130   288910.120   288972.130
  3595:   289043.120   289067.120   289128.130   289325.130   289544.130
  3600:   289649.120   289673.120   289793.120   289855.130   289950.120
  3605:   290099.120   290149.130   290264.120   290681.740   290778.130
  3610:   290902.130   291050.130   291144.540   291144.320   291144.330
  3615:   291144.350   291144.240   291144.120   291394.220   291394.230
  3620:   291394.250   291394.340   291475.130   291616.120   291695.130
  3625:   291760.840   291776.120   291841.640   291841.320   291841.330
  3630:   291841.350   291841.240   291841.130   292091.220   292091.230
  3635:   292091.250   292091.340   292195.130   292220.130   292283.120
  3640:   292379.130   292455.120   292525.130   292626.120   292726.130
  3645:   292796.120   292821.120   292891.840   292910.640   292910.320
  3650:   292910.330   292910.350   292910.240   292910.130   292994.740
  3655:   293160.220   293160.230   293160.250   293160.340   293338.540
  3660:   293338.320   293338.330   293338.350   293338.240   293338.120
  3665:   293588.220   293588.230   293588.250   293588.340   293680.130
  3670:   293864.130   293994.130   294157.130   294310.130   294558.120
  3675:   294627.130   294779.130   294854.120   294860.840   294879.120
  3680:   294970.640   294970.320   294970.330   294970.350   294970.240
  3685:   294970.130   295220.220   295220.230   295220.250   295220.340
  3690:   295299.130   295372.120   295399.120   295428.120   295533.130
  3695:   295736.120   295758.120   295899.120   295924.120   295993.130
  3700:   296092.120   296163.130   296454.130   296523.120   296577.120
  3705:   296675.130   296798.130   296922.130   296972.130   297086.120
  3710:   297165.130   297233.120   297288.740   297344.130   297438.540
  3715:   297438.320   297438.330   297438.350   297438.240   297438.120
  3720:   297688.220   297688.230   297688.250   297688.340   297844.120
  3725:   297871.120   297949.130   298078.130   298171.120   298269.130
  3730:   298344.120   298370.120   298462.130   298532.120   298558.120
  3735:   298819.130   298935.130   299034.120   299242.130   299435.120
  3740:   299570.120   299594.120   299669.130   299734.120   299836.130
  3745:   300114.120   300185.130   300294.120   300446.120   300515.130
  3750:   300590.120   300894.120   300921.120   301006.130   301080.120
  3755:   301165.130   301239.120   301265.120   301324.130   301463.130
  3760:   301730.130   301916.120   301991.130   302137.130   302234.120
  3765:   302422.130   302573.130   302646.120   302671.120   302735.130
  3770:   302868.130   302969.120   303161.120   303237.130   303385.130
  3775:   303476.130   303710.120   303936.130   304029.120   304098.130
  3780:   304187.120   304245.130   304288.740   304576.130   304794.540
  3785:   304794.320   304794.330   304794.350   304794.240   304794.120
  3790:   305044.220   305044.230   305044.250   305044.340   305104.130
  3795:   305199.120   305226.120   305410.120   305484.130   305612.130
  3800:   305685.120   305711.120   305802.130   305898.130   306041.130
  3805:   306207.130   306351.130   306429.120   306453.120   306520.130
  3810:   306618.120   306682.130   306745.120   306824.130   307027.130
  3815:   307268.120   307339.130   307542.120   307618.130   307717.120
  3820:   307744.740   307956.130   308274.540   308274.320   308274.330
  3825:   308274.350   308274.240   308274.120   308524.220   308524.230
  3830:   308524.250   308524.340   308594.130   308616.130   308691.120
  3835:   308717.120   308845.130   309031.130   309110.120   309222.130
  3840:   309315.120   309463.120   309723.120   309748.120   309959.130
  3845:   310200.120   310688.130   310778.120   310837.130   310940.120
  3850:   311005.130   311070.130   311120.840   311166.120   311226.640
  3855:   311226.320   311226.330   311226.350   311226.240   311226.130
  3860:   311424.740   311476.220   311476.230   311476.250   311476.340
  3865:   311620.540   311620.320   311620.330   311620.350   311620.240
  3870:   311620.120   311870.220   311870.230   311870.250   311870.340
  3875:   311988.130   312226.130   312323.120   312416.130   312542.130
  3880:   312841.120   312914.130   312988.120   313141.120   313205.130
  3885:   313409.130   313495.120   313732.130   313823.120   313900.130
  3890:   313970.740   313970.120   314045.130   314118.540   314118.320
  3895:   314118.330   314118.350   314118.240   314118.120   314368.220
  3900:   314368.230   314368.250   314368.340   314465.130   314569.120
  3905:   314624.120   314700.130   314775.130   314838.120   314899.130
  3910:   314967.120   315041.130   315119.120   315189.130   315322.130
  3915:   315442.130   315699.120   315720.120   315794.130   315868.740
  3920:   315873.540   315873.320   315873.330   315873.350   315873.240
  3925:   315873.120   316123.220   316123.230   316123.250   316123.340
  3930:   316220.130   316287.120   316313.120   316390.130   316467.120
  3935:   316491.120   316592.130   316733.130   316815.130   317069.120
  3940:   317219.120   317281.130   317361.120   317385.120   317473.130
  3945:   317538.120   317562.120   317676.840   317753.120   317835.640
  3950:   317835.320   317835.330   317835.350   317835.240   317835.130
  3955:   318085.220   318085.230   318085.250   318085.340   318169.130
  3960:   318325.130   318408.120   318423.740   318432.540   318432.320
  3965:   318432.330   318432.350   318432.240   318432.120   318682.220
  3970:   318682.230   318682.250   318682.340   318776.130   318799.130
  3975:   318897.120   318919.120   319000.130   319098.120   319168.130
  3980:   319256.120   319313.130   319452.130   319525.120   319613.130
  3985:   319689.120   319753.130   319832.120   319856.120   319982.740
  3990:   319996.540   319996.320   319996.330   319996.350   319996.240
  3995:   319996.120   320246.220   320246.230   320246.250   320246.340
  4000:   320329.130   320354.130   320379.130   320446.740   320509.540
  4005:   320509.320   320509.330   320509.350   320509.240   320509.120
  4010:   320759.220   320759.230   320759.250   320759.340   320850.130
  4015:   320877.130   320967.120   321077.120   321155.130   321249.120
  4020:   321417.120   321477.130   321622.130   321756.130   321999.120
  4025:   322023.120   322072.130   322147.120   322206.130   322289.120
  4030:   322350.130   322415.120   322478.130   322546.120   322606.130
  4035:   322745.130   322892.130   322958.120   323120.120   323179.130
  4040:   323271.120   323516.130   323587.120   323670.130   323735.120
  4045:   323793.130   323861.120   323989.120   324120.120   324173.130
  4050:   324267.120   324341.130   324413.120   324463.120   324534.130
  4055:   324559.740   324602.540   324602.320   324602.330   324602.350
  4060:   324602.240   324602.120   324852.220   324852.230   324852.250
  4065:   324852.340   324923.130   325019.120   325046.120   325070.120
  4070:   325285.840   325358.120   325523.120   325590.640   325590.320
  4075:   325590.330   325590.350   325590.240   325590.130   325840.220
  4080:   325840.230   325840.250   325840.340   325936.130   326007.120
  4085:   326029.120   326055.120   326127.130   326204.120   326230.120
  4090:   326289.130   326359.120   326435.130   326532.120   326594.130
  4095:   326683.120   326745.130   326844.120   326940.840   326986.120
  4100:   327056.640   327056.320   327056.330   327056.350   327056.240
  4105:   327056.130   327306.220   327306.230   327306.250   327306.340
  4110:   327377.130   327444.120   327470.120   327498.120   327603.130
  4115:   327701.120   327775.130   327873.120   327947.130   328016.120
  4120:   328077.130   328143.120   328164.120   328312.120   328432.130
  4125:   328500.120   328526.120   328652.740   328663.540   328663.320
  4130:   328663.330   328663.350   328663.240   328663.120   328913.220
  4135:   328913.230   328913.250   328913.340   328997.130   329125.120
  4140:   329154.120   329242.130   329306.120   329328.120   329439.130
  4145:   329506.120   329530.120   329600.130   329927.120   329993.130
  4150:   330069.120   330129.130   330193.120   330266.130   330353.120
  4155:   330514.120   330591.130   330679.120   330746.130   330817.120
  4160:   330841.120   330901.130   330974.120   331032.130   331093.120
  4165:   331160.130   331206.840   331300.640   331300.320   331300.330
  4170:   331300.350   331300.240   331300.130   331550.220   331550.230
  4175:   331550.250   331550.340   331679.120   331705.120   331846.120
  4180:   331871.120   331956.130   332044.120   332120.130   332194.120
  4185:   332274.130   332338.120   332405.130   332474.120   332532.130
  4190:   332603.120   332713.740   332738.540   332738.320   332738.330
  4195:   332738.350   332738.240   332738.120   332988.220   332988.230
  4200:   332988.250   332988.340   333055.130   333149.120   333239.120
  4205:   333389.120   333416.120   333484.130   333550.120   333606.130
  4210:   333730.130   333826.120   334044.130   334116.120   334170.130
  4215:   334240.120   334381.120   334406.120   334536.120   334559.120
  4220:   334615.130   334722.120   334819.130   334850.840   334926.120
  4225:   334992.640   334992.320   334992.330   334992.350   334992.240
  4230:   334992.130   335242.220   335242.230   335242.250   335242.340
  4235:   335350.120   335373.120   335478.130   335545.120   335648.120
  4240:   335723.130   335957.120   336011.130   336159.120   336224.130
  4245:   336320.120   336406.130   336487.120   336568.130   336666.120
  4250:   336945.120   337002.130   337075.120   337101.120   337257.120
  4255:   337327.130   337364.130   337429.120   337485.130   337488.740
  4260:   337556.540   337556.320   337556.330   337556.350   337556.240
  4265:   337556.120   337642.840   337806.220   337806.230   337806.250
  4270:   337806.340   338028.120   338188.120   338212.120   338350.120
  4275:   338451.640   338451.320   338451.330   338451.350   338451.240
  4280:   338451.130   338701.220   338701.230   338701.250   338701.340
  4285:   338869.120   338896.120   339033.130   339180.130   339206.740
  4290:   339267.540   339267.320   339267.330   339267.350   339267.240
  4295:   339267.120   339517.220   339517.230   339517.250   339517.340
  4300:   339661.120   339686.120   339915.120   340108.120   340158.130
  4305:   340246.120   340332.130   340400.120   340492.130   340540.130
  4310:   340612.120   340753.120   340841.130   340917.120   340944.120
  4315:   341098.120   341187.130   341265.120   341288.120   341371.130
  4320:   341447.120   341545.130   341646.120   341714.130   341911.130
  4325:   341987.120   342139.120   342195.130   342271.120   342328.130
  4330:   342451.120   342587.120   342643.130   342733.120   342788.130
  4335:   342901.120   343004.130   343235.130   343438.120   343518.130
  4340:   343586.120   343661.130   343712.130   343926.130   343991.120
  4345:   344041.120   344253.130   344343.120   344368.120   344562.130
  4350:   344721.130   344799.120   344865.130   344938.120   345017.130
  4355:   345137.120   345259.120   345330.130   345411.120   345631.130
  4360:   345704.120   345769.130   345930.130   346092.130   346311.130
  4365:   346392.120   346474.130   346685.120   346755.130   346991.120
  4370:   347011.120   347089.130   347154.120   347299.120   347372.130
  4375:   347417.130   347598.130   347637.130   347734.130   348077.120
  4380:   348171.120   348243.120   348268.120   348336.130   348409.120
  4385:   348470.130   348607.120   348663.130   348742.130   348840.120
  4390:   348898.130   349016.130   349064.130   349117.740   349309.540
  4395:   349309.320   349309.330   349309.350   349309.240   349309.120
  4400:   349559.220   349559.230   349559.250   349559.340   349648.130
  4405:   349713.120   349739.120   349830.130   350110.120   350259.740
  4410:   350337.130   350402.540   350402.320   350402.330   350402.350
  4415:   350402.240   350402.120   350652.220   350652.230   350652.250
  4420:   350652.340   350737.130   350816.120   350844.120   351026.130
  4425:   351109.120   351248.120   351305.130   351372.120   351457.130
  4430:   351538.120   351597.130   351643.130   351742.120   351819.130
  4435:   351887.120   351901.840   351952.640   351952.320   351952.330
  4440:   351952.350   351952.240   351952.130   352202.220   352202.230
  4445:   352202.250   352202.340   352301.130   352392.120   352419.120
  4450:   352507.120   352900.130   352951.130   353054.120   353168.130
  4455:   353241.120   353263.120   353311.130   353387.120   353463.130
  4460:   353533.120   353599.130   353670.120   353821.120   354057.130
  4465:   354134.120   354224.130   354361.120   354424.130   354560.130
  4470:   354665.120   354736.130   354812.120   354839.120   354905.130
  4475:   355092.120   355145.120   355215.130   355473.120   355495.120
  4480:   355556.130   355744.130   355874.130   356039.130   356109.120
  4485:   356176.130   356256.120   356325.130   356498.130   356648.130
  4490:   356679.130   356751.120   356817.130   356892.120   356989.130
  4495:   357084.120   357151.130   357290.130   357392.120   357415.120
  4500:   357500.130   357597.120   357676.130   358004.130   358131.130
  4505:   358208.120   358278.130   358421.120   358448.120   358508.130
  4510:   358606.130   358744.120   358823.130   358952.130   359016.120
  4515:   359040.120   359119.130   359278.130   359376.120   359480.130
  4520:   359625.120   359752.740   359757.130   359859.540   359859.320
  4525:   359859.330   359859.350   359859.240   359859.120   360000.320
  4530:   360000.330   360000.350   360000.020
C:
     0:        0.000     1472.000     1647.000       60.000       81.000
     5:        0.000
D:
     0:        0.000        0.000
L:
     0:       27.000      285.000      285.000
M:
     0:     1200.000     1201.000     1202.000     1203.000     1204.000
     5:     1205.000     1206.000     1207.000     1208.000     1209.000
    10:     1210.000     1211.000     1212.000     1213.000     1214.000
    15:     1215.000     1216.000     1217.000     1218.000     1219.000
    20:     1220.000     1221.000     1222.000     1223.000     1224.000
    25:     1225.000     1226.000     1227.000     1228.000     1229.000
    30:     1230.000     1231.000     1232.000     1233.000     1234.000
    35:     1235.000     1236.000     1237.000     1238.000     1239.000
    40:     1240.000     1241.000     1242.000     1243.000     1244.000
    45:     1245.000     1246.000     1247.000     1248.000     1249.000
    50:     1250.000     1251.000     1252.000     1253.000     1254.000
    55:     1255.000     1256.000     1257.000     1258.000     1259.000
    60:     1260.000     1261.000     1262.000     1263.000     1264.000
    65:     1265.000     1266.000     1267.000     1268.000     1269.000
    70:     1270.000     1271.000     1272.000     1273.000     1274.000
    75:     1275.000     1276.000     1277.000     1278.000     1279.000
    80:     1280.000     1281.000     1282.000     1283.000     1284.000
    85:     1285.000     1286.000     1287.000     1288.000     1289.000
    90:     1290.000     1291.000     1292.000     1293.000     1294.000
    95:     1295.000     1296.000     1297.000     1298.000     1299.000
   100:     1300.000     1301.000     1302.000     1303.000     1304.000
   105:     1305.000     1306.000     1307.000     1308.000     1309.000
   110:     1310.000     1311.000     1312.000     1313.000     1314.000
   115:     1315.000     1316.000     1317.000     1318.000     1319.000
   120:     1320.000     1321.000     1322.000     1323.000     1324.000
   125:     1325.000     1326.000     1327.000     1328.000     1329.000
   130:     1330.000     1331.000     1332.000     1333.000     1334.000
   135:     1335.000     1336.000     1337.000     1338.000     1339.000
   140:     1340.000     1341.000     1342.000     1343.000     1344.000
   145:     1345.000     1346.000     1347.000     1348.000     1349.000
   150:     1350.000     1351.000     1352.000     1353.000     1354.000
   155:     1355.000     1356.000     1357.000     1358.000     1359.000
   160:     1360.000     1361.000     1362.000     1363.000     1364.000
   165:     1365.000     1366.000     1367.000     1368.000     1369.000
   170:     1370.000     1371.000     1372.000     1373.000     1374.000
   175:     1375.000     1376.000     1377.000     1378.000     1379.000
   180:     1380.000     1381.000     1382.000     1383.000     1384.000
   185:     1385.000     1386.000     1387.000     1388.000     1389.000
   190:     1390.000     1391.000     1392.000     1393.000     1394.000
   195:     1395.000     1396.000     1397.000     1398.000     1399.000
   200:     1400.000     1401.000     1402.000     1403.000     1404.000
   205:     1405.000     1406.000     1407.000     1408.000     1409.000
   210:     1410.000     1411.000     1412.000     1413.000     1414.000
   215:     1415.000     1416.000     1417.000     1418.000     1419.000
   220:     1420.000     1421.000     1422.000     1423.000     1424.000
   225:     1425.000     1426.000     1427.000     1428.000     1429.000
   230:     1430.000     1431.000     1432.000     1433.000     1434.000
   235:     1435.000     1436.000     1437.000     1438.000     1439.000
   240:     1440.000     1441.000     1442.000     1443.000     1444.000
   245:     1445.000     1446.000     1447.000     1448.000     1449.000
   250:     1450.000     1451.000     1452.000     1453.000     1454.000
   255:     1455.000     1456.000     1457.000     1458.000     1459.000
   260:     1460.000     1461.000     1462.000     1463.000     1464.000
   265:     1465.000     1466.000     1467.000     1468.000     1469.000
   270:     1470.000     1471.000     1472.000     1473.000     1474.000
   275:     1475.000     1476.000     1477.000     1478.000     1479.000
   280:     1480.000     1481.000     1482.000     1483.000     1484.000
   285:     1485.000     1486.000     1487.000     1488.000     1489.000
   290:     1490.000     1491.000     1492.000     1493.000     1494.000
   295:     1495.000     1496.000     1497.000     1498.000     1499.000
   300:     1500.000     1501.000     1502.000     1503.000     1504.000
   305:     1505.000     1506.000     1507.000     1508.000     1509.000
   310:     1510.000     1511.000     1512.000     1513.000     1514.000
   315:     1515.000     1516.000     1517.000     1518.000     1519.000
   320:     1520.000     1521.000     1522.000     1523.000     1524.000
   325:     1525.000     1526.000     1527.000     1528.000     1529.000
   330:     1530.000     1531.000     1532.000     1533.000     1534.000
   335:     1535.000     1536.000     1537.000     1538.000     1539.000
   340:     1540.000     1541.000     1542.000     1543.000     1544.000
   345:     1545.000     1546.000     1547.000     1548.000     1549.000
   350:     1550.000     1551.000     1552.000     1553.000     1554.000
   355:     1555.000     1556.000     1557.000     1558.000     1559.000
   360:     1560.000     1561.000     1562.000     1563.000     1564.000
   365:     1565.000     1566.000     1567.000     1568.000     1569.000
   370:     1570.000     1571.000     1572.000     1573.000     1574.000
   375:     1575.000     1576.000     1577.000     1578.000     1579.000
   380:     1580.000     1581.000     1582.000     1583.000     1584.000
   385:     1585.000     1586.000     1587.000     1588.000     1589.000
   390:     1590.000     1591.000     1592.000     1593.000     1594.000
   395:     1595.000     1596.000     1597.000     1598.000     1599.000
   400:     1600.000     1601.000     1602.000     1603.000     1604.000
   405:     1605.000     1606.000     1607.000     1608.000     1609.000
   410:     1610.000     1611.000     1612.000     1613.000     1614.000
   415:     1615.000     1616.000     1617.000     1618.000     1619.000
   420:     1620.000     1621.000     1622.000     1623.000     1624.000
   425:     1625.000     1626.000     1627.000     1628.000     1629.000
   430:     1630.000     1631.000     1632.000     1633.000     1634.000
   435:     1635.000     1636.000     1637.000     1638.000     1639.000
   440:     1640.000     1641.000     1642.000     1643.000     1644.000
   445:     1645.000     1646.000     1647.000     1648.000     1649.000
   450:     1650.000     1651.000     1652.000     1653.000     1654.000
   455:     1655.000     1656.000     1657.000     1658.000     1659.000
   460:     1660.000     1661.000     1662.000     1663.000     1664.000
   465:     1665.000     1666.000     1667.000     1668.000     1669.000
   470:     1670.000     1671.000     1672.000     1673.000     1674.000
   475:     1675.000     1676.000     1677.000     1678.000     1679.000
   480:     1680.000     1681.000     1682.000     1683.000     1684.000
   485:     1685.000     1686.000     1687.000     1688.000     1689.000
   490:     1690.000     1691.000     1692.000     1693.000     1694.000
   495:     1695.000     1696.000     1697.000     1698.000     1699.000
   500:     1700.000     1701.000     1702.000     1703.000     1704.000
   505:     1705.000     1706.000     1707.000     1708.000     1709.000
   510:     1710.000     1711.000     1712.000     1713.000     1714.000
   515:     1715.000     1716.000     1717.000     1718.000     1719.000
   520:     1720.000     1721.000     1722.000     1723.000     1724.000
   525:     1725.000     1726.000     1727.000     1728.000     1729.000
   530:     1730.000     1731.000     1732.000     1733.000     1734.000
   535:     1735.000     1736.000     1737.000     1738.000     1739.000
   540:     1740.000     1741.000     1742.000     1743.000     1744.000
   545:     1745.000     1746.000     1747.000     1748.000     1749.000
   550:     1750.000     1751.000     1752.000     1753.000     1754.000
   555:     1755.000     1756.000     1757.000     1758.000     1759.000
   560:     1760.000     1761.000     1762.000     1763.000     1764.000
   565:     1765.000     1766.000     1767.000     1768.000     1769.000
   570:     1770.000     1771.000     1772.000     1773.000     1774.000
   575:     1775.000     1776.000     1777.000     1778.000     1779.000
   580:     1780.000     1781.000     1782.000     1783.000     1784.000
   585:     1785.000     1786.000     1787.000     1788.000     1789.000
   590:     1790.000     1791.000     1792.000     1793.000     1794.000
   595:     1795.000     1796.000     1797.000     1798.000     1799.000
   600:     1800.000     1801.000     1802.000     1803.000     1804.000
   605:     1805.000     1806.000     1807.000     1808.000     1809.000
   610:     1810.000     1811.000     1812.000     1813.000     1814.000
   615:     1815.000     1816.000     1817.000     1818.000     1819.000
   620:     1820.000     1821.000     1822.000     1823.000     1824.000
   625:     1825.000     1826.000     1827.000     1828.000     1829.000
   630:     1830.000     1831.000     1832.000     1833.000     1834.000
   635:     1835.000     1836.000     1837.000     1838.000     1839.000
   640:     1840.000     1841.000     1842.000     1843.000     1844.000
   645:     1845.000     1846.000     1847.000     1848.000     1849.000
   650:     1850.000     1851.000     1852.000     1853.000     1854.000
   655:     1855.000     1856.000     1857.000     1858.000     1859.000
   660:     1860.000     1861.000     1862.000     1863.000     1864.000
   665:     1865.000     1866.000     1867.000     1868.000     1869.000
   670:     1870.000     1871.000     1872.000     1873.000     1874.000
   675:     1875.000     1876.000     1877.000     1878.000     1879.000
   680:     1880.000     1881.000     1882.000     1883.000     1884.000
   685:     1885.000     1886.000     1887.000     1888.000     1889.000
   690:     1890.000     1891.000     1892.000     1893.000     1894.000
   695:     1895.000     1896.000     1897.000     1898.000     1899.000
   700:     1900.000     1901.000     1902.000     1903.000     1904.000
   705:     1905.000     1906.000     1907.000     1908.000     1909.000
   710:     1910.000     1911.000     1912.000     1913.000     1914.000
   715:     1915.000     1916.000     1917.000     1918.000     1919.000
   720:     1920.000     1921.000     1922.000     1923.000     1924.000
   725:     1925.000     1926.000     1927.000     1928.000     1929.000
   730:     1930.000     1931.000     1932.000     1933.000     1934.000
   735:     1935.000     1936.000     1937.000     1938.000     1939.000
   740:     1940.000     1941.000     1942.000     1943.000     1944.000
   745:     1945.000     1946.000     1947.000     1948.000     1949.000
   750:     1950.000     1951.000     1952.000     1953.000     1954.000
   755:     1955.000     1956.000     1957.000     1958.000     1959.000
   760:     1960.000     1961.000     1962.000     1963.000     1964.000
   765:     1965.000     1966.000     1967.000     1968.000     1969.000
   770:     1970.000     1971.000     1972.000     1973.000     1974.000
   775:     1975.000     1976.000     1977.000     1978.000     1979.000
   780:     1980.000     1981.000     1982.000     1983.000     1984.000
   785:     1985.000     1986.000     1987.000     1988.000     1989.000
   790:     1990.000     1991.000     1992.000     1993.000     1994.000
   795:     1995.000     1996.000     1997.000     1998.000     1999.000
   800:     2000.000     2001.000     2002.000     2003.000     2004.000
   805:     2005.000     2006.000     2007.000     2008.000     2009.000
   810:     2010.000     2011.000     2012.000     2013.000     2014.000
   815:     2015.000     2016.000     2017.000     2018.000     2019.000
   820:     2020.000     2021.000     2022.000     2023.000     2024.000
   825:     2025.000     2026.000     2027.000     2028.000     2029.000
   830:     2030.000     2031.000     2032.000     2033.000     2034.000
   835:     2035.000     2036.000     2037.000     2038.000     2039.000
   840:     2040.000     2041.000     2042.000     2043.000     2044.000
   845:     2045.000     2046.000     2047.000     2048.000     2049.000
   850:     2050.000     2051.000     2052.000     2053.000     2054.000
   855:     2055.000     2056.000     2057.000     2058.000     2059.000
   860:     2060.000     2061.000     2062.000     2063.000     2064.000
   865:     2065.000     2066.000     2067.000     2068.000     2069.000
   870:     2070.000     2071.000     2072.000     2073.000     2074.000
   875:     2075.000     2076.000     2077.000     2078.000     2079.000
   880:     2080.000     2081.000     2082.000     2083.000     2084.000
   885:     2085.000     2086.000     2087.000     2088.000     2089.000
   890:     2090.000     2091.000     2092.000     2093.000     2094.000
   895:     2095.000     2096.000     2097.000     2098.000     2099.000
   900:     2100.000     2101.000     2102.000     2103.000     2104.000
   905:     2105.000     2106.000     2107.000     2108.000     2109.000
   910:     2110.000     2111.000     2112.000     2113.000     2114.000
   915:     2115.000     2116.000     2117.000     2118.000     2119.000
   920:     2120.000     2121.000     2122.000     2123.000     2124.000
   925:     2125.000     2126.000     2127.000     2128.000     2129.000
   930:     2130.000     2131.000     2132.000     2133.000     2134.000
   935:     2135.000     2136.000     2137.000     2138.000     2139.000
   940:     2140.000     2141.000     2142.000     2143.000     2144.000
   945:     2145.000     2146.000     2147.000     2148.000     2149.000
   950:     2150.000     2151.000     2152.000     2153.000     2154.000
   955:     2155.000     2156.000     2157.000     2158.000     2159.000
   960:     2160.000     2161.000     2162.000     2163.000     2164.000
   965:     2165.000     2166.000     2167.000     2168.000     2169.000
   970:     2170.000     2171.000     2172.000     2173.000     2174.000
   975:     2175.000     2176.000     2177.000     2178.000     2179.000
   980:     2180.000     2181.000     2182.000     2183.000     2184.000
   985:     2185.000     2186.000     2187.000     2188.000     2189.000
   990:     2190.000     2191.000     2192.000     2193.000     2194.000
   995:     2195.000     2196.000     2197.000     2198.000     2199.000
  1000:     2200.000     2201.000     2202.000     2203.000     2204.000
  1005:     2205.000     2206.000     2207.000     2208.000     2209.000
  1010:     2210.000     2211.000     2212.000     2213.000     2214.000
  1015:     2215.000     2216.000     2217.000     2218.000     2219.000
  1020:     2220.000     2221.000     2222.000     2223.000     2224.000
  1025:     2225.000     2226.000     2227.000     2228.000     2229.000
  1030:     2230.000     2231.000     2232.000     2233.000     2234.000
  1035:     2235.000     2236.000     2237.000     2238.000     2239.000
  1040:     2240.000     2241.000     2242.000     2243.000     2244.000
  1045:     2245.000     2246.000     2247.000     2248.000     2249.000
  1050:     2250.000     2251.000     2252.000     2253.000     2254.000
  1055:     2255.000     2256.000     2257.000     2258.000     2259.000
  1060:     2260.000     2261.000     2262.000     2263.000     2264.000
  1065:     2265.000     2266.000     2267.000     2268.000     2269.000
  1070:     2270.000     2271.000     2272.000     2273.000     2274.000
  1075:     2275.000     2276.000     2277.000     2278.000     2279.000
  1080:     2280.000     2281.000     2282.000     2283.000     2284.000
  1085:     2285.000     2286.000     2287.000     2288.000     2289.000
  1090:     2290.000     2291.000     2292.000     2293.000     2294.000
  1095:     2295.000     2296.000     2297.000     2298.000     2299.000
  1100:     2300.000     2301.000     2302.000     2303.000     2304.000
  1105:     2305.000     2306.000     2307.000     2308.000     2309.000
  1110:     2310.000     2311.000     2312.000     2313.000     2314.000
  1115:     2315.000     2316.000     2317.000     2318.000     2319.000
  1120:     2320.000     2321.000     2322.000     2323.000     2324.000
  1125:     2325.000     2326.000     2327.000     2328.000     2329.000
  1130:     2330.000     2331.000     2332.000     2333.000     2334.000
  1135:     2335.000     2336.000     2337.000     2338.000     2339.000
  1140:     2340.000     2341.000     2342.000     2343.000     2344.000
  1145:     2345.000     2346.000     2347.000     2348.000     2349.000
  1150:     2350.000     2351.000     2352.000     2353.000     2354.000
  1155:     2355.000     2356.000     2357.000     2358.000     2359.000
  1160:     2360.000     2361.000     2362.000     2363.000     2364.000
  1165:     2365.000     2366.000     2367.000     2368.000     2369.000
  1170:     2370.000     2371.000     2372.000     2373.000     2374.000
  1175:     2375.000     2376.000     2377.000     2378.000     2379.000
  1180:     2380.000     2381.000     2382.000     2383.000     2384.000
  1185:     2385.000     2386.000     2387.000     2388.000     2389.000
  1190:     2390.000     2391.000     2392.000     2393.000     2394.000
  1195:     2395.000     2396.000     2397.000     2398.000     2399.000
  1200:     2400.000
N:
     0:     2700.000     2701.000     2702.000     2703.000     2704.000
     5:     2705.000     2706.000     2707.000     2708.000     2709.000
    10:     2710.000     2711.000     2712.000     2713.000     2714.000
    15:     2715.000     2716.000     2717.000     2718.000     2719.000
    20:     2720.000     2721.000     2722.000     2723.000     2724.000
    25:     2725.000     2726.000     2727.000     2728.000     2729.000
    30:     2730.000     2731.000     2732.000     2733.000     2734.000
    35:     2735.000     2736.000     2737.000     2738.000     2739.000
    40:     2740.000     2741.000     2742.000     2743.000     2744.000
    45:     2745.000     2746.000     2747.000     2748.000     2749.000
    50:     2750.000     2751.000     2752.000     2753.000     2754.000
    55:     2755.000     2756.000     2757.000     2758.000     2759.000
    60:     2760.000     2761.000     2762.000     2763.000     2764.000
    65:     2765.000     2766.000     2767.000     2768.000     2769.000
    70:     2770.000     2771.000     2772.000     2773.000     2774.000
    75:     2775.000     2776.000     2777.000     2778.000     2779.000
    80:     2780.000     2781.000     2782.000     2783.000     2784.000
    85:     2785.000     2786.000     2787.000     2788.000     2789.000
    90:     2790.000     2791.000     2792.000     2793.000     2794.000
    95:     2795.000     2796.000     2797.000     2798.000     2799.000
   100:     2800.000     2801.000     2802.000     2803.000     2804.000
   105:     2805.000     2806.000     2807.000     2808.000     2809.000
   110:     2810.000     2811.000     2812.000     2813.000     2814.000
   115:     2815.000     2816.000     2817.000     2818.000     2819.000
   120:     2820.000     2821.000     2822.000     2823.000     2824.000
   125:     2825.000     2826.000     2827.000     2828.000     2829.000
   130:     2830.000     2831.000     2832.000     2833.000     2834.000
   135:     2835.000     2836.000     2837.000     2838.000     2839.000
   140:     2840.000     2841.000     2842.000     2843.000     2844.000
   145:     2845.000     2846.000     2847.000     2848.000     2849.000
   150:     2850.000     2851.000     2852.000     2853.000     2854.000
   155:     2855.000     2856.000     2857.000     2858.000     2859.000
   160:     2860.000     2861.000     2862.000     2863.000     2864.000
   165:     2865.000     2866.000     2867.000     2868.000     2869.000
   170:     2870.000     2871.000     2872.000     2873.000     2874.000
   175:     2875.000     2876.000     2877.000     2878.000     2879.000
   180:     2880.000     2881.000     2882.000     2883.000     2884.000
   185:     2885.000     2886.000     2887.000     2888.000     2889.000
   190:     2890.000     2891.000     2892.000     2893.000     2894.000
   195:     2895.000     2896.000     2897.000     2898.000     2899.000
   200:     2900.000     2901.000     2902.000     2903.000     2904.000
   205:     2905.000     2906.000     2907.000     2908.000     2909.000
   210:     2910.000     2911.000     2912.000     2913.000     2914.000
   215:     2915.000     2916.000     2917.000     2918.000     2919.000
   220:     2920.000     2921.000     2922.000     2923.000     2924.000
   225:     2925.000     2926.000     2927.000     2928.000     2929.000
   230:     2930.000     2931.000     2932.000     2933.000     2934.000
   235:     2935.000     2936.000     2937.000     2938.000     2939.000
   240:     2940.000     2941.000     2942.000     2943.000     2944.000
   245:     2945.000     2946.000     2947.000     2948.000     2949.000
   250:     2950.000     2951.000     2952.000     2953.000     2954.000
   255:     2955.000     2956.000     2957.000     2958.000     2959.000
   260:     2960.000     2961.000     2962.000     2963.000     2964.000
   265:     2965.000     2966.000     2967.000     2968.000     2969.000
   270:     2970.000     2971.000     2972.000     2973.000     2974.000
   275:     2975.000     2976.000     2977.000     2978.000     2979.000
   280:     2980.000     2981.000     2982.000     2983.000     2984.000
   285:     2985.000     2986.000     2987.000     2988.000     2989.000
   290:     2990.000     2991.000     2992.000     2993.000     2994.000
   295:     2995.000     2996.000     2997.000     2998.000     2999.000
   300:     3000.000
R:
     0:      416.000      158.000      158.000
V:
     0:     1547.000     2926.000
W:
     0:     1547.000     2926.000
