File: C:\MED-PC IV\DATA\p004_104_japede


Start Date: 10/11/17
End Date: 10/11/17
Subject: p004
Experiment: 0
Group: 0
Box: 7
Start Time: 14:44:46
End Time: 15:45:14
MSN: japede_L_45_45_45_R_45_45_45
B:       0.000
E:    5213.000
F:       0.000
G:       0.000
H:       0.000
I:       2.000
J:       2.000
K:       0.000
O:       0.000
P:       0.000
Q:       0.000
S:  360000.000
T:  360000.000
U:       0.000
X:       0.000
Y:       0.000
Z:       0.000
A:
     0:        0.010        0.250        0.220        0.230       74.130
     5:      101.130      138.130      255.120      282.120      306.120
    10:      329.120      348.120      376.120      411.120      531.130
    15:      597.130      733.120      760.120      799.840      836.120
    20:      896.120      922.120     1045.640     1045.320     1045.330
    25:     1045.350     1045.240     1045.130     1295.220     1295.230
    30:     1295.250     1295.340     1416.130     1501.120     1550.120
    35:     1762.120     1792.120     1877.120     2000.130     2085.120
    40:     2112.120     2141.120     2174.120     2198.120     2311.130
    45:     2391.120     2420.120     2456.120     2482.120     2601.130
    50:     2688.120     2710.120     2800.130     2864.130     2941.120
    55:     2966.120     3079.130     3163.120     3187.120     3210.120
    60:     3290.130     3373.120     3396.120     3419.120     3439.120
    65:     3544.130     3644.120     3741.130     3853.120     3932.130
    70:     4007.120     4030.120     4107.130     4185.120     4295.130
    75:     4366.120     4388.120     4472.130     4553.120     4594.120
    80:     4692.130     4765.120     4893.130     4966.120     5058.130
    85:     5132.120     5158.120     5238.130     5269.130     5345.120
    90:     5377.120     5502.130     5574.120     5679.130     5766.120
    95:     5788.120     5978.120     6003.120     6065.130     6098.130
   100:     6162.120     6231.130     6294.120     6390.130     6457.120
   105:     6477.120     6547.130     6605.120     6631.120     6727.130
   110:     6789.120     6812.120     6948.120     7116.130     7185.120
   115:     7208.120     7234.120     7310.130     7400.120     7487.130
   120:     7552.120     7575.120     7649.130     7712.120     7889.120
   125:     7913.120     8033.130     8119.120     8233.130     8301.120
   130:     8322.120     8396.130     8458.120     8559.130     8624.120
   135:     8748.130     8767.130     8839.120     8860.120     8938.130
   140:     9005.120     9095.840     9135.640     9135.320     9135.330
   145:     9135.350     9135.240     9135.130     9385.220     9385.230
   150:     9385.250     9385.340     9521.130     9614.120     9639.120
   155:     9764.130     9840.120     9865.120     9941.130    10013.120
   160:    10034.120    10057.120    10187.130    10258.120    10366.130
   165:    10447.120    10468.120    10568.130    10745.130    10812.120
   170:    10834.120    10979.120    11070.130    11137.120    11232.130
   175:    11325.120    11413.130    11490.120    11511.120    11621.130
   180:    11690.120    11823.130    11880.130    11952.120    11978.120
   185:    12085.130    12154.120    12178.120    12200.120    12307.130
   190:    12372.120    12400.120    12548.120    12575.120    12651.130
   195:    12713.120    12815.130    12893.120    12919.120    13008.130
   200:    13069.120    13089.120    13181.130    13244.120    13268.120
   205:    13362.130    13505.130    13615.120    13743.130    13795.130
   210:    13819.130    13887.120    13970.130    14100.130    14162.120
   215:    14181.120    14288.130    14358.120    14378.120    14485.130
   220:    14548.120    14628.130    14702.120    14728.120    14916.130
   225:    14959.130    15059.120    15084.120    15197.130    15215.130
   230:    15310.120    15341.120    15414.130    15508.120    15551.120
   235:    15690.130    15808.130    15831.130    15901.120    15999.740
   240:    16344.540    16344.320    16344.330    16344.350    16344.240
   245:    16344.120    16594.220    16594.230    16594.250    16594.340
   250:    16705.120    16810.130    16938.120    17016.130    17081.120
   255:    17094.740    17107.540    17107.320    17107.330    17107.350
   260:    17107.240    17107.120    17357.220    17357.230    17357.250
   265:    17357.340    17464.130    17562.120    17610.120    17636.120
   270:    17714.130    17789.120    17895.130    17971.120    18005.120
   275:    18121.130    18268.130    18329.120    18354.120    18456.130
   280:    18533.120    18564.120    18730.120    18834.130    18925.120
   285:    18951.120    19182.120    19202.120    19285.840    19286.640
   290:    19286.320    19286.330    19286.350    19286.240    19286.130
   295:    19536.220    19536.230    19536.250    19536.340    19662.130
   300:    19738.120    19857.130    19929.120    19952.120    20062.130
   305:    20131.120    20232.130    20298.120    20543.120    20643.130
   310:    20711.120    20832.130    20907.120    20981.130    21050.120
   315:    21158.130    21230.120    21318.130    21357.740    21624.130
   320:    21769.540    21769.320    21769.330    21769.350    21769.240
   325:    21769.120    22019.220    22019.230    22019.250    22019.340
   330:    22118.120    22141.120    22294.120    22369.130    22429.120
   335:    22453.120    22523.130    22683.130    22757.120    22781.120
   340:    22803.120    22882.130    22940.130    23004.120    23028.120
   345:    23126.130    23189.120    23271.130    23334.120    23467.130
   350:    23526.120    23694.120    23764.130    23807.130    23880.120
   355:    23982.130    24050.120    24155.130    24220.120    24246.120
   360:    24327.130    24443.120    24600.120    24625.120    24773.120
   365:    24802.120    24903.130    24971.120    24996.120    25076.130
   370:    25147.120    25260.130    25325.120    25470.130    25543.120
   375:    25568.120    25641.130    25708.120    25744.120    25817.130
   380:    25892.120    25995.130    26065.120    26091.120    26202.130
   385:    26277.120    26306.120    26477.120    26504.120    26656.120
   390:    26680.120    26743.130    26843.120    26868.120    26954.130
   395:    27022.120    27046.120    27104.130    27127.130    27252.130
   400:    27324.120    27433.130    27643.130    27707.120    27731.120
   405:    27802.130    27939.130    28011.120    28034.120    28122.130
   410:    28186.120    28208.120    28283.130    28349.120    28504.120
   415:    28536.840    28582.640    28582.320    28582.330    28582.350
   420:    28582.240    28582.130    28832.220    28832.230    28832.250
   425:    28832.340    28972.120    29082.130    29154.120    29179.120
   430:    29273.130    29340.120    29362.120    29438.130    29607.130
   435:    29629.130    29684.120    29832.840    29866.120    29888.120
   440:    30035.120    30140.640    30140.320    30140.330    30140.350
   445:    30140.240    30140.130    30390.220    30390.230    30390.250
   450:    30390.340    30506.120    30533.120    30707.120    30782.130
   455:    30819.740    30854.540    30854.320    30854.330    30854.350
   460:    30854.240    30854.120    31104.220    31104.230    31104.250
   465:    31104.340    31197.130    31394.130    31462.120    31487.120
   470:    31593.130    31660.120    31689.120    31755.130    31815.120
   475:    31837.120    31916.130    31985.120    32067.130    32231.130
   480:    32293.120    32317.120    32372.130    32396.130    32558.130
   485:    32616.120    32686.130    32755.120    32778.120    32852.130
   490:    32877.130    32926.120    32949.120    33067.130    33127.120
   495:    33196.130    33254.120    33352.130    33404.740    33422.540
   500:    33422.320    33422.330    33422.350    33422.240    33422.120
   505:    33672.220    33672.230    33672.250    33672.340    33777.130
   510:    33856.120    33873.120    33901.120    34005.130    34071.120
   515:    34096.120    34211.130    34275.120    34352.130    34413.120
   520:    34499.130    34560.120    34584.120    34677.130    34749.120
   525:    34777.120    34799.120    34903.130    34969.120    34972.740
   530:    35082.130    35146.540    35146.320    35146.330    35146.350
   535:    35146.240    35146.120    35396.220    35396.230    35396.250
   540:    35396.340    35485.130    35560.120    35583.120    35661.130
   545:    35696.740    35732.540    35732.320    35732.330    35732.350
   550:    35732.240    35732.120    35982.220    35982.230    35982.250
   555:    35982.340    36117.130    36215.120    36288.130    36362.120
   560:    36446.130    36511.120    36582.740    36622.130    36691.540
   565:    36691.320    36691.330    36691.350    36691.240    36691.120
   570:    36941.220    36941.230    36941.250    36941.340    37031.130
   575:    37108.120    37214.130    37284.120    37309.120    37396.130
   580:    37477.120    37495.120    37515.120    37590.130    37655.120
   585:    37739.130    37801.120    37825.120    37902.130    37922.130
   590:    37970.130    38042.120    38116.130    38198.120    38300.130
   595:    38370.120    38391.120    38483.130    38590.120    38807.130
   600:    38917.130    39038.120    39041.740    39065.540    39065.320
   605:    39065.330    39065.350    39065.240    39065.120    39315.220
   610:    39315.230    39315.250    39315.340    39403.130    39472.120
   615:    39575.130    39639.120    39686.120    39821.120    39890.840
   620:    39945.640    39945.320    39945.330    39945.350    39945.240
   625:    39945.130    40195.220    40195.230    40195.250    40195.340
   630:    40323.120    40354.120    40445.130    40518.120    40620.130
   635:    40680.120    40708.120    40782.130    40839.120    40902.130
   640:    40991.120    41084.130    41173.120    41254.130    41319.120
   645:    41397.130    41462.120    41555.130    41622.120    41650.120
   650:    41744.130    41805.120    41828.120    41905.130    42014.130
   655:    42086.120    42109.120    42133.120    42156.120    42320.120
   660:    42352.120    42421.130    42484.120    42670.120    42698.120
   665:    42794.130    42861.120    42978.130    43189.120    43254.130
   670:    43430.130    43501.120    43524.120    43615.740    43652.130
   675:    43714.540    43714.320    43714.330    43714.350    43714.240
   680:    43714.120    43964.220    43964.230    43964.250    43964.340
   685:    44086.130    44167.120    44188.120    44292.130    44355.120
   690:    44383.120    44460.130    44530.120    44696.120    44802.130
   695:    44863.120    44938.130    45002.120    45026.120    45047.120
   700:    45215.120    45241.120    45318.130    45380.120    45403.120
   705:    45494.130    45557.120    45595.840    45694.120    45870.120
   710:    45973.640    45973.320    45973.330    45973.350    45973.240
   715:    45973.130    46223.220    46223.230    46223.250    46223.340
   720:    46374.130    46397.130    46462.120    46488.120    46638.120
   725:    46749.130    46812.120    46823.840    46889.640    46889.320
   730:    46889.330    46889.350    46889.240    46889.130    47139.220
   735:    47139.230    47139.250    47139.340    47283.120    47307.120
   740:    47384.130    47403.130    47477.120    47500.120    47610.130
   745:    47671.120    47777.130    47840.120    47863.120    47949.130
   750:    48004.120    48033.120    48154.130    48224.120    48258.120
   755:    48334.130    48400.120    48501.130    48566.120    48736.120
   760:    48809.130    48896.120    48996.130    49065.120    49090.120
   765:    49183.130    49273.120    49369.130    49545.130    49560.130
   770:    49622.120    49639.840    49645.120    49741.640    49741.320
   775:    49741.330    49741.350    49741.240    49741.130    49991.220
   780:    49991.230    49991.250    49991.340    50125.120    50154.120
   785:    50230.130    50299.120    50375.130    50439.120    50533.130
   790:    50590.120    50703.130    50763.120    50783.120    50859.130
   795:    50916.120    51002.130    51065.120    51169.130    51228.120
   800:    51289.130    51358.120    51385.120    51412.120    51485.130
   805:    51611.130    51669.120    51689.120    51780.130    51857.120
   810:    51954.130    52015.120    52092.130    52157.120    52182.120
   815:    52203.120    52305.130    52376.120    52503.130    52577.120
   820:    52656.130    52721.120    52805.130    52911.120    52933.120
   825:    53172.130    53237.120    53259.120    53321.130    53385.120
   830:    53490.130    53555.120    53666.130    53735.120    53808.130
   835:    53863.120    53940.130    54029.120    54125.130    54188.120
   840:    54208.120    54303.130    54477.130    54546.120    54569.120
   845:    54652.130    54881.130    54988.130    55062.120    55091.120
   850:    55205.130    55278.120    55309.120    55384.130    55450.120
   855:    55704.130    55814.130    55933.130    56091.130    56181.120
   860:    56300.130    56374.120    56400.120    56497.130    56563.120
   865:    56668.130    56737.120    56815.130    56884.120    57001.130
   870:    57077.120    57123.120    57216.130    57286.120    57353.130
   875:    57444.120    57532.130    57595.120    57698.130    57769.120
   880:    57875.130    57946.120    57971.120    58128.120    58303.120
   885:    58431.130    58491.120    58597.130    58752.130    58815.120
   890:    58843.120    58920.130    58983.120    59006.120    59029.120
   895:    59148.130    59215.120    59322.130    59389.120    59526.130
   900:    59672.130    59746.120    59830.130    59891.840    59891.120
   905:    59973.640    59973.320    59973.330    59973.350    59973.240
   910:    59973.130    60223.220    60223.230    60223.250    60223.340
   915:    60391.120    60415.120    60522.130    60597.120    60694.130
   920:    60764.120    60791.120    60894.130    60969.120    61085.130
   925:    61164.120    61299.130    61373.120    61482.130    61550.120
   930:    61646.130    61799.130    61874.120    61955.130    62024.120
   935:    62090.130    62162.120    62223.840    62306.640    62306.320
   940:    62306.330    62306.350    62306.240    62306.130    62556.220
   945:    62556.230    62556.250    62556.340    62734.120    62824.130
   950:    62892.120    62973.130    63044.120    63073.120    63170.130
   955:    63239.120    63356.130    63429.120    63516.130    63739.120
   960:    63845.130    63922.120    63948.120    64031.130    64064.740
   965:    64134.540    64134.320    64134.330    64134.350    64134.240
   970:    64134.120    64384.220    64384.230    64384.250    64384.340
   975:    64479.130    64561.120    64590.120    64694.130    64712.130
   980:    64790.120    64856.840    64902.640    64902.320    64902.330
   985:    64902.350    64902.240    64902.130    65152.220    65152.230
   990:    65152.250    65152.340    65233.130    65306.120    65451.130
   995:    65474.130    65558.120    65586.120    65707.130    65780.120
  1000:    65901.130    65976.120    66052.840    66063.640    66063.320
  1005:    66063.330    66063.350    66063.240    66063.130    66313.220
  1010:    66313.230    66313.250    66313.340    66414.130    66495.120
  1015:    66577.130    66647.120    66674.120    66766.130    66835.120
  1020:    66940.130    67048.120    67138.130    67218.120    67397.130
  1025:    67415.130    67492.120    67520.120    67621.130    67695.120
  1030:    67876.120    67961.130    67983.130    68179.130    68256.120
  1035:    68343.130    68422.120    68484.740    68497.130    68569.540
  1040:    68569.320    68569.330    68569.350    68569.240    68569.120
  1045:    68813.840    68819.220    68819.230    68819.250    68819.340
  1050:    68922.640    68922.320    68922.330    68922.350    68922.240
  1055:    68922.130    69172.220    69172.230    69172.250    69172.340
  1060:    69259.130    69339.120    69450.130    69515.120    69544.120
  1065:    69676.130    69743.120    69772.840    69790.120    69899.640
  1070:    69899.320    69899.330    69899.350    69899.240    69899.130
  1075:    70149.220    70149.230    70149.250    70149.340    70231.130
  1080:    70303.120    70332.120    70349.840    70481.120    70509.120
  1085:    70616.640    70616.320    70616.330    70616.350    70616.240
  1090:    70616.130    70866.220    70866.230    70866.250    70866.340
  1095:    70975.130    71049.120    71074.120    71186.130    71255.120
  1100:    71386.130    71461.120    71487.120    71582.130    71652.120
  1105:    71734.130    71810.120    71952.120    72107.130    72182.120
  1110:    72306.130    72380.120    72461.130    72520.120    72542.120
  1115:    72629.130    72790.120    72888.130    72987.130    73050.120
  1120:    73074.120    73198.130    73456.130    73507.130    73589.130
  1125:    73616.130    73685.120    73714.120    73854.120    73879.120
  1130:    74029.120    74184.130    74279.120    74369.130    74459.120
  1135:    74577.130    74645.120    74748.130    74908.130    74979.120
  1140:    75064.130    75128.120    75231.130    75304.120    75413.130
  1145:    75486.120    75601.130    75684.120    75767.130    75883.130
  1150:    75970.120    76085.130    76280.130    76352.120    76434.130
  1155:    76504.120    76593.130    76661.120    76688.120    76874.130
  1160:    76938.120    76989.120    77069.130    77132.120    77223.130
  1165:    77310.120    77443.130    77631.130    77711.120    77821.130
  1170:    77841.130    77929.120    78074.120    78168.130    78245.120
  1175:    78268.120    78364.130    78832.130    78904.120    78936.120
  1180:    79018.130    79086.120    79161.130    79366.840    79437.640
  1185:    79437.320    79437.330    79437.350    79437.240    79437.130
  1190:    79687.220    79687.230    79687.250    79687.340    79762.130
  1195:    79828.120    79862.120    80017.120    80090.130    80152.120
  1200:    80187.840    80225.640    80225.320    80225.330    80225.350
  1205:    80225.240    80225.130    80475.220    80475.230    80475.250
  1210:    80475.340    80572.130    80649.120    80813.130    80892.120
  1215:    80973.130    80975.840    81103.640    81103.320    81103.330
  1220:    81103.350    81103.240    81103.130    81353.220    81353.230
  1225:    81353.250    81353.340    81449.130    81522.120    81551.120
  1230:    81644.130    81742.120    81839.130    81955.120    82070.130
  1235:    82141.120    82251.130    82334.120    82357.120    82459.130
  1240:    82537.120    82638.130    82714.120    82740.120    82972.130
  1245:    83064.130    83143.120    83172.120    83275.130    83436.130
  1250:    83503.120    83570.130    83641.120    83743.130    83836.120
  1255:    83934.130    84068.130    84161.120    84253.130    84432.130
  1260:    84500.120    84663.120    84757.130    84819.740    84891.130
  1265:    84960.540    84960.320    84960.330    84960.350    84960.240
  1270:    84960.120    85210.220    85210.230    85210.250    85210.340
  1275:    85357.120    85379.120    85474.130    85545.120    85579.120
  1280:    85675.130    85748.120    85861.130    85928.120    85953.120
  1285:    86110.120    86219.130    86289.120    86358.130    86433.120
  1290:    86540.130    86611.120    86693.130    86710.740    86772.540
  1295:    86772.320    86772.330    86772.350    86772.240    86772.120
  1300:    87022.220    87022.230    87022.250    87022.340    87102.130
  1305:    87197.120    87306.130    87383.120    87485.130    87561.120
  1310:    87657.130    87729.120    87821.130    87887.120    87996.130
  1315:    88078.120    88326.130    88397.120    88551.120    88660.130
  1320:    88723.120    88750.120    88838.130    88910.120    88990.130
  1325:    89165.130    89252.120    89274.120    89383.130    89462.120
  1330:    89587.130    89659.120    89680.120    89811.130    89970.130
  1335:    90048.120    90187.130    90286.120    90367.130    90436.120
  1340:    90468.120    90693.130    90724.130    90797.120    90914.130
  1345:    90981.120    91097.130    91169.120    91303.130    91368.120
  1350:    91485.130    91561.120    91622.740    91697.130    91767.540
  1355:    91767.320    91767.330    91767.350    91767.240    91767.120
  1360:    92017.220    92017.230    92017.250    92017.340    92109.130
  1365:    92180.120    92264.130    92335.120    92367.120    92458.130
  1370:    92528.120    92631.130    92716.120    92833.130    92908.120
  1375:    92942.120    93015.130    93089.120    93154.130    93220.120
  1380:    93249.120    93337.130    93353.840    93410.120    93515.640
  1385:    93515.320    93515.330    93515.350    93515.240    93515.130
  1390:    93765.220    93765.230    93765.250    93765.340    93911.120
  1395:    93942.120    94032.130    94103.120    94214.130    94294.120
  1400:    94319.120    94399.130    94485.120    94564.130    94641.120
  1405:    94732.130    94807.120    94830.120    94917.130    94987.120
  1410:    95080.130    95157.120    95179.120    95206.120    95282.130
  1415:    95356.120    95452.130    95515.120    95540.120    95683.120
  1420:    95711.120    95807.130    95879.120    95993.130    96060.120
  1425:    96177.130    96256.120    96503.130    96577.120    96678.130
  1430:    96899.120    96921.120    97050.130    97271.130    97368.120
  1435:    97475.130    97546.120    97630.130    97699.120    97722.120
  1440:    97802.130    98000.130    98073.120    98100.120    98220.130
  1445:    98441.130    98594.130    98818.130    98848.130    98933.120
  1450:    98965.840    99042.640    99042.320    99042.330    99042.350
  1455:    99042.240    99042.130    99292.220    99292.230    99292.250
  1460:    99292.340    99441.120    99528.130    99598.120    99629.120
  1465:    99721.130    99790.120    99816.120    99933.130   100002.120
  1470:   100030.120   100126.130   100199.120   100311.130   100489.130
  1475:   100569.120   100692.840   100707.640   100707.320   100707.330
  1480:   100707.350   100707.240   100707.130   100957.220   100957.230
  1485:   100957.250   100957.340   101039.130   101114.120   101224.130
  1490:   101290.120   101314.120   101407.130   101480.120   101610.130
  1495:   101691.120   101716.120   101819.130   101895.120   102001.130
  1500:   102077.120   102101.120   102167.130   102237.120   102313.130
  1505:   102391.120   102422.120   102500.130   102622.120   102728.130
  1510:   102795.120   102817.740   102955.540   102955.320   102955.330
  1515:   102955.350   102955.240   102955.120   103205.220   103205.230
  1520:   103205.250   103205.340   103371.120   103392.120   103474.130
  1525:   103551.120   103668.130   103743.120   103878.130   103953.120
  1530:   103982.120   104065.130   104129.120   104154.120   104244.130
  1535:   104377.130   104442.120   104561.130   104629.120   104655.120
  1540:   104730.130   104806.120   104916.130   105225.130   105253.130
  1545:   105357.130   105443.120   105631.120   105697.130   105760.120
  1550:   105782.120   105864.130   105938.120   106013.130   106093.120
  1555:   106227.120   106250.120   106346.130   106450.120   106612.120
  1560:   106668.130   106758.120   106782.120   106885.130   107060.130
  1565:   107128.120   107190.130   107279.120   107307.120   107438.120
  1570:   107611.130   107674.120   107697.120   107789.130   107805.740
  1575:   107859.540   107859.320   107859.330   107859.350   107859.240
  1580:   107859.120   108109.220   108109.230   108109.250   108109.340
  1585:   108203.130   108275.120   108331.120   108416.130   108481.120
  1590:   108513.120   108609.130   108679.120   108706.120   108803.130
  1595:   108887.120   108914.120   108993.130   109058.120   109083.120
  1600:   109182.130   109252.120   109281.120   109374.130   109445.120
  1605:   109540.130   109621.120   109733.130   109802.120   109832.120
  1610:   109934.130   109998.120   110024.120   110146.130   110301.130
  1615:   110361.120   110463.130   110532.120   110556.120   110704.120
  1620:   110798.130   110858.120   110889.120   111028.120   111119.130
  1625:   111186.120   111251.130   111317.120   111344.120   111523.120
  1630:   111614.130   111681.120   111702.120   111771.130   111844.120
  1635:   111953.130   112019.120   112118.130   112191.120   112218.120
  1640:   112316.130   112379.120   112408.120   112490.130   112555.120
  1645:   112676.130   112746.120   112775.120   112868.130   112935.120
  1650:   113045.130   113057.840   113248.640   113248.320   113248.330
  1655:   113248.350   113248.240   113248.130   113498.220   113498.230
  1660:   113498.250   113498.340   113637.120   113723.130   113801.120
  1665:   113828.120   113922.130   113991.120   114018.120   114092.130
  1670:   114165.120   114245.130   114316.120   114378.130   114447.120
  1675:   114512.130   114594.120   114680.130   114750.120   114776.120
  1680:   114873.130   114942.120   115032.130   115099.120   115165.130
  1685:   115235.120   115261.120   115354.130   115419.120   115609.740
  1690:   115651.540   115651.320   115651.330   115651.350   115651.240
  1695:   115651.120   115901.220   115901.230   115901.250   115901.340
  1700:   115990.130   116066.120   116093.120   116181.130   116257.120
  1705:   116372.130   116464.120   116558.130   116627.120   116814.120
  1710:   116898.840   116936.640   116936.320   116936.330   116936.350
  1715:   116936.240   116936.130   117186.220   117186.230   117186.250
  1720:   117186.340   117258.130   117325.120   117412.130   117483.120
  1725:   117567.130   117630.120   117747.130   117826.120   117957.130
  1730:   118001.740   118029.540   118029.320   118029.330   118029.350
  1735:   118029.240   118029.120   118279.220   118279.230   118279.250
  1740:   118279.340   118377.130   118456.120   118487.120   118590.130
  1745:   118666.120   118754.130   118786.840   118824.120   118959.640
  1750:   118959.320   118959.330   118959.350   118959.240   118959.130
  1755:   118979.740   119209.220   119209.230   119209.250   119209.340
  1760:   119311.130   119385.540   119385.320   119385.330   119385.350
  1765:   119385.240   119385.120   119635.220   119635.230   119635.250
  1770:   119635.340   119733.130   119767.130   119843.120   119945.130
  1775:   120021.120   120105.130   120274.130   120349.120   120373.120
  1780:   120458.130   120524.120   120612.130   120846.120   120928.130
  1785:   120999.120   121116.130   121313.130   121383.120   121409.120
  1790:   121507.130   121582.120   121681.130   121750.120   121862.130
  1795:   121923.120   121949.120   122104.120   122203.130   122463.130
  1800:   122530.120   122555.120   122642.130   122766.130   122833.120
  1805:   123005.120   123174.120   123201.120   123310.130   123373.120
  1810:   123529.130   123603.120   123630.120   123730.130   123804.120
  1815:   123916.130   123995.120   124074.130   124138.120   124166.120
  1820:   124284.120   124393.130   124464.120   124492.120   124630.120
  1825:   124814.120   124887.130   125041.130   125108.120   125131.120
  1830:   125224.130   125296.120   125402.130   125577.130   125669.120
  1835:   125760.130   125830.120   125930.130   126001.120   126138.130
  1840:   126236.120   126311.130   126414.120   126539.130   126611.120
  1845:   126675.130   126864.130   126928.120   126956.120   127042.130
  1850:   127203.130   127288.120   127400.130   127467.120   127493.120
  1855:   127655.120   127737.130   127840.130   127905.120   127935.120
  1860:   128011.130   128104.130   128179.120   128240.130   128317.120
  1865:   128393.130   128564.130   128634.120   128661.120   128767.130
  1870:   128834.120   128936.130   129021.120   129193.120   129305.130
  1875:   129376.120   129478.130   129539.120   129647.130   129723.120
  1880:   129847.130   129917.120   130005.130   130079.120   130179.130
  1885:   130245.120   130385.120   130408.120   130492.130   130599.130
  1890:   130617.130   130682.120   130809.130   130930.130   131037.120
  1895:   131061.120   131152.130   131224.120   131326.130   131400.120
  1900:   131496.130   131565.120   131591.120   131681.130   131751.120
  1905:   131840.130   131910.120   132023.130   132090.120   132112.120
  1910:   132191.130   132304.130   132371.120   132404.120   132494.130
  1915:   132646.130   132749.130   132906.130   132974.120   132997.120
  1920:   133084.130   133209.130   133235.740   133306.130   133402.540
  1925:   133402.320   133402.330   133402.350   133402.240   133402.120
  1930:   133652.220   133652.230   133652.250   133652.340   133732.130
  1935:   133808.120   133839.120   133942.130   134019.120   134046.120
  1940:   134134.130   134210.120   134320.130   134394.120   134425.120
  1945:   134544.130   134620.120   134729.130   134807.120   134921.130
  1950:   134988.120   135021.120   135110.130   135187.120   135267.130
  1955:   135434.130   135506.120   135590.130   135649.120   135672.120
  1960:   135757.130   135831.120   135860.120   135957.130   136029.120
  1965:   136052.740   136145.130   136239.540   136239.320   136239.330
  1970:   136239.350   136239.240   136239.120   136489.220   136489.230
  1975:   136489.250   136489.340   136581.130   136700.120   136733.120
  1980:   136810.130   136883.120   136969.130   137048.120   137078.120
  1985:   137167.130   137243.120   137273.120   137366.130   137439.120
  1990:   137548.130   137631.120   137725.130   137796.120   137824.120
  1995:   137986.120   138094.130   138166.120   138268.130   138511.130
  2000:   138588.120   138652.130   138712.120   138820.130   138886.120
  2005:   138988.130   139061.120   139267.120   139293.120   139388.130
  2010:   139464.120   139571.130   139639.120   139836.120   139860.120
  2015:   139952.130   140039.120   140096.130   140170.120   140256.130
  2020:   140359.120   140547.120   140618.130   140692.120   140789.740
  2025:   140815.130   140882.540   140882.320   140882.330   140882.350
  2030:   140882.240   140882.120   141132.220   141132.230   141132.250
  2035:   141132.340   141216.130   141296.120   141323.120   141404.130
  2040:   141467.120   141497.120   141669.120   141805.130   141881.120
  2045:   141912.120   142005.130   142074.120   142155.130   142300.130
  2050:   142371.120   142448.130   142525.120   142630.130   142879.120
  2055:   142955.130   143018.120   143047.120   143137.130   143297.130
  2060:   143368.120   143473.130   143550.120   143580.120   143653.130
  2065:   143738.120   143829.130   143965.130   144043.120   144113.130
  2070:   144323.130   144391.120   144468.130   144543.120   144606.130
  2075:   144674.120   144698.120   144839.120   144942.130   145012.120
  2080:   145122.130   145299.130   145372.120   145542.120   145739.120
  2085:   145856.130   146050.130   146125.120   146151.120   146236.130
  2090:   146302.120   146325.120   146437.130   146514.120   146623.130
  2095:   146686.120   146714.120   146794.130   146897.120   147063.120
  2100:   147151.130   147236.120   147338.130   147402.120   147431.120
  2105:   147524.130   147688.130   147756.120   147863.130   147932.120
  2110:   148075.120   148178.130   148244.120   148275.120   148355.130
  2115:   148427.120   148533.130   148634.120   148721.130   148801.120
  2120:   148903.130   148909.840   148980.120   149008.120   149076.640
  2125:   149076.320   149076.330   149076.350   149076.240   149076.130
  2130:   149326.220   149326.230   149326.250   149326.340   149445.130
  2135:   149522.120   149632.130   149787.130   149867.120   149952.130
  2140:   150108.130   150183.120   150288.130   150361.120   150426.840
  2145:   150454.640   150454.320   150454.330   150454.350   150454.240
  2150:   150454.130   150704.220   150704.230   150704.250   150704.340
  2155:   150806.130   150886.120   150913.120   151002.130   151080.120
  2160:   151183.130   151252.120   151279.120   151386.130   151453.120
  2165:   151481.120   151595.130   151693.130   151761.120   151920.130
  2170:   151990.120   152098.130   152175.120   152256.130   152319.120
  2175:   152363.120   152499.130   152573.120   152694.130   152769.120
  2180:   152952.120   153065.130   153135.120   153161.120   153323.120
  2185:   153437.130   153506.120   153609.130   153690.120   153792.130
  2190:   153879.120   153900.120   153927.120   154010.130   154148.130
  2195:   154332.130   154569.130   154654.120   154753.130   154863.130
  2200:   154937.120   155048.130   155125.130   155179.130   155248.120
  2205:   155354.130   155515.130   155681.130   155933.120   156051.130
  2210:   156122.120   156230.130   156360.130   156434.120   156569.130
  2215:   156660.130   156827.130   156951.130   157014.120   157147.130
  2220:   157228.120   157331.130   157542.130   157632.740   157804.840
  2225:   157840.540   157840.320   157840.330   157840.350   157840.240
  2230:   157840.120   158090.220   158090.230   158090.250   158090.340
  2235:   158170.640   158170.320   158170.330   158170.350   158170.240
  2240:   158170.130   158420.220   158420.230   158420.250   158420.340
  2245:   158495.130   158569.120   158685.130   158765.120   158855.130
  2250:   158928.120   159040.130   159233.130   159313.120   159389.130
  2255:   159552.130   159698.130   159811.130   160039.130   160133.130
  2260:   160156.130   160405.130   161220.840   161487.640   161487.320
  2265:   161487.330   161487.350   161487.240   161487.130   161737.220
  2270:   161737.230   161737.250   161737.340   162033.130   162415.120
  2275:   164050.130   164375.130   164490.740   164561.130   164790.540
  2280:   164790.320   164790.330   164790.350   164790.240   164790.120
  2285:   165040.220   165040.230   165040.250   165040.340   165137.840
  2290:   165180.640   165180.320   165180.330   165180.350   165180.240
  2295:   165180.130   165430.220   165430.230   165430.250   165430.340
  2300:   165710.120   165738.120   165879.130   166076.120   166140.120
  2305:   166340.740   166376.130   166571.540   166571.320   166571.330
  2310:   166571.350   166571.240   166571.120   166821.220   166821.230
  2315:   166821.250   166821.340   167021.120   167048.120   167159.120
  2320:   167231.120   167255.120   167423.130   167510.120   167592.120
  2325:   167615.120   167643.120   167763.130   167830.840   167991.640
  2330:   167991.320   167991.330   167991.350   167991.240   167991.130
  2335:   168241.220   168241.230   168241.250   168241.340   168434.130
  2340:   168682.120   168713.120   168870.130   169065.130   169198.120
  2345:   169223.120   169252.120   169288.120   169318.120   169627.120
  2350:   169682.120   169812.130   169911.120   169965.120   170001.120
  2355:   170091.120   170115.120   170142.120   170250.130   170334.120
  2360:   170389.120   170473.130   170541.840   170588.120   170677.640
  2365:   170677.320   170677.330   170677.350   170677.240   170677.130
  2370:   170927.220   170927.230   170927.250   170927.340   171030.130
  2375:   171115.120   171231.130   171312.120   171347.120   171433.130
  2380:   171513.120   171549.120   171638.130   171719.120   171868.130
  2385:   171949.120   171979.120   172078.130   172189.120   172304.130
  2390:   172378.120   172409.120   172522.130   172603.120   172717.130
  2395:   172784.130   172866.120   172976.130   173050.120   173188.130
  2400:   173223.130   173297.120   173482.120   173588.130   173664.120
  2405:   173693.120   173898.130   173927.840   173955.640   173955.320
  2410:   173955.330   173955.350   173955.240   173955.130   174205.220
  2415:   174205.230   174205.250   174205.340   174337.130   174480.120
  2420:   174557.130   174664.120   174768.130   174842.120   174922.120
  2425:   175015.130   175096.120   175209.130   175371.130   175405.840
  2430:   175447.120   175476.120   175566.640   175566.320   175566.330
  2435:   175566.350   175566.240   175566.130   175816.220   175816.230
  2440:   175816.250   175816.340   175907.130   176059.120   176221.130
  2445:   176352.120   176479.130   176598.130   176679.120   176705.120
  2450:   176793.130   176865.120   176983.130   177059.120   177095.120
  2455:   177124.120   177244.130   177316.840   177321.120   177349.120
  2460:   177421.740   177438.640   177438.320   177438.330   177438.350
  2465:   177438.240   177438.130   177688.220   177688.230   177688.250
  2470:   177688.340   177764.130   177843.540   177843.320   177843.330
  2475:   177843.350   177843.240   177843.120   178093.220   178093.230
  2480:   178093.250   178093.340   178180.130   178263.120   178293.740
  2485:   178346.130   178425.540   178425.320   178425.330   178425.350
  2490:   178425.240   178425.120   178675.220   178675.230   178675.250
  2495:   178675.340   178775.130   178858.120   178998.130   179075.120
  2500:   179159.130   179240.120   179288.840   179328.640   179328.320
  2505:   179328.330   179328.350   179328.240   179328.130   179578.220
  2510:   179578.230   179578.250   179578.340   179651.130   179678.840
  2515:   179731.120   179842.640   179842.320   179842.330   179842.350
  2520:   179842.240   179842.130   180092.220   180092.230   180092.250
  2525:   180092.340   180195.130   180272.120   180297.120   180377.130
  2530:   180449.120   180532.130   180558.130   180639.120   180667.120
  2535:   180692.840   180754.640   180754.320   180754.330   180754.350
  2540:   180754.240   180754.130   181004.220   181004.230   181004.250
  2545:   181004.340   181094.130   181167.120   181278.130   181351.120
  2550:   181468.130   181542.120   181625.130   181696.120   181775.740
  2555:   181783.130   181856.540   181856.320   181856.330   181856.350
  2560:   181856.240   181856.120   182106.220   182106.230   182106.250
  2565:   182106.340   182186.130   182276.120   182305.120   182375.130
  2570:   182448.120   182476.120   182577.130   182646.120   182724.130
  2575:   182803.120   182830.120   182906.740   182908.130   182978.540
  2580:   182978.320   182978.330   182978.350   182978.240   182978.120
  2585:   183228.220   183228.230   183228.250   183228.340   183310.130
  2590:   183335.130   183407.120   183435.120   183509.130   183528.740
  2595:   183588.540   183588.320   183588.330   183588.350   183588.240
  2600:   183588.120   183838.220   183838.230   183838.250   183838.340
  2605:   183930.130   184006.120   184027.120   184107.130   184184.120
  2610:   184290.130   184364.120   184523.130   184620.120   184726.130
  2615:   184798.120   184901.130   184985.120   185097.130   185172.120
  2620:   185252.130   185359.120   185455.130   185526.120   185610.130
  2625:   185679.120   185701.120   185787.130   185923.130   186032.120
  2630:   186052.120   186149.130   186204.840   186328.640   186328.320
  2635:   186328.330   186328.350   186328.240   186328.130   186578.220
  2640:   186578.230   186578.250   186578.340   186663.130   186738.120
  2645:   186767.120   186842.130   186916.120   187018.130   187090.120
  2650:   187119.120   187179.130   187253.120   187470.130   187546.120
  2655:   187657.130   187824.130   188029.130   188215.130   188415.130
  2660:   188573.130   188644.120   188725.120   188752.120   188872.130
  2665:   189047.130   189111.120   189139.120   189217.130   189295.120
  2670:   189362.130   189440.120   189468.120   189606.130   189761.130
  2675:   189914.130   189977.120   190194.130   190275.130   190358.130
  2680:   190430.120   190531.130   190599.120   190625.120   190689.130
  2685:   190754.120   190860.130   190930.120   191032.130   191101.120
  2690:   191178.130   191320.130   191487.130   191555.120   191748.120
  2695:   191773.120   191931.120   191938.740   192005.130   192076.540
  2700:   192076.320   192076.330   192076.350   192076.240   192076.120
  2705:   192326.220   192326.230   192326.250   192326.340   192402.130
  2710:   192475.120   192580.130   192649.120   192719.130   192792.120
  2715:   192818.120   192913.130   192981.120   193006.120   193091.130
  2720:   193167.120   193296.130   193373.120   193476.130   193547.120
  2725:   193739.130   193805.120   193833.120   193919.130   194075.130
  2730:   194145.120   194267.130   194483.130   194509.130   194725.130
  2735:   194911.130   194926.740   195141.540   195141.320   195141.330
  2740:   195141.350   195141.240   195141.120   195391.220   195391.230
  2745:   195391.250   195391.340   195501.130   195575.120   195724.130
  2750:   195796.120   195908.130   195984.120   196054.120   196128.130
  2755:   196368.130   196443.120   196468.120   196547.130   196776.130
  2760:   197178.840   197428.640   197428.320   197428.330   197428.350
  2765:   197428.240   197428.130   197678.220   197678.230   197678.250
  2770:   197678.340   197756.130   197827.120   197883.120   197980.130
  2775:   198142.130   198212.120   198238.120   198293.130   198356.120
  2780:   198457.130   198524.120   198604.130   198682.120   198791.130
  2785:   198866.120   198969.130   199043.120   199104.130   199173.120
  2790:   199191.740   199333.130   199354.130   199378.840   199424.540
  2795:   199424.320   199424.330   199424.350   199424.240   199424.120
  2800:   199674.220   199674.230   199674.250   199674.340   199766.640
  2805:   199766.320   199766.330   199766.350   199766.240   199766.130
  2810:   200016.220   200016.230   200016.250   200016.340   200144.130
  2815:   200329.130   200400.120   200505.130   200580.120   200610.120
  2820:   200705.130   200880.130   200956.120   201059.130   201132.120
  2825:   201268.130   201328.120   201464.130   201474.740   201528.540
  2830:   201528.320   201528.330   201528.350   201528.240   201528.120
  2835:   201778.220   201778.230   201778.250   201778.340   201865.130
  2840:   202064.130   202135.120   202222.130   202406.130   202479.120
  2845:   202505.120   202612.130   202681.120   202783.130   202848.120
  2850:   203079.130   203207.130   203299.120   203325.120   203399.130
  2855:   203464.120   203544.130   203608.120   203716.130   203780.120
  2860:   203859.130   203921.120   204023.130   204090.120   204178.740
  2865:   204193.130   204275.540   204275.320   204275.330   204275.350
  2870:   204275.240   204275.120   204525.220   204525.230   204525.250
  2875:   204525.340   204587.130   204662.120   204767.130   204827.120
  2880:   204907.130   204983.120   205013.120   205100.130   205325.120
  2885:   205398.130   205459.120   205567.130   205638.120   205686.120
  2890:   205788.130   205942.130   206009.120   206082.130   206146.120
  2895:   206175.120   206238.130   206311.120   206418.130   206537.130
  2900:   206612.120   206800.130   206886.120   207046.130   207115.120
  2905:   207222.130   207287.120   207309.120   207373.130   207449.120
  2910:   207481.120   207637.130   207703.120   207800.130   207889.120
  2915:   208027.130   208170.130   208324.130   208586.130   208663.120
  2920:   208772.130   208856.120   208885.120   209129.130   209218.120
  2925:   209475.130   209538.120   209715.120   209816.840   210083.640
  2930:   210083.320   210083.330   210083.350   210083.240   210083.130
  2935:   210333.220   210333.230   210333.250   210333.340   210438.130
  2940:   210520.120   210539.120   210639.130   210712.120   211001.130
  2945:   211140.130   211217.120   211243.120   211325.130   211395.120
  2950:   211472.130   211545.120   211624.130   211685.120   211792.130
  2955:   211865.120   211980.130   212059.120   212168.130   212234.120
  2960:   212263.120   212358.130   212428.120   212506.130   212584.120
  2965:   212685.130   212749.120   212773.120   212868.130   212945.120
  2970:   213050.130   213121.120   213233.840   213256.640   213256.320
  2975:   213256.330   213256.350   213256.240   213256.130   213506.220
  2980:   213506.230   213506.250   213506.340   213596.130   213776.130
  2985:   213843.120   213962.130   214040.120   214140.130   214213.120
  2990:   214313.130   214493.130   214576.120   214798.130   214875.120
  2995:   215084.120   215106.120   215286.120   215360.130   215437.120
  3000:   215552.130   215603.130   215663.120   215736.130   215931.130
  3005:   216002.120   216029.120   216130.120   216155.120   216232.130
  3010:   216330.120   216356.120   216436.130   216501.120   216615.130
  3015:   216800.130   216965.130   217034.120   217063.120   217130.130
  3020:   217205.120   217336.130   217403.120   217538.130   217607.120
  3025:   217696.130   217772.120   217920.130   218149.130   218180.130
  3030:   218250.120   218369.120   218399.120   218476.130   218579.120
  3035:   218610.120   218633.120   218729.130   218791.120   219007.130
  3040:   219086.120   219215.130   219276.120   219362.130   219435.120
  3045:   219540.130   219612.120   219668.130   219693.130   219773.120
  3050:   219878.130   219938.120   220046.130   220144.130   220221.120
  3055:   220372.130   220444.120   220574.130   220644.120   220757.130
  3060:   220822.120   220985.130   221142.130   221209.120   221406.130
  3065:   221602.130   221625.130   221694.120   221817.130   221885.120
  3070:   221969.130   222049.120   222153.130   222248.130   222495.130
  3075:   222565.120   222650.130   222806.840   222834.640   222834.320
  3080:   222834.330   222834.350   222834.240   222834.130   223084.220
  3085:   223084.230   223084.250   223084.340   223197.130   223282.120
  3090:   223390.130   223452.120   223478.120   223594.130   223688.120
  3095:   223772.130   223982.130   224056.120   224080.120   224176.130
  3100:   224244.120   224341.130   224626.130   224696.120   224808.130
  3105:   224957.130   225153.130   225293.130   225366.120   225425.740
  3110:   225489.130   225574.540   225574.320   225574.330   225574.350
  3115:   225574.240   225574.120   225824.220   225824.230   225824.250
  3120:   225824.340   225907.130   225924.740   225988.540   225988.320
  3125:   225988.330   225988.350   225988.240   225988.120   226238.220
  3130:   226238.230   226238.250   226238.340   226338.130   226442.120
  3135:   226463.120   226540.130   226615.120   226640.120   226732.130
  3140:   226806.120   226938.130   227018.120   227051.120   227124.130
  3145:   227192.120   227219.120   227294.130   227367.120   227493.130
  3150:   227571.120   227638.740   227686.130   227767.540   227767.320
  3155:   227767.330   227767.350   227767.240   227767.120   228017.220
  3160:   228017.230   228017.250   228017.340   228111.130   228189.120
  3165:   228217.120   228275.130   228446.130   228521.120   228709.120
  3170:   228826.130   228902.120   228930.120   229019.130   229129.120
  3175:   229217.740   229296.540   229296.320   229296.330   229296.350
  3180:   229296.240   229296.120   229546.220   229546.230   229546.250
  3185:   229546.340   229640.130   229646.740   229745.540   229745.320
  3190:   229745.330   229745.350   229745.240   229745.120   229995.220
  3195:   229995.230   229995.250   229995.340   230090.130   230174.120
  3200:   230253.130   230328.120   230351.120   230406.130   230476.120
  3205:   230553.130   230624.120   230650.120   230746.130   230847.120
  3210:   230947.130   231022.120   231103.130   231181.120   231265.130
  3215:   231342.120   231447.130   231603.130   231914.130   231990.130
  3220:   232091.120   232166.130   232233.120   232305.130   232372.120
  3225:   232398.120   232485.130   232555.120   232616.130   232684.120
  3230:   232709.120   232803.130   232872.120   232900.120   232974.130
  3235:   233038.120   233094.120   233160.130   233233.120   233338.130
  3240:   233569.120   233594.120   233790.120   233864.130   234087.130
  3245:   234157.120   234259.130   234481.130   234555.120   234583.120
  3250:   234730.120   234756.120   234910.130   234980.120   235086.130
  3255:   235111.130   235180.120   235280.130   235407.130   235478.120
  3260:   235506.120   235651.120   235677.120   235770.130   235927.130
  3265:   236023.120   236084.840   236120.640   236120.320   236120.330
  3270:   236120.350   236120.240   236120.130   236370.220   236370.230
  3275:   236370.250   236370.340   236469.130   236547.120   236621.130
  3280:   236694.120   236797.130   236870.120   236894.120   236967.130
  3285:   237056.120   237082.120   237145.130   237208.120   237241.120
  3290:   237303.130   237371.120   237480.130   237553.120   237663.130
  3295:   237738.120   237762.120   237827.130   238069.130   238140.120
  3300:   238222.130   238286.120   238391.130   238469.120   238489.120
  3305:   238549.130   238721.130   238882.130   238951.120   238979.120
  3310:   239127.130   239191.120   239322.130   239536.130   239636.130
  3315:   239699.120   239795.740   239812.130   239891.540   239891.320
  3320:   239891.330   239891.350   239891.240   239891.120   240141.220
  3325:   240141.230   240141.250   240141.340   240212.130   240290.120
  3330:   240370.130   240431.120   240506.130   240584.120   240658.130
  3335:   240720.120   240825.130   240940.120   240941.740   241013.130
  3340:   241087.540   241087.320   241087.330   241087.350   241087.240
  3345:   241087.120   241337.220   241337.230   241337.250   241337.340
  3350:   241419.130   241451.130   241523.120   241557.120   241583.120
  3355:   241678.130   241746.120   241808.130   241866.120   241968.130
  3360:   242216.120   242292.120   242395.130   242461.120   242538.130
  3365:   242617.120   242644.120   242737.740   242756.540   242756.320
  3370:   242756.330   242756.350   242756.240   242756.120   243006.220
  3375:   243006.230   243006.250   243006.340   243092.130   243166.120
  3380:   243288.130   243360.120   243389.120   243454.130   243519.120
  3385:   243596.130   243656.120   243717.130   243739.130   243946.130
  3390:   243974.130   244039.120   244145.130   244217.120   244296.130
  3395:   244363.120   244443.130   244544.130   244686.130   244753.120
  3400:   244871.130   245043.120   245120.130   245304.130   245376.120
  3405:   245400.120   245489.130   245566.120   245702.130   245774.120
  3410:   245873.130   245940.120   246044.130   246126.120   246233.130
  3415:   246299.120   246388.120   246406.740   246411.540   246411.320
  3420:   246411.330   246411.350   246411.240   246411.120   246470.840
  3425:   246661.220   246661.230   246661.250   246661.340   246764.640
  3430:   246764.320   246764.330   246764.350   246764.240   246764.130
  3435:   247014.220   247014.230   247014.250   247014.340   247109.130
  3440:   247188.120   247339.120   247424.130   247488.120   247592.130
  3445:   247664.120   247748.130   247813.120   247921.130   248016.120
  3450:   248061.740   248089.130   248176.540   248176.320   248176.330
  3455:   248176.350   248176.240   248176.120   248426.220   248426.230
  3460:   248426.250   248426.340   248502.130   248582.120   248662.130
  3465:   248738.120   248817.130   249027.120   249263.130   249336.120
  3470:   249411.130   249484.120   249593.130   249662.120   249795.120
  3475:   249873.130   249961.120   250023.130   250170.130   250239.120
  3480:   250409.130   250481.120   250595.130   250801.130   250814.840
  3485:   250904.640   250904.320   250904.330   250904.350   250904.240
  3490:   250904.130   251154.220   251154.230   251154.250   251154.340
  3495:   251232.130   251311.120   251337.120   251365.120   251438.130
  3500:   251542.120   251633.130   251703.120   251784.130   251857.120
  3505:   252013.120   252071.130   252099.130   252178.120   252236.130
  3510:   252298.120   252403.130   252477.120   252500.120   252571.130
  3515:   252642.120   252668.120   252744.130   252819.120   252927.130
  3520:   252950.130   253017.120   253041.120   253189.120   253291.130
  3525:   253361.120   253387.120   253451.130   253634.130   253707.120
  3530:   253808.130   253854.840   253873.120   253977.640   253977.320
  3535:   253977.330   253977.350   253977.240   253977.130   254227.220
  3540:   254227.230   254227.250   254227.340   254307.130   254384.120
  3545:   254463.130   254539.120   254571.120   254636.130   254698.120
  3550:   254777.130   254972.130   255028.120   255112.130   255190.120
  3555:   255220.120   255308.130   255408.120   255438.120   255500.130
  3560:   255736.130   255815.130   255927.840   255992.120   256015.120
  3565:   256043.120   256144.640   256144.320   256144.330   256144.350
  3570:   256144.240   256144.130   256394.220   256394.230   256394.250
  3575:   256394.340   256479.130   256502.130   256584.120   256594.840
  3580:   256690.640   256690.320   256690.330   256690.350   256690.240
  3585:   256690.130   256940.220   256940.230   256940.250   256940.340
  3590:   257022.130   257097.120   257130.120   257200.130   257276.120
  3595:   257358.130   257434.120   257523.130   257549.130   257619.120
  3600:   257724.130   257803.120   257903.130   257965.120   257989.120
  3605:   258079.130   258150.120   258208.130   258274.120   258300.120
  3610:   258388.130   258453.120   258543.130   258747.130   258826.740
  3615:   258934.130   259117.130   259309.130   259390.540   259390.320
  3620:   259390.330   259390.350   259390.240   259390.120   259640.220
  3625:   259640.230   259640.250   259640.340   259756.130   259977.120
  3630:   260001.120   260422.130   260561.120   260586.120   260680.130
  3635:   260752.120   260781.120   260841.130   260863.130   260940.840
  3640:   260941.120   260966.120   260992.120   261090.640   261090.320
  3645:   261090.330   261090.350   261090.240   261090.130   261340.220
  3650:   261340.230   261340.250   261340.340   261434.130   261511.120
  3655:   261637.130   261698.120   261800.130   261877.120   261978.130
  3660:   262051.120   262143.130   262221.120   262324.130   262402.120
  3665:   262429.120   262527.130   262608.120   262636.120   262709.130
  3670:   262789.120   262944.120   263020.130   263096.120   263176.130
  3675:   263240.740   263240.120   263384.540   263384.320   263384.330
  3680:   263384.350   263384.240   263384.120   263634.220   263634.230
  3685:   263634.250   263634.340   263745.130   263820.120   263839.120
  3690:   263999.120   264060.130   264125.120   264223.130   264336.120
  3695:   264361.120   264388.120   264475.130   264579.120   264675.130
  3700:   264750.120   264783.120   264860.130   264917.120   265164.130
  3705:   265236.120   265274.120   265428.120   265451.120   265552.130
  3710:   265631.120   265720.130   265734.740   265786.540   265786.320
  3715:   265786.330   265786.350   265786.240   265786.120   266036.220
  3720:   266036.230   266036.250   266036.340   266125.130   266315.130
  3725:   266409.120   266440.120   266542.130   266611.120   266688.130
  3730:   266736.740   266758.540   266758.320   266758.330   266758.350
  3735:   266758.240   266758.120   267008.220   267008.230   267008.250
  3740:   267008.340   267102.130   267170.120   267303.130   267375.120
  3745:   267400.120   267487.130   267555.120   267658.130   267806.130
  3750:   267886.120   267913.120   268073.120   268149.130   268212.120
  3755:   268271.130   268294.130   268359.120   268418.130   268496.130
  3760:   268521.130   268686.130   268764.120   268870.130   268945.120
  3765:   268970.120   269031.130   269095.120   269118.120   269217.130
  3770:   269292.120   269423.130   269500.120   269606.130   269701.120
  3775:   269776.130   269994.130   270040.840   270066.120   270142.640
  3780:   270142.320   270142.330   270142.350   270142.240   270142.130
  3785:   270392.220   270392.230   270392.250   270392.340   270472.130
  3790:   270538.120   270642.130   270708.740   270720.540   270720.320
  3795:   270720.330   270720.350   270720.240   270720.120   270970.220
  3800:   270970.230   270970.250   270970.340   271064.130   271142.120
  3805:   271222.130   271296.120   271397.130   271472.120   271588.130
  3810:   271660.120   271746.130   271822.120   271909.130   271976.120
  3815:   272062.130   272092.840   272147.120   272173.120   272199.120
  3820:   272260.640   272260.320   272260.330   272260.350   272260.240
  3825:   272260.130   272510.220   272510.230   272510.250   272510.340
  3830:   272618.130   272771.130   272870.740   272932.130   272999.540
  3835:   272999.320   272999.330   272999.350   272999.240   272999.120
  3840:   273110.840   273249.220   273249.230   273249.250   273249.340
  3845:   273334.640   273334.320   273334.330   273334.350   273334.240
  3850:   273334.130   273584.220   273584.230   273584.250   273584.340
  3855:   273675.130   273699.130   273784.120   273897.130   273998.120
  3860:   274026.120   274091.130   274156.120   274264.130   274340.120
  3865:   274440.130   274509.120   274568.130   274642.120   274748.130
  3870:   274815.120   274909.130   274981.120   275005.120   275120.130
  3875:   275212.120   275284.130   275358.120   275436.130   275514.120
  3880:   275571.130   275708.130   275783.120   275901.130   276007.120
  3885:   276117.130   276195.120   276271.130   276346.120   276424.130
  3890:   276708.130   276760.130   276861.120   276931.130   277004.120
  3895:   277071.130   277146.120   277184.840   277221.640   277221.320
  3900:   277221.330   277221.350   277221.240   277221.130   277471.220
  3905:   277471.230   277471.250   277471.340   277561.130   277650.120
  3910:   277675.120   277852.120   277875.120   277897.120   277965.130
  3915:   278034.120   278181.120   278204.120   278229.120   278309.130
  3920:   278390.120   278419.120   278506.130   278571.120   278651.130
  3925:   278739.120   278815.130   278896.120   278959.130   279021.120
  3930:   279196.120   279222.120   279340.130   279518.130   279595.120
  3935:   279689.130   279770.120   279796.120   279857.130   279880.130
  3940:   279958.120   280033.130   280113.120   280212.130   280280.120
  3945:   280304.120   280366.130   280436.120   280491.130   280550.120
  3950:   280631.130   280785.130   280852.120   280956.130   281028.120
  3955:   281108.130   281333.130   281431.120   281454.120   281654.130
  3960:   281726.120   281754.120   281823.130   281871.840   281897.120
  3965:   281970.640   281970.320   281970.330   281970.350   281970.240
  3970:   281970.130   282220.220   282220.230   282220.250   282220.340
  3975:   282363.120   282447.130   282522.120   282549.120   282616.130
  3980:   282687.120   282749.740   282811.540   282811.320   282811.330
  3985:   282811.350   282811.240   282811.120   283061.220   283061.230
  3990:   283061.250   283061.340   283192.130   283277.120   283350.130
  3995:   283425.120   283510.130   283683.130   283756.120   283849.130
  4000:   283918.120   283945.120   284041.130   284113.120   284171.130
  4005:   284257.120   284317.130   284386.120   284467.130   284537.120
  4010:   284624.130   284756.130   284818.120   284916.130   285004.120
  4015:   285078.130   285153.120   285228.130   285290.120   285373.130
  4020:   285437.120   285498.130   285520.840   285580.120   285600.120
  4025:   285625.120   285711.640   285711.320   285711.330   285711.350
  4030:   285711.240   285711.130   285961.220   285961.230   285961.250
  4035:   285961.340   286094.130   286172.120   286198.120   286230.120
  4040:   286305.130   286380.120   286406.120   286476.130   286558.120
  4045:   286659.130   286725.120   286826.130   286928.120   287094.120
  4050:   287121.120   287213.130   287287.120   287316.120   287403.130
  4055:   287481.120   287563.130   287641.120   287668.120   287723.130
  4060:   287796.120   287956.120   287986.120   288055.130   288139.120
  4065:   288199.130   288246.130   288261.740   288283.130   288350.540
  4070:   288350.320   288350.330   288350.350   288350.240   288350.120
  4075:   288600.220   288600.230   288600.250   288600.340   288678.130
  4080:   288787.120   288800.740   288858.130   288938.540   288938.320
  4085:   288938.330   288938.350   288938.240   288938.120   289188.220
  4090:   289188.230   289188.250   289188.340   289364.120   289440.130
  4095:   289513.120   289629.130   289696.120   289723.120   289787.130
  4100:   289864.120   289958.130   290088.740   290119.130   290198.540
  4105:   290198.320   290198.330   290198.350   290198.240   290198.120
  4110:   290448.220   290448.230   290448.250   290448.340   290561.840
  4115:   290603.640   290603.320   290603.330   290603.350   290603.240
  4120:   290603.130   290853.220   290853.230   290853.250   290853.340
  4125:   290937.130   291018.120   291096.130   291175.120   291253.130
  4130:   291332.120   291435.130   291531.120   291630.130   291706.120
  4135:   291776.130   291849.120   291959.130   292027.120   292057.120
  4140:   292201.120   292364.120   292483.130   292566.120   292674.130
  4145:   292748.740   292774.540   292774.320   292774.330   292774.350
  4150:   292774.240   292774.120   293024.220   293024.230   293024.250
  4155:   293024.340   293103.130   293184.120   293287.130   293363.120
  4160:   293420.130   293505.120   293531.120   293608.130   293682.120
  4165:   293707.120   293796.130   293864.120   293888.120   293950.130
  4170:   294021.120   294053.840   294311.120   294487.120   294563.640
  4175:   294563.320   294563.330   294563.350   294563.240   294563.130
  4180:   294813.220   294813.230   294813.250   294813.340   294891.130
  4185:   294954.120   295029.130   295105.120   295163.130   295234.120
  4190:   295292.130   295366.120   295423.130   295596.130   295658.120
  4195:   295687.120   295813.840   295821.120   295843.120   295926.640
  4200:   295926.320   295926.330   295926.350   295926.240   295926.130
  4205:   296176.220   296176.230   296176.250   296176.340   296256.130
  4210:   296324.740   296388.130   296455.540   296455.320   296455.330
  4215:   296455.350   296455.240   296455.120   296705.220   296705.230
  4220:   296705.250   296705.340   296774.130   296800.130   296906.120
  4225:   296976.130   297005.740   297032.540   297032.320   297032.330
  4230:   297032.350   297032.240   297032.120   297282.220   297282.230
  4235:   297282.250   297282.340   297371.130   297444.120   297509.130
  4240:   297581.120   297651.130   297708.120   297846.120   297924.130
  4245:   297993.120   298055.130   298138.120   298221.130   298281.120
  4250:   298480.130   298539.120   298599.130   298658.120   298758.130
  4255:   298875.130   298876.840   298931.120   298988.640   298988.320
  4260:   298988.330   298988.350   298988.240   298988.130   299238.220
  4265:   299238.230   299238.250   299238.340   299310.130   299387.120
  4270:   299596.130   299652.120   299730.130   299791.120   299859.130
  4275:   300007.130   300063.120   300260.130   300368.130   300460.120
  4280:   300528.130   300601.120   300760.120   300819.120   300892.130
  4285:   301270.120   301346.130   301418.120   301470.130   301538.120
  4290:   301609.130   301674.120   301774.130   301843.120   301871.120
  4295:   301923.130   301989.120   302083.130   302267.130   302373.130
  4300:   302620.120   302644.120   302789.120   302813.120   302889.130
  4305:   302943.120   302961.120   302986.120   303068.130   303161.120
  4310:   303217.130   303304.130   303374.120   303639.130   303707.120
  4315:   303816.120   303898.130   303962.120   304050.130   304215.130
  4320:   304277.120   304375.130   304459.120   304484.120   304630.130
  4325:   304691.120   304714.120   304838.840   304843.640   304843.320
  4330:   304843.330   304843.350   304843.240   304843.130   305082.740
  4335:   305093.220   305093.230   305093.250   305093.340   305174.130
  4340:   305244.540   305244.320   305244.330   305244.350   305244.240
  4345:   305244.120   305494.220   305494.230   305494.250   305494.340
  4350:   305565.130   305646.120   305670.120   305822.120   305924.130
  4355:   305991.120   306012.120   306163.120   306186.120   306248.130
  4360:   306492.120   306616.130   306802.130   306971.130   307151.130
  4365:   307277.130   307483.120   307554.130   307617.120   307694.740
  4370:   307697.130   307771.540   307771.320   307771.330   307771.350
  4375:   307771.240   307771.120   308021.220   308021.230   308021.250
  4380:   308021.340   308104.130   308175.120   308307.120   308409.130
  4385:   308641.120   308737.130   308810.120   308890.130   308949.120
  4390:   309017.130   309075.120   309146.130   309227.120   309328.130
  4395:   309399.120   309455.130   309519.120   309614.130   309678.120
  4400:   309751.130   309883.130   309941.120   310036.130   310102.120
  4405:   310245.130   310339.120   310364.120   310417.130   310557.130
  4410:   310646.120   310742.130   310806.120   310886.130   310944.120
  4415:   311056.120   311145.130   311231.120   311294.130   311472.130
  4420:   311531.120   311598.130   311661.120   311821.740   311851.130
  4425:   311910.540   311910.320   311910.330   311910.350   311910.240
  4430:   311910.120   312160.220   312160.230   312160.250   312160.340
  4435:   312243.130   312328.120   312358.120   312439.130   312600.130
  4440:   312671.120   312761.130   312823.120   312893.840   312920.640
  4445:   312920.320   312920.330   312920.350   312920.240   312920.130
  4450:   313170.220   313170.230   313170.250   313170.340   313355.120
  4455:   313570.840   313575.640   313575.320   313575.330   313575.350
  4460:   313575.240   313575.130   313825.220   313825.230   313825.250
  4465:   313825.340   313898.130   313969.120   314044.130   314121.120
  4470:   314144.120   314210.130   314280.120   314377.130   314476.120
  4475:   314561.130   314626.120   314685.130   314751.120   314827.130
  4480:   314989.130   315059.120   315128.130   315200.120   315289.130
  4485:   315444.130   315460.740   315536.130   315595.540   315595.320
  4490:   315595.330   315595.350   315595.240   315595.120   315845.220
  4495:   315845.230   315845.250   315845.340   315926.130   315999.120
  4500:   316064.130   316120.120   316281.120   316305.120   316358.130
  4505:   316432.120   316457.120   316514.130   316535.130   316593.120
  4510:   316618.120   316697.130   316763.120   316894.120   316998.130
  4515:   317078.120   317098.120   317162.130   317262.120   317325.130
  4520:   317396.120   317456.130   317524.120   317584.130   317653.120
  4525:   317748.130   317816.120   317933.120   318130.130   318216.120
  4530:   318245.740   318302.130   318437.540   318437.320   318437.330
  4535:   318437.350   318437.240   318437.120   318687.220   318687.230
  4540:   318687.250   318687.340   318778.130   318970.130   319043.120
  4545:   319143.130   319255.120   319339.130   319398.120   319478.130
  4550:   319636.130   319703.120   319869.120   319997.120   320052.130
  4555:   320139.120   320199.130   320267.120   320292.120   320420.120
  4560:   320448.120   320533.130   320600.120   320709.130   320805.120
  4565:   320902.130   320960.120   321058.130   321188.130   321244.120
  4570:   321587.130   321687.120   321754.130   321909.130   321973.120
  4575:   322070.130   322130.120   322314.120   322425.840   322452.120
  4580:   322487.740   322552.640   322552.320   322552.330   322552.350
  4585:   322552.240   322552.130   322802.220   322802.230   322802.250
  4590:   322802.340   322902.840   322957.540   322957.320   322957.330
  4595:   322957.350   322957.240   322957.120   323207.220   323207.230
  4600:   323207.250   323207.340   323279.640   323279.320   323279.330
  4605:   323279.350   323279.240   323279.130   323529.220   323529.230
  4610:   323529.250   323529.340   323631.130   323699.120   323772.130
  4615:   323844.120   323910.130   323967.120   323987.120   324101.130
  4620:   324181.120   324209.120   324349.120   324376.120   324446.130
  4625:   324502.120   324664.120   324736.130   324901.130   324989.120
  4630:   325122.120   325214.130   325359.130   325429.120   325498.130
  4635:   325705.120   325798.130   325858.120   325880.120   325942.130
  4640:   326012.120   326029.840   326034.120   326118.640   326118.320
  4645:   326118.330   326118.350   326118.240   326118.130   326368.220
  4650:   326368.230   326368.250   326368.340   326517.120   326595.130
  4655:   326661.120   326668.840   326733.640   326733.320   326733.330
  4660:   326733.350   326733.240   326733.130   326983.220   326983.230
  4665:   326983.250   326983.340   327051.130   327126.120   327148.120
  4670:   327233.130   327304.120   327371.130   327449.120   327532.130
  4675:   327592.120   327692.130   327756.120   327777.120   327836.130
  4680:   327974.130   328041.120   328130.130   328200.120   328224.120
  4685:   328290.130   328369.120   328459.130   328529.120   328604.130
  4690:   328675.120   328730.130   328755.130   328823.120   328914.130
  4695:   328985.120   329007.120   329031.120   329081.130   329247.130
  4700:   329405.130   329645.120   329665.120   329758.130   329835.120
  4705:   329907.130   329975.120   330007.740   330039.130   330209.130
  4710:   330297.540   330297.320   330297.330   330297.350   330297.240
  4715:   330297.120   330547.220   330547.230   330547.250   330547.340
  4720:   330632.130   330711.120   330826.130   330897.120   330970.130
  4725:   331041.120   331111.130   331147.740   331198.540   331198.320
  4730:   331198.330   331198.350   331198.240   331198.120   331448.220
  4735:   331448.230   331448.250   331448.340   331542.130   331631.120
  4740:   331648.740   331763.540   331763.320   331763.330   331763.350
  4745:   331763.240   331763.120   332013.220   332013.230   332013.250
  4750:   332013.340   332110.130   332134.130   332290.130   332358.120
  4755:   332498.120   332570.120   332710.120   332736.120   332816.130
  4760:   332880.120   332913.740   332980.130   333051.540   333051.320
  4765:   333051.330   333051.350   333051.240   333051.120   333301.220
  4770:   333301.230   333301.250   333301.340   333379.130   333474.120
  4775:   333564.130   333728.130   333795.120   333871.130   333950.120
  4780:   334009.130   334172.130   334268.120   334355.130   334401.740
  4785:   334430.540   334430.320   334430.330   334430.350   334430.240
  4790:   334430.120   334680.220   334680.230   334680.250   334680.340
  4795:   334755.130   334781.130   334783.840   334947.640   334947.320
  4800:   334947.330   334947.350   334947.240   334947.130   334980.740
  4805:   335197.220   335197.230   335197.250   335197.340   335262.130
  4810:   335385.540   335385.320   335385.330   335385.350   335385.240
  4815:   335385.120   335635.220   335635.230   335635.250   335635.340
  4820:   335711.130   335736.130   335910.130   336002.120   336060.130
  4825:   336128.120   336198.130   336282.120   336338.130   336396.120
  4830:   336474.130   336542.120   336716.120   336739.120   336800.120
  4835:   336891.130   336976.120   337065.130   337224.130   337301.120
  4840:   337577.130   337711.130   337783.120   337890.130   337958.120
  4845:   338016.130   338077.120   338169.130   338253.120   338334.130
  4850:   338404.120   338430.120   338542.120   338605.120   338676.130
  4855:   338734.120   338797.840   338872.640   338872.320   338872.330
  4860:   338872.350   338872.240   338872.130   339122.220   339122.230
  4865:   339122.250   339122.340   339190.130   339262.120   339335.740
  4870:   339349.130   339419.540   339419.320   339419.330   339419.350
  4875:   339419.240   339419.120   339669.220   339669.230   339669.250
  4880:   339669.340   339749.130   339838.120   339860.120   339913.130
  4885:   339985.120   340082.130   340181.120   340325.120   340369.120
  4890:   340449.130   340535.120   340590.130   340772.120   340792.120
  4895:   340861.130   340930.120   340955.120   341174.130   341244.120
  4900:   341341.130   341412.120   341544.120   341568.120   341833.130
  4905:   341909.120   341997.130   342076.120   342143.130   342203.120
  4910:   342226.120   342342.120   342432.130   342500.120   342553.130
  4915:   342615.120   342687.130   342745.120   342772.120   342822.840
  4920:   342848.640   342848.320   342848.330   342848.350   342848.240
  4925:   342848.130   343098.220   343098.230   343098.250   343098.340
  4930:   343169.740   343171.130   343241.540   343241.320   343241.330
  4935:   343241.350   343241.240   343241.120   343491.220   343491.230
  4940:   343491.250   343491.340   343569.130   343651.120   343691.740
  4945:   343786.540   343786.320   343786.330   343786.350   343786.240
  4950:   343786.120   344036.220   344036.230   344036.250   344036.340
  4955:   344126.130   344221.120   344298.840   344318.640   344318.320
  4960:   344318.330   344318.350   344318.240   344318.130   344568.220
  4965:   344568.230   344568.250   344568.340   344648.130   344714.120
  4970:   344775.120   344799.120   344930.120   344984.130   345054.120
  4975:   345120.130   345180.120   345203.120   345284.130   345412.130
  4980:   345489.120   345650.120   345677.120   345760.130   345846.120
  4985:   345929.130   345989.120   346063.130   346142.120   346167.120
  4990:   346250.130   346317.120   346386.130   346457.120   346523.130
  4995:   346584.120   346639.130   346826.120   346846.120   346943.130
  5000:   347021.120   347068.840   347092.640   347092.320   347092.330
  5005:   347092.350   347092.240   347092.130   347342.220   347342.230
  5010:   347342.250   347342.340   347395.130   347416.130   347505.120
  5015:   347608.130   347668.120   347694.120   347829.120   347926.130
  5020:   348028.120   348051.120   348112.130   348180.120   348276.130
  5025:   348339.120   348409.130   348477.120   348497.120   348521.120
  5030:   348624.130   348788.130   348847.120   348869.120   349186.120
  5035:   349281.130   349380.130   349446.120   349536.130   349610.120
  5040:   349699.120   349728.120   349753.120   349839.130   349909.120
  5045:   349997.130   350070.120   350093.120   350178.120   350236.740
  5050:   350273.130   350350.540   350350.320   350350.330   350350.350
  5055:   350350.240   350350.120   350442.840   350600.220   350600.230
  5060:   350600.250   350600.340   350685.640   350685.320   350685.330
  5065:   350685.350   350685.240   350685.130   350935.220   350935.230
  5070:   350935.250   350935.340   351028.130   351103.120   351127.120
  5075:   351225.130   351298.120   351379.130   351449.120   351550.130
  5080:   351615.120   351688.130   351824.130   351901.120   352004.130
  5085:   352071.120   352156.130   352231.120   352294.130   352385.120
  5090:   352445.130   352524.120   352584.130   352685.120   352788.130
  5095:   352895.130   352968.120   353068.130   353170.120   353263.130
  5100:   353329.120   353404.130   353535.840   353542.640   353542.320
  5105:   353542.330   353542.350   353542.240   353542.130   353792.220
  5110:   353792.230   353792.250   353792.340   353879.130   353963.120
  5115:   354034.130   354110.120   354184.130   354248.120   354273.120
  5120:   354333.130   354407.120   354506.130   354581.120   354639.130
  5125:   354664.130   354757.120   354781.120   354871.130   354948.120
  5130:   354972.120   355058.130   355135.120   355199.130   355263.120
  5135:   355337.130   355402.120   355472.130   355533.120   355607.130
  5140:   355693.120   355784.130   355858.120   355884.120   356041.120
  5145:   356148.130   356232.120   356296.130   356361.120   356400.740
  5150:   356439.130   356522.540   356522.320   356522.330   356522.350
  5155:   356522.240   356522.120   356772.220   356772.230   356772.250
  5160:   356772.340   356860.130   356894.130   356971.120   356998.120
  5165:   357054.130   357137.120   357217.130   357283.120   357473.120
  5170:   357505.120   357583.130   357646.120   357719.130   357785.120
  5175:   357808.120   357882.130   357960.120   357984.120   358132.120
  5180:   358159.120   358259.130   358517.120   358550.120   358620.130
  5185:   358645.130   358707.120   358733.120   358819.130   358883.120
  5190:   358988.130   359096.120   359190.130   359272.740   359339.130
  5195:   359438.540   359438.320   359438.330   359438.350   359438.240
  5200:   359438.120   359688.220   359688.230   359688.250   359688.340
  5205:   359767.130   359824.130   359927.120   360000.320   360000.330
  5210:   360000.350   360000.020
C:
     0:        0.000     1993.000     1691.000       77.000       75.000
     5:        0.000
D:
     0:        0.000        0.000
L:
     0:      222.000      222.000      222.000
M:
     0:      900.000      901.000      902.000      903.000      904.000
     5:      905.000      906.000      907.000      908.000      909.000
    10:      910.000      911.000      912.000      913.000      914.000
    15:      915.000      916.000      917.000      918.000      919.000
    20:      920.000      921.000      922.000      923.000      924.000
    25:      925.000      926.000      927.000      928.000      929.000
    30:      930.000      931.000      932.000      933.000      934.000
    35:      935.000      936.000      937.000      938.000      939.000
    40:      940.000      941.000      942.000      943.000      944.000
    45:      945.000      946.000      947.000      948.000      949.000
    50:      950.000      951.000      952.000      953.000      954.000
    55:      955.000      956.000      957.000      958.000      959.000
    60:      960.000      961.000      962.000      963.000      964.000
    65:      965.000      966.000      967.000      968.000      969.000
    70:      970.000      971.000      972.000      973.000      974.000
    75:      975.000      976.000      977.000      978.000      979.000
    80:      980.000      981.000      982.000      983.000      984.000
    85:      985.000      986.000      987.000      988.000      989.000
    90:      990.000      991.000      992.000      993.000      994.000
    95:      995.000      996.000      997.000      998.000      999.000
   100:     1000.000     1001.000     1002.000     1003.000     1004.000
   105:     1005.000     1006.000     1007.000     1008.000     1009.000
   110:     1010.000     1011.000     1012.000     1013.000     1014.000
   115:     1015.000     1016.000     1017.000     1018.000     1019.000
   120:     1020.000     1021.000     1022.000     1023.000     1024.000
   125:     1025.000     1026.000     1027.000     1028.000     1029.000
   130:     1030.000     1031.000     1032.000     1033.000     1034.000
   135:     1035.000     1036.000     1037.000     1038.000     1039.000
   140:     1040.000     1041.000     1042.000     1043.000     1044.000
   145:     1045.000     1046.000     1047.000     1048.000     1049.000
   150:     1050.000     1051.000     1052.000     1053.000     1054.000
   155:     1055.000     1056.000     1057.000     1058.000     1059.000
   160:     1060.000     1061.000     1062.000     1063.000     1064.000
   165:     1065.000     1066.000     1067.000     1068.000     1069.000
   170:     1070.000     1071.000     1072.000     1073.000     1074.000
   175:     1075.000     1076.000     1077.000     1078.000     1079.000
   180:     1080.000     1081.000     1082.000     1083.000     1084.000
   185:     1085.000     1086.000     1087.000     1088.000     1089.000
   190:     1090.000     1091.000     1092.000     1093.000     1094.000
   195:     1095.000     1096.000     1097.000     1098.000     1099.000
   200:     1100.000     1101.000     1102.000     1103.000     1104.000
   205:     1105.000     1106.000     1107.000     1108.000     1109.000
   210:     1110.000     1111.000     1112.000     1113.000     1114.000
   215:     1115.000     1116.000     1117.000     1118.000     1119.000
   220:     1120.000     1121.000     1122.000     1123.000     1124.000
   225:     1125.000     1126.000     1127.000     1128.000     1129.000
   230:     1130.000     1131.000     1132.000     1133.000     1134.000
   235:     1135.000     1136.000     1137.000     1138.000     1139.000
   240:     1140.000     1141.000     1142.000     1143.000     1144.000
   245:     1145.000     1146.000     1147.000     1148.000     1149.000
   250:     1150.000     1151.000     1152.000     1153.000     1154.000
   255:     1155.000     1156.000     1157.000     1158.000     1159.000
   260:     1160.000     1161.000     1162.000     1163.000     1164.000
   265:     1165.000     1166.000     1167.000     1168.000     1169.000
   270:     1170.000     1171.000     1172.000     1173.000     1174.000
   275:     1175.000     1176.000     1177.000     1178.000     1179.000
   280:     1180.000     1181.000     1182.000     1183.000     1184.000
   285:     1185.000     1186.000     1187.000     1188.000     1189.000
   290:     1190.000     1191.000     1192.000     1193.000     1194.000
   295:     1195.000     1196.000     1197.000     1198.000     1199.000
   300:     1200.000
N:
     0:     2100.000     2101.000     2102.000     2103.000     2104.000
     5:     2105.000     2106.000     2107.000     2108.000     2109.000
    10:     2110.000     2111.000     2112.000     2113.000     2114.000
    15:     2115.000     2116.000     2117.000     2118.000     2119.000
    20:     2120.000     2121.000     2122.000     2123.000     2124.000
    25:     2125.000     2126.000     2127.000     2128.000     2129.000
    30:     2130.000     2131.000     2132.000     2133.000     2134.000
    35:     2135.000     2136.000     2137.000     2138.000     2139.000
    40:     2140.000     2141.000     2142.000     2143.000     2144.000
    45:     2145.000     2146.000     2147.000     2148.000     2149.000
    50:     2150.000     2151.000     2152.000     2153.000     2154.000
    55:     2155.000     2156.000     2157.000     2158.000     2159.000
    60:     2160.000     2161.000     2162.000     2163.000     2164.000
    65:     2165.000     2166.000     2167.000     2168.000     2169.000
    70:     2170.000     2171.000     2172.000     2173.000     2174.000
    75:     2175.000     2176.000     2177.000     2178.000     2179.000
    80:     2180.000     2181.000     2182.000     2183.000     2184.000
    85:     2185.000     2186.000     2187.000     2188.000     2189.000
    90:     2190.000     2191.000     2192.000     2193.000     2194.000
    95:     2195.000     2196.000     2197.000     2198.000     2199.000
   100:     2200.000     2201.000     2202.000     2203.000     2204.000
   105:     2205.000     2206.000     2207.000     2208.000     2209.000
   110:     2210.000     2211.000     2212.000     2213.000     2214.000
   115:     2215.000     2216.000     2217.000     2218.000     2219.000
   120:     2220.000     2221.000     2222.000     2223.000     2224.000
   125:     2225.000     2226.000     2227.000     2228.000     2229.000
   130:     2230.000     2231.000     2232.000     2233.000     2234.000
   135:     2235.000     2236.000     2237.000     2238.000     2239.000
   140:     2240.000     2241.000     2242.000     2243.000     2244.000
   145:     2245.000     2246.000     2247.000     2248.000     2249.000
   150:     2250.000     2251.000     2252.000     2253.000     2254.000
   155:     2255.000     2256.000     2257.000     2258.000     2259.000
   160:     2260.000     2261.000     2262.000     2263.000     2264.000
   165:     2265.000     2266.000     2267.000     2268.000     2269.000
   170:     2270.000     2271.000     2272.000     2273.000     2274.000
   175:     2275.000     2276.000     2277.000     2278.000     2279.000
   180:     2280.000     2281.000     2282.000     2283.000     2284.000
   185:     2285.000     2286.000     2287.000     2288.000     2289.000
   190:     2290.000     2291.000     2292.000     2293.000     2294.000
   195:     2295.000     2296.000     2297.000     2298.000     2299.000
   200:     2300.000     2301.000     2302.000     2303.000     2304.000
   205:     2305.000     2306.000     2307.000     2308.000     2309.000
   210:     2310.000     2311.000     2312.000     2313.000     2314.000
   215:     2315.000     2316.000     2317.000     2318.000     2319.000
   220:     2320.000     2321.000     2322.000     2323.000     2324.000
   225:     2325.000     2326.000     2327.000     2328.000     2329.000
   230:     2330.000     2331.000     2332.000     2333.000     2334.000
   235:     2335.000     2336.000     2337.000     2338.000     2339.000
   240:     2340.000     2341.000     2342.000     2343.000     2344.000
   245:     2345.000     2346.000     2347.000     2348.000     2349.000
   250:     2350.000     2351.000     2352.000     2353.000     2354.000
   255:     2355.000     2356.000     2357.000     2358.000     2359.000
   260:     2360.000     2361.000     2362.000     2363.000     2364.000
   265:     2365.000     2366.000     2367.000     2368.000     2369.000
   270:     2370.000     2371.000     2372.000     2373.000     2374.000
   275:     2375.000     2376.000     2377.000     2378.000     2379.000
   280:     2380.000     2381.000     2382.000     2383.000     2384.000
   285:     2385.000     2386.000     2387.000     2388.000     2389.000
   290:     2390.000     2391.000     2392.000     2393.000     2394.000
   295:     2395.000     2396.000     2397.000     2398.000     2399.000
   300:     2400.000
R:
     0:      222.000      222.000      222.000
V:
     0:     1069.000     2342.000
W:
     0:     1069.000     2342.000
