File: C:\MED-PC IV\DATA\p004_s39_japede


Start Date: 08/04/17
End Date: 08/04/17
Subject: p004
Experiment: 0
Group: 0
Box: 7
Start Time: 15:09:27
End Time: 16:09:55
MSN: japede_L_90_90_90_R_30_30_30
B:       0.000
E:    4652.000
F:       0.000
G:       0.000
H:       0.000
I:       1.000
J:       1.000
K:       0.000
O:       0.000
P:       0.000
Q:       0.000
S:  360000.000
T:  360000.000
U:       0.000
X:       0.000
Y:       0.000
Z:       0.000
A:
     0:        0.010        0.250        0.220        0.230      141.130
     5:      341.120      614.120     1072.130     1103.130     1129.130
    10:     1253.120     1546.130     1581.130     1807.120     2028.130
    15:     2062.130     2231.120     2249.120     2373.130     2399.130
    20:     2564.120     2590.120     2618.120     2731.130     2762.130
    25:     2899.840     2993.120     3102.640     3102.320     3102.330
    30:     3102.350     3102.240     3102.130     3352.220     3352.230
    35:     3352.250     3352.340     3464.130     3526.130     3552.130
    40:     3766.130     3847.130     3867.130     3955.120     4058.130
    45:     4080.130     4241.130     4266.130     4343.130     4634.120
    50:     4733.130     4796.130     4816.130     4901.120     4953.120
    55:     5061.130     5247.130     5326.120     5401.130     5432.130
    60:     5470.130     5559.130     5687.120     5789.130     5951.130
    65:     6110.130     6166.130     6187.130     6289.120     6369.130
    70:     6542.130     6598.130     6780.130     6860.120     7159.120
    75:     7253.130     7309.130     7332.130     7444.120     7466.120
    80:     7550.130     7599.740     7601.130     7690.540     7690.320
    85:     7690.330     7690.350     7690.240     7690.120     7940.220
    90:     7940.230     7940.250     7940.340     8069.130     8165.120
    95:     8207.120     8310.130     8386.120     8482.130     8659.130
   100:     8726.120     8796.130     8942.130     9113.130     9184.120
   105:     9322.120     9392.130     9467.120     9540.740     9626.540
   110:     9626.320     9626.330     9626.350     9626.240     9626.120
   115:     9876.220     9876.230     9876.250     9876.340    10083.120
   120:    10165.130    10330.130    10421.120    10497.130    10576.740
   125:    10671.130    11127.130    11150.130    11309.130    11483.130
   130:    11549.540    11549.320    11549.330    11549.350    11549.240
   135:    11549.120    11799.220    11799.230    11799.250    11799.340
   140:    11912.130    11985.120    12082.130    12147.120    12230.130
   145:    12298.120    12372.130    12499.740    12665.130    12757.540
   150:    12757.320    12757.330    12757.350    12757.240    12757.120
   155:    13007.220    13007.230    13007.250    13007.340    13159.120
   160:    13289.130    13444.130    13584.130    13654.120    13730.130
   165:    13797.120    13889.130    14039.130    14125.120    14234.130
   170:    14253.130    14346.120    14422.130    14452.840    14493.120
   175:    14513.120    14603.640    14603.320    14603.330    14603.350
   180:    14603.240    14603.130    14853.220    14853.230    14853.250
   185:    14853.340    14985.120    15008.120    15108.130    15333.120
   190:    15436.130    15504.120    15578.130    15598.130    15668.120
   195:    15746.130    15812.120    15840.120    15923.130    16124.120
   200:    16210.130    16278.120    16419.120    16490.130    16602.130
   205:    16659.130    16804.130    16856.130    16907.740    17024.130
   210:    17094.540    17094.320    17094.330    17094.350    17094.240
   215:    17094.120    17344.220    17344.230    17344.250    17344.340
   220:    17506.120    17624.130    17697.120    17773.130    17847.120
   225:    17870.120    17953.130    18087.130    18153.120    18226.130
   230:    18377.130    18448.120    18453.840    18471.120    18571.640
   235:    18571.320    18571.330    18571.350    18571.240    18571.130
   240:    18821.220    18821.230    18821.250    18821.340    18953.120
   245:    18980.120    19062.130    19154.120    19290.120    19362.130
   250:    19516.130    19582.120    19650.130    19728.120    19793.130
   255:    19808.130    19948.130    20035.120    20147.130    20221.120
   260:    20361.120    20441.130    20520.120    20647.130    20669.130
   265:    20742.120    20762.120    20857.130    20931.120    21040.130
   270:    21175.130    21237.120    21256.120    21398.120    21475.130
   275:    21539.120    21608.130    21832.120    21850.120    21917.130
   280:    22047.130    22067.130    22140.120    22197.130    22285.120
   285:    22364.130    22438.130    22503.120    22578.130    22869.130
   290:    22944.120    23233.120    23259.120    23338.130    23495.130
   295:    23565.120    23628.130    23719.120    23721.840    23808.640
   300:    23808.320    23808.330    23808.350    23808.240    23808.130
   305:    24058.220    24058.230    24058.250    24058.340    24197.130
   310:    24266.120    24404.120    24478.130    24609.130    24658.840
   315:    24660.640    24660.320    24660.330    24660.350    24660.240
   320:    24660.130    24910.220    24910.230    24910.250    24910.340
   325:    25006.130    25079.120    25105.120    25187.130    25328.130
   330:    25396.120    25597.130    25666.120    25764.130    25964.120
   335:    26047.130    26189.130    26263.120    26345.130    26409.120
   340:    26478.130    26603.130    26673.120    26737.130    26804.120
   345:    26882.130    26901.130    27153.120    27175.120    27259.130
   350:    27325.120    27418.130    27558.130    27621.120    27710.130
   355:    27846.130    28013.130    28083.120    28193.130    28363.130
   360:    28431.120    28504.130    28588.120    28665.130    28811.130
   365:    28979.130    29049.120    29126.130    29341.120    29487.130
   370:    29557.120    29579.120    29675.130    29699.130    29710.840
   375:    29788.120    29909.640    29909.320    29909.330    29909.350
   380:    29909.240    29909.130    30159.220    30159.230    30159.250
   385:    30159.340    30250.130    30267.130    30347.120    30446.130
   390:    30619.130    30690.120    30761.130    30831.120    30905.130
   395:    31070.130    31141.120    31144.740    31201.130    31278.540
   400:    31278.320    31278.330    31278.350    31278.240    31278.120
   405:    31528.220    31528.230    31528.250    31528.340    31631.130
   410:    31707.120    31800.130    31884.120    31987.130    32059.120
   415:    32130.130    32202.120    32290.130    32312.130    32377.120
   420:    32436.130    32509.120    32580.130    32736.130    32888.130
   425:    33028.740    33038.130    33108.540    33108.320    33108.330
   430:    33108.350    33108.240    33108.120    33358.220    33358.230
   435:    33358.250    33358.340    33483.130    33556.120    33576.120
   440:    33652.130    33723.120    33855.130    33878.130    34024.130
   445:    34106.120    34187.130    34253.120    34328.130    34413.120
   450:    34582.130    34651.130    34895.130    35001.120    35070.130
   455:    35141.120    35238.130    35320.120    35425.130    35439.130
   460:    35513.120    35579.130    35647.120    35727.130    35858.130
   465:    36083.130    36100.130    36238.120    36316.130    36479.130
   470:    36563.120    36664.130    36759.840    36786.120    37040.640
   475:    37040.320    37040.330    37040.350    37040.240    37040.130
   480:    37290.220    37290.230    37290.250    37290.340    37401.130
   485:    37555.130    37643.120    37713.130    37779.120    37854.130
   490:    37989.130    38137.130    38326.120    38346.120    38424.130
   495:    38487.120    38561.130    38654.120    38739.130    38805.120
   500:    39164.130    39262.120    39353.130    39521.130    39586.120
   505:    39646.130    39705.120    39787.130    39790.840    39805.640
   510:    39805.320    39805.330    39805.350    39805.240    39805.130
   515:    40055.220    40055.230    40055.250    40055.340    40171.120
   520:    40197.120    40271.130    40415.130    40479.120    40554.130
   525:    40625.120    40695.130    40714.130    40849.130    41051.120
   530:    41156.130    41219.120    41288.130    41375.120    41438.130
   535:    41563.130    41634.120    41768.120    41850.130    41919.120
   540:    42014.130    42163.130    42306.130    42363.120    42442.130
   545:    42548.130    42672.130    42801.130    42821.130    42968.130
   550:    43030.120    43104.130    43124.130    43192.120    43209.120
   555:    43290.130    43348.120    43417.130    43571.130    43729.130
   560:    43803.120    43828.120    43893.130    44036.130    44109.120
   565:    44177.130    44255.840    44395.120    44544.120    44613.640
   570:    44613.320    44613.330    44613.350    44613.240    44613.130
   575:    44863.220    44863.230    44863.250    44863.340    44990.120
   580:    45215.130    45387.130    45445.130    45462.130    45603.130
   585:    45681.120    45747.130    45777.130    45851.120    45946.130
   590:    46091.130    46251.130    46332.120    46451.130    46594.130
   595:    46664.120    46840.120    46920.130    46987.120    47061.130
   600:    47126.120    47195.130    47311.130    47428.130    47463.840
   605:    47515.120    47587.640    47587.320    47587.330    47587.350
   610:    47587.240    47587.130    47837.220    47837.230    47837.250
   615:    47837.340    47930.130    48029.120    48110.130    48179.120
   620:    48248.130    48399.130    48437.840    48458.740    48466.540
   625:    48466.320    48466.330    48466.350    48466.240    48466.120
   630:    48716.220    48716.230    48716.250    48716.340    48835.120
   635:    48855.120    48928.640    48928.320    48928.330    48928.350
   640:    48928.240    48928.130    49178.220    49178.230    49178.250
   645:    49178.340    49279.130    49381.120    49439.120    49517.130
   650:    49584.120    49650.130    49813.130    49889.120    49972.130
   655:    50157.130    50278.840    50297.640    50297.320    50297.330
   660:    50297.350    50297.240    50297.130    50547.220    50547.230
   665:    50547.250    50547.340    50661.130    50761.120    50785.120
   670:    50816.740    50965.540    50965.320    50965.330    50965.350
   675:    50965.240    50965.120    51215.220    51215.230    51215.250
   680:    51215.340    51335.120    51359.120    51438.130    51507.120
   685:    51586.130    51615.740    51652.540    51652.320    51652.330
   690:    51652.350    51652.240    51652.120    51902.220    51902.230
   695:    51902.250    51902.340    52082.120    52103.120    52184.130
   700:    52258.120    52333.130    52402.120    52472.130    52687.120
   705:    52783.130    52804.130    52871.120    52942.130    52999.120
   710:    53076.130    53166.120    53239.130    53259.130    53397.130
   715:    53462.120    53541.130    53693.130    53851.130    53914.120
   720:    53979.130    54049.120    54183.120    54254.130    54315.120
   725:    54335.120    54418.130    54447.840    54561.640    54561.320
   730:    54561.330    54561.350    54561.240    54561.130    54811.220
   735:    54811.230    54811.250    54811.340    54911.840    54924.640
   740:    54924.320    54924.330    54924.350    54924.240    54924.130
   745:    55174.220    55174.230    55174.250    55174.340    55355.120
   750:    55441.130    55516.120    55596.130    55665.120    55749.130
   755:    55818.120    55920.130    55983.120    56106.130    56243.130
   760:    56310.120    56426.130    56497.120    56585.130    56733.130
   765:    56807.120    56893.130    57067.130    57173.120    57240.130
   770:    57392.130    57472.120    57556.130    57834.130    57874.840
   775:    57912.120    57985.640    57985.320    57985.330    57985.350
   780:    57985.240    57985.130    58235.220    58235.230    58235.250
   785:    58235.340    58361.130    58462.120    58537.130    58611.120
   790:    58690.130    58864.130    59024.130    59167.130    59243.120
   795:    59316.130    59395.120    59474.130    59562.120    59651.130
   800:    59813.130    59889.120    59950.130    60062.130    60219.130
   805:    60291.120    60375.130    60447.120    60526.130    60669.130
   810:    60809.130    60875.120    60951.130    61024.120    61097.130
   815:    61247.130    61364.120    61646.130    61748.130    61916.130
   820:    62060.130    62126.120    62206.130    62266.120    62335.840
   825:    62491.640    62491.320    62491.330    62491.350    62491.240
   830:    62491.130    62741.220    62741.230    62741.250    62741.340
   835:    62802.740    62883.130    62902.130    62980.540    62980.320
   840:    62980.330    62980.350    62980.240    62980.120    63230.220
   845:    63230.230    63230.250    63230.340    63373.120    63456.130
   850:    63546.120    63633.130    63641.840    63722.120    63746.120
   855:    63821.640    63821.320    63821.330    63821.350    63821.240
   860:    63821.130    64030.740    64071.220    64071.230    64071.250
   865:    64071.340    64274.540    64274.320    64274.330    64274.350
   870:    64274.240    64274.120    64524.220    64524.230    64524.250
   875:    64524.340    64720.120    64834.130    64931.120    65011.130
   880:    65085.120    65155.130    65222.120    65295.130    65354.120
   885:    65518.120    65591.130    65660.120    65737.130    65879.130
   890:    65949.120    66034.130    66097.120    66165.130    66171.840
   895:    66276.640    66276.320    66276.330    66276.350    66276.240
   900:    66276.130    66526.220    66526.230    66526.250    66526.340
   905:    66626.130    66713.120    66775.130    66844.120    66939.130
   910:    67010.120    67070.130    67138.120    67284.120    67369.130
   915:    67440.120    67510.130    67588.120    67651.130    67798.130
   920:    67957.130    68042.120    68137.130    68301.130    68366.120
   925:    68449.130    68520.120    68590.130    68709.130    68727.130
   930:    68798.120    68881.130    68924.740    68939.130    68960.130
   935:    69033.540    69033.320    69033.330    69033.350    69033.240
   940:    69033.120    69283.220    69283.230    69283.250    69283.340
   945:    69383.740    69393.130    69463.540    69463.320    69463.330
   950:    69463.350    69463.240    69463.120    69713.220    69713.230
   955:    69713.250    69713.340    69820.120    69920.130    70026.840
   960:    70071.640    70071.320    70071.330    70071.350    70071.240
   965:    70071.130    70321.220    70321.230    70321.250    70321.340
   970:    70432.130    70504.120    70597.130    70669.120    70829.120
   975:    70927.130    70999.120    71101.130    71121.840    71167.120
   980:    71242.640    71242.320    71242.330    71242.350    71242.240
   985:    71242.130    71492.220    71492.230    71492.250    71492.340
   990:    71629.130    71652.130    71729.120    71808.130    71883.120
   995:    71965.130    71986.130    72072.120    72145.130    72205.120
  1000:    72284.130    72347.120    72458.130    72532.120    72613.130
  1005:    72840.120    72932.130    73080.130    73151.120    73229.130
  1010:    73345.130    73416.120    73500.130    73605.130    73713.120
  1015:    73776.130    73896.130    74250.130    74323.120    74412.130
  1020:    74504.120    74682.130    74692.840    74755.120    74820.640
  1025:    74820.320    74820.330    74820.350    74820.240    74820.130
  1030:    75070.220    75070.230    75070.250    75070.340    75184.130
  1035:    75364.130    75445.120    75524.130    75598.120    75674.130
  1040:    75842.130    76014.130    76090.120    76186.130    76337.130
  1045:    76654.130    76807.130    76953.130    77021.120    77102.130
  1050:    77186.120    77265.130    77344.120    77429.130    77752.130
  1055:    77770.840    77824.120    77906.640    77906.320    77906.330
  1060:    77906.350    77906.240    77906.130    78156.220    78156.230
  1065:    78156.250    78156.340    78363.120    78396.120    78485.130
  1070:    78561.120    78644.130    78713.120    78776.130    78864.120
  1075:    78950.130    79021.120    79119.130    79635.120    80091.130
  1080:    80153.120    80172.120    80250.130    80345.120    80501.130
  1085:    80572.120    80803.130    80867.120    80892.120    80970.130
  1090:    81045.120    81056.840    81122.640    81122.320    81122.330
  1095:    81122.350    81122.240    81122.130    81372.220    81372.230
  1100:    81372.250    81372.340    81475.130    81579.120    81707.130
  1105:    81790.120    82021.130    82090.120    82185.130    82265.120
  1110:    82353.130    82418.120    82524.130    82672.130    82817.130
  1115:    82884.120    82948.130    83015.120    83094.130    83158.120
  1120:    83277.130    83353.120    83430.130    83497.120    83645.120
  1125:    83763.120    83836.130    83975.130    84044.120    84132.130
  1130:    84201.120    84277.130    84352.120    84499.130    84642.130
  1135:    84707.120    84809.130    85290.120    85375.130    85602.130
  1140:    85673.120    85745.130    85815.120    85893.130    85960.120
  1145:    86059.130    86385.130    86413.740    86743.130    86767.130
  1150:    86896.130    86960.540    86960.320    86960.330    86960.350
  1155:    86960.240    86960.120    87210.220    87210.230    87210.250
  1160:    87210.340    87307.130    87382.120    87414.120    87513.130
  1165:    87657.130    87710.740    87759.540    87759.320    87759.330
  1170:    87759.350    87759.240    87759.120    88009.220    88009.230
  1175:    88009.250    88009.340    88145.130    88300.130    88363.120
  1180:    88458.130    88530.120    88695.120    88769.130    88772.840
  1185:    88840.120    88915.640    88915.320    88915.330    88915.350
  1190:    88915.240    88915.130    89165.220    89165.230    89165.250
  1195:    89165.340    89254.130    89330.120    89413.130    89478.120
  1200:    89576.130    89650.120    89760.130    89830.120    89908.130
  1205:    89979.120    90178.120    90275.130    90451.130    90521.120
  1210:    90604.130    90668.120    90742.130    90806.120    90956.120
  1215:    91035.130    91105.120    91180.130    91245.120    91672.120
  1220:    91831.120    91937.130    91959.130    92359.130    92415.120
  1225:    92504.130    92753.130    92813.120    92888.130    92945.120
  1230:    93006.130    93074.120    93152.130    93165.840    93278.640
  1235:    93278.320    93278.330    93278.350    93278.240    93278.130
  1240:    93528.220    93528.230    93528.250    93528.340    93659.130
  1245:    93728.840    93733.120    93808.640    93808.320    93808.330
  1250:    93808.350    93808.240    93808.130    94058.220    94058.230
  1255:    94058.250    94058.340    94162.130    94252.120    94354.130
  1260:    94430.120    94587.120    94750.120    94841.130    94976.130
  1265:    95064.120    95204.120    95227.120    95314.130    95502.120
  1270:    95745.130    95942.130    96058.840    96090.640    96090.320
  1275:    96090.330    96090.350    96090.240    96090.130    96340.220
  1280:    96340.230    96340.250    96340.340    96487.130    96573.120
  1285:    96595.120    96672.130    96809.740    96826.130    96908.540
  1290:    96908.320    96908.330    96908.350    96908.240    96908.120
  1295:    97158.220    97158.230    97158.250    97158.340    97320.130
  1300:    97394.120    97416.120    97500.130    97563.120    97640.130
  1305:    97711.120    97789.130    97949.130    98012.120    98029.120
  1310:    98127.130    98192.120    98270.130    98346.120    98421.130
  1315:    98442.130    98510.120    98707.130    98778.120    98854.130
  1320:    99006.130    99457.130    99526.120    99592.130    99652.120
  1325:    99732.130    99792.120    99908.120   100051.120   100120.130
  1330:   100322.130   100392.120   100456.130   100526.120   100547.120
  1335:   100622.130   100720.120   101011.120   101091.130   101167.120
  1340:   101254.130   101324.120   101457.120   101535.130   101740.120
  1345:   101964.130   102033.120   102106.130   102167.120   102258.130
  1350:   102320.120   102447.120   102527.130   102591.120   102610.120
  1355:   102695.130   102893.120   102952.130   103253.130   103562.120
  1360:   103629.130   103756.120   103829.130   103885.120   103907.120
  1365:   104049.120   104145.120   104168.120   104306.120   104426.120
  1370:   104499.130   104567.120   104590.120   104670.130   104779.120
  1375:   104840.840   104891.640   104891.320   104891.330   104891.350
  1380:   104891.240   104891.130   105141.220   105141.230   105141.250
  1385:   105141.340   105243.130   105310.120   105388.130   105464.120
  1390:   105544.130   105610.120   105641.840   105690.640   105690.320
  1395:   105690.330   105690.350   105690.240   105690.130   105940.220
  1400:   105940.230   105940.250   105940.340   106041.130   106185.130
  1405:   106366.130   106442.120   106529.130   106674.130   106735.120
  1410:   106809.130   106876.120   106964.130   107035.120   107179.120
  1415:   107255.130   107387.130   107459.120   107540.130   107634.120
  1420:   107703.130   107780.120   107929.120   107948.120   108080.120
  1425:   108159.130   108237.130   108303.120   108381.130   108526.130
  1430:   108598.120   108673.130   108742.120   108813.130   108888.120
  1435:   108981.130   109078.130   109212.130   109285.120   109384.130
  1440:   109594.120   109665.130   109778.120   109846.130   109869.130
  1445:   109941.120   110014.130   110190.130   110298.130   110366.120
  1450:   110439.130   110458.740   110580.130   110729.130   110907.130
  1455:   110972.130   111151.130   111212.540   111212.320   111212.330
  1460:   111212.350   111212.240   111212.120   111462.220   111462.230
  1465:   111462.250   111462.340   111562.130   111741.130   111817.120
  1470:   111892.130   111974.120   112053.130   112119.120   112219.130
  1475:   112290.120   112373.130   112445.120   112520.130   112589.120
  1480:   112662.130   112750.120   112889.120   112961.130   113120.130
  1485:   113244.130   113300.120   113322.120   113461.120   113524.130
  1490:   113590.120   113665.130   113737.120   113880.120   113968.130
  1495:   114081.130   114342.130   114411.120   114522.120   114545.120
  1500:   114610.130   114684.120   114759.130   114826.120   114840.840
  1505:   114897.640   114897.320   114897.330   114897.350   114897.240
  1510:   114897.130   115147.220   115147.230   115147.250   115147.340
  1515:   115236.130   115333.120   115642.120   115723.130   115867.130
  1520:   115957.120   116034.130   116095.120   116154.130   116219.120
  1525:   116350.120   116481.120   116570.130   116772.120   116889.120
  1530:   116984.130   117053.120   117136.130   117218.120   117427.130
  1535:   117495.120   117570.130   117629.130   117701.120   117798.130
  1540:   117865.120   118073.130   118090.130   118257.120   118274.120
  1545:   118338.130   118483.130   118551.120   118630.130   118791.130
  1550:   118938.120   119003.130   119146.130   119223.120   119297.130
  1555:   119366.120   119443.130   119518.120   119617.130   119684.120
  1560:   119828.120   119854.120   119928.130   120092.130   120329.130
  1565:   120449.130   120688.120   121025.130   121188.130   121206.130
  1570:   121359.130   121622.120   121702.130   121830.130   121970.130
  1575:   122042.120   122101.130   122125.130   122210.120   122234.120
  1580:   122311.130   122387.120   122473.130   122541.120   122750.130
  1585:   122964.120   123044.130   123307.130   123405.120   123479.130
  1590:   123598.120   123675.130   123737.120   123758.120   123842.130
  1595:   124055.120   124102.120   124271.120   124402.130   124489.120
  1600:   124597.130   124973.130   125112.130   125185.120   125263.130
  1605:   125426.130   125483.120   125503.120   125565.130   125635.120
  1610:   125709.130   125775.120   125834.130   126197.120   126269.130
  1615:   126753.120   127142.130   127169.130   127345.130   127507.130
  1620:   127581.120   127658.130   127723.120   127800.130   127871.120
  1625:   127950.130   128010.120   128032.120   128106.130   128166.120
  1630:   128239.130   128290.130   128351.120   128413.130   128438.130
  1635:   128722.130   128788.130   128892.120   128918.120   128996.130
  1640:   129099.120   129176.130   129244.120   129317.130   129395.120
  1645:   129507.130   129579.120   129660.130   129726.120   129813.130
  1650:   129873.120   129950.130   130013.120   130372.130   130399.130
  1655:   130425.130   130538.120   130616.130   130683.120   130755.130
  1660:   130832.120   130902.130   131011.120   131087.130   131116.130
  1665:   131190.120   131369.120   131442.130   131520.120   131596.130
  1670:   131663.120   131738.130   131801.120   131880.130   131946.120
  1675:   132037.130   132138.120   132296.120   132381.130   132513.130
  1680:   132663.130   132770.130   132833.120   132986.120   133092.130
  1685:   133156.120   133216.130   133345.130   133435.120   133513.130
  1690:   133547.840   133613.120   133757.120   134061.120   134196.120
  1695:   134268.640   134268.320   134268.330   134268.350   134268.240
  1700:   134268.130   134518.220   134518.230   134518.250   134518.340
  1705:   134620.130   134721.120   134799.130   134873.120   134950.130
  1710:   135089.130   135165.120   135250.130   135379.130   135451.120
  1715:   135518.840   135526.640   135526.320   135526.330   135526.350
  1720:   135526.240   135526.130   135776.220   135776.230   135776.250
  1725:   135776.340   135901.130   135920.130   136076.130   136145.120
  1730:   136220.130   136292.120   136366.130   136431.120   136509.130
  1735:   136568.120   136719.120   136866.120   136944.130   137031.120
  1740:   137109.130   137177.120   137322.120   137412.130   137478.120
  1745:   137546.130   137701.130   137776.120   137854.130   137928.120
  1750:   138005.130   138075.120   138149.130   138218.120   138292.130
  1755:   138362.120   138431.130   138501.120   138578.130   138642.120
  1760:   138704.130   138779.120   138863.130   138948.120   139021.130
  1765:   139141.130   139200.120   139269.130   139336.130   139550.120
  1770:   139608.130   139676.840   139680.120   139754.640   139754.320
  1775:   139754.330   139754.350   139754.240   139754.130   139862.740
  1780:   140004.220   140004.230   140004.250   140004.340   140098.130
  1785:   140193.540   140193.320   140193.330   140193.350   140193.240
  1790:   140193.120   140443.220   140443.230   140443.250   140443.340
  1795:   140575.130   140687.120   140713.120   140793.130   140871.120
  1800:   140948.130   141005.120   141081.130   141148.120   141229.130
  1805:   141289.120   141392.130   141581.120   141650.130   141789.130
  1810:   141877.120   141961.130   142029.120   142096.130   142118.130
  1815:   142193.120   142377.120   142452.130   142516.120   142662.120
  1820:   142739.130   142810.120   143060.130   143142.120   143285.120
  1825:   143418.120   143489.130   143566.120   143664.130   143732.120
  1830:   143822.130   143843.740   143970.130   144095.130   144155.540
  1835:   144155.320   144155.330   144155.350   144155.240   144155.120
  1840:   144405.220   144405.230   144405.250   144405.340   144504.130
  1845:   144650.130   144807.130   144879.120   144955.130   145105.130
  1850:   145246.130   145319.120   145400.130   145462.120   145596.120
  1855:   145670.130   145768.120   145791.120   145869.130   145993.130
  1860:   146064.120   146170.130   146386.120   146464.130   146541.120
  1865:   146604.130   146689.120   146713.120   146805.740   146815.130
  1870:   146889.540   146889.320   146889.330   146889.350   146889.240
  1875:   146889.120   147139.220   147139.230   147139.250   147139.340
  1880:   147233.130   147329.120   147429.130   147579.130   147643.120
  1885:   147720.130   147867.130   147933.120   148106.120   148183.130
  1890:   148395.120   148475.130   148551.120   148696.120   148865.120
  1895:   148942.130   149143.120   149221.130   149280.120   149377.130
  1900:   149518.130   149662.130   149804.840   149939.640   149939.320
  1905:   149939.330   149939.350   149939.240   149939.130   150189.220
  1910:   150189.230   150189.250   150189.340   150346.120   150424.130
  1915:   150492.120   150585.130   150658.120   150689.840   150716.640
  1920:   150716.320   150716.330   150716.350   150716.240   150716.130
  1925:   150966.220   150966.230   150966.250   150966.340   151076.130
  1930:   151185.120   151231.120   151331.130   151406.120   151494.130
  1935:   151557.120   151628.130   151690.120   151713.120   151788.130
  1940:   151853.120   151921.130   152013.120   152089.130   152154.120
  1945:   152235.130   152266.840   152306.120   152455.120   152526.640
  1950:   152526.320   152526.330   152526.350   152526.240   152526.130
  1955:   152776.220   152776.230   152776.250   152776.340   152956.120
  1960:   152981.120   153065.130   153217.130   153298.120   153372.130
  1965:   153446.120   153685.130   153708.130   153790.120   153870.130
  1970:   154120.130   154202.120   154476.130   154503.130   154676.840
  1975:   154861.640   154861.320   154861.330   154861.350   154861.240
  1980:   154861.130   155111.220   155111.230   155111.250   155111.340
  1985:   155272.130   155381.120   155414.120   155524.130   155620.130
  1990:   155704.120   155725.120   155816.130   155892.120   155975.130
  1995:   156011.840   156057.120   156136.640   156136.320   156136.330
  2000:   156136.350   156136.240   156136.130   156386.220   156386.230
  2005:   156386.250   156386.340   156514.130   156593.120   156672.130
  2010:   156749.120   156830.130   156932.120   157008.130   157081.120
  2015:   157086.840   157162.640   157162.320   157162.330   157162.350
  2020:   157162.240   157162.130   157412.220   157412.230   157412.250
  2025:   157412.340   157519.130   157597.120   157674.130   157749.120
  2030:   157776.120   157920.120   158023.130   158095.120   158176.130
  2035:   158241.120   158341.130   158419.120   158516.130   158587.120
  2040:   158664.130   158812.840   158814.640   158814.320   158814.330
  2045:   158814.350   158814.240   158814.130   159064.220   159064.230
  2050:   159064.250   159064.340   159208.120   159231.120   159305.130
  2055:   159373.120   159458.130   159525.120   159599.130   159675.120
  2060:   159755.130   159825.120   159907.130   159973.120   160052.130
  2065:   160128.120   160211.130   160284.120   160364.130   160429.120
  2070:   160523.130   160590.120   160684.130   160703.130   160781.120
  2075:   160890.130   160964.120   161107.120   161168.130   161288.130
  2080:   161378.120   161478.130   161578.120   161719.120   161795.130
  2085:   161859.120   161938.130   161956.130   162129.120   162367.130
  2090:   162482.130   162635.130   162852.120   162990.120   163128.130
  2095:   163326.130   163404.120   163464.840   163498.640   163498.320
  2100:   163498.330   163498.350   163498.240   163498.130   163748.220
  2105:   163748.230   163748.250   163748.340   163841.130   163924.120
  2110:   164013.130   164048.840   164088.120   164160.640   164160.320
  2115:   164160.330   164160.350   164160.240   164160.130   164410.220
  2120:   164410.230   164410.250   164410.340   164671.130   164772.120
  2125:   164859.130   164932.120   165020.130   165092.120   165159.130
  2130:   165227.120   165306.130   165369.120   165445.130   165506.120
  2135:   165581.130   165652.120   165726.130   165785.120   165859.130
  2140:   165926.120   166012.130   166087.120   166183.130   166259.120
  2145:   166338.130   166405.120   166535.120   166617.130   166812.120
  2150:   166893.130   166910.840   166957.120   167098.120   167179.640
  2155:   167179.320   167179.330   167179.350   167179.240   167179.130
  2160:   167429.220   167429.230   167429.250   167429.340   167540.130
  2165:   167612.120   167687.130   167763.120   167848.130   167922.120
  2170:   168001.130   168144.130   168387.120   168526.120   168651.120
  2175:   168726.130   168792.120   168868.130   168937.120   169000.130
  2180:   169142.130   169231.120   169406.120   169478.130   169547.120
  2185:   169625.130   169789.130   169862.120   169932.130   170009.120
  2190:   170080.130   170151.120   170292.120   170370.130   170445.120
  2195:   170597.120   170686.130   170760.120   170835.130   170989.130
  2200:   171146.130   171297.130   171461.130   171483.130   171789.130
  2205:   171932.130   171993.120   172011.120   172085.130   172166.120
  2210:   172313.120   172414.130   172476.120   172558.130   172624.120
  2215:   172629.840   172702.640   172702.320   172702.330   172702.350
  2220:   172702.240   172702.130   172952.220   172952.230   172952.250
  2225:   172952.340   173042.130   173121.120   173270.120   173347.130
  2230:   173408.120   173483.130   173562.120   173642.130   173700.120
  2235:   173796.130   173958.130   174034.120   174104.130   174244.130
  2240:   174302.120   174387.130   174452.120   174587.120   174770.120
  2245:   174885.130   174952.120   175029.130   175144.120   175286.120
  2250:   175366.130   175659.130   175802.130   175852.840   175865.120
  2255:   176023.120   176249.640   176249.320   176249.330   176249.350
  2260:   176249.240   176249.130   176499.220   176499.230   176499.250
  2265:   176499.340   176628.130   176706.120   176807.130   177020.120
  2270:   177092.130   177188.120   177269.130   177330.120   177494.120
  2275:   177499.840   177579.640   177579.320   177579.330   177579.350
  2280:   177579.240   177579.130   177829.220   177829.230   177829.250
  2285:   177829.340   177970.120   178042.130   178188.130   178263.120
  2290:   178420.120   178476.130   178638.130   178705.120   178789.130
  2295:   178829.840   178878.120   178958.640   178958.320   178958.330
  2300:   178958.350   178958.240   178958.130   179208.220   179208.230
  2305:   179208.250   179208.340   179310.130   179385.120   179460.130
  2310:   179531.120   179608.130   179675.120   179750.130   179893.130
  2315:   179967.120   180043.130   180124.120   180198.130   180287.120
  2320:   180361.130   180426.120   180513.130   180602.120   180687.130
  2325:   180760.120   180841.130   181051.120   181220.120   181284.130
  2330:   181485.120   181548.130   181618.120   181708.840   181720.640
  2335:   181720.320   181720.330   181720.350   181720.240   181720.130
  2340:   181970.220   181970.230   181970.250   181970.340   182077.130
  2345:   182153.120   182225.130   182294.120   182357.130   182425.120
  2350:   182560.120   182636.130   182704.120   182776.130   182837.120
  2355:   182898.130   182992.120   183131.120   183409.120   183484.130
  2360:   183602.130   183735.130   183827.120   183960.120   184111.120
  2365:   184131.120   184194.130   184216.130   184385.130   184535.130
  2370:   184682.130   184842.130   184911.120   185050.120   185129.130
  2375:   185259.130   185326.120   185404.130   185706.130   185948.130
  2380:   186045.120   186188.120   186264.130   186374.130   186489.120
  2385:   186812.130   186870.840   186899.120   186927.120   187008.640
  2390:   187008.320   187008.330   187008.350   187008.240   187008.130
  2395:   187258.220   187258.230   187258.250   187258.340   187354.130
  2400:   187501.130   187658.130   187758.840   187800.640   187800.320
  2405:   187800.330   187800.350   187800.240   187800.130   188050.220
  2410:   188050.230   188050.250   188050.340   188159.130   188317.130
  2415:   188454.130   188519.120   188598.130   188659.120   188735.130
  2420:   188797.120   188858.130   189033.130   189115.120   189190.130
  2425:   189361.130   189430.120   189493.130   189652.130   189727.120
  2430:   189804.130   189874.120   189949.130   190033.120   190050.840
  2435:   190109.640   190109.320   190109.330   190109.350   190109.240
  2440:   190109.130   190359.220   190359.230   190359.250   190359.340
  2445:   190499.130   190577.120   190663.130   190735.120   190956.130
  2450:   191022.120   191096.130   191179.120   191250.130   191392.130
  2455:   191463.120   191541.130   191625.120   191707.130   191870.130
  2460:   191897.130   192001.130   192196.130   192216.130   192327.130
  2465:   192408.120   192509.130   192576.120   192670.130   192743.120
  2470:   192815.130   192966.130   193031.120   193172.120   193246.130
  2475:   193305.120   193333.120   193359.840   193407.640   193407.320
  2480:   193407.330   193407.350   193407.240   193407.130   193657.220
  2485:   193657.230   193657.250   193657.340   193754.130   193840.120
  2490:   193918.130   193993.120   194051.130   194188.130   194254.120
  2495:   194327.130   194392.120   194487.130   194571.120   194678.130
  2500:   194753.120   194773.120   194996.130   195059.120   195208.120
  2505:   195287.130   195412.130   195480.120   195559.130   195624.120
  2510:   195700.130   195759.120   195817.130   195906.120   195975.130
  2515:   196049.120   196188.120   196208.120   196277.130   196337.120
  2520:   196474.120   196566.130   196733.130   196865.130   196938.120
  2525:   197016.130   197288.130   197353.120   197450.130   197516.120
  2530:   197668.120   197801.120   197930.120   197950.120   198057.130
  2535:   198123.120   198145.120   198225.130   198288.120   198311.120
  2540:   198380.130   198447.120   198511.130   198532.130   198681.130
  2545:   198772.120   198840.130   199000.130   199152.130   199222.120
  2550:   199296.130   199360.120   199423.130   199656.130   199857.120
  2555:   199914.130   199984.120   200144.120   200362.130   200542.130
  2560:   200563.130   200686.130   200746.120   200824.130   200889.120
  2565:   201038.120   201120.130   201157.840   201197.120   201276.640
  2570:   201276.320   201276.330   201276.350   201276.240   201276.130
  2575:   201526.220   201526.230   201526.250   201526.340   201605.130
  2580:   201750.130   201817.120   201919.130   201983.120   202058.130
  2585:   202118.120   202255.120   202325.130   202390.120   202470.130
  2590:   202532.120   202671.120   202748.130   202814.120   202912.130
  2595:   202979.120   203123.120   203260.120   203326.130   203533.120
  2600:   203597.130   203702.130   203798.120   203859.130   203918.120
  2605:   204043.120   204179.120   204243.130   204301.120   204448.120
  2610:   204530.130   204605.120   204680.130   204753.120   204871.120
  2615:   204981.130   205078.120   205162.130   205230.120   205311.130
  2620:   205411.130   205519.120   205731.130   205806.120   205885.130
  2625:   205949.120   205976.120   206057.130   206131.120   206209.130
  2630:   206410.130   206574.130   206595.130   206735.130   206761.130
  2635:   206872.130   207028.130   207099.120   207157.130   207228.120
  2640:   207309.130   207331.130   207399.120   207497.130   207600.120
  2645:   207669.120   207688.120   207726.840   207766.640   207766.320
  2650:   207766.330   207766.350   207766.240   207766.130   208016.220
  2655:   208016.230   208016.250   208016.340   208151.130   208226.120
  2660:   208304.130   208369.120   208443.130   208511.120   208583.130
  2665:   208651.120   208733.130   208801.120   208880.130   208948.120
  2670:   209028.130   209091.120   209166.130   209236.120   209375.120
  2675:   209450.130   209549.120   209628.130   209687.120   209760.130
  2680:   209826.120   209931.130   210048.130   210128.120   210205.130
  2685:   210333.130   210481.130   210566.120   210669.120   210820.120
  2690:   210838.120   210912.130   211076.130   211219.120   211241.120
  2695:   211326.130   211423.130   211575.130   211645.120   211722.130
  2700:   211887.120   211906.120   211972.130   212039.740   212047.540
  2705:   212047.320   212047.330   212047.350   212047.240   212047.120
  2710:   212297.220   212297.230   212297.250   212297.340   212438.130
  2715:   212509.120   212537.120   212630.130   212703.120   212784.130
  2720:   212870.120   212916.840   212966.640   212966.320   212966.330
  2725:   212966.350   212966.240   212966.130   213216.220   213216.230
  2730:   213216.250   213216.340   213312.130   213393.120   213467.130
  2735:   213611.130   213681.120   213716.840   213758.640   213758.320
  2740:   213758.330   213758.350   213758.240   213758.130   214008.220
  2745:   214008.230   214008.250   214008.340   214167.120   214241.130
  2750:   214310.120   214383.130   214449.120   214532.130   214595.120
  2755:   214667.130   214708.840   214733.120   214807.640   214807.320
  2760:   214807.330   214807.350   214807.240   214807.130   215057.220
  2765:   215057.230   215057.250   215057.340   215191.130   215257.840
  2770:   215261.120   215338.640   215338.320   215338.330   215338.350
  2775:   215338.240   215338.130   215588.220   215588.230   215588.250
  2780:   215588.340   215817.130   215882.120   215962.130   216017.120
  2785:   216077.130   216152.120   216288.130   216377.120   216448.130
  2790:   216512.120   216643.120   216688.840   216717.640   216717.320
  2795:   216717.330   216717.350   216717.240   216717.130   216967.220
  2800:   216967.230   216967.250   216967.340   217081.130   217229.130
  2805:   217298.120   217376.130   217449.120   217529.130   217585.120
  2810:   217607.120   217675.130   217747.120   217826.130   217892.120
  2815:   217975.130   218105.130   218167.120   218238.130   218310.120
  2820:   218411.130   218557.130   218661.130   218797.130   218868.120
  2825:   218941.130   219028.120   219102.130   219225.130   219376.130
  2830:   219489.130   219603.130   219810.120   219885.130   219972.120
  2835:   219995.120   220092.130   220169.120   220189.120   220266.130
  2840:   220341.120   220418.130   220479.120   220554.130   220609.120
  2845:   220629.120   220714.130   220866.120   220977.130   221201.130
  2850:   221263.120   221286.120   221370.130   221457.120   221777.130
  2855:   221940.130   221997.120   222019.120   222100.130   222178.120
  2860:   222197.740   222261.130   222317.540   222317.320   222317.330
  2865:   222317.350   222317.240   222317.120   222567.220   222567.230
  2870:   222567.250   222567.340   222696.130   222769.120   222845.130
  2875:   222913.120   222988.130   223059.120   223134.130   223203.120
  2880:   223285.130   223386.120   223460.130   223534.120   223675.120
  2885:   223740.130   223825.120   223849.120   223916.130   224145.130
  2890:   224485.130   224635.130   224698.120   224721.120   224795.130
  2895:   224859.120   224935.130   224995.120   225075.130   225135.120
  2900:   225215.130   225357.130   225498.130   225742.120   225820.130
  2905:   226148.130   226221.120   226282.130   226304.130   226588.130
  2910:   226672.120   226779.130   226993.120   227053.130   227121.120
  2915:   227196.130   227281.130   227414.120   227490.130   227668.130
  2920:   227820.130   227884.120   227999.130   228210.120   228270.130
  2925:   228336.120   228416.130   228481.120   228503.120   228570.130
  2930:   228682.120   228770.130   228842.120   228920.130   228984.120
  2935:   229006.120   229072.130   229136.120   229216.130   229272.130
  2940:   229289.130   229419.120   229448.120   229520.130   229579.120
  2945:   229653.130   229723.120   229804.130   229872.120   229944.130
  2950:   230016.120   230093.130   230166.120   230265.130   230267.740
  2955:   230326.540   230326.320   230326.330   230326.350   230326.240
  2960:   230326.120   230576.220   230576.230   230576.250   230576.340
  2965:   230696.130   230881.130   230902.130   230966.120   231038.130
  2970:   231110.120   231190.130   231333.130   231408.120   231483.130
  2975:   231625.130   231765.130   231831.120   231909.130   231976.120
  2980:   232038.130   232112.120   232213.130   232281.120   232357.130
  2985:   232574.130   232645.120   232706.130   233037.120   233107.130
  2990:   233184.120   233246.130   233309.120   233333.120   233420.130
  2995:   233583.130   233686.120   233742.130   233867.840   233873.640
  3000:   233873.320   233873.330   233873.350   233873.240   233873.130
  3005:   234123.220   234123.230   234123.250   234123.340   234234.130
  3010:   234314.120   234400.130   234423.840   234476.120   234575.640
  3015:   234575.320   234575.330   234575.350   234575.240   234575.130
  3020:   234825.220   234825.230   234825.250   234825.340   234924.130
  3025:   234997.120   235072.130   235212.130   235277.120   235353.130
  3030:   235487.130   235555.120   235631.130   235695.120   235778.130
  3035:   235851.120   235939.130   236006.120   236083.130   236169.120
  3040:   236247.130   236393.130   236524.120   236736.130   236818.120
  3045:   236961.120   237039.130   237102.120   237184.130   237252.120
  3050:   237328.130   237546.120   237754.130   237852.130   237952.120
  3055:   238062.130   238134.120   238481.130   238555.120   238652.130
  3060:   238716.120   238798.130   238937.130   239008.120   239068.130
  3065:   239125.840   239161.120   239230.640   239230.320   239230.330
  3070:   239230.350   239230.240   239230.130   239480.220   239480.230
  3075:   239480.250   239480.340   239572.130   239644.120   239672.120
  3080:   239745.130   239842.130   239917.120   239974.130   240042.120
  3085:   240118.130   240268.130   240340.120   240417.130   240444.130
  3090:   240508.120   240589.130   240731.130   240816.120   240933.130
  3095:   241081.130   241153.120   241230.130   241280.840   241316.120
  3100:   241404.640   241404.320   241404.330   241404.350   241404.240
  3105:   241404.130   241654.220   241654.230   241654.250   241654.340
  3110:   241836.120   241931.130   242016.120   242097.130   242251.130
  3115:   242446.120   242518.130   242600.120   242669.130   242757.130
  3120:   242827.120   242901.130   242975.120   243045.130   243108.120
  3125:   243291.130   243365.120   243449.130   243554.840   243569.640
  3130:   243569.320   243569.330   243569.350   243569.240   243569.130
  3135:   243819.220   243819.230   243819.250   243819.340   243924.130
  3140:   243995.120   244074.130   244150.120   244213.130   244271.120
  3145:   244347.130   244473.130   244597.130   244619.840   244770.640
  3150:   244770.320   244770.330   244770.350   244770.240   244770.130
  3155:   245020.220   245020.230   245020.250   245020.340   245139.120
  3160:   245216.130   245220.840   245304.640   245304.320   245304.330
  3165:   245304.350   245304.240   245304.130   245554.220   245554.230
  3170:   245554.250   245554.340   245650.130   245669.130   245854.130
  3175:   245929.120   246001.130   246086.120   246147.130   246209.120
  3180:   246291.130   246435.130   246506.120   246653.120   246806.120
  3185:   246875.130   246994.130   247067.130   247144.120   247379.120
  3190:   247458.130   247605.130   247684.120   247759.130   247828.120
  3195:   247906.130   247984.120   248003.120   248146.130   248203.120
  3200:   248277.130   248349.120   248426.130   248448.130   248518.120
  3205:   248554.840   248595.640   248595.320   248595.330   248595.350
  3210:   248595.240   248595.130   248845.220   248845.230   248845.250
  3215:   248845.340   248941.130   249079.130   249154.120   249222.130
  3220:   249243.130   249323.120   249430.130   249503.120   249545.840
  3225:   249656.120   249735.640   249735.320   249735.330   249735.350
  3230:   249735.240   249735.130   249985.220   249985.230   249985.250
  3235:   249985.340   250106.130   250198.120   250360.120   250441.130
  3240:   250511.120   250588.130   250658.120   250735.130   250806.120
  3245:   250999.130   251067.120   251146.130   251221.120   251292.130
  3250:   251349.120   251427.130   251500.120   251576.130   251647.120
  3255:   251710.130   251777.120   251920.120   251945.120   252021.130
  3260:   252090.120   252176.130   252246.120   252324.130   252384.120
  3265:   252409.120   252472.130   252616.130   252696.120   252722.120
  3270:   252863.130   252934.120   252996.130   253019.130   253274.120
  3275:   253338.130   253360.130   253503.130   253705.130   253841.130
  3280:   253965.130   254032.120   254116.130   254174.120   254195.120
  3285:   254261.130   254329.120   254410.130   254471.120   254541.130
  3290:   254619.120   254638.120   254710.130   254785.120   254874.130
  3295:   255187.130   255262.130   255420.130   255486.120   255671.130
  3300:   255735.120   255817.130   255892.120   255981.130   256044.120
  3305:   256146.130   256220.120   256276.740   256289.130   256409.130
  3310:   256480.130   256600.540   256600.320   256600.330   256600.350
  3315:   256600.240   256600.120   256850.220   256850.230   256850.250
  3320:   256850.340   256973.120   257048.130   257067.130   257144.120
  3325:   257222.130   257348.130   257423.120   257651.130   257834.130
  3330:   257908.120   257969.130   258051.120   258085.840   258126.640
  3335:   258126.320   258126.330   258126.350   258126.240   258126.130
  3340:   258376.220   258376.230   258376.250   258376.340   258465.130
  3345:   258490.130   258550.740   258591.540   258591.320   258591.330
  3350:   258591.350   258591.240   258591.120   258841.220   258841.230
  3355:   258841.250   258841.340   258980.120   259058.130   259105.130
  3360:   259189.120   259262.130   259352.120   259412.130   259479.120
  3365:   259552.130   259677.120   259739.130   259877.130   259941.120
  3370:   260022.130   260098.120   260163.130   260236.120   260314.130
  3375:   260383.120   260459.130   260528.120   260600.130   260667.120
  3380:   260796.120   260884.130   260944.120   261024.130   261162.130
  3385:   261238.120   261276.840   261320.640   261320.320   261320.330
  3390:   261320.350   261320.240   261320.130   261570.220   261570.230
  3395:   261570.250   261570.340   261673.130   261702.130   261799.120
  3400:   261873.130   261944.120   262026.130   262106.120   262184.130
  3405:   262331.130   262396.120   262476.130   262544.120   262610.130
  3410:   262679.120   262751.130   262860.120   262982.130   263004.130
  3415:   263093.120   263227.120   263442.130   263509.120   263572.130
  3420:   263643.120   263756.120   263832.130   263902.120   263967.130
  3425:   263970.840   263995.640   263995.320   263995.330   263995.350
  3430:   263995.240   263995.130   264245.220   264245.230   264245.250
  3435:   264245.340   264340.130   264363.130   264448.120   264524.130
  3440:   264590.120   264671.130   264736.120   264820.130   264886.120
  3445:   264945.840   264972.640   264972.320   264972.330   264972.350
  3450:   264972.240   264972.130   265222.220   265222.230   265222.250
  3455:   265222.340   265356.130   265424.120   265519.130   265590.120
  3460:   265622.840   265678.640   265678.320   265678.330   265678.350
  3465:   265678.240   265678.130   265928.220   265928.230   265928.250
  3470:   265928.340   266044.130   266114.120   266141.740   266189.130
  3475:   266255.540   266255.320   266255.330   266255.350   266255.240
  3480:   266255.120   266505.220   266505.230   266505.250   266505.340
  3485:   266904.120   266989.130   267062.120   267185.120   267242.130
  3490:   267321.120   267396.130   267467.120   267535.130   267692.130
  3495:   267755.120   267829.130   267984.130   268058.120   268123.130
  3500:   268196.120   268295.130   268372.120   268528.120   268817.130
  3505:   268892.120   268989.120   269012.120   269091.130   269157.120
  3510:   269237.130   269302.120   269356.130   269428.120   269518.130
  3515:   269661.130   269730.120   269807.130   269868.120   269889.120
  3520:   269951.130   270018.120   270083.130   270154.120   270242.130
  3525:   270326.120   270505.740   270536.130   270556.130   270627.540
  3530:   270627.320   270627.330   270627.350   270627.240   270627.120
  3535:   270877.220   270877.230   270877.250   270877.340   270965.130
  3540:   271128.130   271278.130   271361.120   271437.130   271572.130
  3545:   271629.120   271708.130   271775.120   271853.130   272002.130
  3550:   272144.130   272218.120   272290.130   272418.130   272723.130
  3555:   272833.130   272966.130   273149.120   273219.130   273235.130
  3560:   273348.130   273421.120   273500.130   273571.120   273653.130
  3565:   273784.130   273938.130   274187.120   274277.130   274365.120
  3570:   274487.130   274645.130   274787.130   274884.130   275047.130
  3575:   275118.120   275128.840   275180.640   275180.320   275180.330
  3580:   275180.350   275180.240   275180.130   275430.220   275430.230
  3585:   275430.250   275430.340   275553.130   275575.130   275664.120
  3590:   275736.130   275804.120   275864.130   275929.120   276006.130
  3595:   276075.120   276137.130   276177.740   276207.540   276207.320
  3600:   276207.330   276207.350   276207.240   276207.120   276457.220
  3605:   276457.230   276457.250   276457.340   276567.120   276591.120
  3610:   276691.130   276786.120   276868.130   276945.120   277020.130
  3615:   277087.120   277210.120   277288.130   277356.120   277429.130
  3620:   277499.120   277573.130   277680.130   277751.120   277829.130
  3625:   277899.120   277981.130   278052.120   278113.130   278294.130
  3630:   278330.840   278370.120   278516.120   278577.640   278577.320
  3635:   278577.330   278577.350   278577.240   278577.130   278827.220
  3640:   278827.230   278827.250   278827.340   278967.120   279041.130
  3645:   279107.120   279178.130   279240.120   279310.130   279394.120
  3650:   279418.120   279479.130   279539.120   279612.130   279674.120
  3655:   279768.130   279918.130   280104.130   280172.120   280312.120
  3660:   280327.120   280397.130   280577.130   280739.130   280812.120
  3665:   280895.130   280962.120   281037.130   281101.120   281177.130
  3670:   281254.120   281325.130   281398.120   281476.130   281547.120
  3675:   281894.130   282027.130   282120.120   282210.130   282277.120
  3680:   282357.130   282426.120   282427.840   282456.120   282538.640
  3685:   282538.320   282538.330   282538.350   282538.240   282538.130
  3690:   282788.220   282788.230   282788.250   282788.340   282882.130
  3695:   282957.740   282963.540   282963.320   282963.330   282963.350
  3700:   282963.240   282963.120   283213.220   283213.230   283213.250
  3705:   283213.340   283350.130   283388.840   283449.120   283580.640
  3710:   283580.320   283580.330   283580.350   283580.240   283580.130
  3715:   283830.220   283830.230   283830.250   283830.340   283933.130
  3720:   284029.120   284106.130   284171.120   284266.130   284334.120
  3725:   284482.120   284576.130   284648.120   284721.130   284795.120
  3730:   284870.130   284929.120   285001.130   285069.120   285168.130
  3735:   285240.120   285313.130   285417.120   285437.120   285599.120
  3740:   285678.130   285752.120   285809.130   285976.130   286054.120
  3745:   286133.130   286198.120   286281.130   286354.120   286379.120
  3750:   286441.130   286530.120   286626.130   286782.130   286921.130
  3755:   286986.120   287062.130   287246.130   287392.130   287430.840
  3760:   287470.120   287602.120   287680.640   287680.320   287680.330
  3765:   287680.350   287680.240   287680.130   287930.220   287930.230
  3770:   287930.250   287930.340   288024.130   288123.130   288198.120
  3775:   288218.120   288298.130   288374.120   288452.130   288518.120
  3780:   288592.130   288668.120   288692.120   288762.130   288841.120
  3785:   288902.130   288976.120   289049.130   289184.130   289246.120
  3790:   289326.130   289392.120   289470.130   289537.120   289615.130
  3795:   289682.120   289752.130   289830.120   289898.130   290067.130
  3800:   290128.120   290208.130   290365.130   290428.120   290569.120
  3805:   290636.130   290715.120   290792.130   290909.130   290975.120
  3810:   291067.130   291203.130   291274.120   291356.130   291545.120
  3815:   291626.130   291743.130   291818.120   291897.130   291913.740
  3820:   292052.130   292111.540   292111.320   292111.330   292111.350
  3825:   292111.240   292111.120   292361.220   292361.230   292361.250
  3830:   292361.340   292478.130   292548.120   292622.130   292703.120
  3835:   292721.120   292798.130   292869.120   292927.130   293062.130
  3840:   293130.840   293138.120   293211.640   293211.320   293211.330
  3845:   293211.350   293211.240   293211.130   293461.220   293461.230
  3850:   293461.250   293461.340   293563.130   293712.130   293781.120
  3855:   293856.130   293927.120   294000.130   294161.130   294229.120
  3860:   294311.130   294478.130   294627.130   294737.130   294812.120
  3865:   294895.130   295038.130   295128.120   295204.130   295339.130
  3870:   295421.120   295492.130   295561.740   295637.130   295703.540
  3875:   295703.320   295703.330   295703.350   295703.240   295703.120
  3880:   295953.220   295953.230   295953.250   295953.340   296055.130
  3885:   296076.130   296147.120   296223.130   296294.120   296374.130
  3890:   296448.120   296525.130   296653.740   296736.540   296736.320
  3895:   296736.330   296736.350   296736.240   296736.120   296986.220
  3900:   296986.230   296986.250   296986.340   297084.130   297157.120
  3905:   297184.120   297344.120   297425.130   297565.130   297636.120
  3910:   297705.130   297769.120   297847.130   297913.120   298000.130
  3915:   298135.130   298280.130   298426.130   298566.130   298720.130
  3920:   298930.120   299008.130   299087.120   299162.130   299231.120
  3925:   299310.130   299452.130   299522.120   299597.130   299664.120
  3930:   299743.130   299761.840   299821.120   299901.640   299901.320
  3935:   299901.330   299901.350   299901.240   299901.130   300151.220
  3940:   300151.230   300151.250   300151.340   300382.130   300458.120
  3945:   300534.130   300601.120   300671.130   300810.130   300882.120
  3950:   300961.130   301114.130   301185.120   301270.130   301345.120
  3955:   301422.130   301499.120   301588.130   301705.130   301772.120
  3960:   301968.130   302037.120   302108.130   302186.120   302267.130
  3965:   302336.120   302417.130   302498.120   302577.130   302642.120
  3970:   302722.130   302783.120   302855.130   302930.120   303009.130
  3975:   303133.130   303205.120   303326.120   303416.130   303451.840
  3980:   303569.640   303569.320   303569.330   303569.350   303569.240
  3985:   303569.130   303786.740   303819.220   303819.230   303819.250
  3990:   303819.340   303930.130   304026.540   304026.320   304026.330
  3995:   304026.350   304026.240   304026.120   304276.220   304276.230
  4000:   304276.250   304276.340   304375.130   304458.120   304537.130
  4005:   304632.120   304706.130   304769.120   304898.130   304978.120
  4010:   305095.130   305162.120   305234.130   305297.120   305360.130
  4015:   305431.120   305578.120   305603.120   305681.130   305808.130
  4020:   305873.120   305898.120   305971.130   306030.120   306047.120
  4025:   306118.130   306140.130   306208.120   306293.130   306360.120
  4030:   306665.120   306765.130   306836.120   306976.740   307072.130
  4035:   307141.540   307141.320   307141.330   307141.350   307141.240
  4040:   307141.120   307391.220   307391.230   307391.250   307391.340
  4045:   307514.130   307537.130   307617.120   307694.130   307756.120
  4050:   307834.130   307974.130   308040.120   308118.130   308214.120
  4055:   308315.130   308465.130   308531.120   308595.130   308684.120
  4060:   308705.120   308787.130   308952.130   309075.130   309141.120
  4065:   309319.840   309326.640   309326.320   309326.330   309326.350
  4070:   309326.240   309326.130   309576.220   309576.230   309576.250
  4075:   309576.340   309675.130   309752.120   309776.840   309827.640
  4080:   309827.320   309827.330   309827.350   309827.240   309827.130
  4085:   310077.220   310077.230   310077.250   310077.340   310167.130
  4090:   310237.120   310308.130   310385.120   310444.130   310579.130
  4095:   310642.120   310704.130   310772.120   310777.840   310875.640
  4100:   310875.320   310875.330   310875.350   310875.240   310875.130
  4105:   311125.220   311125.230   311125.250   311125.340   311213.130
  4110:   311297.120   311448.120   311520.130   311582.120   311655.130
  4115:   311721.120   311798.130   311875.120   311958.130   312109.130
  4120:   312177.120   312241.130   312385.130   312463.120   312536.130
  4125:   312680.130   312843.130   312908.120   312934.120   313009.130
  4130:   313074.120   313152.130   313216.120   313349.120   313423.130
  4135:   313491.120   313569.130   313631.120   313717.130   313851.130
  4140:   313918.120   313993.130   314064.120   314138.130   314207.120
  4145:   314279.130   314347.120   314429.130   314453.130   314598.130
  4150:   314666.120   314724.130   314925.120   315097.120   315171.130
  4155:   315353.120   315424.130   315480.120   315543.130   315606.120
  4160:   315669.130   315754.120   315827.130   315899.130   316053.130
  4165:   316193.130   316280.120   316363.130   316567.120   316647.130
  4170:   316865.120   316939.130   317006.120   317082.130   317176.120
  4175:   317200.120   317469.130   317540.120   317620.130   317805.130
  4180:   318036.120   318103.130   318246.130   318306.120   318378.130
  4185:   318577.130   318652.120   318731.130   318804.120   318875.130
  4190:   318948.120   318974.120   319032.130   319153.130   319222.120
  4195:   319292.130   319353.120   319421.130   319485.120   319648.130
  4200:   319714.120   319784.130   319918.130   320041.130   320169.130
  4205:   320245.120   320318.130   320419.120   320541.120   320595.130
  4210:   320724.130   320793.120   320863.130   320931.120   321028.130
  4215:   321163.130   321472.120   321792.130   322002.130   322097.120
  4220:   322198.130   322263.120   322355.130   322414.120   322551.120
  4225:   322619.130   322753.120   322827.130   323171.130   323308.130
  4230:   323421.130   323481.120   323582.120   323655.130   323704.120
  4235:   323785.130   323845.120   323947.130   324015.120   324075.130
  4240:   324125.840   324339.640   324339.320   324339.330   324339.350
  4245:   324339.240   324339.130   324589.220   324589.230   324589.250
  4250:   324589.340   324695.130   324860.120   324880.120   324949.130
  4255:   325041.120   325124.130   325253.130   325271.130   325335.120
  4260:   325426.130   325572.130   325634.120   325792.120   325852.130
  4265:   326013.130   326208.120   326275.130   326387.130   326449.120
  4270:   326523.130   326605.120   326700.130   326780.120   326919.120
  4275:   326985.130   327057.120   327205.120   327325.120   327425.120
  4280:   327523.120   327593.130   327706.130   327790.120   327878.130
  4285:   328056.130   328119.120   328230.120   328357.120   328445.130
  4290:   328587.130   328703.130   328763.120   328818.130   328961.130
  4295:   329095.130   329304.120   329524.130   329593.120   329660.130
  4300:   329723.120   329790.130   329950.130   330077.130   330221.130
  4305:   330364.130   330439.120   330659.120   330778.130   330998.130
  4310:   331047.130   331115.120   331192.130   331252.120   331326.130
  4315:   331455.120   331546.130   331600.120   331727.120   331748.120
  4320:   331881.120   331952.130   332131.120   332204.130   332343.130
  4325:   332428.120   332494.130   332573.120   332642.130   332780.130
  4330:   332918.130   332996.120   333089.840   333092.640   333092.320
  4335:   333092.330   333092.350   333092.240   333092.130   333342.220
  4340:   333342.230   333342.250   333342.340   333844.130   333956.130
  4345:   334042.120   334111.130   334190.120   334261.130   334333.120
  4350:   334406.130   334483.120   334798.130   334884.120   334944.130
  4355:   335006.120   335076.130   335141.120   335336.130   335401.120
  4360:   335459.130   335592.130   335781.120   336044.120   336098.130
  4365:   336152.120   336208.130   336288.120   336362.130   336533.130
  4370:   336635.130   336768.120   336821.130   336840.130   336978.130
  4375:   337130.120   337181.130   337250.120   337438.130   337665.130
  4380:   337755.130   337826.120   337899.130   338022.130   338114.130
  4385:   338184.120   338257.130   338322.120   338394.130   338492.130
  4390:   338558.120   338653.130   338990.130   339126.130   339203.120
  4395:   339392.120   339561.120   339624.130   339799.130   339956.130
  4400:   340024.130   340187.120   340263.130   340331.120   340351.120
  4405:   340424.130   340442.840   340591.120   340663.640   340663.320
  4410:   340663.330   340663.350   340663.240   340663.130   340891.740
  4415:   340913.220   340913.230   340913.250   340913.340   340995.130
  4420:   341132.130   341214.540   341214.320   341214.330   341214.350
  4425:   341214.240   341214.120   341464.220   341464.230   341464.250
  4430:   341464.340   341562.130   341662.120   341735.130   341836.130
  4435:   341896.120   341993.130   342081.120   342152.130   342232.120
  4440:   342305.130   342380.120   342509.120   342587.130   342652.120
  4445:   342776.120   343052.120   343286.130   343441.130   343509.120
  4450:   343587.130   343710.130   343775.120   343850.130   343985.130
  4455:   344193.130   344215.130   344365.130   344565.130   344744.130
  4460:   344849.120   345090.130   345249.130   345416.130   345530.130
  4465:   345595.120   345662.130   345783.130   345804.130   345813.840
  4470:   345904.120   346394.640   346394.320   346394.330   346394.350
  4475:   346394.240   346394.130   346644.220   346644.230   346644.250
  4480:   346644.340   346727.130   346912.130   347056.130   347191.130
  4485:   347282.120   347352.130   347428.120   347464.740   347684.130
  4490:   347816.130   348033.540   348033.320   348033.330   348033.350
  4495:   348033.240   348033.120   348283.220   348283.230   348283.250
  4500:   348283.340   348385.130   348479.120   348575.130   348666.120
  4505:   348795.120   348860.130   348926.120   348995.130   349148.130
  4510:   349213.120   349269.130   349432.130   349497.120   349599.130
  4515:   349727.130   349863.130   349926.120   350008.130   350156.130
  4520:   350469.130   350622.130   350644.840   350736.640   350736.320
  4525:   350736.330   350736.350   350736.240   350736.130   350986.220
  4530:   350986.230   350986.250   350986.340   351080.130   351191.130
  4535:   351280.120   351358.130   351428.120   351500.130   351567.120
  4540:   351886.840   351964.640   351964.320   351964.330   351964.350
  4545:   351964.240   351964.130   352214.220   352214.230   352214.250
  4550:   352214.340   352332.130   352421.120   352502.130   352629.130
  4555:   352768.130   352839.120   352912.130   352983.120   353066.130
  4560:   353278.120   353367.130   353383.740   353444.540   353444.320
  4565:   353444.330   353444.350   353444.240   353444.120   353694.220
  4570:   353694.230   353694.250   353694.340   353800.120   353823.120
  4575:   353917.130   354007.120   354077.130   354144.120   354288.120
  4580:   354309.120   354383.130   354454.120   354672.130   354714.840
  4585:   354734.120   354804.640   354804.320   354804.330   354804.350
  4590:   354804.240   354804.130   355054.220   355054.230   355054.250
  4595:   355054.340   355131.130   355244.120   355314.130   355379.120
  4600:   355394.740   355434.130   355499.540   355499.320   355499.330
  4605:   355499.350   355499.240   355499.120   355749.220   355749.230
  4610:   355749.250   355749.340   355844.130   355924.120   355996.130
  4615:   356014.130   356083.120   356154.130   356229.120   356298.130
  4620:   356511.120   356583.130   356647.120   356818.130   356953.130
  4625:   357027.120   357083.130   357211.120   357375.130   357527.130
  4630:   357619.130   357797.130   357942.130   358191.130   358469.130
  4635:   358666.130   358983.130   359127.130   359252.130   359331.120
  4640:   359479.130   359589.130   359718.130   359789.120   359849.130
  4645:   359922.120   359994.130   360000.320   360000.330   360000.350
  4650:   360000.020
C:
     0:        0.000     1474.000     1869.000       39.000       91.000
     5:        0.000
D:
     0:        0.000        0.000
L:
     0:      111.000      111.000      111.000
M:
     0:      900.000      901.000      902.000      903.000      904.000
     5:      905.000      906.000      907.000      908.000      909.000
    10:      910.000      911.000      912.000      913.000      914.000
    15:      915.000      916.000      917.000      918.000      919.000
    20:      920.000      921.000      922.000      923.000      924.000
    25:      925.000      926.000      927.000      928.000      929.000
    30:      930.000      931.000      932.000      933.000      934.000
    35:      935.000      936.000      937.000      938.000      939.000
    40:      940.000      941.000      942.000      943.000      944.000
    45:      945.000      946.000      947.000      948.000      949.000
    50:      950.000      951.000      952.000      953.000      954.000
    55:      955.000      956.000      957.000      958.000      959.000
    60:      960.000      961.000      962.000      963.000      964.000
    65:      965.000      966.000      967.000      968.000      969.000
    70:      970.000      971.000      972.000      973.000      974.000
    75:      975.000      976.000      977.000      978.000      979.000
    80:      980.000      981.000      982.000      983.000      984.000
    85:      985.000      986.000      987.000      988.000      989.000
    90:      990.000      991.000      992.000      993.000      994.000
    95:      995.000      996.000      997.000      998.000      999.000
   100:     1000.000     1001.000     1002.000     1003.000     1004.000
   105:     1005.000     1006.000     1007.000     1008.000     1009.000
   110:     1010.000     1011.000     1012.000     1013.000     1014.000
   115:     1015.000     1016.000     1017.000     1018.000     1019.000
   120:     1020.000     1021.000     1022.000     1023.000     1024.000
   125:     1025.000     1026.000     1027.000     1028.000     1029.000
   130:     1030.000     1031.000     1032.000     1033.000     1034.000
   135:     1035.000     1036.000     1037.000     1038.000     1039.000
   140:     1040.000     1041.000     1042.000     1043.000     1044.000
   145:     1045.000     1046.000     1047.000     1048.000     1049.000
   150:     1050.000     1051.000     1052.000     1053.000     1054.000
   155:     1055.000     1056.000     1057.000     1058.000     1059.000
   160:     1060.000     1061.000     1062.000     1063.000     1064.000
   165:     1065.000     1066.000     1067.000     1068.000     1069.000
   170:     1070.000     1071.000     1072.000     1073.000     1074.000
   175:     1075.000     1076.000     1077.000     1078.000     1079.000
   180:     1080.000     1081.000     1082.000     1083.000     1084.000
   185:     1085.000     1086.000     1087.000     1088.000     1089.000
   190:     1090.000     1091.000     1092.000     1093.000     1094.000
   195:     1095.000     1096.000     1097.000     1098.000     1099.000
   200:     1100.000     1101.000     1102.000     1103.000     1104.000
   205:     1105.000     1106.000     1107.000     1108.000     1109.000
   210:     1110.000     1111.000     1112.000     1113.000     1114.000
   215:     1115.000     1116.000     1117.000     1118.000     1119.000
   220:     1120.000     1121.000     1122.000     1123.000     1124.000
   225:     1125.000     1126.000     1127.000     1128.000     1129.000
   230:     1130.000     1131.000     1132.000     1133.000     1134.000
   235:     1135.000     1136.000     1137.000     1138.000     1139.000
   240:     1140.000     1141.000     1142.000     1143.000     1144.000
   245:     1145.000     1146.000     1147.000     1148.000     1149.000
   250:     1150.000     1151.000     1152.000     1153.000     1154.000
   255:     1155.000     1156.000     1157.000     1158.000     1159.000
   260:     1160.000     1161.000     1162.000     1163.000     1164.000
   265:     1165.000     1166.000     1167.000     1168.000     1169.000
   270:     1170.000     1171.000     1172.000     1173.000     1174.000
   275:     1175.000     1176.000     1177.000     1178.000     1179.000
   280:     1180.000     1181.000     1182.000     1183.000     1184.000
   285:     1185.000     1186.000     1187.000     1188.000     1189.000
   290:     1190.000     1191.000     1192.000     1193.000     1194.000
   295:     1195.000     1196.000     1197.000     1198.000     1199.000
   300:     1200.000     1201.000     1202.000     1203.000     1204.000
   305:     1205.000     1206.000     1207.000     1208.000     1209.000
   310:     1210.000     1211.000     1212.000     1213.000     1214.000
   315:     1215.000     1216.000     1217.000     1218.000     1219.000
   320:     1220.000     1221.000     1222.000     1223.000     1224.000
   325:     1225.000     1226.000     1227.000     1228.000     1229.000
   330:     1230.000     1231.000     1232.000     1233.000     1234.000
   335:     1235.000     1236.000     1237.000     1238.000     1239.000
   340:     1240.000     1241.000     1242.000     1243.000     1244.000
   345:     1245.000     1246.000     1247.000     1248.000     1249.000
   350:     1250.000     1251.000     1252.000     1253.000     1254.000
   355:     1255.000     1256.000     1257.000     1258.000     1259.000
   360:     1260.000     1261.000     1262.000     1263.000     1264.000
   365:     1265.000     1266.000     1267.000     1268.000     1269.000
   370:     1270.000     1271.000     1272.000     1273.000     1274.000
   375:     1275.000     1276.000     1277.000     1278.000     1279.000
   380:     1280.000     1281.000     1282.000     1283.000     1284.000
   385:     1285.000     1286.000     1287.000     1288.000     1289.000
   390:     1290.000     1291.000     1292.000     1293.000     1294.000
   395:     1295.000     1296.000     1297.000     1298.000     1299.000
   400:     1300.000     1301.000     1302.000     1303.000     1304.000
   405:     1305.000     1306.000     1307.000     1308.000     1309.000
   410:     1310.000     1311.000     1312.000     1313.000     1314.000
   415:     1315.000     1316.000     1317.000     1318.000     1319.000
   420:     1320.000     1321.000     1322.000     1323.000     1324.000
   425:     1325.000     1326.000     1327.000     1328.000     1329.000
   430:     1330.000     1331.000     1332.000     1333.000     1334.000
   435:     1335.000     1336.000     1337.000     1338.000     1339.000
   440:     1340.000     1341.000     1342.000     1343.000     1344.000
   445:     1345.000     1346.000     1347.000     1348.000     1349.000
   450:     1350.000     1351.000     1352.000     1353.000     1354.000
   455:     1355.000     1356.000     1357.000     1358.000     1359.000
   460:     1360.000     1361.000     1362.000     1363.000     1364.000
   465:     1365.000     1366.000     1367.000     1368.000     1369.000
   470:     1370.000     1371.000     1372.000     1373.000     1374.000
   475:     1375.000     1376.000     1377.000     1378.000     1379.000
   480:     1380.000     1381.000     1382.000     1383.000     1384.000
   485:     1385.000     1386.000     1387.000     1388.000     1389.000
   490:     1390.000     1391.000     1392.000     1393.000     1394.000
   495:     1395.000     1396.000     1397.000     1398.000     1399.000
   500:     1400.000     1401.000     1402.000     1403.000     1404.000
   505:     1405.000     1406.000     1407.000     1408.000     1409.000
   510:     1410.000     1411.000     1412.000     1413.000     1414.000
   515:     1415.000     1416.000     1417.000     1418.000     1419.000
   520:     1420.000     1421.000     1422.000     1423.000     1424.000
   525:     1425.000     1426.000     1427.000     1428.000     1429.000
   530:     1430.000     1431.000     1432.000     1433.000     1434.000
   535:     1435.000     1436.000     1437.000     1438.000     1439.000
   540:     1440.000     1441.000     1442.000     1443.000     1444.000
   545:     1445.000     1446.000     1447.000     1448.000     1449.000
   550:     1450.000     1451.000     1452.000     1453.000     1454.000
   555:     1455.000     1456.000     1457.000     1458.000     1459.000
   560:     1460.000     1461.000     1462.000     1463.000     1464.000
   565:     1465.000     1466.000     1467.000     1468.000     1469.000
   570:     1470.000     1471.000     1472.000     1473.000     1474.000
   575:     1475.000     1476.000     1477.000     1478.000     1479.000
   580:     1480.000     1481.000     1482.000     1483.000     1484.000
   585:     1485.000     1486.000     1487.000     1488.000     1489.000
   590:     1490.000     1491.000     1492.000     1493.000     1494.000
   595:     1495.000     1496.000     1497.000     1498.000     1499.000
   600:     1500.000
N:
     0:     3300.000     3301.000     3302.000     3303.000     3304.000
     5:     3305.000     3306.000     3307.000     3308.000     3309.000
    10:     3310.000     3311.000     3312.000     3313.000     3314.000
    15:     3315.000     3316.000     3317.000     3318.000     3319.000
    20:     3320.000     3321.000     3322.000     3323.000     3324.000
    25:     3325.000     3326.000     3327.000     3328.000     3329.000
    30:     3330.000     3331.000     3332.000     3333.000     3334.000
    35:     3335.000     3336.000     3337.000     3338.000     3339.000
    40:     3340.000     3341.000     3342.000     3343.000     3344.000
    45:     3345.000     3346.000     3347.000     3348.000     3349.000
    50:     3350.000     3351.000     3352.000     3353.000     3354.000
    55:     3355.000     3356.000     3357.000     3358.000     3359.000
    60:     3360.000     3361.000     3362.000     3363.000     3364.000
    65:     3365.000     3366.000     3367.000     3368.000     3369.000
    70:     3370.000     3371.000     3372.000     3373.000     3374.000
    75:     3375.000     3376.000     3377.000     3378.000     3379.000
    80:     3380.000     3381.000     3382.000     3383.000     3384.000
    85:     3385.000     3386.000     3387.000     3388.000     3389.000
    90:     3390.000     3391.000     3392.000     3393.000     3394.000
    95:     3395.000     3396.000     3397.000     3398.000     3399.000
   100:     3400.000     3401.000     3402.000     3403.000     3404.000
   105:     3405.000     3406.000     3407.000     3408.000     3409.000
   110:     3410.000     3411.000     3412.000     3413.000     3414.000
   115:     3415.000     3416.000     3417.000     3418.000     3419.000
   120:     3420.000     3421.000     3422.000     3423.000     3424.000
   125:     3425.000     3426.000     3427.000     3428.000     3429.000
   130:     3430.000     3431.000     3432.000     3433.000     3434.000
   135:     3435.000     3436.000     3437.000     3438.000     3439.000
   140:     3440.000     3441.000     3442.000     3443.000     3444.000
   145:     3445.000     3446.000     3447.000     3448.000     3449.000
   150:     3450.000     3451.000     3452.000     3453.000     3454.000
   155:     3455.000     3456.000     3457.000     3458.000     3459.000
   160:     3460.000     3461.000     3462.000     3463.000     3464.000
   165:     3465.000     3466.000     3467.000     3468.000     3469.000
   170:     3470.000     3471.000     3472.000     3473.000     3474.000
   175:     3475.000     3476.000     3477.000     3478.000     3479.000
   180:     3480.000     3481.000     3482.000     3483.000     3484.000
   185:     3485.000     3486.000     3487.000     3488.000     3489.000
   190:     3490.000     3491.000     3492.000     3493.000     3494.000
   195:     3495.000     3496.000     3497.000     3498.000     3499.000
   200:     3500.000     3501.000     3502.000     3503.000     3504.000
   205:     3505.000     3506.000     3507.000     3508.000     3509.000
   210:     3510.000     3511.000     3512.000     3513.000     3514.000
   215:     3515.000     3516.000     3517.000     3518.000     3519.000
   220:     3520.000     3521.000     3522.000     3523.000     3524.000
   225:     3525.000     3526.000     3527.000     3528.000     3529.000
   230:     3530.000     3531.000     3532.000     3533.000     3534.000
   235:     3535.000     3536.000     3537.000     3538.000     3539.000
   240:     3540.000     3541.000     3542.000     3543.000     3544.000
   245:     3545.000     3546.000     3547.000     3548.000     3549.000
   250:     3550.000     3551.000     3552.000     3553.000     3554.000
   255:     3555.000     3556.000     3557.000     3558.000     3559.000
   260:     3560.000     3561.000     3562.000     3563.000     3564.000
   265:     3565.000     3566.000     3567.000     3568.000     3569.000
   270:     3570.000     3571.000     3572.000     3573.000     3574.000
   275:     3575.000     3576.000     3577.000     3578.000     3579.000
   280:     3580.000     3581.000     3582.000     3583.000     3584.000
   285:     3585.000     3586.000     3587.000     3588.000     3589.000
   290:     3590.000     3591.000     3592.000     3593.000     3594.000
   295:     3595.000     3596.000     3597.000     3598.000     3599.000
   300:     3600.000     3601.000     3602.000     3603.000     3604.000
   305:     3605.000     3606.000     3607.000     3608.000     3609.000
   310:     3610.000     3611.000     3612.000     3613.000     3614.000
   315:     3615.000     3616.000     3617.000     3618.000     3619.000
   320:     3620.000     3621.000     3622.000     3623.000     3624.000
   325:     3625.000     3626.000     3627.000     3628.000     3629.000
   330:     3630.000     3631.000     3632.000     3633.000     3634.000
   335:     3635.000     3636.000     3637.000     3638.000     3639.000
   340:     3640.000     3641.000     3642.000     3643.000     3644.000
   345:     3645.000     3646.000     3647.000     3648.000     3649.000
   350:     3650.000     3651.000     3652.000     3653.000     3654.000
   355:     3655.000     3656.000     3657.000     3658.000     3659.000
   360:     3660.000     3661.000     3662.000     3663.000     3664.000
   365:     3665.000     3666.000     3667.000     3668.000     3669.000
   370:     3670.000     3671.000     3672.000     3673.000     3674.000
   375:     3675.000     3676.000     3677.000     3678.000     3679.000
   380:     3680.000     3681.000     3682.000     3683.000     3684.000
   385:     3685.000     3686.000     3687.000     3688.000     3689.000
   390:     3690.000     3691.000     3692.000     3693.000     3694.000
   395:     3695.000     3696.000     3697.000     3698.000     3699.000
   400:     3700.000     3701.000     3702.000     3703.000     3704.000
   405:     3705.000     3706.000     3707.000     3708.000     3709.000
   410:     3710.000     3711.000     3712.000     3713.000     3714.000
   415:     3715.000     3716.000     3717.000     3718.000     3719.000
   420:     3720.000     3721.000     3722.000     3723.000     3724.000
   425:     3725.000     3726.000     3727.000     3728.000     3729.000
   430:     3730.000     3731.000     3732.000     3733.000     3734.000
   435:     3735.000     3736.000     3737.000     3738.000     3739.000
   440:     3740.000     3741.000     3742.000     3743.000     3744.000
   445:     3745.000     3746.000     3747.000     3748.000     3749.000
   450:     3750.000     3751.000     3752.000     3753.000     3754.000
   455:     3755.000     3756.000     3757.000     3758.000     3759.000
   460:     3760.000     3761.000     3762.000     3763.000     3764.000
   465:     3765.000     3766.000     3767.000     3768.000     3769.000
   470:     3770.000     3771.000     3772.000     3773.000     3774.000
   475:     3775.000     3776.000     3777.000     3778.000     3779.000
   480:     3780.000     3781.000     3782.000     3783.000     3784.000
   485:     3785.000     3786.000     3787.000     3788.000     3789.000
   490:     3790.000     3791.000     3792.000     3793.000     3794.000
   495:     3795.000     3796.000     3797.000     3798.000     3799.000
   500:     3800.000     3801.000     3802.000     3803.000     3804.000
   505:     3805.000     3806.000     3807.000     3808.000     3809.000
   510:     3810.000     3811.000     3812.000     3813.000     3814.000
   515:     3815.000     3816.000     3817.000     3818.000     3819.000
   520:     3820.000     3821.000     3822.000     3823.000     3824.000
   525:     3825.000     3826.000     3827.000     3828.000     3829.000
   530:     3830.000     3831.000     3832.000     3833.000     3834.000
   535:     3835.000     3836.000     3837.000     3838.000     3839.000
   540:     3840.000     3841.000     3842.000     3843.000     3844.000
   545:     3845.000     3846.000     3847.000     3848.000     3849.000
   550:     3850.000     3851.000     3852.000     3853.000     3854.000
   555:     3855.000     3856.000     3857.000     3858.000     3859.000
   560:     3860.000     3861.000     3862.000     3863.000     3864.000
   565:     3865.000     3866.000     3867.000     3868.000     3869.000
   570:     3870.000     3871.000     3872.000     3873.000     3874.000
   575:     3875.000     3876.000     3877.000     3878.000     3879.000
   580:     3880.000     3881.000     3882.000     3883.000     3884.000
   585:     3885.000     3886.000     3887.000     3888.000     3889.000
   590:     3890.000     3891.000     3892.000     3893.000     3894.000
   595:     3895.000     3896.000     3897.000     3898.000     3899.000
   600:     3900.000     3901.000     3902.000     3903.000     3904.000
   605:     3905.000     3906.000     3907.000     3908.000     3909.000
   610:     3910.000     3911.000     3912.000     3913.000     3914.000
   615:     3915.000     3916.000     3917.000     3918.000     3919.000
   620:     3920.000     3921.000     3922.000     3923.000     3924.000
   625:     3925.000     3926.000     3927.000     3928.000     3929.000
   630:     3930.000     3931.000     3932.000     3933.000     3934.000
   635:     3935.000     3936.000     3937.000     3938.000     3939.000
   640:     3940.000     3941.000     3942.000     3943.000     3944.000
   645:     3945.000     3946.000     3947.000     3948.000     3949.000
   650:     3950.000     3951.000     3952.000     3953.000     3954.000
   655:     3955.000     3956.000     3957.000     3958.000     3959.000
   660:     3960.000     3961.000     3962.000     3963.000     3964.000
   665:     3965.000     3966.000     3967.000     3968.000     3969.000
   670:     3970.000     3971.000     3972.000     3973.000     3974.000
   675:     3975.000     3976.000     3977.000     3978.000     3979.000
   680:     3980.000     3981.000     3982.000     3983.000     3984.000
   685:     3985.000     3986.000     3987.000     3988.000     3989.000
   690:     3990.000     3991.000     3992.000     3993.000     3994.000
   695:     3995.000     3996.000     3997.000     3998.000     3999.000
   700:     4000.000     4001.000     4002.000     4003.000     4004.000
   705:     4005.000     4006.000     4007.000     4008.000     4009.000
   710:     4010.000     4011.000     4012.000     4013.000     4014.000
   715:     4015.000     4016.000     4017.000     4018.000     4019.000
   720:     4020.000     4021.000     4022.000     4023.000     4024.000
   725:     4025.000     4026.000     4027.000     4028.000     4029.000
   730:     4030.000     4031.000     4032.000     4033.000     4034.000
   735:     4035.000     4036.000     4037.000     4038.000     4039.000
   740:     4040.000     4041.000     4042.000     4043.000     4044.000
   745:     4045.000     4046.000     4047.000     4048.000     4049.000
   750:     4050.000     4051.000     4052.000     4053.000     4054.000
   755:     4055.000     4056.000     4057.000     4058.000     4059.000
   760:     4060.000     4061.000     4062.000     4063.000     4064.000
   765:     4065.000     4066.000     4067.000     4068.000     4069.000
   770:     4070.000     4071.000     4072.000     4073.000     4074.000
   775:     4075.000     4076.000     4077.000     4078.000     4079.000
   780:     4080.000     4081.000     4082.000     4083.000     4084.000
   785:     4085.000     4086.000     4087.000     4088.000     4089.000
   790:     4090.000     4091.000     4092.000     4093.000     4094.000
   795:     4095.000     4096.000     4097.000     4098.000     4099.000
   800:     4100.000     4101.000     4102.000     4103.000     4104.000
   805:     4105.000     4106.000     4107.000     4108.000     4109.000
   810:     4110.000     4111.000     4112.000     4113.000     4114.000
   815:     4115.000     4116.000     4117.000     4118.000     4119.000
   820:     4120.000     4121.000     4122.000     4123.000     4124.000
   825:     4125.000     4126.000     4127.000     4128.000     4129.000
   830:     4130.000     4131.000     4132.000     4133.000     4134.000
   835:     4135.000     4136.000     4137.000     4138.000     4139.000
   840:     4140.000     4141.000     4142.000     4143.000     4144.000
   845:     4145.000     4146.000     4147.000     4148.000     4149.000
   850:     4150.000     4151.000     4152.000     4153.000     4154.000
   855:     4155.000     4156.000     4157.000     4158.000     4159.000
   860:     4160.000     4161.000     4162.000     4163.000     4164.000
   865:     4165.000     4166.000     4167.000     4168.000     4169.000
   870:     4170.000     4171.000     4172.000     4173.000     4174.000
   875:     4175.000     4176.000     4177.000     4178.000     4179.000
   880:     4180.000     4181.000     4182.000     4183.000     4184.000
   885:     4185.000     4186.000     4187.000     4188.000     4189.000
   890:     4190.000     4191.000     4192.000     4193.000     4194.000
   895:     4195.000     4196.000     4197.000     4198.000     4199.000
   900:     4200.000     4201.000     4202.000     4203.000     4204.000
   905:     4205.000     4206.000     4207.000     4208.000     4209.000
   910:     4210.000     4211.000     4212.000     4213.000     4214.000
   915:     4215.000     4216.000     4217.000     4218.000     4219.000
   920:     4220.000     4221.000     4222.000     4223.000     4224.000
   925:     4225.000     4226.000     4227.000     4228.000     4229.000
   930:     4230.000     4231.000     4232.000     4233.000     4234.000
   935:     4235.000     4236.000     4237.000     4238.000     4239.000
   940:     4240.000     4241.000     4242.000     4243.000     4244.000
   945:     4245.000     4246.000     4247.000     4248.000     4249.000
   950:     4250.000     4251.000     4252.000     4253.000     4254.000
   955:     4255.000     4256.000     4257.000     4258.000     4259.000
   960:     4260.000     4261.000     4262.000     4263.000     4264.000
   965:     4265.000     4266.000     4267.000     4268.000     4269.000
   970:     4270.000     4271.000     4272.000     4273.000     4274.000
   975:     4275.000     4276.000     4277.000     4278.000     4279.000
   980:     4280.000     4281.000     4282.000     4283.000     4284.000
   985:     4285.000     4286.000     4287.000     4288.000     4289.000
   990:     4290.000     4291.000     4292.000     4293.000     4294.000
   995:     4295.000     4296.000     4297.000     4298.000     4299.000
  1000:     4300.000     4301.000     4302.000     4303.000     4304.000
  1005:     4305.000     4306.000     4307.000     4308.000     4309.000
  1010:     4310.000     4311.000     4312.000     4313.000     4314.000
  1015:     4315.000     4316.000     4317.000     4318.000     4319.000
  1020:     4320.000     4321.000     4322.000     4323.000     4324.000
  1025:     4325.000     4326.000     4327.000     4328.000     4329.000
  1030:     4330.000     4331.000     4332.000     4333.000     4334.000
  1035:     4335.000     4336.000     4337.000     4338.000     4339.000
  1040:     4340.000     4341.000     4342.000     4343.000     4344.000
  1045:     4345.000     4346.000     4347.000     4348.000     4349.000
  1050:     4350.000     4351.000     4352.000     4353.000     4354.000
  1055:     4355.000     4356.000     4357.000     4358.000     4359.000
  1060:     4360.000     4361.000     4362.000     4363.000     4364.000
  1065:     4365.000     4366.000     4367.000     4368.000     4369.000
  1070:     4370.000     4371.000     4372.000     4373.000     4374.000
  1075:     4375.000     4376.000     4377.000     4378.000     4379.000
  1080:     4380.000     4381.000     4382.000     4383.000     4384.000
  1085:     4385.000     4386.000     4387.000     4388.000     4389.000
  1090:     4390.000     4391.000     4392.000     4393.000     4394.000
  1095:     4395.000     4396.000     4397.000     4398.000     4399.000
  1100:     4400.000     4401.000     4402.000     4403.000     4404.000
  1105:     4405.000     4406.000     4407.000     4408.000     4409.000
  1110:     4410.000     4411.000     4412.000     4413.000     4414.000
  1115:     4415.000     4416.000     4417.000     4418.000     4419.000
  1120:     4420.000     4421.000     4422.000     4423.000     4424.000
  1125:     4425.000     4426.000     4427.000     4428.000     4429.000
  1130:     4430.000     4431.000     4432.000     4433.000     4434.000
  1135:     4435.000     4436.000     4437.000     4438.000     4439.000
  1140:     4440.000     4441.000     4442.000     4443.000     4444.000
  1145:     4445.000     4446.000     4447.000     4448.000     4449.000
  1150:     4450.000     4451.000     4452.000     4453.000     4454.000
  1155:     4455.000     4456.000     4457.000     4458.000     4459.000
  1160:     4460.000     4461.000     4462.000     4463.000     4464.000
  1165:     4465.000     4466.000     4467.000     4468.000     4469.000
  1170:     4470.000     4471.000     4472.000     4473.000     4474.000
  1175:     4475.000     4476.000     4477.000     4478.000     4479.000
  1180:     4480.000     4481.000     4482.000     4483.000     4484.000
  1185:     4485.000     4486.000     4487.000     4488.000     4489.000
  1190:     4490.000     4491.000     4492.000     4493.000     4494.000
  1195:     4495.000     4496.000     4497.000     4498.000     4499.000
  1200:     4500.000
R:
     0:      333.000      333.000      333.000
V:
     0:      983.000     3886.000
W:
     0:      983.000     3886.000
