File: C:\MED-PC IV\DATA\p004_s53_japede


Start Date: 08/18/17
End Date: 08/18/17
Subject: p004
Experiment: 0
Group: 0
Box: 7
Start Time: 15:04:12
End Time: 16:04:53
MSN: japede_L_90_30_30_R_30_90_90
B:       0.000
E:    5139.000
F:       0.000
G:       0.000
H:       0.000
I:       2.000
J:       2.000
K:       0.000
O:       0.000
P:       0.000
Q:       0.000
S:  360000.000
T:  360000.000
U:       0.000
X:       0.000
Y:       0.000
Z:       0.000
A:
     0:        0.010        0.250        0.220        0.230       54.130
     5:       82.130      108.130      132.130      184.130      222.130
    10:      332.130      363.130      523.120      549.120      570.120
    15:      595.120      616.120      647.120      711.120      868.130
    20:      897.130      960.130     1100.120     1121.120     1147.120
    25:     1439.130     1472.130     1509.130     1581.130     1607.130
    30:     1723.120     1748.120     1775.120     1913.130     2004.130
    35:     2100.120     2247.130     2472.120     2628.130     2734.120
    40:     2758.120     2871.130     2954.120     2982.120     3097.130
    45:     3245.120     3263.120     3362.130     3436.120     3456.120
    50:     3544.130     3645.130     3739.120     3762.120     3848.130
    55:     3950.120     4157.130     4259.120     4388.130     4496.120
    60:     4521.120     4634.130     4663.130     4816.130     4992.130
    65:     5076.120     5107.120     5202.130     5380.120     5468.130
    70:     5534.130     5606.120     5724.130     5775.130     5848.120
    75:     5930.130     6020.120     6045.120     6138.130     6209.120
    80:     6288.130     6314.130     6392.120     6411.120     6498.130
    85:     6554.130     6610.130     6698.130     6754.130     6934.130
    90:     7006.120     7030.120     7118.130     7200.130     7266.120
    95:     7347.130     7398.130     7468.130     7499.840     7627.640
   100:     7627.320     7627.330     7627.350     7627.240     7627.130
   105:     7877.220     7877.230     7877.250     7877.340     7977.840
   110:     7998.640     7998.320     7998.330     7998.350     7998.240
   115:     7998.130     8248.220     8248.230     8248.250     8248.340
   120:     8357.130     8391.130     8501.120     8536.120     8618.130
   125:     8699.120     8725.120     8889.130     8971.120     8987.120
   130:     9012.120     9099.130     9157.120     9369.130     9419.130
   135:     9448.840     9507.120     9617.640     9617.320     9617.330
   140:     9617.350     9617.240     9617.130     9867.220     9867.230
   145:     9867.250     9867.340    10001.130    10068.120    10094.120
   150:    10111.120    10140.120    10161.120    10167.840    10320.120
   155:    10340.120    10459.640    10459.320    10459.330    10459.350
   160:    10459.240    10459.130    10709.220    10709.230    10709.250
   165:    10709.340    10812.130    10885.120    11027.120    11152.130
   170:    11219.120    11251.120    11356.130    11427.120    11539.130
   175:    11610.120    11737.130    11957.130    12023.120    12255.130
   180:    12324.120    12426.130    12515.120    12639.130    12687.130
   185:    12765.130    12833.120    12956.130    13026.120    13155.130
   190:    13219.120    13323.130    13400.120    13422.120    13503.130
   195:    13573.120    13595.120    13675.130    13738.120    13862.130
   200:    13921.130    13989.120    14051.130    14122.120    14199.130
   205:    14222.130    14291.120    14313.120    14421.130    14630.120
   210:    14696.130    14721.130    14771.130    14809.840    14877.640
   215:    14877.320    14877.330    14877.350    14877.240    14877.130
   220:    15127.220    15127.230    15127.250    15127.340    15227.130
   225:    15301.120    15328.120    15349.120    15432.130    15586.130
   230:    15739.130    15805.120    15933.130    15995.120    16017.120
   235:    16125.130    16191.120    16303.130    16348.130    16545.130
   240:    16781.120    16803.120    16882.130    16951.120    17059.130
   245:    17207.130    17271.120    17288.120    17430.120    17453.120
   250:    17604.120    17726.130    17787.120    17940.130    18070.130
   255:    18128.120    18196.130    18325.130    18392.120    18568.130
   260:    18627.840    18627.120    18733.640    18733.320    18733.330
   265:    18733.350    18733.240    18733.130    18983.220    18983.230
   270:    18983.250    18983.340    19066.130    19150.120    19172.120
   275:    19198.120    19305.130    19367.120    19499.740    19506.130
   280:    19586.540    19586.320    19586.330    19586.350    19586.240
   285:    19586.120    19836.220    19836.230    19836.250    19836.340
   290:    19926.130    19999.120    20103.130    20157.130    20228.120
   295:    20250.120    20435.120    20576.120    20598.120    20702.130
   300:    20827.120    20921.130    20992.120    21071.130    21146.130
   305:    21231.120    21371.130    21435.120    21513.130    21665.130
   310:    21754.120    21864.130    22095.130    22300.130    22385.120
   315:    22466.130    22538.120    22558.120    22637.130    22788.130
   320:    22855.120    23158.120    23358.120    23446.130    23515.120
   325:    23621.130    23664.130    23815.120    23836.120    23929.130
   330:    23991.120    24070.130    24119.130    24182.120    24327.130
   335:    24387.120    24471.130    24516.130    24582.120    24722.120
   340:    24825.130    24894.130    24961.120    25039.130    25200.120
   345:    25288.130    25335.130    25354.130    25483.840    25730.640
   350:    25730.320    25730.330    25730.350    25730.240    25730.130
   355:    25980.220    25980.230    25980.250    25980.340    26092.130
   360:    26169.120    26273.130    26416.120    26511.130    26582.120
   365:    26681.130    26831.130    26915.130    27006.120    27089.130
   370:    27191.130    27319.130    27420.130    27486.120    27598.130
   375:    27674.120    27706.120    27730.120    27834.130    27899.120
   380:    28015.130    28084.120    28110.120    28221.130    28287.120
   385:    28336.740    28432.130    28505.540    28505.320    28505.330
   390:    28505.350    28505.240    28505.120    28755.220    28755.230
   395:    28755.250    28755.340    28866.130    28937.120    29126.120
   400:    29213.130    29287.120    29385.130    29456.120    29479.120
   405:    29571.130    29640.120    29798.120    29885.130    30013.130
   410:    30082.120    30104.120    30236.130    30307.120    30392.130
   415:    30479.130    30548.120    30628.130    30734.130    30821.130
   420:    30884.120    31060.120    31171.130    31247.120    31343.130
   425:    31411.120    31436.120    31597.120    31615.120    31694.130
   430:    31783.130    31843.130    31905.120    31925.120    32108.120
   435:    32125.120    32202.130    32269.120    32290.120    32365.130
   440:    32438.120    32571.130    32641.120    32764.120    32867.130
   445:    32934.120    32980.840    33012.640    33012.320    33012.330
   450:    33012.350    33012.240    33012.130    33262.220    33262.230
   455:    33262.250    33262.340    33406.130    33488.120    33515.120
   460:    33605.130    33674.120    33790.130    33855.120    33875.120
   465:    33958.130    34012.120    34029.120    34140.130    34205.120
   470:    34285.130    34352.120    34362.840    34377.120    34506.120
   475:    34617.640    34617.320    34617.330    34617.350    34617.240
   480:    34617.130    34867.220    34867.230    34867.250    34867.340
   485:    34964.130    35033.120    35138.130    35210.120    35290.130
   490:    35362.120    35488.120    35573.130    35644.120    35743.130
   495:    35806.120    35886.130    35949.120    35968.120    36057.130
   500:    36124.120    36145.120    36304.120    36328.120    36367.840
   505:    36404.640    36404.320    36404.330    36404.350    36404.240
   510:    36404.130    36654.220    36654.230    36654.250    36654.340
   515:    36729.130    36815.120    36954.120    37032.130    37131.130
   520:    37197.120    37343.120    37446.130    37507.120    37702.130
   525:    37755.740    37805.130    37875.540    37875.320    37875.330
   530:    37875.350    37875.240    37875.120    38125.220    38125.230
   535:    38125.250    38125.340    38225.740    38318.540    38318.320
   540:    38318.330    38318.350    38318.240    38318.120    38568.220
   545:    38568.230    38568.250    38568.340    38701.130    38780.120
   550:    38856.130    38927.120    39027.130    39093.120    39174.130
   555:    39244.120    39430.120    39534.130    39601.120    39674.130
   560:    39735.130    39840.130    39943.130    39965.130    40030.120
   565:    40106.130    40201.130    40273.120    40296.120    40354.130
   570:    40452.120    40525.130    40641.120    40785.120    40886.130
   575:    40949.120    41066.130    41137.120    41238.130    41300.120
   580:    41384.130    41457.120    41515.130    41589.130    41657.120
   585:    41679.120    41781.130    41857.130    41924.120    42011.130
   590:    42084.120    42160.130    42285.120    42395.130    42464.120
   595:    42557.130    42623.130    42694.120    42754.840    42843.120
   600:    42942.640    42942.320    42942.330    42942.350    42942.240
   605:    42942.130    43192.220    43192.230    43192.250    43192.340
   610:    43276.130    43302.130    43672.130    43808.130    43887.120
   615:    43967.130    44201.130    44255.130    44317.120    44408.130
   620:    44555.130    44627.120    44728.130    44796.120    44859.130
   625:    44952.120    45080.130    45146.130    45228.120    45370.130
   630:    45431.120    45570.120    45594.120    45879.130    45948.120
   635:    46022.130    46070.130    46141.120    46218.130    46285.130
   640:    46351.120    46375.120    46437.130    46504.120    46671.130
   645:    46726.130    46791.120    46870.130    46891.130    46959.120
   650:    47123.130    47281.120    47348.130    47620.130    47646.130
   655:    47992.840    48029.640    48029.320    48029.330    48029.350
   660:    48029.240    48029.130    48279.220    48279.230    48279.250
   665:    48279.340    48418.120    48521.130    48580.120    48675.130
   670:    48994.130    49063.130    49154.120    49184.120    49212.120
   675:    49320.120    49396.130    49463.120    49486.120    49600.120
   680:    49679.840    49679.130    49751.120    49850.640    49850.320
   685:    49850.330    49850.350    49850.240    49850.130    50100.220
   690:    50100.230    50100.250    50100.340    50196.120    50229.120
   695:    50335.130    50402.120    50489.130    50556.120    50577.120
   700:    50659.130    50725.120    50747.120    50850.130    50916.120
   705:    50942.120    51019.130    51100.840    51133.640    51133.320
   710:    51133.330    51133.350    51133.240    51133.130    51383.220
   715:    51383.230    51383.250    51383.340    51484.130    51556.120
   720:    51676.130    51746.120    51820.130    51927.120    51957.120
   725:    52066.120    52254.120    52326.130    52399.120    52493.130
   730:    52713.120    52885.120    53068.740    53124.540    53124.320
   735:    53124.330    53124.350    53124.240    53124.120    53374.220
   740:    53374.230    53374.250    53374.340    53477.130    53541.120
   745:    53671.120    53830.130    53897.120    53918.120    54021.130
   750:    54087.120    54283.120    54357.130    54420.120    54543.130
   755:    54608.120    54765.120    54853.130    54882.130    54954.120
   760:    54974.740    55026.130    55096.130    55210.130    55277.540
   765:    55277.320    55277.330    55277.350    55277.240    55277.120
   770:    55527.220    55527.230    55527.250    55527.340    55644.130
   775:    55714.120    55806.130    55832.130    55908.130    55983.120
   780:    56096.130    56246.130    56349.130    56418.120    56529.130
   785:    56594.120    56679.130    56750.120    56772.120    56850.130
   790:    56925.120    57005.130    57079.120    57127.740    57197.130
   795:    57269.540    57269.320    57269.330    57269.350    57269.240
   800:    57269.120    57519.220    57519.230    57519.250    57519.340
   805:    57625.130    57724.120    57753.120    57882.120    57983.840
   810:    58026.120    58112.640    58112.320    58112.330    58112.350
   815:    58112.240    58112.130    58362.220    58362.230    58362.250
   820:    58362.340    58479.130    58507.130    58601.120    58712.130
   825:    58790.120    58820.120    58899.130    58961.120    59177.130
   830:    59238.120    59260.120    59363.130    59430.120    59512.130
   835:    59623.130    59715.120    59781.130    59862.840    59888.640
   840:    59888.320    59888.330    59888.350    59888.240    59888.130
   845:    60138.220    60138.230    60138.250    60138.340    60238.840
   850:    60250.640    60250.320    60250.330    60250.350    60250.240
   855:    60250.130    60500.220    60500.230    60500.250    60500.340
   860:    60599.130    60683.120    60700.840    60714.120    60719.740
   865:    60797.540    60797.320    60797.330    60797.350    60797.240
   870:    60797.120    61047.220    61047.230    61047.250    61047.340
   875:    61162.640    61162.320    61162.330    61162.350    61162.240
   880:    61162.130    61412.220    61412.230    61412.250    61412.340
   885:    61512.840    61518.640    61518.320    61518.330    61518.350
   890:    61518.240    61518.130    61647.740    61768.220    61768.230
   895:    61768.250    61768.340    61884.130    61920.130    62002.540
   900:    62002.320    62002.330    62002.350    62002.240    62002.120
   905:    62252.220    62252.230    62252.250    62252.340    62386.130
   910:    62468.840    62476.120    62562.120    62587.120    62663.120
   915:    62830.640    62830.320    62830.330    62830.350    62830.240
   920:    62830.130    63080.220    63080.230    63080.250    63080.340
   925:    63227.130    63307.120    63379.120    63404.120    63484.130
   930:    63556.120    63647.130    63680.840    63725.120    63747.120
   935:    63862.640    63862.320    63862.330    63862.350    63862.240
   940:    63862.130    64112.220    64112.230    64112.250    64112.340
   945:    64216.130    64269.130    64344.120    64450.130    64520.120
   950:    64612.840    64648.120    64677.120    64840.120    64900.640
   955:    64900.320    64900.330    64900.350    64900.240    64900.130
   960:    65150.220    65150.230    65150.250    65150.340    65250.130
   965:    65278.130    65351.120    65372.120    65455.130    65527.120
   970:    65611.130    65636.130    65705.120    65732.120    65817.130
   975:    65888.120    65995.130    66089.120    66150.840    66172.640
   980:    66172.320    66172.330    66172.350    66172.240    66172.130
   985:    66422.220    66422.230    66422.250    66422.340    66528.130
   990:    66618.120    66842.130    66916.120    66942.120    67023.130
   995:    67124.130    67154.130    67223.120    67304.130    67350.130
  1000:    67487.130    67602.120    67622.120    67730.130    67803.120
  1005:    67908.130    68001.120    68066.130    68158.130    68222.120
  1010:    68333.130    68436.120    68516.130    68541.130    68618.120
  1015:    68644.120    68727.130    68799.120    68913.130    68985.120
  1020:    69096.130    69181.130    69256.120    69286.120    69544.130
  1025:    69698.130    69832.120    69855.120    69924.130    70022.840
  1030:    70025.640    70025.320    70025.330    70025.350    70025.240
  1035:    70025.130    70275.220    70275.230    70275.250    70275.340
  1040:    70369.130    70449.120    70579.130    70640.130    70714.120
  1045:    70738.120    70844.130    70917.120    70944.120    71060.130
  1050:    71131.120    71154.120    71255.130    71368.130    71416.130
  1055:    71481.120    71587.130    71753.130    71821.130    71892.120
  1060:    71973.130    72040.120    72065.120    72155.130    72232.120
  1065:    72312.130    72464.130    72542.120    72607.130    72671.120
  1070:    72739.130    72815.120    72842.120    73062.130    73133.120
  1075:    73154.120    73260.130    73336.120    73433.130    73504.120
  1080:    73595.130    73626.130    73925.120    74118.130    74188.120
  1085:    74217.120    74314.130    74385.120    74481.130    74581.130
  1090:    74655.120    74803.130    74876.120    75055.130    75394.130
  1095:    75688.130    75712.130    75797.130    75965.130    76036.120
  1100:    76154.130    76239.130    76310.120    76516.130    76698.130
  1105:    76731.130    76841.120    76864.120    76951.130    77092.130
  1110:    77164.120    77187.120    77278.130    77356.130    77577.130
  1115:    77611.130    77751.130    77818.120    77846.120    77927.130
  1120:    78136.130    78164.130    78246.120    78273.120    78353.130
  1125:    78458.120    78482.120    78547.130    78682.130    78758.120
  1130:    78784.120    78918.130    78986.120    79054.130    79134.130
  1135:    79199.120    79279.130    79397.130    79468.120    79475.840
  1140:    79528.640    79528.320    79528.330    79528.350    79528.240
  1145:    79528.130    79778.220    79778.230    79778.250    79778.340
  1150:    79867.130    79939.120    80047.130    80114.120    80140.120
  1155:    80211.130    80280.120    80305.120    80399.130    80469.120
  1160:    80494.120    80571.130    80635.120    80746.130    80812.120
  1165:    80896.130    80996.130    81060.120    81083.120    81161.130
  1170:    81325.130    81378.840    81399.640    81399.320    81399.330
  1175:    81399.350    81399.240    81399.130    81649.220    81649.230
  1180:    81649.250    81649.340    81737.130    81810.120    81844.120
  1185:    81919.130    81983.120    82005.120    82094.130    82145.130
  1190:    82219.120    82336.130    82407.120    82514.130    82581.120
  1195:    82663.130    82727.120    82805.130    82873.120    82980.130
  1200:    83033.130    83136.130    83212.120    83289.130    83369.130
  1205:    83425.130    83492.120    83589.130    83664.130    83733.120
  1210:    83764.120    83867.130    83990.120    84011.120    84101.130
  1215:    84177.120    84418.130    84494.120    84584.130    84638.130
  1220:    84700.120    84779.130    84857.120    84935.130    84960.130
  1225:    85094.120    85172.130    85297.120    85316.120    85416.130
  1230:    85484.120    85562.130    85626.130    85655.130    85799.130
  1235:    85887.120    85969.130    86162.130    86249.840    86261.120
  1240:    86565.640    86565.320    86565.330    86565.350    86565.240
  1245:    86565.130    86815.220    86815.230    86815.250    86815.340
  1250:    86912.130    86987.120    87020.120    87097.130    87164.120
  1255:    87243.130    87318.120    87394.130    87542.130    87606.120
  1260:    87668.130    87766.130    87914.130    87984.120    88075.130
  1265:    88139.120    88226.130    88296.120    88476.120    88500.120
  1270:    88637.120    88720.130    88788.130    88808.130    88872.120
  1275:    89104.120    89129.120    89213.130    89324.120    89345.120
  1280:    89470.130    89539.120    89617.130    89734.130    89806.120
  1285:    89886.130    90012.130    90085.120    90213.130    90326.130
  1290:    90398.120    90464.130    90532.120    90593.130    90657.120
  1295:    90722.130    91042.120    91072.120    91182.130    91253.120
  1300:    91490.130    91557.130    91644.120    91700.120    91763.130
  1305:    91853.130    91926.120    91954.120    92030.130    92101.120
  1310:    92195.130    92292.130    92363.120    92386.120    92453.130
  1315:    92540.130    92608.120    92690.130    92781.130    92851.120
  1320:    92876.120    92943.130    93010.120    93029.120    93116.130
  1325:    93213.130    93452.130    93480.130    93609.120    93692.130
  1330:    93802.120    93817.120    93904.130    93993.130    94062.120
  1335:    94135.130    94485.130    94543.130    94814.130    95190.130
  1340:    95220.130    95340.120    95362.120    95448.130    95531.120
  1345:    95610.130    95681.120    95759.130    95902.130    95952.130
  1350:    96015.840    96040.640    96040.320    96040.330    96040.350
  1355:    96040.240    96040.130    96290.220    96290.230    96290.250
  1360:    96290.340    96369.130    96452.120    96584.120    96612.120
  1365:    96686.130    96749.120    96816.130    96883.120    96946.130
  1370:    97049.130    97126.120    97205.130    97278.120    97290.840
  1375:    97465.120    97488.120    97592.640    97592.320    97592.330
  1380:    97592.350    97592.240    97592.130    97842.220    97842.230
  1385:    97842.250    97842.340    97942.130    98016.120    98051.120
  1390:    98136.130    98207.120    98312.130    98449.130    98518.120
  1395:    98548.120    98649.130    98735.120    98822.130    98927.130
  1400:    98942.840    98980.640    98980.320    98980.330    98980.350
  1405:    98980.240    98980.130    99230.220    99230.230    99230.250
  1410:    99230.340    99318.130    99397.120    99520.130    99586.120
  1415:    99612.120    99757.120    99785.120    99861.130    99930.840
  1420:    99930.120   100011.640   100011.320   100011.330   100011.350
  1425:   100011.240   100011.130   100261.220   100261.230   100261.250
  1430:   100261.340   100347.130   100424.120   100527.120   100624.130
  1435:   100692.120   100774.130   100849.120   100874.120   100998.130
  1440:   101065.120   101093.120   101181.130   101247.120   101261.840
  1445:   101272.120   101451.120   101669.640   101669.320   101669.330
  1450:   101669.350   101669.240   101669.130   101919.220   101919.230
  1455:   101919.250   101919.340   101995.130   102069.120   102119.840
  1460:   102168.640   102168.320   102168.330   102168.350   102168.240
  1465:   102168.130   102418.220   102418.230   102418.250   102418.340
  1470:   102520.130   102590.120   102621.120   102691.130   102758.120
  1475:   102876.120   102899.120   102980.130   103087.130   103154.120
  1480:   103263.130   103336.120   103458.120   103538.130   103608.120
  1485:   103673.130   103748.120   103825.130   103878.130   103944.120
  1490:   104104.130   104174.120   104218.840   104253.640   104253.320
  1495:   104253.330   104253.350   104253.240   104253.130   104503.220
  1500:   104503.230   104503.250   104503.340   104639.130   104714.120
  1505:   104743.120   104810.130   104883.120   104906.120   104999.130
  1510:   105100.130   105156.130   105261.130   105338.120   105440.130
  1515:   105508.120   105593.130   105708.130   105745.130   105823.120
  1520:   105843.120   105928.130   106004.120   106085.130   106157.120
  1525:   106180.120   106257.130   106332.130   106416.130   106493.120
  1530:   106580.130   106728.130   106757.130   106831.120   106911.130
  1535:   107009.130   107110.130   107249.130   107296.130   107360.130
  1540:   107403.840   107472.120   107561.640   107561.320   107561.330
  1545:   107561.350   107561.240   107561.130   107811.220   107811.230
  1550:   107811.250   107811.340   107918.130   107941.130   108020.120
  1555:   108101.130   108175.120   108258.130   108336.120   108397.130
  1560:   108468.120   108548.130   108623.120   108732.130   108784.130
  1565:   108885.130   108952.120   109091.120   109159.130   109231.120
  1570:   109294.130   109368.120   109463.130   109573.120   109631.130
  1575:   109702.120   109722.120   109815.130   109881.130   110033.130
  1580:   110086.130   110158.120   110266.130   110370.130   110474.130
  1585:   110583.130   110637.130   110706.120   110790.130   110811.840
  1590:   110893.640   110893.320   110893.330   110893.350   110893.240
  1595:   110893.130   111143.220   111143.230   111143.250   111143.340
  1600:   111233.130   111313.120   111341.120   111423.130   111452.740
  1605:   111495.540   111495.320   111495.330   111495.350   111495.240
  1610:   111495.120   111745.220   111745.230   111745.250   111745.340
  1615:   111843.130   111870.130   111965.120   111996.120   112076.130
  1620:   112148.120   112175.120   112258.130   112326.120   112349.120
  1625:   112411.130   112483.120   112553.130   112627.120   112714.130
  1630:   112782.120   112808.120   112970.120   113069.130   113139.120
  1635:   113211.130   113280.120   113369.130   113443.120   113470.120
  1640:   113535.130   113602.120   113664.130   113822.130   114045.740
  1645:   114077.130   114131.130   114201.540   114201.320   114201.330
  1650:   114201.350   114201.240   114201.120   114451.220   114451.230
  1655:   114451.250   114451.340   114535.130   114613.120   114743.120
  1660:   114774.120   114841.130   114914.120   114916.120   115026.130
  1665:   115137.120   115246.130   115356.130   115425.120   115525.130
  1670:   115591.120   115673.130   115802.130   115870.120   115950.130
  1675:   116024.120   116126.130   116255.130   116328.120   116431.130
  1680:   116501.120   116567.130   116633.120   116651.740   116659.540
  1685:   116659.320   116659.330   116659.350   116659.240   116659.120
  1690:   116909.220   116909.230   116909.250   116909.340   117011.130
  1695:   117089.120   117204.130   117274.120   117348.130   117418.120
  1700:   117496.130   117555.120   117578.120   117662.130   117741.120
  1705:   117765.120   117846.130   117928.130   117999.120   118112.130
  1710:   118179.120   118254.130   118339.130   118407.120   118481.130
  1715:   118549.120   118652.130   118809.740   118852.130   118923.540
  1720:   118923.320   118923.330   118923.350   118923.240   118923.120
  1725:   119173.220   119173.230   119173.250   119173.340   119278.130
  1730:   119436.130   119508.120   119533.120   119604.130   119633.130
  1735:   119895.130   120168.130   120195.130   120227.130   120277.130
  1740:   120378.120   120456.130   120527.120   120611.130   120678.120
  1745:   120753.130   120826.120   120923.130   120996.120   121082.130
  1750:   121152.120   121255.130   121320.130   121390.120   121410.120
  1755:   121574.120   121696.120   121761.130   121773.740   121823.130
  1760:   121897.540   121897.320   121897.330   121897.350   121897.240
  1765:   121897.120   122147.220   122147.230   122147.250   122147.340
  1770:   122278.130   122353.120   122479.120   122575.130   122641.120
  1775:   122647.740   122664.540   122664.320   122664.330   122664.350
  1780:   122664.240   122664.120   122914.220   122914.230   122914.250
  1785:   122914.340   123019.130   123046.130   123117.120   123198.130
  1790:   123261.120   123338.130   123343.840   123450.640   123450.320
  1795:   123450.330   123450.350   123450.240   123450.130   123700.220
  1800:   123700.230   123700.250   123700.340   123797.130   123888.120
  1805:   123978.130   124047.120   124078.120   124170.130   124233.120
  1810:   124320.130   124455.130   124524.120   124544.120   124637.130
  1815:   124708.120   124794.130   124902.130   124953.130   125021.120
  1820:   125108.130   125182.120   125284.130   125314.740   125350.540
  1825:   125350.320   125350.330   125350.350   125350.240   125350.120
  1830:   125600.220   125600.230   125600.250   125600.340   125697.130
  1835:   125723.130   125833.120   125911.130   125985.120   126072.130
  1840:   126151.120   126177.120   126250.130   126357.130   126447.120
  1845:   126539.130   126643.130   126697.130   126825.130   126894.120
  1850:   126916.120   127070.120   127160.130   127218.120   127239.120
  1855:   127300.130   127379.120   127462.130   127537.120   127636.130
  1860:   127685.130   127761.120   127837.130   127942.120   128019.130
  1865:   128090.120   128191.130   128262.120   128287.120   128309.120
  1870:   128413.130   128484.130   128553.120   128631.130   128699.120
  1875:   128805.130   128881.120   128957.130   129033.120   129051.120
  1880:   129270.130   129671.130   129704.130   129759.130   129855.130
  1885:   129883.130   129965.120   129987.120   130096.120   130171.130
  1890:   130265.120   130360.130   130458.130   130626.130   130772.130
  1895:   130796.130   130908.120   131010.130   131144.120   131165.120
  1900:   131200.740   131263.130   131337.540   131337.320   131337.330
  1905:   131337.350   131337.240   131337.120   131587.220   131587.230
  1910:   131587.250   131587.340   131689.130   131748.120   131823.130
  1915:   131963.130   132032.120   132055.120   132164.130   132237.120
  1920:   132318.130   132388.120   132413.120   132478.130   132576.130
  1925:   132648.120   132752.130   132787.740   132820.540   132820.320
  1930:   132820.330   132820.350   132820.240   132820.120   133070.220
  1935:   133070.230   133070.250   133070.340   133191.130   133256.120
  1940:   133335.130   133408.120   133491.130   133562.120   133589.120
  1945:   133677.130   133747.120   133768.120   133863.130   133937.120
  1950:   133962.120   134042.130   134070.740   134100.540   134100.320
  1955:   134100.330   134100.350   134100.240   134100.120   134350.220
  1960:   134350.230   134350.250   134350.340   134484.130   134553.120
  1965:   134682.130   134757.120   134782.120   134881.130   134959.120
  1970:   135040.130   135050.740   135098.130   135129.130   135198.540
  1975:   135198.320   135198.330   135198.350   135198.240   135198.120
  1980:   135448.220   135448.230   135448.250   135448.340   135601.120
  1985:   135681.130   135752.120   135834.130   135906.120   135930.120
  1990:   135997.130   136067.120   136089.120   136166.130   136239.120
  1995:   136261.120   136362.130   136431.120   136453.120   136545.130
  2000:   136606.120   136633.120   136717.130   136819.120   136905.130
  2005:   136972.120   136998.120   137000.840   137082.640   137082.320
  2010:   137082.330   137082.350   137082.240   137082.130   137332.220
  2015:   137332.230   137332.250   137332.340   137411.130   137483.120
  2020:   137571.130   137630.120   137793.120   137954.130   138029.120
  2025:   138150.120   138226.130   138301.120   138379.130   138456.120
  2030:   138482.120   138580.130   138658.120   138747.130   138821.120
  2035:   138842.120   138992.120   139014.120   139077.130   139137.120
  2040:   139252.130   139313.120   139417.130   139479.120   139501.120
  2045:   139564.130   139706.130   139780.120   139893.130   139965.120
  2050:   140037.130   140117.120   140193.130   140241.130   140248.740
  2055:   140308.540   140308.320   140308.330   140308.350   140308.240
  2060:   140308.120   140558.220   140558.230   140558.250   140558.340
  2065:   140665.130   140734.120   140758.740   140845.130   140913.540
  2070:   140913.320   140913.330   140913.350   140913.240   140913.120
  2075:   141163.220   141163.230   141163.250   141163.340   141262.130
  2080:   141333.120   141411.130   141481.120   141564.130   141624.120
  2085:   141710.130   141785.120   141860.130   141931.120   141954.120
  2090:   142268.120   142378.130   142509.130   142582.120   142605.120
  2095:   142672.130   142741.120   142847.130   142912.120   143012.130
  2100:   143102.120   143198.130   143268.120   143349.130   143482.130
  2105:   143671.130   143735.120   143843.120   143868.120   143963.130
  2110:   144037.120   144187.120   144208.120   144290.130   144358.120
  2115:   144440.130   144490.130   144556.120   144632.130   144757.120
  2120:   144917.120   144939.120   145109.120   145263.740   145290.540
  2125:   145290.320   145290.330   145290.350   145290.240   145290.120
  2130:   145432.840   145540.220   145540.230   145540.250   145540.340
  2135:   145616.640   145616.320   145616.330   145616.350   145616.240
  2140:   145616.130   145866.220   145866.230   145866.250   145866.340
  2145:   145967.130   146034.120   146111.130   146179.120   146240.130
  2150:   146308.120   146385.130   146459.120   146564.130   146634.120
  2155:   146714.130   146789.120   146811.120   146872.130   146951.120
  2160:   146978.120   147073.130   147250.130   147326.120   147353.120
  2165:   147451.130   147518.120   147594.130   147647.130   147728.120
  2170:   147806.130   147819.130   148079.130   148198.130   148274.120
  2175:   148300.120   148381.130   148450.120   148472.120   148618.120
  2180:   148642.120   148724.130   148786.120   148987.120   149012.120
  2185:   149108.130   149251.130   149323.120   149401.130   149503.130
  2190:   149571.120   149653.130   149712.120   149814.130   149960.130
  2195:   150029.120   150095.130   150165.120   150244.130   150322.120
  2200:   150429.130   150496.120   150580.130   150678.120   150700.120
  2205:   150778.130   150829.130   150889.120   150955.130   151058.120
  2210:   151081.120   151177.130   151249.120   151429.120   151457.120
  2215:   151535.130   151604.120   151625.120   151770.120   151793.120
  2220:   151881.130   151957.120   152022.130   152088.120   152171.130
  2225:   152333.120   152438.130   152509.120   152533.120   152628.130
  2230:   152700.120   152777.130   152850.120   152933.130   153002.120
  2235:   153084.130   153148.130   153232.120   153312.130   153378.120
  2240:   153459.130   153568.130   153643.120   153793.120   153815.120
  2245:   153900.130   153981.120   154048.130   154114.120   154215.130
  2250:   154345.130   154412.120   154520.130   154639.130   154709.120
  2255:   154790.130   154808.130   154918.120   154941.120   155023.130
  2260:   155084.120   155193.130   155280.130   155345.120   155372.120
  2265:   155634.130   155933.130   156107.120   156132.120   156203.130
  2270:   156274.120   156299.120   156357.130   156427.120   156449.120
  2275:   156514.130   156684.130   156718.130   156794.120   156873.130
  2280:   156933.120   157019.130   157096.120   157123.120   157217.130
  2285:   157285.120   157367.130   157434.120   157521.130   157594.120
  2290:   157615.120   157684.130   157752.120   157831.130   157902.120
  2295:   158004.130   158102.130   158161.130   158205.130   158275.120
  2300:   158374.130   158443.120   158525.130   158591.120   158760.120
  2305:   158842.130   158943.130   159006.120   159081.130   159155.130
  2310:   159210.120   159280.130   159360.130   159497.130   159570.120
  2315:   159676.130   159777.130   159858.120   159938.130   160014.130
  2320:   160082.120   160254.120   160341.130   160408.120   160511.130
  2325:   160673.130   160764.120   160789.120   160856.130   160940.740
  2330:   161010.130   161040.130   161169.540   161169.320   161169.330
  2335:   161169.350   161169.240   161169.120   161419.220   161419.230
  2340:   161419.250   161419.340   161512.130   161587.120   161671.130
  2345:   161739.120   161819.130   161882.120   161959.130   162096.130
  2350:   162168.120   162281.130   162415.130   162505.120   162617.120
  2355:   162749.120   162771.120   162848.130   162998.130   163065.120
  2360:   163089.120   163196.130   163269.120   163291.120   163375.130
  2365:   163440.120   163558.130   163619.120   163695.130   163760.120
  2370:   163819.740   163861.130   164088.130   164153.540   164153.320
  2375:   164153.330   164153.350   164153.240   164153.120   164403.220
  2380:   164403.230   164403.250   164403.340   164490.130   164560.120
  2385:   164639.130   164772.130   164847.120   165001.120   165074.130
  2390:   165147.120   165232.130   165304.120   165431.120   165668.130
  2395:   165744.120   165819.130   165938.130   166006.120   166082.130
  2400:   166162.130   166230.120   166257.120   166340.130   166411.120
  2405:   166516.130   166586.120   166603.740   166665.130   166722.130
  2410:   166797.540   166797.320   166797.330   166797.350   166797.240
  2415:   166797.120   167047.220   167047.230   167047.250   167047.340
  2420:   167146.130   167216.120   167347.120   167436.130   167512.120
  2425:   167598.130   167749.130   167819.120   167845.120   167934.130
  2430:   167999.120   168137.120   168215.130   168352.130   168440.120
  2435:   168508.130   168575.130   168644.120   168763.130   168829.120
  2440:   168983.130   169049.120   169133.130   169206.120   169282.130
  2445:   169309.130   169370.120   169431.130   169492.120   169592.130
  2450:   169661.120   169742.130   169797.120   169893.130   169959.130
  2455:   170044.130   170102.120   170182.130   170289.120   170310.120
  2460:   170396.130   170488.130   170552.120   170652.130   170741.130
  2465:   170878.130   170957.120   171043.130   171115.120   171137.120
  2470:   171238.130   171351.130   171417.120   171439.120   171510.130
  2475:   171583.120   171604.120   171784.120   171876.130   172011.130
  2480:   172152.130   172266.120   172343.130   172605.120   172629.120
  2485:   173177.130   173321.120   173415.130   173597.130   173665.130
  2490:   173896.120   173971.130   174027.120   174106.130   174170.120
  2495:   174240.130   174324.130   174477.120   174495.120   174567.130
  2500:   174640.120   174713.130   174851.120   174936.130   175028.130
  2505:   175141.120   175257.130   175413.120   175504.130   175644.120
  2510:   175669.120   175743.130   175803.120   175826.120   175885.130
  2515:   175988.120   176066.130   176329.130   176421.120   176498.130
  2520:   176600.130   176666.120   176761.130   177015.130   177110.130
  2525:   177276.130   177417.120   177714.130   177947.740   178078.130
  2530:   178143.540   178143.320   178143.330   178143.350   178143.240
  2535:   178143.120   178393.220   178393.230   178393.250   178393.340
  2540:   178463.130   178610.130   178675.120   178760.130   178887.130
  2545:   179023.130   179163.130   179330.120   179454.120   179553.120
  2550:   179567.120   179671.130   179733.120   179959.130   180026.120
  2555:   180045.120   180192.130   180320.130   180384.120   180533.120
  2560:   180612.130   180723.120   180802.130   180918.130   180988.120
  2565:   181010.120   181148.120   181193.740   181232.130   181422.130
  2570:   181491.540   181491.320   181491.330   181491.350   181491.240
  2575:   181491.120   181741.220   181741.230   181741.250   181741.340
  2580:   181833.130   181977.130   182045.120   182123.130   182257.130
  2585:   182592.120   182671.130   182735.120   182757.120   182909.120
  2590:   182973.130   183053.120   183141.740   183224.130   183289.540
  2595:   183289.320   183289.330   183289.350   183289.240   183289.120
  2600:   183539.220   183539.230   183539.250   183539.340   183624.130
  2605:   183770.130   183976.120   184036.130   184099.120   184200.130
  2610:   184265.120   184367.120   184397.120   184518.130   184584.120
  2615:   184663.130   184734.120   184934.120   185008.130   185075.120
  2620:   185139.740   185147.130   185214.540   185214.320   185214.330
  2625:   185214.350   185214.240   185214.120   185464.220   185464.230
  2630:   185464.250   185464.340   185530.130   185683.130   185758.120
  2635:   185864.120   186047.130   186104.120   186243.120   186390.120
  2640:   186612.120   186685.130   186742.120   186821.130   186885.120
  2645:   186908.120   187066.120   187207.120   187264.740   187300.130
  2650:   187370.540   187370.320   187370.330   187370.350   187370.240
  2655:   187370.120   187620.220   187620.230   187620.250   187620.340
  2660:   187716.130   187810.120   187866.840   187918.120   187990.640
  2665:   187990.320   187990.330   187990.350   187990.240   187990.130
  2670:   188120.740   188240.220   188240.230   188240.250   188240.340
  2675:   188317.130   188387.540   188387.320   188387.330   188387.350
  2680:   188387.240   188387.120   188637.220   188637.230   188637.250
  2685:   188637.340   188707.130   188732.130   188805.120   188909.130
  2690:   189044.130   189115.120   189205.130   189268.120   189338.130
  2695:   189479.130   189546.120   189570.120   189676.120   189776.130
  2700:   189842.120   189869.120   189937.740   190056.130   190130.540
  2705:   190130.320   190130.330   190130.350   190130.240   190130.120
  2710:   190380.220   190380.230   190380.250   190380.340   190460.130
  2715:   190529.120   190604.130   190670.120   190796.120   190873.130
  2720:   190934.120   191072.120   191096.120   191179.130   191480.120
  2725:   191550.130   191617.120   191692.130   191740.840   191919.120
  2730:   192031.640   192031.320   192031.330   192031.350   192031.240
  2735:   192031.130   192281.220   192281.230   192281.250   192281.340
  2740:   192354.130   192710.130   192780.120   192896.120   192916.120
  2745:   193044.120   193157.120   193291.120   193313.120   193416.120
  2750:   193776.130   194197.130   194525.130   194621.120   194718.120
  2755:   194844.120   195079.120   195170.130   195181.840   195321.640
  2760:   195321.320   195321.330   195321.350   195321.240   195321.130
  2765:   195571.220   195571.230   195571.250   195571.340   195655.130
  2770:   195730.120   195808.130   195881.120   195959.130   195971.840
  2775:   196032.120   196111.640   196111.320   196111.330   196111.350
  2780:   196111.240   196111.130   196361.220   196361.230   196361.250
  2785:   196361.340   196472.130   196549.120   196646.130   196719.120
  2790:   196796.130   196872.120   196896.120   196982.130   197054.120
  2795:   197078.120   197147.130   197216.120   197237.120   197368.130
  2800:   197435.120   197514.130   197637.130   197703.120   197842.120
  2805:   197966.120   197991.120   198154.120   198182.120   198261.130
  2810:   198329.120   198453.130   198480.740   198519.540   198519.320
  2815:   198519.330   198519.350   198519.240   198519.120   198769.220
  2820:   198769.230   198769.250   198769.340   198845.130   198869.740
  2825:   199008.130   199089.540   199089.320   199089.330   199089.350
  2830:   199089.240   199089.120   199339.220   199339.230   199339.250
  2835:   199339.340   199428.130   199455.130   199525.120   199638.120
  2840:   199656.120   199786.120   199857.130   199946.120   200035.130
  2845:   200039.740   200117.540   200117.320   200117.330   200117.350
  2850:   200117.240   200117.120   200367.220   200367.230   200367.250
  2855:   200367.340   200448.130   200467.740   200472.130   200709.540
  2860:   200709.320   200709.330   200709.350   200709.240   200709.120
  2865:   200959.220   200959.230   200959.250   200959.340   201058.130
  2870:   201084.130   201216.120   201305.130   201366.120   201460.130
  2875:   201534.120   201558.120   201617.130   201694.120   201719.120
  2880:   201795.130   201867.120   202026.120   202048.120   202059.740
  2885:   202123.130   202183.540   202183.320   202183.330   202183.350
  2890:   202183.240   202183.120   202433.220   202433.230   202433.250
  2895:   202433.340   202515.130   202537.130   202603.120   202682.130
  2900:   202746.120   202845.130   202912.120   203012.130   203079.120
  2905:   203101.120   203130.120   203200.130   203282.130   203365.130
  2910:   203433.740   203522.130   203644.130   203708.540   203708.320
  2915:   203708.330   203708.350   203708.240   203708.120   203958.220
  2920:   203958.230   203958.250   203958.340   204039.130   204137.120
  2925:   204212.130   204274.120   204412.120   204439.120   204563.120
  2930:   204661.130   204713.120   204732.120   204822.130   204882.120
  2935:   204976.130   205044.120   205144.130   205300.130   205375.120
  2940:   205404.120   205632.130   205698.120   205744.120   205809.130
  2945:   205951.120   205973.120   206048.130   206113.120   206135.120
  2950:   206257.120   206277.120   206344.130   206410.120   206481.130
  2955:   206544.120   206638.130   206770.130   206836.120   206858.740
  2960:   206975.540   206975.320   206975.330   206975.350   206975.240
  2965:   206975.120   207225.220   207225.230   207225.250   207225.340
  2970:   207314.130   207378.120   207508.120   207531.120   207632.130
  2975:   207710.120   207788.130   207854.120   207933.130   207999.120
  2980:   208078.130   208150.120   208401.130   208532.130   208592.120
  2985:   208618.120   208741.120   208884.120   208959.130   209025.120
  2990:   209122.130   209186.120   209255.130   209323.120   209425.740
  2995:   209429.130   209495.540   209495.320   209495.330   209495.350
  3000:   209495.240   209495.120   209745.220   209745.230   209745.250
  3005:   209745.340   209832.130   209857.130   209927.120   210041.130
  3010:   210109.120   210136.120   210213.130   210298.130   210364.120
  3015:   210461.130   210552.120   210622.130   210788.130   210856.120
  3020:   210890.120   210966.130   211037.120   211117.130   211182.120
  3025:   211327.130   211390.120   211464.130   211675.120   211751.130
  3030:   211970.120   212047.130   212118.120   212224.130   212293.120
  3035:   212472.120   212706.120   212776.130   212916.120   212941.120
  3040:   213095.120   213310.130   213378.120   213462.130   213518.130
  3045:   213581.120   213618.120   213642.120   213667.120   213735.130
  3050:   213832.130   213887.120   213972.130   214032.120   214102.130
  3055:   214156.120   214172.120   214294.120   214385.130   214450.120
  3060:   214524.130   214590.120   214610.120   214693.130   214855.130
  3065:   214924.120   214945.120   215014.130   215076.120   215176.130
  3070:   215236.120   215314.130   215402.120   215469.130   215528.120
  3075:   215598.130   215667.120   215746.130   215828.130   215895.120
  3080:   215916.120   216076.130   216173.130   216233.120   216315.130
  3085:   216374.120   216434.130   216501.120   216574.130   216639.120
  3090:   216659.120   216732.130   216902.120   216974.130   217046.120
  3095:   217147.130   217225.120   217291.130   217356.120   217428.130
  3100:   217505.130   217640.130   217699.120   217721.120   217800.130
  3105:   217935.130   218004.120   218076.130   218142.120   218214.130
  3110:   218277.130   218338.120   218358.120   218429.130   218496.120
  3115:   218577.130   218644.130   218720.120   218876.120   218896.120
  3120:   218982.130   219121.130   219183.120   219330.120   219353.120
  3125:   219429.130   219541.120   219621.130   219688.120   219765.130
  3130:   219834.120   219852.120   219939.130   219999.120   220068.130
  3135:   220187.120   220347.120   220366.120   220525.120   220595.130
  3140:   220659.120   220751.130   220815.120   220910.130   221098.130
  3145:   221166.120   221236.130   221384.120   221445.740   221457.130
  3150:   221533.540   221533.320   221533.330   221533.350   221533.240
  3155:   221533.120   221783.220   221783.230   221783.250   221783.340
  3160:   221868.130   221937.120   222020.130   222091.120   222167.130
  3165:   222256.120   222318.130   222385.120   222543.120   222675.120
  3170:   222801.130   222929.130   223115.130   223174.120   223251.130
  3175:   223309.120   223452.120   223473.120   223546.130   223635.120
  3180:   223856.130   223919.130   223975.120   224049.130   224113.120
  3185:   224139.120   224203.130   224269.120   224344.130   224410.130
  3190:   224471.120   224545.130   224601.120   224686.130   224800.130
  3195:   224862.120   224883.120   224956.130   225023.120   225089.130
  3200:   225153.120   225181.120   225265.130   225372.130   225436.120
  3205:   225493.130   225560.130   225626.120   225649.120   225719.130
  3210:   225786.120   225917.120   225992.130   226057.130   226121.120
  3215:   226221.130   226286.120   226362.130   226428.120   226449.120
  3220:   226548.130   226625.120   226712.130   226785.120   226895.130
  3225:   226961.840   226970.120   227053.640   227053.320   227053.330
  3230:   227053.350   227053.240   227053.130   227303.220   227303.230
  3235:   227303.250   227303.340   227394.130   227467.120   227527.120
  3240:   227606.130   227677.120   227759.130   227822.120   227908.130
  3245:   227994.120   228105.130   228179.120   228263.130   228328.120
  3250:   228434.130   228538.130   228610.120   228722.130   228832.130
  3255:   228892.120   228973.130   229040.120   229156.130   229222.120
  3260:   229345.130   229418.120   229498.130   229572.120   229799.130
  3265:   229865.120   229946.130   230051.130   230132.120   230237.130
  3270:   230321.120   230480.120   230555.130   230631.120   230655.120
  3275:   230748.130   230817.120   230896.130   230967.120   230991.120
  3280:   231086.130   231186.130   231261.120   231361.130   231467.130
  3285:   231532.120   231638.130   231707.120   231779.130   231836.120
  3290:   231862.120   231941.130   232010.120   232115.130   232184.120
  3295:   232283.740   232326.130   232408.540   232408.320   232408.330
  3300:   232408.350   232408.240   232408.120   232503.840   232658.220
  3305:   232658.230   232658.250   232658.340   232736.640   232736.320
  3310:   232736.330   232736.350   232736.240   232736.130   232986.220
  3315:   232986.230   232986.250   232986.340   233062.130   233159.120
  3320:   233240.130   233316.120   233428.130   233458.740   233500.540
  3325:   233500.320   233500.330   233500.350   233500.240   233500.120
  3330:   233750.220   233750.230   233750.250   233750.340   233848.130
  3335:   233921.120   233947.120   234021.130   234106.120   234128.120
  3340:   234199.130   234261.120   234335.130   234399.120   234479.130
  3345:   234705.120   234735.120   234819.130   234887.120   234981.130
  3350:   235047.120   235127.130   235277.130   235350.740   235366.540
  3355:   235366.320   235366.330   235366.350   235366.240   235366.120
  3360:   235616.220   235616.230   235616.250   235616.340   235839.120
  3365:   235863.120   235990.120   236019.120   236097.130   236299.120
  3370:   236316.740   236384.130   236440.540   236440.320   236440.330
  3375:   236440.350   236440.240   236440.120   236690.220   236690.230
  3380:   236690.250   236690.340   236785.130   236856.120   236983.120
  3385:   237039.120   237165.120   237249.130   237290.740   237315.540
  3390:   237315.320   237315.330   237315.350   237315.240   237315.120
  3395:   237565.220   237565.230   237565.250   237565.340   237654.130
  3400:   237726.120   237758.120   237833.130   237896.120   237977.130
  3405:   238042.120   238194.120   238219.120   238296.130   238357.120
  3410:   238383.120   238466.130   238542.120   238670.120   238774.130
  3415:   238848.120   238985.120   239014.120   239113.130   239223.130
  3420:   239289.120   239314.120   239379.130   239481.130   239553.120
  3425:   239629.130   239706.120   239819.120   239899.130   240014.120
  3430:   240113.130   240187.120   240462.130   240530.120   240690.120
  3435:   240921.130   240954.130   240984.130   241035.130   241088.130
  3440:   241170.120   241195.120   241256.130   241332.120   241409.130
  3445:   241467.120   241627.130   241691.120   241784.130   241851.120
  3450:   241873.120   241957.130   242094.130   242268.120   242399.120
  3455:   242498.130   242566.120   242586.840   242644.640   242644.320
  3460:   242644.330   242644.350   242644.240   242644.130   242894.220
  3465:   242894.230   242894.250   242894.340   242999.130   243066.120
  3470:   243145.120   243224.130   243295.120   243377.130   243530.130
  3475:   243612.120   243702.130   243762.120   243785.120   243902.130
  3480:   243964.120   244049.130   244112.120   244186.130   244248.120
  3485:   244351.130   244415.120   244491.130   244553.120   244576.120
  3490:   244682.120   244707.120   244818.130   244890.120   244921.120
  3495:   244999.130   245074.120   245167.130   245236.120   245330.130
  3500:   245393.120   245394.840   245416.120   245500.640   245500.320
  3505:   245500.330   245500.350   245500.240   245500.130   245750.220
  3510:   245750.230   245750.250   245750.340   245847.130   245918.120
  3515:   246003.130   246068.120   246206.120   246345.120   246370.120
  3520:   246446.130   246512.120   246606.130   246678.120   246925.130
  3525:   247023.130   247091.120   247169.130   247233.130   247303.120
  3530:   247390.130   247455.120   247534.130   247611.120   247632.120
  3535:   247737.130   247882.130   247952.120   248036.130   248102.120
  3540:   248126.120   248246.130   248391.130   248461.120   248539.130
  3545:   248611.120   248733.130   248885.130   249026.130   249138.130
  3550:   249160.130   249232.120   249255.120   249339.130   249458.130
  3555:   249516.120   249650.120   249798.120   249887.130   249943.120
  3560:   249966.120   250041.130   250115.120   250270.120   250292.120
  3565:   250376.130   250437.120   250518.130   250870.130   250929.120
  3570:   251008.130   251077.120   251155.130   251222.130   251289.120
  3575:   251320.120   251391.130   251465.120   251624.120   251700.130
  3580:   251801.130   251950.120   251965.740   252028.130   252192.130
  3585:   252262.540   252262.320   252262.330   252262.350   252262.240
  3590:   252262.120   252512.220   252512.230   252512.250   252512.340
  3595:   252613.130   252688.120   252815.120   252847.120   252911.130
  3600:   252980.120   253005.120   253076.130   253152.120   253176.120
  3605:   253302.130   253367.120   253473.120   253626.120   253732.130
  3610:   253913.120   253935.120   254018.130   254089.120   254169.130
  3615:   254228.120   254254.120   254353.130   254423.120   254503.130
  3620:   254573.120   254641.130   254706.120   254841.120   254917.130
  3625:   254991.120   255071.130   255142.120   255241.130   255395.130
  3630:   255468.120   255542.130   255654.130   255833.130   255936.120
  3635:   256013.130   256051.130   256163.130   256239.120   256340.130
  3640:   256436.130   256552.130   256619.120   256698.130   256766.120
  3645:   256854.130   256994.130   257063.120   257085.120   257181.130
  3650:   257254.120   257325.130   257403.120   257481.130   257546.120
  3655:   257550.840   257626.640   257626.320   257626.330   257626.350
  3660:   257626.240   257626.130   257812.740   257876.220   257876.230
  3665:   257876.250   257876.340   257989.130   258059.540   258059.320
  3670:   258059.330   258059.350   258059.240   258059.120   258309.220
  3675:   258309.230   258309.250   258309.340   258407.130   258481.120
  3680:   258510.120   258584.130   258756.130   258833.120   258963.120
  3685:   259038.130   259115.120   259141.120   259245.120   259382.120
  3690:   259470.130   259537.120   259619.130   259761.130   259874.130
  3695:   259942.120   260025.130   260098.120   260175.130   260243.120
  3700:   260322.130   260401.120   260427.120   260502.130   260576.120
  3705:   260609.740   260733.540   260733.320   260733.330   260733.350
  3710:   260733.240   260733.120   260983.220   260983.230   260983.250
  3715:   260983.340   261078.130   261147.120   261183.120   261284.120
  3720:   261368.130   261431.120   261453.120   261531.130   261600.120
  3725:   261712.120   261739.120   261802.130   261876.120   261907.120
  3730:   262012.130   262086.120   262173.130   262245.120   262328.130
  3735:   262390.130   262482.120   262564.130   262635.120   262739.130
  3740:   262803.120   262882.130   262948.120   262973.120   263040.130
  3745:   263108.120   263184.130   263256.120   263452.120   263558.130
  3750:   263622.120   263709.130   263864.130   263936.120   264016.130
  3755:   264130.130   264275.130   264346.130   264383.740   264428.540
  3760:   264428.320   264428.330   264428.350   264428.240   264428.120
  3765:   264678.220   264678.230   264678.250   264678.340   264773.130
  3770:   264849.120   264877.120   264950.130   265088.130   265154.120
  3775:   265180.120   265288.130   265374.120   265485.130   265567.120
  3780:   265648.130   265722.120   265745.120   265869.120   265951.130
  3785:   266076.120   266174.130   266231.120   266295.130   266364.120
  3790:   266465.130   266551.130   266627.120   266654.120   266736.130
  3795:   266803.120   266880.130   266961.120   266987.120   267115.120
  3800:   267138.120   267287.120   267311.120   267427.120   267448.120
  3805:   267540.130   267614.120   267676.840   267698.640   267698.320
  3810:   267698.330   267698.350   267698.240   267698.130   267948.220
  3815:   267948.230   267948.250   267948.340   268037.130   268110.120
  3820:   268224.120   268278.740   268350.540   268350.320   268350.330
  3825:   268350.350   268350.240   268350.120   268600.220   268600.230
  3830:   268600.250   268600.340   268702.130   268728.130   268794.120
  3835:   268873.130   268937.120   269021.130   269105.120   269184.130
  3840:   269255.120   269280.120   269359.130   269434.120   269459.120
  3845:   269520.130   269591.120   269668.130   269779.130   269847.120
  3850:   269927.130   270000.120   270023.120   270162.130   270306.130
  3855:   270447.130   270605.130   270670.120   270751.130   270825.120
  3860:   270925.130   271019.130   271100.740   271123.130   271188.540
  3865:   271188.320   271188.330   271188.350   271188.240   271188.120
  3870:   271438.220   271438.230   271438.250   271438.340   271560.130
  3875:   271636.120   271714.120   271842.120   271926.130   271993.120
  3880:   272071.130   272133.120   272260.120   272359.130   272425.120
  3885:   272507.130   272608.130   272680.120   272704.120   272785.130
  3890:   272864.130   272927.120   273007.130   273080.120   273103.120
  3895:   273174.130   273249.130   273356.130   273428.120   273448.840
  3900:   273504.640   273504.320   273504.330   273504.350   273504.240
  3905:   273504.130   273754.220   273754.230   273754.250   273754.340
  3910:   273831.130   273849.130   273911.120   274031.130   274184.130
  3915:   274249.120   274273.120   274359.130   274419.120   274551.120
  3920:   274639.130   274712.120   274787.130   274859.120   274933.130
  3925:   275015.120   275225.130   275293.120   275467.130   275535.120
  3930:   275614.130   275681.120   275759.130   275828.120   275907.130
  3935:   275975.120   276095.120   276202.130   276289.120   276372.130
  3940:   276442.120   276519.130   276581.120   276658.130   276728.120
  3945:   276812.130   276892.120   276970.130   277039.120   277130.130
  3950:   277209.120   277239.120   277317.130   277338.740   277386.540
  3955:   277386.320   277386.330   277386.350   277386.240   277386.120
  3960:   277636.220   277636.230   277636.250   277636.340   277730.130
  3965:   277802.120   277953.120   278035.130   278126.120   278238.130
  3970:   278301.120   278383.130   278448.120   278597.130   278760.120
  3975:   278856.130   278929.120   279005.130   279224.120   279327.130
  3980:   279403.120   279505.130   279579.120   279662.130   279726.120
  3985:   279833.130   279903.120   279978.130   280065.130   280145.120
  3990:   280224.130   280236.740   280246.130   280347.130   280418.540
  3995:   280418.320   280418.330   280418.350   280418.240   280418.120
  4000:   280668.220   280668.230   280668.250   280668.340   280760.130
  4005:   280786.130   280986.120   281094.120   281153.130   281221.120
  4010:   281337.120   281426.130   281539.130   281687.130   281769.120
  4015:   281853.130   281936.120   282019.130   282091.120   282118.120
  4020:   282203.130   282311.130   282378.120   282403.120   282587.120
  4025:   282732.130   282830.130   282900.120   282922.120   282968.740
  4030:   283019.130   283106.540   283106.320   283106.330   283106.350
  4035:   283106.240   283106.120   283356.220   283356.230   283356.250
  4040:   283356.340   283425.130   283516.120   283597.130   283678.120
  4045:   283754.120   283835.130   283914.120   283996.130   284123.130
  4050:   284251.130   284359.130   284434.120   284566.120   284663.130
  4055:   284730.120   284874.120   284894.120   284978.130   285047.120
  4060:   285074.120   285169.130   285323.130   285393.120   285510.130
  4065:   285579.120   285681.130   285846.130   285958.120   286065.130
  4070:   286138.120   286156.740   286369.540   286369.320   286369.330
  4075:   286369.350   286369.240   286369.120   286619.220   286619.230
  4080:   286619.250   286619.340   286716.130   286953.120   287059.130
  4085:   287130.120   287266.120   287344.130   287470.130   287547.120
  4090:   287619.740   287656.130   287856.130   287926.540   287926.320
  4095:   287926.330   287926.350   287926.240   287926.120   288176.220
  4100:   288176.230   288176.250   288176.340   288269.130   288342.120
  4105:   288435.130   288454.840   288504.120   288633.120   288663.120
  4110:   288744.640   288744.320   288744.330   288744.350   288744.240
  4115:   288744.130   288994.220   288994.230   288994.250   288994.340
  4120:   289092.130   289154.120   289173.120   289351.120   289434.130
  4125:   289585.130   289718.130   289788.120   289898.130   289974.120
  4130:   290053.130   290185.130   290253.130   290324.120   290347.120
  4135:   290452.130   290494.840   290711.640   290711.320   290711.330
  4140:   290711.350   290711.240   290711.130   290961.220   290961.230
  4145:   290961.250   290961.340   291064.130   291260.120   291287.120
  4150:   291395.120   291535.120   291663.120   291740.130   291798.120
  4155:   291875.130   291938.120   292078.120   292157.130   292241.130
  4160:   292415.120   292543.120   292666.120   292692.120   292763.130
  4165:   292914.130   292991.120   293133.120   293225.130   293292.120
  4170:   293442.120   293581.120   293604.120   293697.130   293763.120
  4175:   293845.130   293876.740   293952.130   294024.540   294024.320
  4180:   294024.330   294024.350   294024.240   294024.120   294274.220
  4185:   294274.230   294274.250   294274.340   294360.130   294432.120
  4190:   294518.120   294620.120   294700.130   294762.120   294853.130
  4195:   295032.130   295098.120   295202.120   295280.130   295341.120
  4200:   295509.130   295574.120   295682.130   295894.120   295915.120
  4205:   296009.130   296084.120   296163.130   296232.120   296309.130
  4210:   296377.120   296478.130   296550.130   296623.120   296640.120
  4215:   296724.130   296790.120   296925.120   297016.130   297085.120
  4220:   297187.120   297208.120   297286.130   297361.120   297388.120
  4225:   297451.130   297535.130   297655.130   297674.740   297725.540
  4230:   297725.320   297725.330   297725.350   297725.240   297725.120
  4235:   297975.220   297975.230   297975.250   297975.340   298066.130
  4240:   298134.120   298156.120   298263.120   298289.120   298365.130
  4245:   298433.120   298509.130   298570.120   298653.130   298759.120
  4250:   298837.130   298921.120   298961.840   298995.640   298995.320
  4255:   298995.330   298995.350   298995.240   298995.130   299245.220
  4260:   299245.230   299245.250   299245.340   299329.130   299375.740
  4265:   299402.540   299402.320   299402.330   299402.350   299402.240
  4270:   299402.120   299652.220   299652.230   299652.250   299652.340
  4275:   299727.130   299759.130   299827.120   299957.120   300036.130
  4280:   300097.120   300205.130   300275.120   300388.120   300467.130
  4285:   300577.130   300645.120   300670.120   300746.130   300881.130
  4290:   300951.120   300972.120   301051.130   301118.120   301220.130
  4295:   301360.130   301420.120   301502.130   301618.130   301679.120
  4300:   301816.120   301947.130   302116.130   302188.120   302268.130
  4305:   302343.120   302366.120   302444.130   302514.120   302591.130
  4310:   302665.120   302747.130   302805.130   302946.130   303011.130
  4315:   303073.120   303148.130   303228.130   303296.120   303370.130
  4320:   303441.120   303559.130   303627.120   303706.130   303776.120
  4325:   303850.130   303852.740   303940.540   303940.320   303940.330
  4330:   303940.350   303940.240   303940.120   304190.220   304190.230
  4335:   304190.250   304190.340   304274.130   304354.120   304482.120
  4340:   304507.120   304573.130   304642.120   304722.130   304784.120
  4345:   304864.130   304930.120   304952.120   305017.130   305111.120
  4350:   305200.130   305274.120   305390.740   305523.130   305588.540
  4355:   305588.320   305588.330   305588.350   305588.240   305588.120
  4360:   305838.220   305838.230   305838.250   305838.340   305923.130
  4365:   305946.130   306121.120   306227.120   306302.130   306359.120
  4370:   306432.130   306500.120   306585.130   306705.120   306727.120
  4375:   306828.130   306980.130   307054.120   307159.130   307218.120
  4380:   307238.740   307292.130   307397.130   307471.540   307471.320
  4385:   307471.330   307471.350   307471.240   307471.120   307721.220
  4390:   307721.230   307721.250   307721.340   307820.130   307991.130
  4395:   308060.120   308121.740   308151.130   308214.130   308288.540
  4400:   308288.320   308288.330   308288.350   308288.240   308288.120
  4405:   308538.220   308538.230   308538.250   308538.340   308629.130
  4410:   308715.120   308789.130   308976.130   309062.120   309146.130
  4415:   309246.130   309343.130   309431.120   309549.120   309621.130
  4420:   309699.120   309781.130   309842.120   309919.130   310102.120
  4425:   310182.130   310255.120   310415.130   310483.120   310538.740
  4430:   310591.130   310664.540   310664.320   310664.330   310664.350
  4435:   310664.240   310664.120   310914.220   310914.230   310914.250
  4440:   310914.340   311003.130   311071.120   311135.120   311218.130
  4445:   311286.120   311404.120   311514.740   311618.130   311690.540
  4450:   311690.320   311690.330   311690.350   311690.240   311690.120
  4455:   311940.220   311940.230   311940.250   311940.340   312025.130
  4460:   312199.120   312225.120   312337.120   312416.130   312485.120
  4465:   312559.130   312630.120   312704.130   312768.120   312840.130
  4470:   313081.120   313182.130   313247.120   313343.130   313482.130
  4475:   313647.120   313722.130   313781.120   313805.120   314034.130
  4480:   314086.130   314240.740   314245.130   314333.540   314333.320
  4485:   314333.330   314333.350   314333.240   314333.120   314583.220
  4490:   314583.230   314583.250   314583.340   314683.740   314733.540
  4495:   314733.320   314733.330   314733.350   314733.240   314733.120
  4500:   314983.220   314983.230   314983.250   314983.340   315058.130
  4505:   315128.120   315223.120   315346.120   315428.130   315502.120
  4510:   315576.130   315633.120   315714.130   315799.120   315879.130
  4515:   315965.120   316027.130   316093.120   316170.130   316230.120
  4520:   316309.130   316373.120   316450.130   316517.130   316582.120
  4525:   316678.130   316741.120   316828.130   316898.120   316981.130
  4530:   317050.120   317074.120   317176.130   317247.120   317327.130
  4535:   317392.120   317466.130   317538.120   317619.130   317788.130
  4540:   317856.120   317969.130   318028.120   318100.130   318225.130
  4545:   318425.130   318484.120   318569.130   318640.120   318715.130
  4550:   318911.120   319017.130   319076.120   319083.740   319321.540
  4555:   319321.320   319321.330   319321.350   319321.240   319321.120
  4560:   319571.220   319571.230   319571.250   319571.340   319658.130
  4565:   319745.840   319748.120   319822.640   319822.320   319822.330
  4570:   319822.350   319822.240   319822.130   320072.220   320072.230
  4575:   320072.250   320072.340   320166.130   320239.120   320271.740
  4580:   320328.130   320395.540   320395.320   320395.330   320395.350
  4585:   320395.240   320395.120   320645.220   320645.230   320645.250
  4590:   320645.340   320739.130   320766.130   320840.120   320930.130
  4595:   320991.120   321069.130   321214.130   321282.120   321355.130
  4600:   321472.840   321522.640   321522.320   321522.330   321522.350
  4605:   321522.240   321522.130   321772.220   321772.230   321772.250
  4610:   321772.340   321860.130   322128.120   322154.120   322232.120
  4615:   322355.120   322455.130   322518.120   322598.130   322696.130
  4620:   322753.120   322841.130   322914.120   322986.130   323044.120
  4625:   323155.120   323283.120   323373.130   323436.120   323622.130
  4630:   323695.120   323721.120   323744.120   323815.130   323872.120
  4635:   323998.120   324091.130   324153.120   324220.130   324348.130
  4640:   324402.120   324513.130   324724.130   324976.130   325035.120
  4645:   325155.120   325227.130   325326.130   325484.130   325608.120
  4650:   325681.130   325742.120   325888.120   325964.130   326029.120
  4655:   326100.130   326187.120   326261.130   326279.130   326371.130
  4660:   326457.120   326534.130   326705.130   326825.130   326892.120
  4665:   327011.120   327181.130   327247.120   327453.130   327518.120
  4670:   327636.120   327843.130   327930.120   328072.120   328139.130
  4675:   328200.120   328317.130   328475.130   328544.120   328566.120
  4680:   328652.130   328723.120   328838.130   328900.120   328961.130
  4685:   329044.120   329117.130   329216.120   329273.130   329334.120
  4690:   329458.120   329534.130   329641.120   329728.130   329945.130
  4695:   330011.120   330037.120   330114.130   330218.130   330276.120
  4700:   330363.130   330428.120   330608.130   330679.120   330749.130
  4705:   330811.120   330877.130   330942.120   331090.130   331141.120
  4710:   331211.130   331278.120   331347.130   331424.130   331601.130
  4715:   331730.130   331781.120   331851.130   331978.130   332121.130
  4720:   332180.120   332249.130   332272.840   332323.120   332421.640
  4725:   332421.320   332421.330   332421.350   332421.240   332421.130
  4730:   332671.220   332671.230   332671.250   332671.340   332748.130
  4735:   332814.120   332841.120   332914.130   332945.740   332989.540
  4740:   332989.320   332989.330   332989.350   332989.240   332989.120
  4745:   333239.220   333239.230   333239.250   333239.340   333327.130
  4750:   333392.120   333462.130   333519.120   333733.130   333797.120
  4755:   333867.130   333924.120   334019.130   334105.120   334193.130
  4760:   334260.120   334333.130   334391.130   334439.740   334514.130
  4765:   334647.130   334738.540   334738.320   334738.330   334738.350
  4770:   334738.240   334738.120   334988.220   334988.230   334988.250
  4775:   334988.340   335063.130   335084.130   335152.120   335263.120
  4780:   335287.120   335381.130   335445.120   335488.740   335514.130
  4785:   335574.130   335631.540   335631.320   335631.330   335631.350
  4790:   335631.240   335631.120   335881.220   335881.230   335881.250
  4795:   335881.340   335969.130   336039.120   336187.120   336261.130
  4800:   336324.120   336381.740   336399.130   336541.130   336597.540
  4805:   336597.320   336597.330   336597.350   336597.240   336597.120
  4810:   336847.220   336847.230   336847.250   336847.340   336981.120
  4815:   337055.130   337114.120   337200.130   337260.120   337414.130
  4820:   337484.120   337567.130   337633.120   337707.130   337869.120
  4825:   337891.120   337962.130   338030.130   338095.120   338177.130
  4830:   338241.120   338327.130   338390.130   338450.120   338475.120
  4835:   338554.130   338616.130   338682.120   338755.130   338814.120
  4840:   338835.120   338907.130   338947.740   339058.130   339139.130
  4845:   339358.540   339358.320   339358.330   339358.350   339358.240
  4850:   339358.120   339608.220   339608.230   339608.250   339608.340
  4855:   339676.130   339760.120   339861.130   340078.120   340169.130
  4860:   340312.130   340371.840   340379.120   340402.120   340611.640
  4865:   340611.320   340611.330   340611.350   340611.240   340611.130
  4870:   340861.220   340861.230   340861.250   340861.340   340941.130
  4875:   341018.120   341108.120   341192.130   341253.120   341328.130
  4880:   341399.120   341420.120   341537.120   341606.130   341671.120
  4885:   341690.120   341768.130   341896.130   341963.120   342064.130
  4890:   342201.130   342256.130   342318.120   342387.130   342461.130
  4895:   342521.120   342601.130   342713.130   342775.120   342852.130
  4900:   342906.120   342982.130   343094.130   343164.120   343184.120
  4905:   343252.130   343323.120   343396.130   343461.120   343479.120
  4910:   343553.130   343617.120   343683.130   343747.120   343808.740
  4915:   343817.130   344018.540   344018.320   344018.330   344018.350
  4920:   344018.240   344018.120   344268.220   344268.230   344268.250
  4925:   344268.340   344339.130   344398.120   344514.120   344593.130
  4930:   344657.120   344728.130   344881.120   344956.130   345014.120
  4935:   345083.130   345186.130   345243.130   345320.120   345395.130
  4940:   345458.120   345531.130   345697.130   345766.120   345903.120
  4945:   345971.130   346031.120   346102.130   346193.120   346417.130
  4950:   346531.120   346600.130   346678.120   346751.130   346812.120
  4955:   346889.130   346952.120   347023.130   347089.120   347160.130
  4960:   347231.120   347253.120   347325.130   347381.130   347451.120
  4965:   347524.130   347590.120   347609.120   347818.130   347882.120
  4970:   347966.130   348022.130   348075.120   348148.130   348218.120
  4975:   348289.130   348311.130   348492.120   348605.130   348704.130
  4980:   348768.120   348845.130   348943.130   349015.120   349040.120
  4985:   349122.130   349187.120   349264.130   349364.120   349439.130
  4990:   349461.840   349528.120   349599.640   349599.320   349599.330
  4995:   349599.350   349599.240   349599.130   349849.220   349849.230
  5000:   349849.250   349849.340   349937.130   350003.120   350122.120
  5005:   350238.120   350313.130   350380.120   350456.130   350515.120
  5010:   350606.130   350785.120   350855.130   350927.120   350945.120
  5015:   351031.130   351099.120   351242.120   351326.130   351380.120
  5020:   351526.120   351755.120   351826.130   351889.120   351961.130
  5025:   352019.120   352073.130   352134.120   352205.130   352258.120
  5030:   352341.130   352402.120   352471.130   352537.120   352766.120
  5035:   352829.130   352850.130   352911.120   353097.120   353163.130
  5040:   353217.120   353239.120   353299.130   353437.130   353505.120
  5045:   353576.130   353640.120   353764.130   353829.120   354021.120
  5050:   354068.740   354094.130   354165.540   354165.320   354165.330
  5055:   354165.350   354165.240   354165.120   354415.220   354415.230
  5060:   354415.250   354415.340   354500.130   354566.120   354589.120
  5065:   354690.120   354765.130   354831.120   354937.120   355005.130
  5070:   355062.120   355139.130   355349.130   355414.120   355436.120
  5075:   355515.740   355535.130   355592.540   355592.320   355592.330
  5080:   355592.350   355592.240   355592.120   355842.220   355842.230
  5085:   355842.250   355842.340   355922.130   355979.120   356094.120
  5090:   356159.130   356223.120   356428.130   356505.130   356564.120
  5095:   356637.130   356709.120   356781.130   356849.840   356850.120
  5100:   356920.640   356920.320   356920.330   356920.350   356920.240
  5105:   356920.130   357170.220   357170.230   357170.250   357170.340
  5110:   357250.130   357550.120   357622.130   357722.130   357906.130
  5115:   357972.120   358044.130   358111.120   358400.120   358425.120
  5120:   358577.120   358651.130   358720.120   358746.120   358820.130
  5125:   358958.130   359026.120   359110.130   359418.130   359553.130
  5130:   359607.120   359747.120   359842.130   359976.130   360000.320
  5135:   360000.330   360000.350   360000.020
C:
     0:        0.000     1886.000     1864.000       79.000       59.000
     5:        0.000
D:
     0:        0.000        0.000
L:
     0:      111.000      333.000      333.000
M:
     0:      900.000      901.000      902.000      903.000      904.000
     5:      905.000      906.000      907.000      908.000      909.000
    10:      910.000      911.000      912.000      913.000      914.000
    15:      915.000      916.000      917.000      918.000      919.000
    20:      920.000      921.000      922.000      923.000      924.000
    25:      925.000      926.000      927.000      928.000      929.000
    30:      930.000      931.000      932.000      933.000      934.000
    35:      935.000      936.000      937.000      938.000      939.000
    40:      940.000      941.000      942.000      943.000      944.000
    45:      945.000      946.000      947.000      948.000      949.000
    50:      950.000      951.000      952.000      953.000      954.000
    55:      955.000      956.000      957.000      958.000      959.000
    60:      960.000      961.000      962.000      963.000      964.000
    65:      965.000      966.000      967.000      968.000      969.000
    70:      970.000      971.000      972.000      973.000      974.000
    75:      975.000      976.000      977.000      978.000      979.000
    80:      980.000      981.000      982.000      983.000      984.000
    85:      985.000      986.000      987.000      988.000      989.000
    90:      990.000      991.000      992.000      993.000      994.000
    95:      995.000      996.000      997.000      998.000      999.000
   100:     1000.000     1001.000     1002.000     1003.000     1004.000
   105:     1005.000     1006.000     1007.000     1008.000     1009.000
   110:     1010.000     1011.000     1012.000     1013.000     1014.000
   115:     1015.000     1016.000     1017.000     1018.000     1019.000
   120:     1020.000     1021.000     1022.000     1023.000     1024.000
   125:     1025.000     1026.000     1027.000     1028.000     1029.000
   130:     1030.000     1031.000     1032.000     1033.000     1034.000
   135:     1035.000     1036.000     1037.000     1038.000     1039.000
   140:     1040.000     1041.000     1042.000     1043.000     1044.000
   145:     1045.000     1046.000     1047.000     1048.000     1049.000
   150:     1050.000     1051.000     1052.000     1053.000     1054.000
   155:     1055.000     1056.000     1057.000     1058.000     1059.000
   160:     1060.000     1061.000     1062.000     1063.000     1064.000
   165:     1065.000     1066.000     1067.000     1068.000     1069.000
   170:     1070.000     1071.000     1072.000     1073.000     1074.000
   175:     1075.000     1076.000     1077.000     1078.000     1079.000
   180:     1080.000     1081.000     1082.000     1083.000     1084.000
   185:     1085.000     1086.000     1087.000     1088.000     1089.000
   190:     1090.000     1091.000     1092.000     1093.000     1094.000
   195:     1095.000     1096.000     1097.000     1098.000     1099.000
   200:     1100.000     1101.000     1102.000     1103.000     1104.000
   205:     1105.000     1106.000     1107.000     1108.000     1109.000
   210:     1110.000     1111.000     1112.000     1113.000     1114.000
   215:     1115.000     1116.000     1117.000     1118.000     1119.000
   220:     1120.000     1121.000     1122.000     1123.000     1124.000
   225:     1125.000     1126.000     1127.000     1128.000     1129.000
   230:     1130.000     1131.000     1132.000     1133.000     1134.000
   235:     1135.000     1136.000     1137.000     1138.000     1139.000
   240:     1140.000     1141.000     1142.000     1143.000     1144.000
   245:     1145.000     1146.000     1147.000     1148.000     1149.000
   250:     1150.000     1151.000     1152.000     1153.000     1154.000
   255:     1155.000     1156.000     1157.000     1158.000     1159.000
   260:     1160.000     1161.000     1162.000     1163.000     1164.000
   265:     1165.000     1166.000     1167.000     1168.000     1169.000
   270:     1170.000     1171.000     1172.000     1173.000     1174.000
   275:     1175.000     1176.000     1177.000     1178.000     1179.000
   280:     1180.000     1181.000     1182.000     1183.000     1184.000
   285:     1185.000     1186.000     1187.000     1188.000     1189.000
   290:     1190.000     1191.000     1192.000     1193.000     1194.000
   295:     1195.000     1196.000     1197.000     1198.000     1199.000
   300:     1200.000
N:
     0:     2100.000     2101.000     2102.000     2103.000     2104.000
     5:     2105.000     2106.000     2107.000     2108.000     2109.000
    10:     2110.000     2111.000     2112.000     2113.000     2114.000
    15:     2115.000     2116.000     2117.000     2118.000     2119.000
    20:     2120.000     2121.000     2122.000     2123.000     2124.000
    25:     2125.000     2126.000     2127.000     2128.000     2129.000
    30:     2130.000     2131.000     2132.000     2133.000     2134.000
    35:     2135.000     2136.000     2137.000     2138.000     2139.000
    40:     2140.000     2141.000     2142.000     2143.000     2144.000
    45:     2145.000     2146.000     2147.000     2148.000     2149.000
    50:     2150.000     2151.000     2152.000     2153.000     2154.000
    55:     2155.000     2156.000     2157.000     2158.000     2159.000
    60:     2160.000     2161.000     2162.000     2163.000     2164.000
    65:     2165.000     2166.000     2167.000     2168.000     2169.000
    70:     2170.000     2171.000     2172.000     2173.000     2174.000
    75:     2175.000     2176.000     2177.000     2178.000     2179.000
    80:     2180.000     2181.000     2182.000     2183.000     2184.000
    85:     2185.000     2186.000     2187.000     2188.000     2189.000
    90:     2190.000     2191.000     2192.000     2193.000     2194.000
    95:     2195.000     2196.000     2197.000     2198.000     2199.000
   100:     2200.000     2201.000     2202.000     2203.000     2204.000
   105:     2205.000     2206.000     2207.000     2208.000     2209.000
   110:     2210.000     2211.000     2212.000     2213.000     2214.000
   115:     2215.000     2216.000     2217.000     2218.000     2219.000
   120:     2220.000     2221.000     2222.000     2223.000     2224.000
   125:     2225.000     2226.000     2227.000     2228.000     2229.000
   130:     2230.000     2231.000     2232.000     2233.000     2234.000
   135:     2235.000     2236.000     2237.000     2238.000     2239.000
   140:     2240.000     2241.000     2242.000     2243.000     2244.000
   145:     2245.000     2246.000     2247.000     2248.000     2249.000
   150:     2250.000     2251.000     2252.000     2253.000     2254.000
   155:     2255.000     2256.000     2257.000     2258.000     2259.000
   160:     2260.000     2261.000     2262.000     2263.000     2264.000
   165:     2265.000     2266.000     2267.000     2268.000     2269.000
   170:     2270.000     2271.000     2272.000     2273.000     2274.000
   175:     2275.000     2276.000     2277.000     2278.000     2279.000
   180:     2280.000     2281.000     2282.000     2283.000     2284.000
   185:     2285.000     2286.000     2287.000     2288.000     2289.000
   190:     2290.000     2291.000     2292.000     2293.000     2294.000
   195:     2295.000     2296.000     2297.000     2298.000     2299.000
   200:     2300.000     2301.000     2302.000     2303.000     2304.000
   205:     2305.000     2306.000     2307.000     2308.000     2309.000
   210:     2310.000     2311.000     2312.000     2313.000     2314.000
   215:     2315.000     2316.000     2317.000     2318.000     2319.000
   220:     2320.000     2321.000     2322.000     2323.000     2324.000
   225:     2325.000     2326.000     2327.000     2328.000     2329.000
   230:     2330.000     2331.000     2332.000     2333.000     2334.000
   235:     2335.000     2336.000     2337.000     2338.000     2339.000
   240:     2340.000     2341.000     2342.000     2343.000     2344.000
   245:     2345.000     2346.000     2347.000     2348.000     2349.000
   250:     2350.000     2351.000     2352.000     2353.000     2354.000
   255:     2355.000     2356.000     2357.000     2358.000     2359.000
   260:     2360.000     2361.000     2362.000     2363.000     2364.000
   265:     2365.000     2366.000     2367.000     2368.000     2369.000
   270:     2370.000     2371.000     2372.000     2373.000     2374.000
   275:     2375.000     2376.000     2377.000     2378.000     2379.000
   280:     2380.000     2381.000     2382.000     2383.000     2384.000
   285:     2385.000     2386.000     2387.000     2388.000     2389.000
   290:     2390.000     2391.000     2392.000     2393.000     2394.000
   295:     2395.000     2396.000     2397.000     2398.000     2399.000
   300:     2400.000
R:
     0:      333.000      111.000      111.000
V:
     0:     1110.000     2238.000
W:
     0:     1110.000     2238.000
