File: C:\MED-PC IV\DATA\p004_s109_japede


Start Date: 10/16/17
End Date: 10/16/17
Subject: p004
Experiment: 0
Group: 0
Box: 7
Start Time: 16:36:13
End Time: 17:36:41
MSN: japede_L_45_45_45_R_45_45_45
B:       0.000
E:    5640.000
F:       0.000
G:       0.000
H:       0.000
I:       2.000
J:       2.000
K:       0.000
O:       0.000
P:       0.000
Q:       0.000
S:  360000.000
T:  360000.000
U:       0.000
X:       0.000
Y:       0.000
Z:       0.000
A:
     0:        0.010        0.250        0.220        0.230       94.130
     5:       99.740      239.540      239.320      239.330      239.350
    10:      239.240      239.120      489.220      489.230      489.250
    15:      489.340      594.120      623.120      649.120      679.120
    20:      963.120      990.120     1120.130     1243.120     1267.120
    25:     1295.120     1325.120     1354.120     1470.130     1596.120
    30:     1619.120     1640.120     1670.120     1765.130     1799.840
    35:     1966.640     1966.320     1966.330     1966.350     1966.240
    40:     1966.130     2216.220     2216.230     2216.250     2216.340
    45:     2425.120     2563.120     2645.120     2955.120     3004.120
    50:     3026.120     3132.130     3204.120     3241.120     3267.120
    55:     3292.120     3377.130     3430.130     3521.120     3547.120
    60:     3673.130     3849.130     3930.120     3956.120     4042.130
    65:     4178.120     4205.120     4410.130     4491.120     4511.120
    70:     4530.120     4552.120     4574.120     4652.130     4732.120
    75:     4761.120     4788.120     4866.130     4941.120     4968.120
    80:     5049.130     5079.130     5111.130     5168.130     5192.130
    85:     5267.120     5289.120     5312.120     5369.120     5392.120
    90:     5497.130     5600.120     5673.130     5767.130     5838.120
    95:     5859.120     5894.120     5917.120     5942.120     6021.130
   100:     6048.130     6120.120     6138.120     6161.120     6349.120
   105:     6369.120     6448.130     6506.130     6579.120     6603.120
   110:     6681.130     6765.120     6819.120     6972.120     6994.120
   115:     7017.120     7133.130     7200.120     7220.120     7308.130
   120:     7390.120     7413.120     7483.130     7561.120     7594.120
   125:     7715.130     7772.130     7845.120     7866.120     7892.120
   130:     7916.120     8198.130     8320.120     8347.120     8449.130
   135:     8589.120     8663.130     8729.130     8836.120     8935.130
   140:     9015.120     9038.120     9059.120     9082.120     9116.120
   145:     9190.130     9250.130     9282.130     9364.120     9416.120
   150:     9493.130     9578.120     9603.120     9679.130     9751.120
   155:     9794.120     9820.120     9918.130     9943.130    10082.120
   160:    10103.120    10128.120    10156.120    10244.130    10319.120
   165:    10346.120    10438.130    10541.120    10568.120    10660.130
   170:    10705.130    10802.120    10827.120    10916.130    10992.130
   175:    11055.120    11081.120    11107.120    11128.120    11197.130
   180:    11268.120    11295.120    11362.130    11385.130    11460.120
   185:    11482.120    11525.120    11645.130    11718.120    11741.120
   190:    11827.130    11930.120    11954.120    12052.130    12133.120
   195:    12159.120    12189.740    12249.130    12338.540    12338.320
   200:    12338.330    12338.350    12338.240    12338.120    12588.220
   205:    12588.230    12588.250    12588.340    12764.120    12794.120
   210:    12822.120    12915.130    12977.130    13057.120    13082.120
   215:    13108.120    13164.120    13196.120    13223.120    13252.120
   220:    13274.120    13370.130    13519.120    13541.120    13564.120
   225:    13587.120    13614.120    13685.130    13774.130    13873.120
   230:    13896.120    14033.130    14102.120    14125.120    14148.120
   235:    14172.120    14259.130    14288.740    14326.130    14442.540
   240:    14442.320    14442.330    14442.350    14442.240    14442.120
   245:    14692.220    14692.230    14692.250    14692.340    14793.130
   250:    14820.130    14938.120    15128.120    15171.120    15197.120
   255:    15260.130    15369.120    15390.120    15478.130    15536.120
   260:    15647.130    15716.840    15742.120    15782.120    15884.640
   265:    15884.320    15884.330    15884.350    15884.240    15884.130
   270:    16134.220    16134.230    16134.250    16134.340    16220.130
   275:    16287.120    16306.120    16330.120    16417.130    16496.120
   280:    16518.120    16548.120    16647.130    16705.130    16793.120
   285:    16817.120    16842.120    16908.130    17008.120    17081.130
   290:    17150.120    17195.120    17289.130    17366.120    17392.120
   295:    17414.120    17437.120    17530.130    17598.120    17624.120
   300:    17687.130    17758.120    17777.120    17902.130    17978.120
   305:    18002.120    18028.120    18125.130    18213.120    18238.120
   310:    18328.130    18414.120    18442.120    18466.120    18528.130
   315:    18549.130    18667.120    18692.120    18723.120    18814.130
   320:    18894.130    18969.120    18995.120    19065.130    19170.120
   325:    19339.120    19362.120    19389.120    19484.130    19554.120
   330:    19579.120    19693.130    19734.840    19776.120    19798.120
   335:    19902.640    19902.320    19902.330    19902.350    19902.240
   340:    19902.130    20152.220    20152.230    20152.250    20152.340
   345:    20242.130    20263.130    20338.120    20359.120    20381.120
   350:    20492.740    20497.130    20573.540    20573.320    20573.330
   355:    20573.350    20573.240    20573.120    20823.220    20823.230
   360:    20823.250    20823.340    20906.130    21000.120    21021.120
   365:    21051.120    21117.130    21138.130    21206.120    21230.120
   370:    21258.120    21356.130    21459.120    21487.120    21534.120
   375:    21637.130    21714.120    21738.120    21760.120    21833.130
   380:    21912.120    21936.120    21961.120    22040.130    22109.120
   385:    22131.120    22152.120    22177.120    22333.120    22354.120
   390:    22424.130    22496.120    22524.120    22599.130    22694.120
   395:    22769.130    22846.120    22904.130    22930.130    23021.120
   400:    23120.130    23194.120    23294.130    23381.120    23403.120
   405:    23430.120    23590.120    23609.120    23623.740    23770.540
   410:    23770.320    23770.330    23770.350    23770.240    23770.120
   415:    24020.220    24020.230    24020.250    24020.340    24123.130
   420:    24219.120    24248.120    24326.130    24402.120    24427.120
   425:    24448.120    24526.130    24593.120    24618.120    24697.130
   430:    24784.120    24811.120    24837.120    24956.130    25030.120
   435:    25055.120    25202.120    25226.120    25311.130    25398.120
   440:    25420.120    25444.120    25522.130    25596.120    25627.120
   445:    25723.130    25834.120    25858.120    25937.130    25972.130
   450:    26049.120    26072.120    26233.120    26254.120    26279.120
   455:    26396.130    26470.120    26544.130    26611.120    26733.130
   460:    26807.120    26834.120    26858.120    26926.130    26990.120
   465:    27021.120    27096.130    27168.120    27195.120    27259.130
   470:    27329.120    27354.120    27429.130    27527.120    27618.130
   475:    27692.120    27718.120    27797.130    27848.130    27937.120
   480:    28071.130    28156.120    28186.120    28213.120    28235.120
   485:    28259.120    28386.130    28464.120    28486.120    28510.120
   490:    28604.130    28664.120    28689.120    28714.120    28798.130
   495:    28879.120    28958.130    29030.120    29052.120    29075.120
   500:    29148.130    29225.120    29249.120    29398.120    29510.130
   505:    29561.130    29653.120    29670.120    29690.120    29837.120
   510:    29865.120    29939.130    30012.120    30036.120    30105.130
   515:    30194.120    30219.120    30292.130    30361.120    30388.120
   520:    30407.120    30483.130    30534.130    30593.120    30617.120
   525:    30700.130    30781.120    30804.120    30920.740    31003.540
   530:    31003.320    31003.330    31003.350    31003.240    31003.120
   535:    31253.220    31253.230    31253.250    31253.340    31342.130
   540:    31376.130    31524.130    31606.120    31686.130    31758.120
   545:    31784.120    31852.840    31857.640    31857.320    31857.330
   550:    31857.350    31857.240    31857.130    32107.220    32107.230
   555:    32107.250    32107.340    32230.130    32350.120    32371.120
   560:    32545.120    32571.120    32633.130    32655.130    32733.120
   565:    32784.120    32853.130    32930.120    32960.120    32984.120
   570:    33049.130    33120.120    33145.120    33164.120    33252.130
   575:    33352.120    33374.120    33403.120    33497.130    33570.120
   580:    33593.120    33675.130    33744.120    33763.120    33840.130
   585:    33904.130    33930.130    33997.120    34018.120    34092.130
   590:    34162.120    34187.120    34257.130    34337.120    34363.120
   595:    34445.130    34509.120    34535.120    34634.130    34875.130
   600:    34952.120    35053.130    35119.120    35143.120    35229.130
   605:    35300.120    35330.120    35442.130    35517.120    35542.120
   610:    35624.130    35725.120    35749.120    35817.130    35948.120
   615:    36034.130    36106.120    36131.120    36246.130    36269.130
   620:    36338.120    36361.120    36429.130    36506.120    36532.120
   625:    36632.130    36725.120    36883.120    36905.120    36997.130
   630:    37063.120    37088.120    37146.130    37171.130    37234.120
   635:    37256.120    37401.120    37425.120    37504.130    37562.120
   640:    37582.120    37605.120    37622.120    37691.130    37766.120
   645:    37793.120    37814.120    37884.130    37954.120    38077.130
   650:    38140.120    38164.120    38237.130    38287.130    38348.120
   655:    38375.120    38450.130    38526.120    38549.120    38638.130
   660:    38739.120    38816.130    38882.120    38905.120    38985.130
   665:    39087.130    39159.120    39185.120    39276.130    39352.120
   670:    39377.120    39397.120    39461.130    39540.120    39553.740
   675:    39560.540    39560.320    39560.330    39560.350    39560.240
   680:    39560.120    39810.220    39810.230    39810.250    39810.340
   685:    39901.130    39974.120    40160.120    40238.130    40310.740
   690:    40319.540    40319.320    40319.330    40319.350    40319.240
   695:    40319.120    40569.220    40569.230    40569.250    40569.340
   700:    40673.130    40752.120    40806.120    40910.130    40989.120
   705:    41069.130    41146.120    41171.120    41247.130    41316.120
   710:    41340.120    41363.120    41439.130    41494.120    41514.120
   715:    41597.130    41681.120    41758.130    41862.120    41919.130
   720:    41985.120    42015.120    42134.130    42296.120    42368.130
   725:    42440.120    42464.120    42547.130    42612.120    42639.120
   730:    42943.120    42967.120    42994.120    43077.130    43099.130
   735:    43173.120    43200.120    43321.130    43389.130    43560.120
   740:    43584.120    43612.120    43690.130    43803.120    43880.130
   745:    43915.130    44018.130    44069.740    44082.540    44082.320
   750:    44082.330    44082.350    44082.240    44082.120    44332.220
   755:    44332.230    44332.250    44332.340    44407.130    44476.120
   760:    44499.120    44602.130    44685.120    44709.120    44797.130
   765:    44865.120    44896.120    44985.130    45074.120    45099.120
   770:    45178.130    45273.120    45407.130    45485.120    45511.120
   775:    45572.130    45596.130    45674.120    45701.120    45728.120
   780:    45794.130    45856.120    45880.120    45945.130    45973.130
   785:    46033.120    46058.120    46125.130    46231.120    46258.120
   790:    46319.130    46353.130    46413.120    46438.120    46461.120
   795:    46624.120    46684.120    46774.130    46840.120    46937.130
   800:    47021.120    47139.130    47217.120    47402.120    47423.120
   805:    47498.130    47570.120    47596.120    47741.120    47826.130
   810:    47872.130    47942.120    47973.120    48079.130    48166.120
   815:    48194.120    48301.130    48385.120    48412.120    48447.120
   820:    48473.120    48582.130    48655.120    48676.120    48699.120
   825:    48788.130    48864.120    48887.120    48919.120    48992.130
   830:    49090.120    49187.130    49257.120    49285.120    49399.130
   835:    49482.120    49511.120    49670.120    49698.120    49824.130
   840:    49904.120    49929.120    50024.130    50096.120    50206.130
   845:    50287.120    50314.120    50405.130    50512.120    50607.130
   850:    50630.130    50707.130    50774.120    50803.120    50895.130
   855:    50926.130    50992.120    51045.120    51136.130    51214.120
   860:    51244.120    51338.130    51416.120    51556.130    51633.120
   865:    51724.130    51748.130    51815.120    51842.120    51871.120
   870:    51946.130    52024.120    52052.120    52095.120    52166.130
   875:    52255.120    52274.120    52309.120    52412.130    52444.130
   880:    52523.120    52549.120    52617.130    52697.120    52731.120
   885:    52813.130    52887.120    52914.120    53064.120    53089.120
   890:    53164.130    53280.120    53428.120    53531.130    53568.130
   895:    53637.120    53746.130    53820.120    53847.120    53875.120
   900:    53955.130    53994.130    54007.840    54020.640    54020.320
   905:    54020.330    54020.350    54020.240    54020.130    54270.220
   910:    54270.230    54270.250    54270.340    54388.130    54469.120
   915:    54497.120    54601.130    54671.120    54695.120    54732.740
   920:    54815.130    54885.540    54885.320    54885.330    54885.350
   925:    54885.240    54885.120    55135.220    55135.230    55135.250
   930:    55135.340    55255.130    55358.120    55473.130    55548.120
   935:    55661.130    55747.120    55772.120    55843.130    55867.130
   940:    55948.120    55976.120    56056.130    56136.120    56164.120
   945:    56233.130    56262.130    56345.120    56373.120    56454.130
   950:    56585.130    56673.120    56702.120    56733.120    56832.130
   955:    56933.120    56961.120    56988.120    57093.130    57183.130
   960:    57261.120    57294.120    57330.120    57428.130    57492.130
   965:    57592.120    57690.130    57774.120    57800.120    57949.130
   970:    58036.120    58152.130    58251.120    58278.120    58365.130
   975:    58493.120    58516.120    58535.740    58618.130    58704.540
   980:    58704.320    58704.330    58704.350    58704.240    58704.120
   985:    58954.220    58954.230    58954.250    58954.340    59043.130
   990:    59147.120    59275.130    59355.120    59474.130    59556.120
   995:    59590.120    59757.120    59785.120    59886.130    59958.120
  1000:    59980.120    60005.120    60034.120    60113.130    60144.130
  1005:    60233.120    60357.130    60440.120    60642.120    60666.120
  1010:    60699.120    60772.130    60854.120    60884.120    60907.120
  1015:    60991.130    61030.130    61065.130    61151.120    61170.840
  1020:    61180.120    61262.640    61262.320    61262.330    61262.350
  1025:    61262.240    61262.130    61512.220    61512.230    61512.250
  1030:    61512.340    61633.130    61708.120    61736.120    61834.130
  1035:    61934.120    61965.120    62073.130    62164.120    62190.120
  1040:    62291.130    62383.120    62410.120    62491.130    62572.120
  1045:    62594.120    62628.120    62658.120    62791.130    62879.120
  1050:    62907.120    62982.130    63068.120    63093.120    63168.130
  1055:    63233.130    63312.120    63338.120    63366.120    63466.130
  1060:    63574.120    63706.130    63789.120    63819.120    63897.130
  1065:    63956.130    64033.120    64061.120    64094.120    64225.130
  1070:    64307.120    64335.120    64363.120    64438.130    64466.130
  1075:    64552.120    64657.130    64781.120    64808.120    64904.130
  1080:    65005.120    65133.130    65228.120    65256.120    65362.130
  1085:    65444.120    65469.120    65502.120    65572.120    65597.120
  1090:    65692.130    65770.120    65800.120    65866.130    65893.130
  1095:    65976.120    66047.120    66168.130    66251.120    66278.120
  1100:    66390.130    66423.130    66512.840    66662.120    66691.120
  1105:    66720.120    66747.120    66823.640    66823.320    66823.330
  1110:    66823.350    66823.240    66823.130    67073.220    67073.230
  1115:    67073.250    67073.340    67187.130    67251.130    67340.120
  1120:    67462.130    67548.120    67577.120    67661.130    67777.120
  1125:    67802.120    67832.120    67930.130    68017.120    68050.120
  1130:    68083.120    68165.120    68193.120    68269.130    68363.120
  1135:    68392.120    68481.130    68515.130    68596.120    68621.120
  1140:    68797.120    68829.120    68996.120    69088.130    69116.130
  1145:    69206.120    69273.840    69294.640    69294.320    69294.330
  1150:    69294.350    69294.240    69294.130    69544.220    69544.230
  1155:    69544.250    69544.340    69683.130    69766.130    69889.120
  1160:    69913.120    70018.130    70132.120    70216.130    70299.120
  1165:    70382.130    70511.120    70538.120    70624.130    70693.120
  1170:    70748.120    70779.120    70856.130    70886.130    70957.120
  1175:    70982.120    71054.740    71097.130    71184.540    71184.320
  1180:    71184.330    71184.350    71184.240    71184.120    71434.220
  1185:    71434.230    71434.250    71434.340    71548.130    71588.130
  1190:    71647.130    71791.120    71919.130    71990.120    72020.120
  1195:    72098.130    72198.120    72229.120    72333.130    72419.120
  1200:    72538.130    72609.120    72636.120    72661.120    72693.120
  1205:    72785.130    72869.120    72895.120    72976.120    73057.130
  1210:    73132.120    73160.120    73237.130    73332.120    73359.120
  1215:    73384.120    73465.120    73497.120    73645.130    73721.120
  1220:    73747.120    73888.130    73944.840    73973.120    74001.120
  1225:    74031.120    74140.640    74140.320    74140.330    74140.350
  1230:    74140.240    74140.130    74390.220    74390.230    74390.250
  1235:    74390.340    74434.740    74499.130    74577.540    74577.320
  1240:    74577.330    74577.350    74577.240    74577.120    74827.220
  1245:    74827.230    74827.250    74827.340    74924.130    74957.130
  1250:    74995.130    75097.120    75184.130    75257.120    75284.120
  1255:    75313.120    75391.130    75477.120    75503.120    75594.130
  1260:    75627.130    75663.130    75782.120    75811.120    75949.130
  1265:    76033.120    76066.120    76093.120    76181.130    76269.120
  1270:    76294.120    76381.130    76457.120    76486.120    76565.130
  1275:    76650.120    76682.120    76702.120    76792.130    76853.130
  1280:    76928.120    76959.120    76985.120    77066.130    77144.120
  1285:    77172.120    77208.120    77230.120    77435.120    77466.120
  1290:    77502.120    77615.130    77690.120    77721.120    77750.120
  1295:    77813.130    77839.130    77914.120    77939.120    77969.120
  1300:    78068.130    78153.120    78173.120    78205.120    78287.130
  1305:    78363.120    78388.120    78498.130    78552.130    78618.120
  1310:    78649.120    78723.120    78756.120    79323.120    79351.120
  1315:    79378.120    79407.120    79498.130    79580.120    79616.120
  1320:    79702.130    79780.120    79807.120    79836.120    79890.840
  1325:    79934.640    79934.320    79934.330    79934.350    79934.240
  1330:    79934.130    80184.220    80184.230    80184.250    80184.340
  1335:    80274.130    80339.120    80372.120    80406.120    80516.130
  1340:    80571.130    80646.120    80673.120    80705.120    80736.120
  1345:    80814.130    80899.120    81020.130    81098.120    81125.120
  1350:    81160.120    81192.120    81307.130    81387.120    81416.120
  1355:    81445.120    81476.120    81566.130    81643.120    81672.120
  1360:    81702.120    81727.740    81742.540    81742.320    81742.330
  1365:    81742.350    81742.240    81742.120    81992.220    81992.230
  1370:    81992.250    81992.340    82112.130    82220.120    82343.130
  1375:    82431.120    82538.130    82624.120    82651.120    82675.120
  1380:    82749.130    82836.120    82863.120    82947.130    83025.120
  1385:    83051.120    83076.120    83168.130    83244.120    83272.120
  1390:    83371.130    83451.120    83476.120    83502.120    83662.120
  1395:    83693.120    83720.120    83802.130    83868.130    83939.120
  1400:    83970.120    84002.120    84030.120    84120.130    84275.120
  1405:    84301.120    84330.120    84360.120    84433.130    84517.120
  1410:    84551.120    84577.120    84657.130    84739.120    84769.120
  1415:    84791.120    84881.130    85027.120    85055.120    85154.130
  1420:    85270.120    85299.120    85421.130    85512.120    85542.120
  1425:    85626.130    85659.130    85730.130    85819.120    85847.120
  1430:    85875.120    86021.130    86120.120    86233.130    86313.120
  1435:    86335.120    86363.120    86442.130    86469.130    86544.120
  1440:    86636.130    86724.120    86760.120    86788.120    86891.130
  1445:    86965.120    86994.120    87019.120    87098.130    87171.120
  1450:    87199.120    87225.120    87321.130    87403.120    87431.120
  1455:    87514.130    87614.120    87639.120    87665.120    87835.130
  1460:    87938.120    87961.120    87995.120    88081.130    88152.120
  1465:    88175.120    88259.130    88334.120    88363.120    88498.130
  1470:    88567.120    88595.120    88692.130    88726.130    88801.120
  1475:    88831.120    88918.130    88988.120    89018.120    89151.130
  1480:    89263.120    89295.120    89379.130    89451.120    89482.120
  1485:    89597.130    89678.120    89706.120    89827.130    89912.120
  1490:    89941.120    90012.130    90085.120    90114.120    90217.130
  1495:    90297.120    90325.120    90354.120    90444.130    90523.120
  1500:    90553.120    90624.120    90651.120    90744.130    90773.130
  1505:    90840.120    91039.120    91170.130    91243.120    91271.120
  1510:    91436.120    91570.120    91593.120    92181.130    92270.120
  1515:    92295.120    92322.120    92364.120    92392.120    92483.130
  1520:    92564.120    92633.120    92714.130    92901.130    93033.120
  1525:    93063.120    93129.120    93220.130    93296.130    93310.130
  1530:    93377.120    93406.120    93485.130    93541.130    93607.120
  1535:    93643.120    93743.130    93807.130    93894.120    93926.120
  1540:    94019.130    94098.130    94177.120    94209.120    94339.130
  1545:    94420.120    94447.120    94474.120    94557.130    94640.120
  1550:    94671.120    94753.130    94844.120    94872.120    94946.130
  1555:    95039.120    95069.120    95095.120    95203.130    95288.120
  1560:    95318.120    95409.130    95437.130    95515.120    95545.120
  1565:    95619.130    95707.120    95737.120    95836.130    95912.120
  1570:    95942.120    96138.120    96240.130    96318.120    96401.130
  1575:    96479.120    96513.120    96639.130    96712.120    96738.120
  1580:    96822.130    96947.120    97040.130    97112.120    97137.120
  1585:    97219.130    97299.120    97327.120    97409.130    97472.130
  1590:    97548.120    97650.130    97733.120    97892.740    97923.540
  1595:    97923.320    97923.330    97923.350    97923.240    97923.120
  1600:    98173.220    98173.230    98173.250    98173.340    98258.130
  1605:    98273.740    98280.130    98370.540    98370.320    98370.330
  1610:    98370.350    98370.240    98370.120    98620.220    98620.230
  1615:    98620.250    98620.340    98721.130    98817.120    98841.120
  1620:    98934.130    99007.120    99094.130    99167.120    99195.120
  1625:    99269.130    99320.740    99366.540    99366.320    99366.330
  1630:    99366.350    99366.240    99366.120    99616.220    99616.230
  1635:    99616.250    99616.340    99709.130    99768.130    99847.120
  1640:    99935.130    99984.840   100008.120   100133.640   100133.320
  1645:   100133.330   100133.350   100133.240   100133.130   100383.220
  1650:   100383.230   100383.250   100383.340   100494.130   100600.120
  1655:   100681.130   100815.120   100893.130   100930.130   100961.130
  1660:   101025.120   101103.130   101185.120   101212.120   101252.120
  1665:   101364.130   101383.840   101442.120   101472.120   101590.640
  1670:   101590.320   101590.330   101590.350   101590.240   101590.130
  1675:   101840.220   101840.230   101840.250   101840.340   101932.130
  1680:   102009.120   102038.120   102116.130   102196.120   102272.130
  1685:   102357.120   102385.120   102478.130   102561.120   102590.120
  1690:   102665.130   102740.120   102771.120   102798.120   102822.120
  1695:   102896.130   102982.120   103102.130   103188.120   103219.120
  1700:   103248.120   103344.130   103422.120   103446.120   103616.740
  1705:   103634.540   103634.320   103634.330   103634.350   103634.240
  1710:   103634.120   103884.220   103884.230   103884.250   103884.340
  1715:   103940.840   103982.640   103982.320   103982.330   103982.350
  1720:   103982.240   103982.130   103984.740   104232.220   104232.230
  1725:   104232.250   104232.340   104322.130   104412.540   104412.320
  1730:   104412.330   104412.350   104412.240   104412.120   104532.840
  1735:   104662.220   104662.230   104662.250   104662.340   104772.640
  1740:   104772.320   104772.330   104772.350   104772.240   104772.130
  1745:   105022.220   105022.230   105022.250   105022.340   105116.130
  1750:   105214.120   105233.120   105262.740   105283.540   105283.320
  1755:   105283.330   105283.350   105283.240   105283.120   105522.840
  1760:   105533.220   105533.230   105533.250   105533.340   105618.640
  1765:   105618.320   105618.330   105618.350   105618.240   105618.130
  1770:   105868.220   105868.230   105868.250   105868.340   105982.130
  1775:   106011.130   106102.120   106127.120   106151.120   106267.130
  1780:   106353.120   106382.120   106461.130   106559.120   106681.130
  1785:   106761.120   106793.120   106819.120   106899.130   106983.120
  1790:   107013.120   107107.130   107133.740   107206.540   107206.320
  1795:   107206.330   107206.350   107206.240   107206.120   107456.220
  1800:   107456.230   107456.250   107456.340   107610.130   107698.120
  1805:   107726.120   107818.130   107902.120   107931.120   107958.120
  1810:   107986.120   108078.130   108166.120   108191.120   108230.120
  1815:   108336.130   108422.120   108448.120   108524.130   108600.120
  1820:   108628.120   108737.130   108815.120   108842.120   108943.130
  1825:   108974.130   109049.120   109146.130   109222.120   109250.120
  1830:   109332.130   109357.130   109417.120   109444.120   109469.120
  1835:   109495.120   109522.120   109568.840   109601.640   109601.320
  1840:   109601.330   109601.350   109601.240   109601.130   109851.220
  1845:   109851.230   109851.250   109851.340   109940.130   109970.130
  1850:   110024.130   110104.120   110138.120   110178.120   110280.130
  1855:   110364.120   110393.120   110570.130   110643.120   110672.120
  1860:   110754.130   110833.120   110863.120   110939.130   111017.120
  1865:   111041.120   111056.740   111133.130   111158.130   111239.540
  1870:   111239.320   111239.330   111239.350   111239.240   111239.120
  1875:   111489.220   111489.230   111489.250   111489.340   111589.130
  1880:   111692.120   111730.120   111819.130   111849.130   111912.120
  1885:   111999.130   112101.120   112123.120   112152.120   112237.130
  1890:   112310.120   112338.120   112412.130   112538.130   112624.120
  1895:   112656.120   112687.120   112768.130   112850.120   112880.120
  1900:   112957.130   113027.120   113055.120   113144.130   113223.120
  1905:   113253.120   113333.130   113410.120   113436.120   113530.130
  1910:   113608.120   113630.120   113737.130   113816.120   114010.120
  1915:   114048.120   114129.130   114221.120   114246.120   114343.130
  1920:   114415.120   114440.120   114451.840   114535.640   114535.320
  1925:   114535.330   114535.350   114535.240   114535.130   114785.220
  1930:   114785.230   114785.250   114785.340   114864.130   114945.120
  1935:   115053.130   115140.120   115172.120   115268.130   115359.120
  1940:   115390.120   115572.120   115595.120   115675.130   115764.120
  1945:   115790.120   115881.130   115949.120   115975.120   116003.120
  1950:   116175.120   116202.120   116290.130   116374.120   116396.120
  1955:   116420.120   116594.120   116712.130   116800.120   116832.120
  1960:   116926.130   116985.840   116996.120   117024.120   117120.640
  1965:   117120.320   117120.330   117120.350   117120.240   117120.130
  1970:   117370.220   117370.230   117370.250   117370.340   117469.130
  1975:   117556.120   117585.120   117664.130   117739.120   117765.120
  1980:   117863.130   117935.120   117985.120   118083.130   118159.120
  1985:   118187.120   118189.740   118259.130   118332.540   118332.320
  1990:   118332.330   118332.350   118332.240   118332.120   118582.220
  1995:   118582.230   118582.250   118582.340   118673.130   118698.130
  2000:   118784.120   118820.120   118848.120   118981.130   119047.120
  2005:   119073.120   119160.130   119235.120   119312.130   119383.120
  2010:   119492.130   119563.120   119668.130   119734.120   119766.120
  2015:   119770.840   119853.640   119853.320   119853.330   119853.350
  2020:   119853.240   119853.130   120103.220   120103.230   120103.250
  2025:   120103.340   120253.120   120280.120   120381.130   120455.120
  2030:   120482.120   120578.130   120655.120   120682.740   120793.130
  2035:   120869.540   120869.320   120869.330   120869.350   120869.240
  2040:   120869.120   121119.220   121119.230   121119.250   121119.340
  2045:   121303.840   121334.120   121358.120   121408.120   121482.640
  2050:   121482.320   121482.330   121482.350   121482.240   121482.130
  2055:   121732.220   121732.230   121732.250   121732.340   121821.130
  2060:   121903.120   121929.120   121955.120   122044.130   122154.120
  2065:   122175.120   122251.130   122331.120   122360.120   122452.130
  2070:   122531.120   122609.130   122690.120   122711.120   122736.120
  2075:   122814.130   122979.120   123003.120   123110.130   123228.120
  2080:   123259.120   123326.130   123400.120   123430.120   123512.130
  2085:   123592.120   123702.130   123811.120   123840.120   123999.120
  2090:   124022.120   124116.130   124254.120   124283.120   124389.130
  2095:   124463.120   124564.130   124642.120   124667.120   124719.740
  2100:   124745.130   124819.540   124819.320   124819.330   124819.350
  2105:   124819.240   124819.120   125069.220   125069.230   125069.250
  2110:   125069.340   125163.130   125269.120   125296.120   125368.130
  2115:   125461.120   125578.130   125682.120   125707.120   125781.130
  2120:   125856.120   125883.120   125973.130   126057.120   126082.120
  2125:   126160.130   126228.120   126232.840   126252.120   126326.640
  2130:   126326.320   126326.330   126326.350   126326.240   126326.130
  2135:   126576.220   126576.230   126576.250   126576.340   126690.130
  2140:   126728.130   126788.130   126814.130   126891.120   126914.120
  2145:   126944.120   127023.130   127103.120   127133.120   127162.120
  2150:   127241.130   127332.120   127356.120   127386.120   127462.130
  2155:   127542.120   127573.120   127683.130   127767.120   127795.120
  2160:   127857.130   127869.740   127883.130   127963.540   127963.320
  2165:   127963.330   127963.350   127963.240   127963.120   128213.220
  2170:   128213.230   128213.250   128213.340   128300.130   128400.120
  2175:   128426.120   128533.130   128588.130   128690.120   128715.120
  2180:   128808.130   128887.120   128916.120   128938.120   129069.130
  2185:   129180.120   129211.120   129296.130   129378.120   129402.120
  2190:   129482.130   129568.120   129599.120   129702.130   129796.120
  2195:   129823.120   129913.130   130060.120   130147.130   130213.740
  2200:   130230.540   130230.320   130230.330   130230.350   130230.240
  2205:   130230.120   130480.220   130480.230   130480.250   130480.340
  2210:   130701.120   130722.120   130745.120   130764.120   130943.120
  2215:   131025.130   131097.120   131123.120   131230.130   131306.120
  2220:   131336.120   131426.130   131677.120   131704.120   131780.130
  2225:   131864.120   131892.120   132012.130   132110.120   132142.120
  2230:   132228.130   132305.120   132330.120   132420.130   132496.120
  2235:   132521.120   132544.120   132628.130   132716.120   132824.130
  2240:   132890.120   133006.130   133079.120   133103.120   133180.740
  2245:   133263.540   133263.320   133263.330   133263.350   133263.240
  2250:   133263.120   133513.220   133513.230   133513.250   133513.340
  2255:   133606.130   133693.120   133716.120   133792.130   133869.120
  2260:   133946.130   134023.120   134055.120   134122.130   134407.120
  2265:   134428.120   134697.130   134794.120   134818.120   134903.130
  2270:   134990.120   135072.130   135150.120   135173.120   135247.130
  2275:   135318.120   135424.130   135503.120   135532.120   135602.130
  2280:   135680.120   135703.120   135798.130   135877.120   135903.120
  2285:   135976.130   135999.130   136070.120   136171.130   136322.120
  2290:   136347.120   136425.130   136510.120   136541.120   136673.130
  2295:   136948.130   137035.120   137059.120   137101.120   137136.120
  2300:   137219.130   137324.120   137353.120   137473.130   137560.120
  2305:   137586.120   137654.130   137791.120   137863.130   137947.120
  2310:   137974.120   138085.130   138155.120   138182.120   138208.120
  2315:   138292.130   138375.120   138540.120   138567.120   138658.130
  2320:   138943.120   138964.120   139038.130   139121.120   139141.120
  2325:   139217.130   139307.120   139390.130   139476.120   139506.120
  2330:   139572.130   139613.740   139649.540   139649.320   139649.330
  2335:   139649.350   139649.240   139649.120   139899.220   139899.230
  2340:   139899.250   139899.340   139971.130   140000.130   140106.120
  2345:   140127.120   140205.130   140278.120   140311.120   140339.120
  2350:   140417.130   140494.120   140517.120   140576.840   140612.640
  2355:   140612.320   140612.330   140612.350   140612.240   140612.130
  2360:   140862.220   140862.230   140862.250   140862.340   140961.130
  2365:   141037.120   141059.120   141181.130   141265.120   141294.120
  2370:   141369.130   141444.120   141470.120   141498.120   141588.130
  2375:   141670.120   141695.120   141770.130   141844.120   141872.120
  2380:   141978.130   142064.120   142087.120   142180.130   142258.120
  2385:   142286.120   142380.130   142451.120   142477.120   142570.130
  2390:   142644.120   142671.120   142742.130   142825.120   142856.120
  2395:   142934.130   142998.120   143018.120   143095.130   143180.120
  2400:   143209.120   143234.120   143299.740   143323.130   143400.540
  2405:   143400.320   143400.330   143400.350   143400.240   143400.120
  2410:   143650.220   143650.230   143650.250   143650.340   143728.130
  2415:   143807.120   143838.120   143909.130   143984.120   144013.120
  2420:   144105.130   144198.120   144263.130   144286.130   144347.120
  2425:   144385.120   144557.120   144583.120   144682.130   144856.130
  2430:   144931.120   144959.120   145036.130   145107.120   145136.120
  2435:   145201.130   145224.130   145295.120   145368.120   145427.130
  2440:   145486.120   145630.130   145698.120   145725.120   145756.120
  2445:   145882.130   145951.120   146010.120   146216.120   146250.120
  2450:   146331.130   146391.120   146413.120   146543.130   146631.120
  2455:   146660.120   146749.130   146824.120   146978.130   147078.120
  2460:   147102.120   147176.130   147269.120   147350.740   147392.130
  2465:   147470.540   147470.320   147470.330   147470.350   147470.240
  2470:   147470.120   147720.220   147720.230   147720.250   147720.340
  2475:   147815.130   147900.120   147981.130   148087.120   148110.120
  2480:   148162.840   148209.640   148209.320   148209.330   148209.350
  2485:   148209.240   148209.130   148459.220   148459.230   148459.250
  2490:   148459.340   148605.130   148681.120   148763.130   148836.120
  2495:   148912.130   149017.120   149045.120   149142.130   149252.120
  2500:   149366.130   149458.120   149532.130   149620.740   149627.540
  2505:   149627.320   149627.330   149627.350   149627.240   149627.120
  2510:   149877.220   149877.230   149877.250   149877.340   149961.130
  2515:   150047.120   150157.130   150253.120   150394.130   150470.120
  2520:   150492.120   150587.130   150687.120   150711.120   150787.130
  2525:   150863.120   150936.130   151013.120   151047.120   151138.130
  2530:   151220.120   151336.130   151371.130   151449.120   151607.130
  2535:   151680.120   151706.120   151791.130   151873.120   151899.120
  2540:   151921.120   152022.130   152093.120   152170.130   152247.120
  2545:   152419.130   152491.120   152524.120   152624.130   152712.120
  2550:   152822.130   152914.120   152943.120   153061.130   153125.120
  2555:   153231.130   153255.130   153295.130   153402.120   153573.130
  2560:   153688.120   153792.130   153873.120   153894.120   153990.130
  2565:   154086.120   154111.120   154209.130   154394.130   154464.120
  2570:   154477.740   154495.540   154495.320   154495.330   154495.350
  2575:   154495.240   154495.120   154745.220   154745.230   154745.250
  2580:   154745.340   154832.130   154859.840   154917.120   155027.640
  2585:   155027.320   155027.330   155027.350   155027.240   155027.130
  2590:   155277.220   155277.230   155277.250   155277.340   155374.130
  2595:   155456.120   155584.130   155651.120   155677.120   155756.130
  2600:   155843.120   155870.120   155943.130   156025.120   156055.120
  2605:   156149.130   156220.120   156249.120   156330.130   156428.120
  2610:   156457.120   156554.130   156629.120   156653.120   156814.120
  2615:   156891.130   156964.120   156992.120   157081.130   157157.120
  2620:   157335.130   157394.130   157459.120   157477.840   157486.120
  2625:   157588.640   157588.320   157588.330   157588.350   157588.240
  2630:   157588.130   157838.220   157838.230   157838.250   157838.340
  2635:   157942.130   158059.120   158088.120   158115.120   158248.130
  2640:   158323.120   158453.130   158558.120   158650.130   158721.120
  2645:   158752.120   158829.130   158911.120   159046.130   159117.120
  2650:   159197.130   159275.120   159397.130   159427.130   159514.120
  2655:   159602.130   159693.120   159720.120   159913.120   160079.130
  2660:   160245.740   160512.130   160614.540   160614.320   160614.330
  2665:   160614.350   160614.240   160614.120   160864.220   160864.230
  2670:   160864.250   160864.340   160962.130   161068.120   161090.120
  2675:   161115.120   161271.130   161342.120   161371.120   161474.130
  2680:   161554.120   161582.120   161610.120   161708.130   161784.120
  2685:   161838.840   161897.640   161897.320   161897.330   161897.350
  2690:   161897.240   161897.130   162147.220   162147.230   162147.250
  2695:   162147.340   162240.130   162322.120   162351.120   162380.120
  2700:   162457.130   162526.120   162602.130   162674.120   162704.120
  2705:   162819.130   162886.120   162913.120   163034.130   163106.120
  2710:   163210.130   163291.120   163361.130   163437.120   163549.130
  2715:   163625.120   163647.840   163652.120   163754.640   163754.320
  2720:   163754.330   163754.350   163754.240   163754.130   163964.740
  2725:   164004.220   164004.230   164004.250   164004.340   164093.130
  2730:   164191.540   164191.320   164191.330   164191.350   164191.240
  2735:   164191.120   164441.220   164441.230   164441.250   164441.340
  2740:   164530.130   164611.120   164638.120   164712.130   164787.120
  2745:   164878.130   164964.120   164990.120   165096.130   165330.120
  2750:   165361.120   165436.130   165507.120   165602.130   165674.120
  2755:   165779.130   165856.120   165945.130   166023.120   166109.130
  2760:   166173.120   166200.120   166275.130   166356.120   166485.130
  2765:   166556.120   166585.120   166704.840   166712.640   166712.320
  2770:   166712.330   166712.350   166712.240   166712.130   166962.220
  2775:   166962.230   166962.250   166962.340   167049.130   167130.120
  2780:   167398.130   167515.120   167598.130   167675.120   167755.130
  2785:   167837.120   167946.130   168051.120   168079.120   168141.130
  2790:   168210.120   168279.130   168303.130   168368.120   168441.130
  2795:   168513.120   168541.120   168670.130   168755.120   168839.130
  2800:   168911.120   169001.130   169067.120   169190.130   169300.120
  2805:   169417.130   169486.120   169595.130   169662.120   169692.120
  2810:   169846.120   170027.120   170056.120   170133.130   170208.120
  2815:   170314.130   170338.130   170404.120   170425.120   170490.130
  2820:   170560.120   170660.130   170792.130   170961.130   171035.120
  2825:   171122.130   171240.120   171274.120   171367.130   171521.130
  2830:   171597.120   171627.120   171794.120   171821.120   171849.120
  2835:   171970.130   172075.120   172203.130   172269.120   172338.130
  2840:   172362.840   172405.120   172532.640   172532.320   172532.330
  2845:   172532.350   172532.240   172532.130   172782.220   172782.230
  2850:   172782.250   172782.340   172885.130   172957.120   172983.120
  2855:   173072.130   173149.120   173225.120   173293.130   173366.120
  2860:   173488.130   173562.120   173644.120   173670.120   173781.130
  2865:   173862.130   174045.130   174117.120   174227.130   174314.120
  2870:   174431.130   174544.120   174572.120   174640.130   174668.130
  2875:   174854.130   174880.130   174975.120   175058.130   175163.130
  2880:   175374.130   175492.130   175565.130   175640.120   175665.120
  2885:   175690.120   175825.130   175903.120   176013.130   176090.120
  2890:   176182.840   176225.640   176225.320   176225.330   176225.350
  2895:   176225.240   176225.130   176475.220   176475.230   176475.250
  2900:   176475.340   176568.130   176642.120   176928.130   177013.120
  2905:   177171.130   177247.120   177270.120   177378.130   177469.120
  2910:   177494.120   177627.130   177726.120   177855.130   177934.120
  2915:   178086.130   178252.130   178334.120   178441.130   178577.130
  2920:   178657.120   178679.120   178741.740   178809.130   178887.540
  2925:   178887.320   178887.330   178887.350   178887.240   178887.120
  2930:   179137.220   179137.230   179137.250   179137.340   179225.130
  2935:   179311.120   179334.120   179375.840   179506.640   179506.320
  2940:   179506.330   179506.350   179506.240   179506.130   179756.220
  2945:   179756.230   179756.250   179756.340   179833.130   179907.120
  2950:   180157.130   180277.120   180306.120   180404.130   180470.120
  2955:   180498.120   180566.130   180640.120   180662.120   180746.130
  2960:   180810.120   180835.120   180901.130   180978.120   181040.130
  2965:   181066.130   181140.120   181224.130   181329.120   181402.130
  2970:   181478.120   181606.130   181629.130   181737.120   181812.130
  2975:   181898.120   181979.120   182033.130   182058.130   182152.120
  2980:   182215.130   182238.130   182318.120   182437.740   182443.130
  2985:   182624.130   182711.540   182711.320   182711.330   182711.350
  2990:   182711.240   182711.120   182961.220   182961.230   182961.250
  2995:   182961.340   183038.130   183116.120   183164.120   183234.130
  3000:   183311.120   183432.130   183508.120   183532.120   183560.120
  3005:   183629.130   183708.120   183852.130   183894.130   183974.120
  3010:   184100.120   184130.120   184156.120   184234.130   184263.130
  3015:   184346.120   184375.120   184468.130   184596.130   184682.130
  3020:   184790.120   184825.120   184973.130   185061.740   185167.130
  3025:   185302.540   185302.320   185302.330   185302.350   185302.240
  3030:   185302.120   185552.220   185552.230   185552.250   185552.340
  3035:   185656.130   185919.130   186137.120   186170.120   186294.130
  3040:   186367.120   186395.120   186519.130   186702.130   186741.130
  3045:   186823.120   186852.120   186952.130   187021.120   187048.120
  3050:   187122.130   187192.120   187220.120   187326.130   187418.120
  3055:   187441.120   187539.130   187620.120   187767.130   187868.120
  3060:   187894.120   187960.130   188044.120   188079.120   188189.130
  3065:   188261.120   188355.130   188456.840   188465.120   188574.640
  3070:   188574.320   188574.330   188574.350   188574.240   188574.130
  3075:   188824.220   188824.230   188824.250   188824.340   188900.130
  3080:   188986.120   189323.130   189446.130   189552.120   189576.120
  3085:   189656.130   189755.120   189782.120   189866.130   189942.120
  3090:   190017.130   190090.120   190146.130   190173.130   190232.120
  3095:   190261.120   190334.130   190404.120   190518.130   190720.130
  3100:   190797.120   190826.120   190933.130   191011.120   191136.130
  3105:   191207.120   191231.120   191326.120   191350.120   191449.130
  3110:   191538.120   191570.120   191655.130   191733.120   191824.840
  3115:   191848.120   191925.640   191925.320   191925.330   191925.350
  3120:   191925.240   191925.130   192175.220   192175.230   192175.250
  3125:   192175.340   192339.120   192364.120   192393.120   192483.130
  3130:   192569.120   192694.130   192767.120   192796.120   192876.130
  3135:   192959.120   192984.120   193071.130   193169.120   193265.130
  3140:   193382.120   193462.130   193490.130   193693.130   193808.120
  3145:   193963.120   194061.130   194140.120   194269.130   194340.120
  3150:   194416.130   194495.120   194525.120   194602.130   194682.120
  3155:   194804.130   194945.120   194968.120   195037.130   195108.130
  3160:   195294.120   195464.130   195664.130   195756.120   195885.130
  3165:   195992.120   196014.120   196109.130   196273.130   196301.130
  3170:   196364.120   196471.130   196564.120   196590.120   196761.130
  3175:   196956.130   196975.840   197025.120   197160.640   197160.320
  3180:   197160.330   197160.350   197160.240   197160.130   197352.740
  3185:   197410.220   197410.230   197410.250   197410.340   197490.130
  3190:   197570.540   197570.320   197570.330   197570.350   197570.240
  3195:   197570.120   197820.220   197820.230   197820.250   197820.340
  3200:   197924.130   197999.120   198246.130   198348.120   198426.130
  3205:   198466.130   198538.120   198614.130   198720.740   198790.130
  3210:   198966.130   199060.540   199060.320   199060.330   199060.350
  3215:   199060.240   199060.120   199310.220   199310.230   199310.250
  3220:   199310.340   199310.840   199395.640   199395.320   199395.330
  3225:   199395.350   199395.240   199395.130   199645.220   199645.230
  3230:   199645.250   199645.340   199744.130   199819.120   199896.130
  3235:   199969.120   200081.130   200157.120   200185.120   200258.130
  3240:   200334.120   200448.130   200561.120   200585.120   200657.130
  3245:   200732.120   200835.130   200917.120   201032.130   201130.120
  3250:   201145.840   201225.640   201225.320   201225.330   201225.350
  3255:   201225.240   201225.130   201475.220   201475.230   201475.250
  3260:   201475.340   201548.130   201622.120   201680.120   201750.130
  3265:   201825.120   201936.130   202012.120   202123.130   202198.120
  3270:   202318.130   202389.120   202424.120   202528.130   202590.120
  3275:   202698.130   202795.120   202875.840   202903.640   202903.320
  3280:   202903.330   202903.350   202903.240   202903.130   203153.220
  3285:   203153.230   203153.250   203153.340   203243.130   203310.740
  3290:   203333.540   203333.320   203333.330   203333.350   203333.240
  3295:   203333.120   203583.220   203583.230   203583.250   203583.340
  3300:   203659.130   203755.120   203832.130   203906.120   203931.120
  3305:   204029.130   204108.120   204132.120   204249.130   204333.120
  3310:   204447.130   204545.120   204657.130   204742.120   204764.120
  3315:   204851.130   204920.120   204945.120   205012.130   205116.120
  3320:   205219.130   205285.120   205315.120   205405.130   205490.120
  3325:   205569.130   205644.120   205653.840   205790.640   205790.320
  3330:   205790.330   205790.350   205790.240   205790.130   206040.220
  3335:   206040.230   206040.250   206040.340   206133.130   206214.120
  3340:   206243.120   206337.130   206404.120   206478.130   206548.120
  3345:   206658.130   206737.120   206847.130   206926.120   207009.130
  3350:   207088.120   207202.130   207273.120   207283.740   207349.130
  3355:   207424.540   207424.320   207424.330   207424.350   207424.240
  3360:   207424.120   207674.220   207674.230   207674.250   207674.340
  3365:   207770.130   207881.120   207983.130   208129.120   208140.840
  3370:   208157.120   208228.640   208228.320   208228.330   208228.350
  3375:   208228.240   208228.130   208478.220   208478.230   208478.250
  3380:   208478.340   208554.130   208626.120   208702.130   208779.120
  3385:   208802.120   208829.120   208916.130   208999.120   209029.120
  3390:   209129.130   209216.120   209240.120   209306.130   209383.120
  3395:   209493.130   209569.120   209663.130   209735.120   209831.130
  3400:   209894.120   210002.130   210080.120   210192.130   210271.120
  3405:   210294.120   210323.120   210430.130   210501.120   210521.120
  3410:   210617.130   210692.120   210814.130   210886.120   210992.130
  3415:   211056.120   211078.120   211221.120   211333.130   211449.120
  3420:   211587.130   211622.130   211705.120   211732.120   211808.130
  3425:   212299.130   212367.120   212442.130   212516.120   212627.130
  3430:   212652.130   212730.120   212813.130   212884.120   212974.740
  3435:   213016.130   213230.540   213230.320   213230.330   213230.350
  3440:   213230.240   213230.120   213480.220   213480.230   213480.250
  3445:   213480.340   213578.130   213657.120   213680.740   213782.130
  3450:   213859.540   213859.320   213859.330   213859.350   213859.240
  3455:   213859.120   214109.220   214109.230   214109.250   214109.340
  3460:   214195.130   214282.120   214302.120   214309.740   214413.130
  3465:   214496.540   214496.320   214496.330   214496.350   214496.240
  3470:   214496.120   214746.220   214746.230   214746.250   214746.340
  3475:   214829.130   214865.130   214942.120   215201.130   215297.120
  3480:   215377.130   215411.130   215487.120   215515.120   215609.130
  3485:   215684.120   215759.130   215832.120   215929.130   215990.120
  3490:   216114.130   216187.120   216264.120   216354.130   216446.740
  3495:   216540.130   216617.540   216617.320   216617.330   216617.350
  3500:   216617.240   216617.120   216867.220   216867.230   216867.250
  3505:   216867.340   216952.130   216979.130   217073.120   217180.130
  3510:   217248.120   217384.130   217458.120   217574.130   217650.120
  3515:   217984.130   218062.120   218181.130   218279.120   218303.120
  3520:   218375.130   218568.130   218708.130   218741.130   218812.120
  3525:   218910.130   218938.130   219034.120   219135.130   219234.120
  3530:   219359.130   219435.120   219467.740   219571.130   219668.540
  3535:   219668.320   219668.330   219668.350   219668.240   219668.120
  3540:   219918.220   219918.230   219918.250   219918.340   220050.130
  3545:   220130.120   220157.120   220223.130   220298.120   220371.130
  3550:   220455.120   220566.130   220643.120   220672.120   220696.120
  3555:   220778.840   220783.640   220783.320   220783.330   220783.350
  3560:   220783.240   220783.130   221018.740   221033.220   221033.230
  3565:   221033.250   221033.340   221127.130   221243.540   221243.320
  3570:   221243.330   221243.350   221243.240   221243.120   221493.220
  3575:   221493.230   221493.250   221493.340   221601.130   221675.120
  3580:   221706.120   221791.130   221873.120   221984.130   222061.120
  3585:   222086.120   222115.120   222181.130   222254.120   222364.130
  3590:   222440.120   222496.130   222521.130   222582.120   222651.130
  3595:   222715.120   222746.120   222836.130   222908.120   222999.120
  3600:   223113.130   223133.840   223198.120   223223.120   223252.120
  3605:   223318.640   223318.320   223318.330   223318.350   223318.240
  3610:   223318.130   223568.220   223568.230   223568.250   223568.340
  3615:   223668.840   223677.640   223677.320   223677.330   223677.350
  3620:   223677.240   223677.130   223693.740   223927.220   223927.230
  3625:   223927.250   223927.340   224018.130   224027.840   224092.540
  3630:   224092.320   224092.330   224092.350   224092.240   224092.120
  3635:   224342.220   224342.230   224342.250   224342.340   224431.640
  3640:   224431.320   224431.330   224431.350   224431.240   224431.130
  3645:   224681.220   224681.230   224681.250   224681.340   224767.130
  3650:   224845.120   224877.120   224901.120   224984.130   225062.120
  3655:   225174.130   225251.120   225278.120   225383.130   225574.130
  3660:   225652.120   225738.130   225833.120   225956.130   226030.120
  3665:   226105.130   226185.120   226245.130   226270.130   226334.120
  3670:   226362.120   226447.130   226530.120   226552.120   226640.130
  3675:   226642.740   226723.540   226723.320   226723.330   226723.350
  3680:   226723.240   226723.120   226973.220   226973.230   226973.250
  3685:   226973.340   227049.130   227132.120   227157.120   227252.130
  3690:   227330.120   227404.130   227483.120   227510.120   227539.120
  3695:   227644.130   227715.120   227807.130   227883.120   227911.120
  3700:   227995.130   228090.120   228119.120   228214.130   228291.120
  3705:   228371.130   228446.120   228467.120   228634.130   228697.120
  3710:   228825.130   228907.120   228928.120   228955.120   229020.130
  3715:   229086.120   229112.120   229138.120   229218.130   229295.120
  3720:   229317.120   229406.130   229495.120   229611.130   229682.120
  3725:   229757.120   229875.130   229943.120   229966.120   230143.120
  3730:   230218.130   230300.120   230433.130   230502.120   230608.130
  3735:   230630.130   230691.120   230762.130   230840.120   230985.130
  3740:   231056.120   231084.120   231157.130   231357.130   231387.130
  3745:   231445.120   231473.120   231591.130   231653.120   231710.120
  3750:   231854.130   231928.120   231948.120   232080.130   232140.120
  3755:   232254.130   232329.120   232425.130   232454.130   232522.120
  3760:   232628.130   232652.130   232716.120   232807.130   232834.130
  3765:   232908.120   233040.130   233081.840   233114.640   233114.320
  3770:   233114.330   233114.350   233114.240   233114.130   233364.220
  3775:   233364.230   233364.250   233364.340   233451.130   233522.120
  3780:   233550.120   233638.130   233709.120   233818.130   233886.120
  3785:   233944.120   233974.120   234085.130   234161.120   234187.120
  3790:   234263.130   234323.120   234365.120   234447.130   234515.120
  3795:   234612.130   234694.120   234724.120   234825.130   234903.120
  3800:   234930.120   234973.740   234992.130   235018.130   235225.130
  3805:   235302.540   235302.320   235302.330   235302.350   235302.240
  3810:   235302.120   235552.220   235552.230   235552.250   235552.340
  3815:   235651.130   235723.120   235750.120   235848.130   235921.120
  3820:   235948.120   236014.130   236040.130   236105.120   236211.130
  3825:   236294.120   236373.130   236438.120   236465.120   236527.130
  3830:   236710.130   236786.120   236812.120   236847.120   236852.740
  3835:   236957.130   237031.540   237031.320   237031.330   237031.350
  3840:   237031.240   237031.120   237281.220   237281.230   237281.250
  3845:   237281.340   237391.130   237468.120   237554.130   237617.120
  3850:   237646.120   237741.130   237817.120   237846.120   237941.130
  3855:   238017.120   238040.120   238069.120   238160.130   238257.120
  3860:   238337.130   238414.120   238437.120   238464.120   238551.130
  3865:   238611.120   238634.120   238703.130   238774.120   238801.120
  3870:   238893.130   238965.120   238991.120   239085.130   239120.130
  3875:   239169.130   239245.120   239271.120   239301.120   239468.120
  3880:   239495.120   239571.130   239636.120   239718.130   239781.740
  3885:   239782.540   239782.320   239782.330   239782.350   239782.240
  3890:   239782.120   240032.220   240032.230   240032.250   240032.340
  3895:   240064.840   240131.640   240131.320   240131.330   240131.350
  3900:   240131.240   240131.130   240381.220   240381.230   240381.250
  3905:   240381.340   240465.130   240567.120   240592.120   240617.120
  3910:   240725.130   240805.120   240870.120   240953.120   241034.130
  3915:   241114.120   241138.120   241166.120   241236.130   241315.120
  3920:   241419.130   241490.120   241519.120   241607.130   241686.120
  3925:   241796.130   241854.120   241954.130   242039.120   242065.120
  3930:   242217.120   242240.120   242316.130   242382.120   242460.130
  3935:   242533.120   242692.130   242765.120   242844.130   242912.120
  3940:   242943.120   242967.120   243051.130   243125.120   243148.120
  3945:   243217.130   243291.120   243386.130   243456.120   243588.130
  3950:   243659.120   243740.130   243872.120   244085.130   244132.740
  3955:   244170.540   244170.320   244170.330   244170.350   244170.240
  3960:   244170.120   244420.220   244420.230   244420.250   244420.340
  3965:   244494.130   244517.130   244601.120   244934.130   245035.120
  3970:   245059.120   245145.130   245242.120   245274.120   245350.130
  3975:   245437.120   245468.120   245528.130   245628.120   245700.130
  3980:   245776.120   245877.130   245945.120   245973.120   246066.130
  3985:   246133.120   246158.120   246250.130   246314.120   246416.130
  3990:   246491.120   246613.130   246680.120   246701.120   246792.130
  3995:   246864.120   247002.120   247027.120   247138.120   247167.120
  4000:   247242.130   247325.120   247348.120   247416.130   247495.120
  4005:   247572.130   247633.120   247658.120   247722.130   247801.120
  4010:   247824.120   247895.130   247959.120   247989.120   248081.130
  4015:   248124.130   248188.120   248217.120   248311.130   248361.130
  4020:   248470.120   248568.130   248637.120   248674.120   248749.130
  4025:   248810.120   248988.130   249089.120   249155.130   249259.120
  4030:   249334.130   249445.120   249468.120   249535.130   249653.120
  4035:   249684.120   249746.130   249875.120   249938.130   250013.120
  4040:   250040.120   250065.120   250143.130   250246.120   250354.130
  4045:   250574.120   250683.130   250759.120   250792.120   250881.840
  4050:   250881.130   250977.120   251020.740   251071.640   251071.320
  4055:   251071.330   251071.350   251071.240   251071.130   251321.220
  4060:   251321.230   251321.250   251321.340   251397.130   251421.130
  4065:   251516.540   251516.320   251516.330   251516.350   251516.240
  4070:   251516.120   251766.220   251766.230   251766.250   251766.340
  4075:   251866.740   251890.130   251981.540   251981.320   251981.330
  4080:   251981.350   251981.240   251981.120   252231.220   252231.230
  4085:   252231.250   252231.340   252358.130   252467.120   252488.120
  4090:   252616.130   252711.120   252738.120   252766.120   252839.130
  4095:   252907.120   252935.120   253031.740   253048.130   253126.540
  4100:   253126.320   253126.330   253126.350   253126.240   253126.120
  4105:   253376.220   253376.230   253376.250   253376.340   253454.130
  4110:   253548.120   253685.130   253760.120   253785.120   253862.130
  4115:   253927.120   254004.130   254107.120   254182.130   254246.120
  4120:   254276.120   254308.120   254410.130   254481.120   254507.120
  4125:   254640.130   254739.120   254818.130   254887.120   254999.130
  4130:   255093.120   255192.130   255291.120   255358.130   255441.120
  4135:   255584.130   255659.120   255733.130   255804.120   255891.120
  4140:   255970.120   256043.130   256119.120   256142.120   256241.130
  4145:   256336.120   256360.120   256466.130   256529.120   256555.120
  4150:   256744.130   256814.120   256894.130   256968.120   257047.120
  4155:   257163.130   257244.120   257276.740   257349.130   257424.540
  4160:   257424.320   257424.330   257424.350   257424.240   257424.120
  4165:   257674.220   257674.230   257674.250   257674.340   257772.130
  4170:   257856.120   257880.120   257905.120   257930.120   258009.130
  4175:   258083.120   258180.130   258256.120   258283.120   258395.130
  4180:   258464.120   258491.120   258561.130   258637.120   258729.130
  4185:   258811.120   258913.130   258986.120   259079.130   259135.120
  4190:   259168.120   259406.130   259509.130   259575.120   259719.120
  4195:   259747.120   259850.130   259878.130   259952.120   260054.130
  4200:   260135.120   260226.130   260316.120   260343.120   260370.120
  4205:   260458.130   260527.120   260611.130   260673.120   260696.120
  4210:   260771.130   260867.120   260957.130   261024.120   261126.130
  4215:   261241.120   261308.130   261431.120   261498.130   261555.120
  4220:   261650.130   261708.130   261782.120   261806.120   261835.120
  4225:   261926.130   262038.120   262113.130   262182.120   262320.130
  4230:   262390.120   262510.130   262663.120   262765.130   262916.130
  4235:   263127.130   263207.120   263231.120   263305.130   263376.120
  4240:   263472.130   263728.120   263812.130   263908.120   264012.130
  4245:   264086.120   264116.120   264234.130   264343.120   264432.130
  4250:   264608.130   264681.120   264714.120   264849.130   264922.120
  4255:   265010.130   265080.120   265157.130   265219.120   265240.120
  4260:   265330.130   265396.120   265424.120   265447.120   265607.120
  4265:   265695.130   265765.120   265844.130   265916.120   266037.130
  4270:   266148.120   266233.130   266313.120   266430.130   266510.120
  4275:   266540.120   266650.130   266774.120   266803.120   266896.130
  4280:   266983.120   267092.130   267166.120   267189.120   267216.120
  4285:   267274.130   267353.120   267436.130   267586.120   267661.130
  4290:   267735.120   267958.120   268077.130   268153.120   268182.120
  4295:   268253.130   268340.120   268412.130   268490.120   268680.120
  4300:   268762.130   268846.120   268877.120   268960.130   269036.120
  4305:   269063.120   269226.130   269318.120   269390.130   269461.120
  4310:   269550.130   269614.120   269651.120   269671.120   269746.130
  4315:   269862.120   269900.120   269975.130   270043.120   270073.120
  4320:   270152.130   270223.120   270260.120   270291.120   270316.120
  4325:   270420.130   270538.130   270742.130   270794.130   270876.120
  4330:   270977.130   271058.120   271081.120   271142.120   271230.130
  4335:   271296.120   271318.120   271371.120   271488.130   271521.840
  4340:   271568.120   271756.120   271863.640   271863.320   271863.330
  4345:   271863.350   271863.240   271863.130   272113.220   272113.230
  4350:   272113.250   272113.340   272204.130   272282.120   272304.120
  4355:   272336.120   272430.130   272501.120   272618.130   272703.120
  4360:   272818.130   272874.740   272900.540   272900.320   272900.330
  4365:   272900.350   272900.240   272900.120   273150.220   273150.230
  4370:   273150.250   273150.340   273237.130   273361.120   273518.130
  4375:   273623.120   273728.130   273800.120   273823.120   273899.130
  4380:   274003.120   274031.120   274104.130   274180.120   274271.130
  4385:   274344.120   274368.120   274533.120   274560.120   274648.130
  4390:   274831.130   274900.120   275006.130   275095.120   275129.120
  4395:   275206.130   275458.130   275522.120   275699.120   275799.130
  4400:   275886.120   275916.120   275981.130   276061.120   276090.120
  4405:   276179.130   276267.120   276349.130   276446.120   276535.130
  4410:   276562.130   276775.130   276851.120   276926.130   277029.120
  4415:   277055.120   277147.130   277221.120   277251.120   277313.120
  4420:   277398.130   277482.120   277510.120   277604.130   277691.120
  4425:   277788.130   277813.840   277904.120   277994.640   277994.320
  4430:   277994.330   277994.350   277994.240   277994.130   278244.220
  4435:   278244.230   278244.250   278244.340   278326.130   278410.120
  4440:   278506.120   278587.130   278663.120   278770.130   278844.840
  4445:   278845.120   278951.640   278951.320   278951.330   278951.350
  4450:   278951.240   278951.130   279201.220   279201.230   279201.250
  4455:   279201.340   279275.130   279303.130   279380.120   279411.120
  4460:   279477.130   279572.120   279600.120   279694.130   279779.130
  4465:   279909.120   280027.130   280106.120   280181.130   280250.120
  4470:   280277.120   280376.130   280401.840   280441.120   280553.640
  4475:   280553.320   280553.330   280553.350   280553.240   280553.130
  4480:   280803.220   280803.230   280803.250   280803.340   280963.120
  4485:   280990.120   281015.120   281094.130   281181.120   281209.120
  4490:   281282.130   281361.120   281439.130   281505.120   281584.130
  4495:   281660.120   281690.120   281784.130   281947.120   281976.120
  4500:   282048.130   282146.120   282221.130   282296.120   282390.130
  4505:   282463.120   282522.130   282582.120   282699.130   282777.120
  4510:   282804.120   282895.130   282974.120   283046.130   283137.120
  4515:   283160.120   283189.120   283346.120   283372.120   283476.130
  4520:   283619.130   283702.120   283730.120   283821.130   283899.120
  4525:   283925.120   284013.130   284078.120   284166.130   284231.120
  4530:   284342.130   284434.120   284461.120   284557.130   284743.130
  4535:   284832.120   284860.120   284951.130   285003.840   285033.120
  4540:   285056.120   285145.640   285145.320   285145.330   285145.350
  4545:   285145.240   285145.130   285395.220   285395.230   285395.250
  4550:   285395.340   285496.130   285570.120   285594.120   285672.130
  4555:   285772.120   285801.120   285866.130   285943.120   286027.130
  4560:   286105.120   286187.130   286426.130   286497.120   286521.120
  4565:   286603.130   286679.120   286785.130   286895.120   286917.120
  4570:   286998.130   287082.120   287143.130   287225.120   287251.120
  4575:   287345.130   287413.120   287494.130   287608.120   287685.130
  4580:   287765.120   287792.120   287881.130   287952.120   288040.130
  4585:   288128.120   288204.130   288280.120   288350.130   288455.120
  4590:   288546.130   288676.120   288748.130   288815.120   288850.120
  4595:   288923.130   289091.130   289164.120   289244.130   289307.120
  4600:   289339.120   289468.130   289545.120   289651.130   289725.120
  4605:   289797.130   289868.120   289988.130   290065.120   290093.120
  4610:   290162.130   290259.120   290373.130   290549.130   290621.120
  4615:   290643.120   290731.130   290806.120   290920.130   290987.120
  4620:   291084.130   291113.130   291193.120   291346.120   291483.120
  4625:   291528.120   291630.130   291720.120   291796.130   291860.120
  4630:   291884.120   291951.130   292020.120   292094.130   292274.130
  4635:   292438.130   292522.120   292598.130   292658.120   292689.120
  4640:   292773.130   292850.120   292952.130   293122.130   293197.130
  4645:   293319.130   293343.130   293409.120   293521.130   293590.120
  4650:   293615.120   293680.130   293808.130   293895.120   293977.130
  4655:   294152.130   294234.120   294312.130   294392.120   294470.130
  4660:   294598.130   294813.130   294912.130   295005.120   295024.120
  4665:   295154.130   295238.120   295331.130   295448.130   295522.120
  4670:   295679.130   295885.130   295895.840   295990.120   296067.640
  4675:   296067.320   296067.330   296067.350   296067.240   296067.130
  4680:   296317.220   296317.230   296317.250   296317.340   296403.130
  4685:   296510.120   296619.130   296691.120   296781.130   296925.110
  4690:   297013.130   297122.120   297233.130   297347.120   297416.130
  4695:   297583.120   297613.120   297704.130   297789.120   297858.130
  4700:   298004.130   298082.120   298109.120   298213.130   298293.120
  4705:   298350.740   298395.130   298531.540   298531.320   298531.330
  4710:   298531.350   298531.240   298531.120   298781.220   298781.230
  4715:   298781.250   298781.340   298867.130   298909.130   299002.120
  4720:   299061.130   299151.120   299228.130   299343.120   299437.130
  4725:   299511.120   299607.130   299689.120   299766.130   299840.120
  4730:   299898.130   299917.840   300010.120   300079.640   300079.320
  4735:   300079.330   300079.350   300079.240   300079.130   300329.220
  4740:   300329.230   300329.250   300329.340   300484.120   300509.120
  4745:   300602.130   300679.120   300790.130   300862.120   300977.130
  4750:   301055.120   301145.130   301218.120   301253.120   301284.120
  4755:   301329.840   301371.640   301371.320   301371.330   301371.350
  4760:   301371.240   301371.130   301621.220   301621.230   301621.250
  4765:   301621.340   301742.130   301824.120   301850.120   301877.120
  4770:   301962.130   302035.120   302142.130   302224.120   302248.120
  4775:   302271.120   302365.130   302491.120   302558.130   302636.120
  4780:   302717.130   302805.120   302923.130   303031.120   303056.120
  4785:   303147.130   303230.120   303301.130   303366.130   303447.120
  4790:   303478.120   303558.130   303661.120   303734.130   303814.120
  4795:   303896.130   303971.120   304049.130   304118.120   304140.120
  4800:   304237.130   304319.120   304347.120   304436.130   304517.120
  4805:   304635.130   304706.120   304805.130   304885.120   304910.120
  4810:   304999.130   305086.120   305112.120   305189.130   305331.130
  4815:   305407.120   305484.130   305566.120   305781.740   305788.540
  4820:   305788.320   305788.330   305788.350   305788.240   305788.120
  4825:   306038.220   306038.230   306038.250   306038.340   306128.130
  4830:   306206.130   306288.120   306315.120   306402.130   306496.120
  4835:   306617.130   306740.120   306817.130   306903.120   306977.130
  4840:   307111.130   307197.120   307221.840   307223.120   307247.120
  4845:   307334.640   307334.320   307334.330   307334.350   307334.240
  4850:   307334.130   307538.740   307584.220   307584.230   307584.250
  4855:   307584.340   307681.540   307681.320   307681.330   307681.350
  4860:   307681.240   307681.120   307931.220   307931.230   307931.250
  4865:   307931.340   308041.130   308170.120   308406.120   308475.130
  4870:   308566.120   308677.130   308756.120   308785.120   308862.130
  4875:   308940.120   309011.130   309089.120   309119.120   309212.130
  4880:   309322.120   309350.120   309457.130   309528.120   309630.130
  4885:   309709.120   309785.130   309866.120   309931.740   309979.130
  4890:   310062.540   310062.320   310062.330   310062.350   310062.240
  4895:   310062.120   310312.220   310312.230   310312.250   310312.340
  4900:   310412.130   310492.120   310522.120   310641.130   310714.120
  4905:   310796.130   310881.120   310909.120   311002.130   311102.120
  4910:   311202.130   311298.120   311320.120   311415.130   311515.120
  4915:   311622.130   311709.120   311829.130   311906.120   311941.120
  4920:   312031.130   312186.130   312281.120   312306.120   312399.130
  4925:   312472.120   312547.130   312628.120   312718.130   312808.120
  4930:   312910.130   312982.120   313012.740   313075.130   313150.540
  4935:   313150.320   313150.330   313150.350   313150.240   313150.120
  4940:   313400.220   313400.230   313400.250   313400.340   313485.130
  4945:   313576.120   313825.120   313901.130   313992.120   314069.130
  4950:   314152.120   314261.130   314354.120   314456.130   314531.120
  4955:   314557.120   314649.130   314757.120   314784.840   314847.640
  4960:   314847.320   314847.330   314847.350   314847.240   314847.130
  4965:   315097.220   315097.230   315097.250   315097.340   315192.130
  4970:   315285.120   315366.130   315444.120   315525.130   315600.120
  4975:   315633.120   315701.130   315912.130   316014.120   316040.120
  4980:   316148.130   316254.120   316418.120   316495.130   316562.120
  4985:   316668.130   316697.840   316772.120   316889.640   316889.320
  4990:   316889.330   316889.350   316889.240   316889.130   317139.220
  4995:   317139.230   317139.250   317139.340   317213.130   317318.120
  5000:   317426.130   317594.130   317692.120   317784.130   317850.120
  5005:   317880.120   317968.130   318178.130   318286.120   318312.120
  5010:   318385.130   318459.120   318563.130   318641.120   318717.130
  5015:   318797.120   318826.120   318919.130   318992.120   319020.120
  5020:   319121.130   319189.120   319212.120   319239.840   319302.640
  5025:   319302.320   319302.330   319302.350   319302.240   319302.130
  5030:   319552.220   319552.230   319552.250   319552.340   319675.120
  5035:   319704.120   319894.120   319976.130   320052.840   320053.120
  5040:   320169.640   320169.320   320169.330   320169.350   320169.240
  5045:   320169.130   320419.220   320419.230   320419.250   320419.340
  5050:   320501.130   320581.130   320673.120   320700.120   320844.120
  5055:   320873.120   320965.130   321040.120   321192.120   321261.130
  5060:   321326.120   321440.130   321521.120   321549.120   321612.130
  5065:   321713.120   321805.130   321906.120   322004.130   322079.120
  5070:   322105.120   322139.120   322197.130   322221.130   322305.120
  5075:   322333.120   322411.130   322491.120   322597.130   322668.120
  5080:   322726.130   322796.120   322854.130   322933.120   323039.130
  5085:   323123.120   323146.120   323237.130   323420.130   323487.120
  5090:   323612.130   323778.120   323898.130   324011.120   324036.120
  5095:   324131.130   324252.120   324331.130   324421.120   324491.130
  5100:   324569.120   324598.120   324711.130   324788.120   324853.130
  5105:   324949.120   325019.840   325047.640   325047.320   325047.330
  5110:   325047.350   325047.240   325047.130   325297.220   325297.230
  5115:   325297.250   325297.340   325502.120   325529.120   325625.130
  5120:   325706.120   325774.130   325875.120   325902.120   326007.130
  5125:   326084.120   326160.130   326238.120   326313.130   326391.120
  5130:   326491.130   326597.120   326683.130   326761.120   326865.130
  5135:   326948.120   327029.130   327053.130   327119.120   327145.120
  5140:   327229.130   327334.120   327406.130   327534.130   327604.120
  5145:   327690.130   327700.740   327774.540   327774.320   327774.330
  5150:   327774.350   327774.240   327774.120   328024.220   328024.230
  5155:   328024.250   328024.340   328132.130   328215.120   328241.120
  5160:   328329.130   328397.840   328417.120   328506.640   328506.320
  5165:   328506.330   328506.350   328506.240   328506.130   328756.220
  5170:   328756.230   328756.250   328756.340   328869.130   328955.120
  5175:   328985.120   329052.130   329148.120   329174.120   329254.130
  5180:   329355.120   329428.130   329508.120   329605.130   329636.130
  5185:   329740.120   330002.130   330121.120   330145.120   330232.130
  5190:   330332.120   330361.120   330451.130   330548.120   330676.130
  5195:   330768.120   330871.130   330952.120   330975.120   331136.130
  5200:   331217.120   331287.130   331364.120   331443.130   331519.120
  5205:   331727.120   331759.120   331924.120   331951.120   332014.130
  5210:   332038.130   332332.120   332415.130   332477.120   332502.120
  5215:   332662.120   332687.120   332769.130   332881.120   332965.130
  5220:   333052.120   333133.130   333211.120   333231.120   333339.130
  5225:   333423.120   333501.130   333578.120   333652.130   333727.120
  5230:   333755.120   333841.130   333915.120   333941.120   334022.130
  5235:   334090.120   334116.120   334181.130   334265.120   334356.840
  5240:   334358.640   334358.320   334358.330   334358.350   334358.240
  5245:   334358.130   334608.220   334608.230   334608.250   334608.340
  5250:   334624.740   334686.130   334766.540   334766.320   334766.330
  5255:   334766.350   334766.240   334766.120   335016.220   335016.230
  5260:   335016.250   335016.340   335108.840   335111.640   335111.320
  5265:   335111.330   335111.350   335111.240   335111.130   335361.220
  5270:   335361.230   335361.250   335361.340   335466.130   335571.120
  5275:   335684.130   335765.120   335793.120   335967.120   336039.130
  5280:   336061.840   336125.120   336148.120   336238.640   336238.320
  5285:   336238.330   336238.350   336238.240   336238.130   336488.220
  5290:   336488.230   336488.250   336488.340   336566.130   336653.120
  5295:   336737.130   336823.120   336896.130   336961.120   336992.120
  5300:   337090.130   337168.120   337278.130   337368.120   337479.130
  5305:   337557.120   337591.120   337652.130   337753.120   337831.130
  5310:   337908.120   337980.130   338071.120   338150.130   338247.120
  5315:   338416.120   338558.120   338585.120   338672.130   338778.120
  5320:   338849.130   338925.120   338955.120   339047.130   339215.130
  5325:   339289.120   339317.120   339462.120   339570.130   339701.130
  5330:   339785.120   339812.120   339889.130   339963.120   339990.120
  5335:   340059.130   340134.120   340163.120   340242.130   340317.120
  5340:   340433.130   340536.120   340629.130   340829.120   340867.120
  5345:   340982.130   341049.120   341076.120   341116.740   341237.540
  5350:   341237.320   341237.330   341237.350   341237.240   341237.120
  5355:   341487.220   341487.230   341487.250   341487.340   341578.130
  5360:   341661.120   341741.120   341832.130   341901.120   341929.120
  5365:   342028.130   342095.120   342172.130   342246.120   342268.120
  5370:   342298.120   342388.840   342493.120   342837.120   343025.120
  5375:   343181.120   343278.640   343278.320   343278.330   343278.350
  5380:   343278.240   343278.130   343528.220   343528.230   343528.250
  5385:   343528.340   343607.130   343690.120   343715.120   343740.120
  5390:   343834.130   343951.120   344029.130   344111.120   344128.840
  5395:   344182.640   344182.320   344182.330   344182.350   344182.240
  5400:   344182.130   344432.220   344432.230   344432.250   344432.340
  5405:   344537.130   344651.120   344680.120   344769.130   344853.120
  5410:   344928.130   344990.120   345015.120   345107.130   345200.120
  5415:   345308.130   345398.120   345477.130   345563.120   345596.120
  5420:   345715.130   345834.120   345921.130   346018.120   346141.130
  5425:   346245.120   346317.130   346388.120   346468.130   346529.130
  5430:   346621.120   346721.130   346805.120   346877.130   346972.120
  5435:   347058.130   347136.120   347200.130   347309.120   347381.130
  5440:   347471.120   347542.130   347611.120   347636.120   347855.130
  5445:   347930.120   348010.130   348114.120   348206.130   348285.120
  5450:   348365.130   348427.120   348452.120   348523.130   348596.120
  5455:   348874.130   348957.130   349018.120   349044.120   349117.130
  5460:   349193.120   349228.120   349303.130   349371.120   349403.120
  5465:   349432.840   349484.640   349484.320   349484.330   349484.350
  5470:   349484.240   349484.130   349734.220   349734.230   349734.250
  5475:   349734.340   349834.130   349918.120   350032.130   350115.120
  5480:   350196.130   350275.120   350356.130   350434.840   350443.120
  5485:   350464.120   350587.740   350745.640   350745.320   350745.330
  5490:   350745.350   350745.240   350745.130   350995.220   350995.230
  5495:   350995.250   350995.340   351069.130   351098.130   351198.540
  5500:   351198.320   351198.330   351198.350   351198.240   351198.120
  5505:   351295.840   351448.220   351448.230   351448.250   351448.340
  5510:   351539.640   351539.320   351539.330   351539.350   351539.240
  5515:   351539.130   351789.220   351789.230   351789.250   351789.340
  5520:   351882.130   351988.120   352075.130   352150.120   352221.130
  5525:   352300.120   352329.120   352395.130   352469.120   352506.120
  5530:   352610.130   352694.120   352716.120   352809.130   352889.120
  5535:   352985.130   353048.740   353079.540   353079.320   353079.330
  5540:   353079.350   353079.240   353079.120   353329.220   353329.230
  5545:   353329.250   353329.340   353406.130   353436.130   353609.130
  5550:   353689.120   353713.120   353737.120   353838.130   353920.120
  5555:   353950.120   354121.120   354195.130   354270.120   354347.130
  5560:   354434.120   354545.130   354624.120   354699.130   354861.130
  5565:   354941.120   355007.130   355081.130   355178.120   355261.130
  5570:   355359.120   355463.130   355563.120   355657.130   355747.120
  5575:   355818.130   355905.120   356009.130   356083.120   356140.130
  5580:   356228.120   356252.120   356343.130   356423.120   356499.130
  5585:   356646.130   356726.120   356755.120   356781.120   356861.130
  5590:   356934.120   357010.130   357085.120   357175.130   357239.120
  5595:   357270.120   357363.130   357443.120   357466.120   357543.130
  5600:   357616.120   357692.130   357818.120   357893.130   358079.130
  5605:   358164.120   358254.130   358380.120   358458.130   358626.130
  5610:   358692.120   358725.120   358796.130   358883.120   358990.130
  5615:   359101.120   359128.120   359228.130   359312.120   359344.120
  5620:   359496.130   359570.120   359589.840   359600.120   359692.640
  5625:   359692.320   359692.330   359692.350   359692.240   359692.130
  5630:   359729.740   359942.220   359942.230   359942.250   359942.340
  5635:   360000.320   360000.330   360000.350   360000.020
C:
     0:        1.000     2538.000     1701.000       69.000       70.000
     5:        0.000
D:
     0:        0.000        0.000
L:
     0:      222.000      222.000      222.000
M:
     0:      900.000      901.000      902.000      903.000      904.000
     5:      905.000      906.000      907.000      908.000      909.000
    10:      910.000      911.000      912.000      913.000      914.000
    15:      915.000      916.000      917.000      918.000      919.000
    20:      920.000      921.000      922.000      923.000      924.000
    25:      925.000      926.000      927.000      928.000      929.000
    30:      930.000      931.000      932.000      933.000      934.000
    35:      935.000      936.000      937.000      938.000      939.000
    40:      940.000      941.000      942.000      943.000      944.000
    45:      945.000      946.000      947.000      948.000      949.000
    50:      950.000      951.000      952.000      953.000      954.000
    55:      955.000      956.000      957.000      958.000      959.000
    60:      960.000      961.000      962.000      963.000      964.000
    65:      965.000      966.000      967.000      968.000      969.000
    70:      970.000      971.000      972.000      973.000      974.000
    75:      975.000      976.000      977.000      978.000      979.000
    80:      980.000      981.000      982.000      983.000      984.000
    85:      985.000      986.000      987.000      988.000      989.000
    90:      990.000      991.000      992.000      993.000      994.000
    95:      995.000      996.000      997.000      998.000      999.000
   100:     1000.000     1001.000     1002.000     1003.000     1004.000
   105:     1005.000     1006.000     1007.000     1008.000     1009.000
   110:     1010.000     1011.000     1012.000     1013.000     1014.000
   115:     1015.000     1016.000     1017.000     1018.000     1019.000
   120:     1020.000     1021.000     1022.000     1023.000     1024.000
   125:     1025.000     1026.000     1027.000     1028.000     1029.000
   130:     1030.000     1031.000     1032.000     1033.000     1034.000
   135:     1035.000     1036.000     1037.000     1038.000     1039.000
   140:     1040.000     1041.000     1042.000     1043.000     1044.000
   145:     1045.000     1046.000     1047.000     1048.000     1049.000
   150:     1050.000     1051.000     1052.000     1053.000     1054.000
   155:     1055.000     1056.000     1057.000     1058.000     1059.000
   160:     1060.000     1061.000     1062.000     1063.000     1064.000
   165:     1065.000     1066.000     1067.000     1068.000     1069.000
   170:     1070.000     1071.000     1072.000     1073.000     1074.000
   175:     1075.000     1076.000     1077.000     1078.000     1079.000
   180:     1080.000     1081.000     1082.000     1083.000     1084.000
   185:     1085.000     1086.000     1087.000     1088.000     1089.000
   190:     1090.000     1091.000     1092.000     1093.000     1094.000
   195:     1095.000     1096.000     1097.000     1098.000     1099.000
   200:     1100.000     1101.000     1102.000     1103.000     1104.000
   205:     1105.000     1106.000     1107.000     1108.000     1109.000
   210:     1110.000     1111.000     1112.000     1113.000     1114.000
   215:     1115.000     1116.000     1117.000     1118.000     1119.000
   220:     1120.000     1121.000     1122.000     1123.000     1124.000
   225:     1125.000     1126.000     1127.000     1128.000     1129.000
   230:     1130.000     1131.000     1132.000     1133.000     1134.000
   235:     1135.000     1136.000     1137.000     1138.000     1139.000
   240:     1140.000     1141.000     1142.000     1143.000     1144.000
   245:     1145.000     1146.000     1147.000     1148.000     1149.000
   250:     1150.000     1151.000     1152.000     1153.000     1154.000
   255:     1155.000     1156.000     1157.000     1158.000     1159.000
   260:     1160.000     1161.000     1162.000     1163.000     1164.000
   265:     1165.000     1166.000     1167.000     1168.000     1169.000
   270:     1170.000     1171.000     1172.000     1173.000     1174.000
   275:     1175.000     1176.000     1177.000     1178.000     1179.000
   280:     1180.000     1181.000     1182.000     1183.000     1184.000
   285:     1185.000     1186.000     1187.000     1188.000     1189.000
   290:     1190.000     1191.000     1192.000     1193.000     1194.000
   295:     1195.000     1196.000     1197.000     1198.000     1199.000
   300:     1200.000
N:
     0:     2100.000     2101.000     2102.000     2103.000     2104.000
     5:     2105.000     2106.000     2107.000     2108.000     2109.000
    10:     2110.000     2111.000     2112.000     2113.000     2114.000
    15:     2115.000     2116.000     2117.000     2118.000     2119.000
    20:     2120.000     2121.000     2122.000     2123.000     2124.000
    25:     2125.000     2126.000     2127.000     2128.000     2129.000
    30:     2130.000     2131.000     2132.000     2133.000     2134.000
    35:     2135.000     2136.000     2137.000     2138.000     2139.000
    40:     2140.000     2141.000     2142.000     2143.000     2144.000
    45:     2145.000     2146.000     2147.000     2148.000     2149.000
    50:     2150.000     2151.000     2152.000     2153.000     2154.000
    55:     2155.000     2156.000     2157.000     2158.000     2159.000
    60:     2160.000     2161.000     2162.000     2163.000     2164.000
    65:     2165.000     2166.000     2167.000     2168.000     2169.000
    70:     2170.000     2171.000     2172.000     2173.000     2174.000
    75:     2175.000     2176.000     2177.000     2178.000     2179.000
    80:     2180.000     2181.000     2182.000     2183.000     2184.000
    85:     2185.000     2186.000     2187.000     2188.000     2189.000
    90:     2190.000     2191.000     2192.000     2193.000     2194.000
    95:     2195.000     2196.000     2197.000     2198.000     2199.000
   100:     2200.000     2201.000     2202.000     2203.000     2204.000
   105:     2205.000     2206.000     2207.000     2208.000     2209.000
   110:     2210.000     2211.000     2212.000     2213.000     2214.000
   115:     2215.000     2216.000     2217.000     2218.000     2219.000
   120:     2220.000     2221.000     2222.000     2223.000     2224.000
   125:     2225.000     2226.000     2227.000     2228.000     2229.000
   130:     2230.000     2231.000     2232.000     2233.000     2234.000
   135:     2235.000     2236.000     2237.000     2238.000     2239.000
   140:     2240.000     2241.000     2242.000     2243.000     2244.000
   145:     2245.000     2246.000     2247.000     2248.000     2249.000
   150:     2250.000     2251.000     2252.000     2253.000     2254.000
   155:     2255.000     2256.000     2257.000     2258.000     2259.000
   160:     2260.000     2261.000     2262.000     2263.000     2264.000
   165:     2265.000     2266.000     2267.000     2268.000     2269.000
   170:     2270.000     2271.000     2272.000     2273.000     2274.000
   175:     2275.000     2276.000     2277.000     2278.000     2279.000
   180:     2280.000     2281.000     2282.000     2283.000     2284.000
   185:     2285.000     2286.000     2287.000     2288.000     2289.000
   190:     2290.000     2291.000     2292.000     2293.000     2294.000
   195:     2295.000     2296.000     2297.000     2298.000     2299.000
   200:     2300.000     2301.000     2302.000     2303.000     2304.000
   205:     2305.000     2306.000     2307.000     2308.000     2309.000
   210:     2310.000     2311.000     2312.000     2313.000     2314.000
   215:     2315.000     2316.000     2317.000     2318.000     2319.000
   220:     2320.000     2321.000     2322.000     2323.000     2324.000
   225:     2325.000     2326.000     2327.000     2328.000     2329.000
   230:     2330.000     2331.000     2332.000     2333.000     2334.000
   235:     2335.000     2336.000     2337.000     2338.000     2339.000
   240:     2340.000     2341.000     2342.000     2343.000     2344.000
   245:     2345.000     2346.000     2347.000     2348.000     2349.000
   250:     2350.000     2351.000     2352.000     2353.000     2354.000
   255:     2355.000     2356.000     2357.000     2358.000     2359.000
   260:     2360.000     2361.000     2362.000     2363.000     2364.000
   265:     2365.000     2366.000     2367.000     2368.000     2369.000
   270:     2370.000     2371.000     2372.000     2373.000     2374.000
   275:     2375.000     2376.000     2377.000     2378.000     2379.000
   280:     2380.000     2381.000     2382.000     2383.000     2384.000
   285:     2385.000     2386.000     2387.000     2388.000     2389.000
   290:     2390.000     2391.000     2392.000     2393.000     2394.000
   295:     2395.000     2396.000     2397.000     2398.000     2399.000
   300:     2400.000
R:
     0:      222.000      222.000      222.000
V:
     0:      967.000     2393.000
W:
     0:      967.000     2393.000
