File: C:\MED-PC IV\DATA\p004_s108_japede


Start Date: 10/15/17
End Date: 10/15/17
Subject: p004
Experiment: 0
Group: 0
Box: 7
Start Time: 14:56:39
End Time: 15:57:02
MSN: japede_L_45_45_45_R_45_45_45
B:       0.000
E:    5359.000
F:       0.000
G:       0.000
H:       0.000
I:       2.000
J:       2.000
K:       0.000
O:       0.000
P:       0.000
Q:       0.000
S:  360000.000
T:  360000.000
U:       0.000
X:       0.000
Y:       0.000
Z:       0.000
A:
     0:        0.010        0.250        0.220        0.230       53.130
     5:      306.130      340.130      599.120      624.120      646.120
    10:      674.120      702.120      817.120      905.120     1036.130
    15:     1074.130     1155.130     1299.120     1324.120     1352.120
    20:     1385.120     1420.120     1517.120     1699.740     1882.540
    25:     1882.320     1882.330     1882.350     1882.240     1882.120
    30:     2132.220     2132.230     2132.250     2132.340     2266.120
    35:     2292.120     2403.130     2588.120     2610.120     2634.120
    40:     2664.120     2734.120     2825.130     2943.120     2970.120
    45:     2997.120     3215.130     3336.120     3361.120     3387.120
    50:     3448.120     3590.130     3716.120     3743.120     3775.120
    55:     3815.120     3838.120     4010.130     4096.130     4181.120
    60:     4212.120     4240.120     4376.130     4497.120     4523.120
    65:     4593.120     4713.130     4860.130     5002.120     5023.120
    70:     5049.120     5079.120     5167.120     5277.130     5376.120
    75:     5402.120     5439.120     5473.120     5503.120     5545.120
    80:     5661.130     5757.120     5783.120     5878.130     5965.120
    85:     5990.120     6112.130     6203.120     6229.120     6255.120
    90:     6393.130     6490.120     6538.120     6651.130     6738.120
    95:     6763.120     6854.130     6942.120     6970.120     7064.130
   100:     7177.120     7199.120     7228.120     7330.130     7398.120
   105:     7423.120     7451.120     7474.120     7570.130     7599.840
   110:     7616.640     7616.320     7616.330     7616.350     7616.240
   115:     7616.130     7832.740     7866.220     7866.230     7866.250
   120:     7866.340     8001.540     8001.320     8001.330     8001.350
   125:     8001.240     8001.120     8251.220     8251.230     8251.250
   130:     8251.340     8474.130     8581.120     8609.120     8733.130
   135:     8853.120     8879.120     8908.120     8979.130     9062.120
   140:     9151.740     9176.130     9245.540     9245.320     9245.330
   145:     9245.350     9245.240     9245.120     9495.220     9495.230
   150:     9495.250     9495.340     9603.130     9705.120     9730.120
   155:     9837.130     9936.120     9995.740    10088.130    10185.540
   160:    10185.320    10185.330    10185.350    10185.240    10185.120
   165:    10435.220    10435.230    10435.250    10435.340    10544.130
   170:    10637.120    10691.120    10715.120    10801.130    10878.120
   175:    10989.130    11119.120    11144.120    11164.120    11166.840
   180:    11186.120    11283.640    11283.320    11283.330    11283.350
   185:    11283.240    11283.130    11533.220    11533.230    11533.250
   190:    11533.340    11617.130    11699.120    11784.130    11883.120
   195:    11906.120    11928.120    12060.130    12122.130    12190.130
   200:    12292.120    12316.120    12337.120    12369.120    12400.120
   205:    12474.130    12501.130    12533.840    12580.120    12677.640
   210:    12677.320    12677.330    12677.350    12677.240    12677.130
   215:    12927.220    12927.230    12927.250    12927.340    13041.130
   220:    13212.130    13235.740    13290.540    13290.320    13290.330
   225:    13290.350    13290.240    13290.120    13540.220    13540.230
   230:    13540.250    13540.340    13680.120    13702.120    13723.120
   235:    13797.130    13819.130    13925.120    13947.120    14085.130
   240:    14156.120    14183.120    14205.120    14231.120    14303.130
   245:    14391.120    14421.120    14493.130    14540.740    14572.540
   250:    14572.320    14572.330    14572.350    14572.240    14572.120
   255:    14822.220    14822.230    14822.250    14822.340    14827.840
   260:    14918.640    14918.320    14918.330    14918.350    14918.240
   265:    14918.130    15168.220    15168.230    15168.250    15168.340
   270:    15353.120    15558.120    15586.120    15605.120    15629.120
   275:    15698.130    15773.120    15876.130    15953.130    16028.120
   280:    16054.120    16082.120    16107.120    16136.120    16199.130
   285:    16278.120    16302.120    16378.130    16451.120    16478.120
   290:    16503.120    16528.120    16615.130    16685.120    16711.120
   295:    16729.120    16749.120    16770.120    16791.120    16872.130
   300:    17121.120    17143.120    17208.130    17337.120    17362.120
   305:    17465.130    17547.120    17571.120    17592.120    17785.120
   310:    17814.120    17838.120    17922.130    17999.120    18020.120
   315:    18099.130    18176.120    18199.120    18289.130    18363.120
   320:    18384.120    18541.120    18586.120    18709.130    18785.120
   325:    18809.120    18903.130    18995.120    19103.130    19175.120
   330:    19268.840    19281.640    19281.320    19281.330    19281.350
   335:    19281.240    19281.130    19531.220    19531.230    19531.250
   340:    19531.340    19657.130    19735.120    19846.130    19921.120
   345:    19938.120    19960.120    20062.130    20156.120    20185.120
   350:    20251.130    20350.120    20377.120    20508.130    20610.120
   355:    20631.120    20705.130    20853.130    20928.120    20953.120
   360:    20977.120    21049.130    21121.120    21139.120    21240.130
   365:    21314.120    21413.130    21605.130    21673.120    21774.130
   370:    21933.120    21957.120    22047.130    22122.120    22145.120
   375:    22243.130    22308.120    22335.120    22405.130    22479.120
   380:    22503.120    22523.120    22602.130    22683.120    22712.120
   385:    22783.130    22862.120    22884.120    22904.120    22925.120
   390:    22931.840    23027.640    23027.320    23027.330    23027.350
   395:    23027.240    23027.130    23277.220    23277.230    23277.250
   400:    23277.340    23372.130    23487.120    23588.130    23659.120
   405:    23740.130    23812.120    23838.120    23856.120    23883.120
   410:    23978.130    24051.120    24076.120    24172.130    24346.130
   415:    24578.120    24781.120    24805.120    24828.120    24924.130
   420:    25005.120    25029.120    25101.130    25178.120    25201.120
   425:    25275.130    25367.120    25440.130    25530.120    25558.120
   430:    25641.130    25720.120    25794.120    25822.740    25955.540
   435:    25955.320    25955.330    25955.350    25955.240    25955.120
   440:    26205.220    26205.230    26205.250    26205.340    26306.130
   445:    26477.840    26539.640    26539.320    26539.330    26539.350
   450:    26539.240    26539.130    26789.220    26789.230    26789.250
   455:    26789.340    26986.120    27007.120    27161.120    27264.130
   460:    27338.120    27360.120    27441.130    27470.130    27542.120
   465:    27716.120    27737.120    27836.130    27925.120    27949.120
   470:    28033.130    28135.120    28206.130    28280.120    28335.120
   475:    28358.120    28429.130    28501.120    28530.120    28553.120
   480:    28589.840    28677.640    28677.320    28677.330    28677.350
   485:    28677.240    28677.130    28927.220    28927.230    28927.250
   490:    28927.340    29031.130    29103.130    29179.120    29281.130
   495:    29353.120    29378.120    29463.130    29558.120    29635.130
   500:    29705.740    29716.540    29716.320    29716.330    29716.350
   505:    29716.240    29716.120    29966.220    29966.230    29966.250
   510:    29966.340    30089.130    30172.120    30198.120    30276.130
   515:    30349.120    30378.120    30442.130    30549.120    30574.120
   520:    30648.130    30722.120    30755.120    30872.130    30944.120
   525:    30966.740    30967.540    30967.320    30967.330    30967.350
   530:    30967.240    30967.120    31217.220    31217.230    31217.250
   535:    31217.340    31348.130    31452.120    31563.130    31636.120
   540:    31738.130    31817.740    31823.540    31823.320    31823.330
   545:    31823.350    31823.240    31823.120    32073.220    32073.230
   550:    32073.250    32073.340    32169.130    32197.130    32278.120
   555:    32379.120    32488.130    32562.120    32584.120    32611.120
   560:    32688.130    32816.120    32833.120    32953.130    33029.120
   565:    33061.120    33165.130    33239.120    33262.120    33349.130
   570:    33544.130    33618.120    33797.120    33815.120    33847.120
   575:    33912.130    33991.120    34014.120    34098.130    34163.120
   580:    34263.130    34374.130    34468.120    34697.120    34727.840
   585:    34768.640    34768.320    34768.330    34768.350    34768.240
   590:    34768.130    35018.220    35018.230    35018.250    35018.340
   595:    35103.130    35200.120    35221.120    35242.120    35341.130
   600:    35420.120    35437.120    35582.120    35606.120    35629.120
   605:    35647.120    35722.130    35773.740    35799.540    35799.320
   610:    35799.330    35799.350    35799.240    35799.120    36049.220
   615:    36049.230    36049.250    36049.340    36133.130    36230.120
   620:    36252.120    36352.130    36422.120    36631.120    36703.130
   625:    36788.120    36888.130    36949.740    36963.540    36963.320
   630:    36963.330    36963.350    36963.240    36963.120    37213.220
   635:    37213.230    37213.250    37213.340    37294.130    37389.120
   640:    37465.120    37534.130    37619.120    37730.130    37810.120
   645:    37832.120    37856.120    37933.130    38004.120    38106.130
   650:    38172.120    38199.120    38308.130    38394.120    38419.120
   655:    38513.130    38610.120    38629.120    38649.120    38718.840
   660:    38718.130    38798.120    38821.120    38903.640    38903.320
   665:    38903.330    38903.350    38903.240    38903.130    39153.220
   670:    39153.230    39153.250    39153.340    39408.130    39441.130
   675:    39567.120    39590.120    39639.120    39709.130    39789.120
   680:    39822.120    39894.130    39972.120    40013.740    40053.840
   685:    40135.540    40135.320    40135.330    40135.350    40135.240
   690:    40135.120    40385.220    40385.230    40385.250    40385.340
   695:    40487.640    40487.320    40487.330    40487.350    40487.240
   700:    40487.130    40737.220    40737.230    40737.250    40737.340
   705:    40839.130    40952.120    41034.130    41131.120    41153.120
   710:    41231.130    41302.120    41326.120    41400.130    41522.120
   715:    41592.130    41657.120    41685.740    41766.130    41837.540
   720:    41837.320    41837.330    41837.350    41837.240    41837.120
   725:    42087.220    42087.230    42087.250    42087.340    42189.130
   730:    42267.120    42380.130    42563.130    42709.130    42801.120
   735:    42831.120    42887.740    42992.540    42992.320    42992.330
   740:    42992.350    42992.240    42992.120    43242.220    43242.230
   745:    43242.250    43242.340    43355.130    43457.120    43537.840
   750:    43538.640    43538.320    43538.330    43538.350    43538.240
   755:    43538.130    43788.220    43788.230    43788.250    43788.340
   760:    43889.130    44008.120    44044.120    44068.120    44144.130
   765:    44238.120    44350.130    44582.120    44608.120    44630.120
   770:    44688.840    44700.640    44700.320    44700.330    44700.350
   775:    44700.240    44700.130    44950.220    44950.230    44950.250
   780:    44950.340    45054.130    45156.120    45174.120    45194.120
   785:    45218.120    45289.130    45349.130    45433.130    45514.120
   790:    45533.120    45613.130    45722.120    45746.120    45829.130
   795:    45930.120    45994.130    46095.120    46168.130    46255.120
   800:    46278.120    46353.130    46418.120    46492.130    46596.120
   805:    46620.120    46771.120    46797.120    46861.130    46938.120
   810:    47042.130    47129.120    47157.120    47237.130    47305.120
   815:    47333.120    47432.130    47541.120    47615.130    47642.740
   820:    47691.540    47691.320    47691.330    47691.350    47691.240
   825:    47691.120    47941.220    47941.230    47941.250    47941.340
   830:    48022.130    48138.120    48165.120    48185.120    48265.130
   835:    48361.120    48447.130    48518.120    48546.120    48604.130
   840:    48702.120    48727.120    48813.130    48890.120    48911.120
   845:    48974.130    49001.130    49084.130    49149.120    49179.120
   850:    49339.120    49360.120    49439.130    49514.120    49535.120
   855:    49563.120    49632.130    49711.120    49738.120    49819.130
   860:    49897.120    49975.130    50020.130    50084.120    50190.130
   865:    50303.120    50474.120    50497.120    50586.130    50666.120
   870:    50690.120    50782.130    50841.740    50859.130    50877.130
   875:    50906.130    50968.540    50968.320    50968.330    50968.350
   880:    50968.240    50968.120    51218.220    51218.230    51218.250
   885:    51218.340    51309.130    51430.120    51504.130    51595.120
   890:    51619.120    51726.130    51795.120    51941.120    51969.120
   895:    52050.130    52139.120    52162.120    52187.120    52331.120
   900:    52431.130    52503.120    52957.130    53043.120    53064.120
   905:    53087.120    53163.130    53233.120    53250.840    53254.120
   910:    53340.640    53340.320    53340.330    53340.350    53340.240
   915:    53340.130    53590.220    53590.230    53590.250    53590.340
   920:    53685.130    53842.130    53916.120    53988.130    54018.740
   925:    54085.540    54085.320    54085.330    54085.350    54085.240
   930:    54085.120    54335.220    54335.230    54335.250    54335.340
   935:    54430.130    54588.130    54754.130    54834.120    54853.120
   940:    54872.120    54977.130    55076.120    55131.130    55159.130
   945:    55244.120    55321.130    55405.120    55507.130    55677.120
   950:    55703.120    55724.120    55750.120    55823.130    55900.120
   955:    55932.120    56021.130    56112.120    56134.120    56239.130
   960:    56322.120    56351.120    56511.120    56662.120    56691.120
   965:    56783.130    56870.120    56990.840    57024.120    57099.640
   970:    57099.320    57099.330    57099.350    57099.240    57099.130
   975:    57349.220    57349.230    57349.250    57349.340    57442.130
   980:    57559.120    57582.120    57655.130    57739.120    57749.840
   985:    57799.640    57799.320    57799.330    57799.350    57799.240
   990:    57799.130    58049.220    58049.230    58049.250    58049.340
   995:    58164.130    58195.130    58249.840    58272.120    58349.640
  1000:    58349.320    58349.330    58349.350    58349.240    58349.130
  1005:    58599.220    58599.230    58599.250    58599.340    58693.130
  1010:    58767.130    58883.120    58910.120    58937.120    58999.840
  1015:    59039.640    59039.320    59039.330    59039.350    59039.240
  1020:    59039.130    59289.220    59289.230    59289.250    59289.340
  1025:    59544.120    59717.120    59741.120    59817.130    59895.120
  1030:    59921.120    60138.120    60219.130    60286.120    60311.120
  1035:    60338.120    60526.120    60589.840    60636.640    60636.320
  1040:    60636.330    60636.350    60636.240    60636.130    60886.220
  1045:    60886.230    60886.250    60886.340    60982.130    61066.120
  1050:    61095.120    61158.130    61185.130    61268.120    61366.130
  1055:    61449.120    61526.130    61603.120    61629.120    61695.130
  1060:    61722.130    61879.120    61958.130    62031.120    62059.120
  1065:    62132.130    62214.120    62239.120    62303.130    62326.130
  1070:    62414.120    62473.130    62501.130    62585.120    62610.120
  1075:    62782.120    62808.120    62915.130    62944.130    63022.120
  1080:    63047.120    63073.120    63147.130    63239.120    63267.120
  1085:    63328.130    63406.120    63509.130    63596.120    63623.120
  1090:    63647.120    63735.740    63738.130    63815.540    63815.320
  1095:    63815.330    63815.350    63815.240    63815.120    64065.220
  1100:    64065.230    64065.250    64065.340    64167.130    64249.120
  1105:    64281.120    64381.130    64460.120    64487.120    64514.120
  1110:    64534.120    64613.130    64706.120    64818.130    64855.130
  1115:    64878.130    64988.120    65018.120    65045.120    65124.130
  1120:    65212.120    65304.130    65399.120    65426.120    65637.120
  1125:    65665.120    65731.130    65803.120    65873.130    65950.120
  1130:    65975.120    66043.130    66105.130    66183.130    66252.120
  1135:    66280.120    66393.130    66502.120    66587.130    66695.120
  1140:    66875.120    66903.120    67001.130    67096.120    67265.120
  1145:    67353.130    67430.120    67461.120    67556.130    67671.120
  1150:    67761.130    67847.120    67929.130    68049.120    68128.130
  1155:    68222.120    68319.130    68342.130    68422.120    68560.130
  1160:    68588.130    68635.130    68712.120    68828.130    68932.120
  1165:    69016.130    69100.120    69194.130    69270.120    69365.740
  1170:    69386.840    69405.640    69405.320    69405.330    69405.350
  1175:    69405.240    69405.130    69655.220    69655.230    69655.250
  1180:    69655.340    69774.130    69859.540    69859.320    69859.330
  1185:    69859.350    69859.240    69859.120    70109.220    70109.230
  1190:    70109.250    70109.340    70199.130    70304.120    70416.130
  1195:    70449.130    70509.740    70534.540    70534.320    70534.330
  1200:    70534.350    70534.240    70534.120    70784.220    70784.230
  1205:    70784.250    70784.340    70876.130    71044.130    71150.120
  1210:    71203.120    71360.120    71466.130    71747.120    71776.120
  1215:    71853.130    71937.120    72019.130    72106.120    72214.130
  1220:    72287.120    72373.130    72402.130    72486.120    72548.130
  1225:    72632.120    72762.130    72847.120    72872.120    72950.130
  1230:    73047.120    73278.130    73304.130    73418.120    73571.120
  1235:    73681.130    73767.120    74011.130    74092.130    74173.120
  1240:    74194.120    74216.120    74250.120    74317.130    74396.120
  1245:    74425.120    74517.130    74622.120    74815.120    74899.130
  1250:    74994.120    75160.120    75302.120    75327.120    75384.740
  1255:    75403.130    75474.540    75474.320    75474.330    75474.350
  1260:    75474.240    75474.120    75724.220    75724.230    75724.250
  1265:    75724.340    75840.130    75922.120    75955.840    76039.640
  1270:    76039.320    76039.330    76039.350    76039.240    76039.130
  1275:    76224.740    76289.220    76289.230    76289.250    76289.340
  1280:    76370.130    76448.540    76448.320    76448.330    76448.350
  1285:    76448.240    76448.120    76698.220    76698.230    76698.250
  1290:    76698.340    76789.840    76840.640    76840.320    76840.330
  1295:    76840.350    76840.240    76840.130    77090.220    77090.230
  1300:    77090.250    77090.340    77169.130    77249.120    77336.130
  1305:    77416.120    77496.130    77578.120    77600.120    77688.130
  1310:    77763.120    77793.120    77874.130    78032.130    78114.120
  1315:    78251.120    78314.120    78345.120    78419.130    78524.120
  1320:    78549.120    78641.130    78723.120    78834.130    78906.120
  1325:    78929.120    79042.130    79156.120    79230.130    79324.120
  1330:    79391.130    79462.120    79549.130    79665.120    79689.120
  1335:    79792.130    79872.120    79962.130    80052.120    80131.130
  1340:    80207.120    80237.120    80306.130    80393.120    80624.120
  1345:    80652.120    80798.740    80805.540    80805.320    80805.330
  1350:    80805.350    80805.240    80805.120    81055.220    81055.230
  1355:    81055.250    81055.340    81154.130    81235.120    81260.120
  1360:    81322.130    81420.120    81498.130    81569.120    81650.130
  1365:    81723.120    81754.120    81755.740    81812.130    81841.130
  1370:    81911.540    81911.320    81911.330    81911.350    81911.240
  1375:    81911.120    82161.220    82161.230    82161.250    82161.340
  1380:    82244.130    82299.130    82378.120    82457.130    82534.120
  1385:    82558.120    82632.130    82695.120    82772.130    82851.120
  1390:    82875.120    82962.130    83072.120    83145.130    83221.120
  1395:    83298.130    83393.120    83456.130    83488.130    83595.120
  1400:    83689.130    83867.130    83949.120    83975.120    84036.130
  1405:    84061.740    84061.130    84134.540    84134.320    84134.330
  1410:    84134.350    84134.240    84134.120    84384.220    84384.230
  1415:    84384.250    84384.340    84466.130    84575.120    84646.130
  1420:    84725.120    84785.130    84910.120    84932.120    85033.130
  1425:    85120.120    85147.120    85171.120    85273.130    85362.120
  1430:    85387.120    85478.130    85554.120    85580.120    85669.130
  1435:    85846.130    85923.120    86034.130    86109.120    86186.130
  1440:    86263.120    86324.130    86347.130    86429.120    86460.120
  1445:    86490.840    86520.640    86520.320    86520.330    86520.350
  1450:    86520.240    86520.130    86770.220    86770.230    86770.250
  1455:    86770.340    86882.130    87007.120    87093.130    87166.120
  1460:    87194.120    87270.130    87372.120    87402.120    87503.130
  1465:    87587.120    87671.130    87751.120    87832.130    87884.740
  1470:    87941.540    87941.320    87941.330    87941.350    87941.240
  1475:    87941.120    88191.220    88191.230    88191.250    88191.340
  1480:    88316.130    88426.120    88453.120    88567.130    88652.120
  1485:    88728.130    88813.120    88874.130    88899.130    88977.120
  1490:    89086.130    89181.120    89257.130    89340.120    89366.120
  1495:    89435.130    89658.130    89808.130    89888.120    89913.120
  1500:    89993.130    90071.120    90100.120    90174.130    90263.120
  1505:    90371.130    90442.120    90600.130    90679.120    90691.740
  1510:    90767.130    90847.540    90847.320    90847.330    90847.350
  1515:    90847.240    90847.120    91097.220    91097.230    91097.250
  1520:    91097.340    91192.130    91274.120    91352.130    91424.120
  1525:    91452.120    91544.130    91626.120    91737.130    91842.120
  1530:    91947.130    92199.120    92229.120    92299.130    92398.120
  1535:    92470.840    92730.640    92730.320    92730.330    92730.350
  1540:    92730.240    92730.130    92980.220    92980.230    92980.250
  1545:    92980.340    93081.130    93183.120    93197.740    93215.540
  1550:    93215.320    93215.330    93215.350    93215.240    93215.120
  1555:    93465.220    93465.230    93465.250    93465.340    93580.130
  1560:    93664.130    93784.120    93855.130    93937.120    93966.120
  1565:    94060.130    94163.120    94241.130    94304.130    94384.120
  1570:    94411.120    94476.130    94559.120    94674.130    94764.120
  1575:    94790.120    94873.130    94965.740    95107.540    95107.320
  1580:    95107.330    95107.350    95107.240    95107.120    95357.220
  1585:    95357.230    95357.250    95357.340    95441.130    95517.120
  1590:    95677.120    95702.120    95778.130    95866.120    95972.130
  1595:    96156.130    96237.120    96346.130    96380.840    96427.120
  1600:    96511.640    96511.320    96511.330    96511.350    96511.240
  1605:    96511.130    96761.220    96761.230    96761.250    96761.340
  1610:    96856.130    96893.130    97002.120    97082.130    97163.120
  1615:    97245.130    97328.120    97442.130    97523.120    97697.120
  1620:    97867.120    97973.130    98128.130    98205.120    98241.120
  1625:    98387.130    98412.130    98475.120    98507.120    98576.130
  1630:    98673.120    98737.130    98793.130    98869.120    98986.130
  1635:    99063.120    99172.130    99273.120    99396.130    99470.120
  1640:    99494.120    99736.120    99852.130   100052.130   100122.120
  1645:   100277.130   100337.130   100619.130   100784.130   100861.120
  1650:   100957.740   101014.130   101088.540   101088.320   101088.330
  1655:   101088.350   101088.240   101088.120   101338.220   101338.230
  1660:   101338.250   101338.340   101422.130   101536.120   101612.130
  1665:   101686.120   101718.120   101793.130   101900.120   101971.130
  1670:   102160.130   102235.120   102259.120   102328.130   102409.120
  1675:   102487.130   102563.120   102590.120   102662.130   102761.120
  1680:   102839.130   103057.130   103105.130   103305.120   103412.120
  1685:   103442.120   103576.130   103668.120   103749.130   103832.120
  1690:   103908.130   104010.120   104033.120   104066.120   104369.130
  1695:   104518.130   104698.120   104811.130   104919.120   104997.130
  1700:   105070.120   105138.740   105147.130   105224.540   105224.320
  1705:   105224.330   105224.350   105224.240   105224.120   105474.220
  1710:   105474.230   105474.250   105474.340   105568.130   105739.130
  1715:   105936.130   106037.120   106064.120   106164.130   106280.120
  1720:   106304.120   106329.120   106408.130   106561.130   106637.120
  1725:   106742.130   106948.130   107041.120   107191.120   107271.130
  1730:   107349.120   107376.120   107401.120   107472.130   107553.120
  1735:   107633.130   107712.120   107789.130   107970.130   108047.120
  1740:   108155.130   108174.740   108239.540   108239.320   108239.330
  1745:   108239.350   108239.240   108239.120   108489.220   108489.230
  1750:   108489.250   108489.340   108566.130   108839.120   108911.130
  1755:   108985.120   109063.130   109181.120   109271.130   109370.120
  1760:   109470.130   109593.120   109619.120   109700.130   109856.130
  1765:   109925.120   110031.130   110365.130   110489.740   110544.130
  1770:   110620.540   110620.320   110620.330   110620.350   110620.240
  1775:   110620.120   110870.220   110870.230   110870.250   110870.340
  1780:   111064.130   111148.120   111216.130   111320.120   111346.120
  1785:   111422.130   111498.120   111606.130   111703.120   111887.120
  1790:   111982.130   112086.120   112176.130   112202.130   112377.130
  1795:   112471.120   112547.130   112670.120   112732.130   112810.120
  1800:   112917.130   113067.120   113144.130   113502.130   113610.120
  1805:   113695.130   113865.130   113947.120   114064.130   114186.120
  1810:   114343.130   114375.130   114550.120   114630.130   114655.130
  1815:   114814.130   114906.130   114991.120   115091.120   115118.120
  1820:   115198.130   115248.130   115331.120   115416.130   115515.120
  1825:   115612.130   115781.130   115859.120   115886.120   116045.130
  1830:   116120.120   116268.120   116381.130   116460.120   116601.120
  1835:   116759.130   116868.120   116944.130   117029.120   117175.130
  1840:   117250.120   117357.130   117431.120   117470.740   117566.130
  1845:   117652.540   117652.320   117652.330   117652.350   117652.240
  1850:   117652.120   117902.220   117902.230   117902.250   117902.340
  1855:   118006.130   118064.130   118167.120   118193.120   118321.130
  1860:   118348.130   118447.120   118773.120   118802.120   118831.120
  1865:   118967.130   119064.120   119175.130   119202.740   119270.540
  1870:   119270.320   119270.330   119270.350   119270.240   119270.120
  1875:   119520.220   119520.230   119520.250   119520.340   119605.130
  1880:   119724.120   119908.120   119936.120   120090.120   120123.120
  1885:   120224.130   120318.120   120392.130   120552.130   120561.840
  1890:   120630.120   120661.120   120739.640   120739.320   120739.330
  1895:   120739.350   120739.240   120739.130   120989.220   120989.230
  1900:   120989.250   120989.340   121087.130   121179.120   121280.130
  1905:   121376.120   121455.130   121647.130   121708.130   121735.130
  1910:   121839.120   121919.130   122001.120   122044.120   122072.120
  1915:   122190.130   122272.120   122302.120   122375.130   122479.120
  1920:   122596.130   122671.120   122700.120   122768.130   122841.120
  1925:   122920.740   123000.540   123000.320   123000.330   123000.350
  1930:   123000.240   123000.120   123250.220   123250.230   123250.250
  1935:   123250.340   123414.130   123527.120   123551.120   123623.130
  1940:   123708.120   123737.120   123821.130   123890.120   123912.120
  1945:   124004.130   124116.120   124175.130   124189.840   124200.640
  1950:   124200.320   124200.330   124200.350   124200.240   124200.130
  1955:   124450.220   124450.230   124450.250   124450.340   124542.130
  1960:   124550.740   124652.540   124652.320   124652.330   124652.350
  1965:   124652.240   124652.120   124902.220   124902.230   124902.250
  1970:   124902.340   124999.130   125042.130   125173.120   125257.130
  1975:   125421.130   125516.120   125543.120   125611.130   125771.130
  1980:   125903.120   125979.130   126050.120   126102.740   126132.130
  1985:   126238.540   126238.320   126238.330   126238.350   126238.240
  1990:   126238.120   126488.220   126488.230   126488.250   126488.340
  1995:   126575.130   126599.130   126696.120   126718.120   126793.130
  2000:   126866.120   126943.130   127019.120   127147.130   127246.120
  2005:   127276.120   127448.120   127493.120   127608.130   127676.120
  2010:   127755.130   127863.120   127889.120   127967.130   128037.120
  2015:   128065.120   128092.120   128187.130   128362.130   128428.120
  2020:   128454.120   128542.130   128630.130   128707.120   128735.120
  2025:   128764.120   128831.130   128910.120   128987.130   129075.130
  2030:   129166.120   129250.130   129326.120   129356.120   129430.130
  2035:   129528.120   129606.130   129681.120   129711.120   129804.130
  2040:   129874.120   129977.130   130045.120   130075.120   130167.130
  2045:   130338.130   130584.120   130674.120   130745.130   130832.120
  2050:   130854.120   130935.130   131124.130   131284.130   131288.740
  2055:   131309.130   131461.130   131519.130   131718.130   131748.130
  2060:   132080.130   132170.540   132170.320   132170.330   132170.350
  2065:   132170.240   132170.120   132420.220   132420.230   132420.250
  2070:   132420.340   132498.130   132697.130   132750.840   132780.120
  2075:   132808.120   132879.640   132879.320   132879.330   132879.350
  2080:   132879.240   132879.130   132920.740   133129.220   133129.230
  2085:   133129.250   133129.340   133216.130   133343.540   133343.320
  2090:   133343.330   133343.350   133343.240   133343.120   133593.220
  2095:   133593.230   133593.250   133593.340   133696.130   133819.120
  2100:   133898.130   133985.120   134068.130   134155.120   134259.130
  2105:   134331.120   134443.130   134602.130   134683.120   134758.130
  2110:   134857.120   134880.120   134907.120   134981.130   135060.120
  2115:   135083.120   135175.130   135272.120   135415.120   135437.120
  2120:   135539.130   135752.120   135864.130   136039.120   136114.130
  2125:   136283.130   136366.120   136445.130   136538.120   136774.130
  2130:   136849.120   136912.130   136993.120   137109.130   137187.120
  2135:   137260.130   137463.130   137574.120   137670.120   137693.120
  2140:   137774.130   137848.120   137929.130   138002.120   138029.120
  2145:   138119.130   138383.130   138454.120   138529.130   138688.130
  2150:   138772.120   138829.840   138833.640   138833.320   138833.330
  2155:   138833.350   138833.240   138833.130   139083.220   139083.230
  2160:   139083.250   139083.340   139171.130   139273.120   139298.120
  2165:   139373.130   139593.740   139597.540   139597.320   139597.330
  2170:   139597.350   139597.240   139597.120   139847.220   139847.230
  2175:   139847.250   139847.340   139935.130   140002.130   140116.120
  2180:   140195.130   140266.120   140287.120   140358.130   140444.120
  2185:   140548.130   140622.120   140706.130   140785.120   141018.120
  2190:   141123.130   141209.120   141321.130   141406.120   141486.130
  2195:   141581.120   141605.120   141665.130   141750.120   141776.120
  2200:   141858.130   141913.130   141983.840   141996.120   142088.640
  2205:   142088.320   142088.330   142088.350   142088.240   142088.130
  2210:   142338.220   142338.230   142338.250   142338.340   142428.130
  2215:   142540.120   142564.120   142590.120   142666.130   142745.120
  2220:   142856.130   142934.120   143059.130   143175.120   143199.120
  2225:   143273.130   143367.120   143446.130   143525.120   143558.120
  2230:   143632.130   143708.120   143782.130   143862.120   143976.130
  2235:   144079.120   144142.130   144333.130   144404.120   144524.130
  2240:   144604.120   144682.130   144774.120   144798.120   144872.130
  2245:   144954.120   145012.130   145040.130   145116.120   145173.130
  2250:   145197.130   145370.130   145555.130   145638.840   145649.120
  2255:   145723.640   145723.320   145723.330   145723.350   145723.240
  2260:   145723.130   145947.740   145973.220   145973.230   145973.250
  2265:   145973.340   146061.130   146143.540   146143.320   146143.330
  2270:   146143.350   146143.240   146143.120   146393.220   146393.230
  2275:   146393.250   146393.340   146486.130   146578.130   146697.120
  2280:   146722.120   146824.130   146904.120   146982.130   147066.120
  2285:   147253.120   147362.130   147441.120   147497.130   147624.120
  2290:   147724.130   147796.120   147873.840   147912.640   147912.320
  2295:   147912.330   147912.350   147912.240   147912.130   148093.740
  2300:   148162.220   148162.230   148162.250   148162.340   148249.130
  2305:   148315.540   148315.320   148315.330   148315.350   148315.240
  2310:   148315.120   148565.220   148565.230   148565.250   148565.340
  2315:   148657.130   148691.130   148903.130   149056.130   149246.130
  2320:   149322.120   149398.130   149473.120   149565.740   149598.130
  2325:   149757.130   149939.130   150021.540   150021.320   150021.330
  2330:   150021.350   150021.240   150021.120   150271.220   150271.230
  2335:   150271.250   150271.340   150357.130   150443.120   150481.120
  2340:   150556.130   150726.130   150836.120   150904.130   151005.120
  2345:   151034.120   151131.130   151206.120   151290.130   151357.120
  2350:   151474.130   151559.120   151669.130   151850.130   152139.120
  2355:   152229.130   152425.130   152577.130   152659.120   152741.130
  2360:   152811.120   152834.120   153013.120   153092.130   153171.120
  2365:   153242.120   153332.130   153486.130   153591.120   153736.120
  2370:   153815.130   153889.120   153951.130   154063.120   154132.130
  2375:   154230.120   154256.120   154419.120   154496.130   154578.120
  2380:   154649.130   154730.120   154810.130   154871.740   154893.540
  2385:   154893.320   154893.330   154893.350   154893.240   154893.120
  2390:   155143.220   155143.230   155143.250   155143.340   155244.130
  2395:   155359.120   155442.130   155524.120   155599.130   155670.120
  2400:   155719.120   155790.130   155937.130   156117.130   156211.120
  2405:   156236.120   156323.130   156562.840   156635.120   156643.740
  2410:   156746.640   156746.320   156746.330   156746.350   156746.240
  2415:   156746.130   156996.220   156996.230   156996.250   156996.340
  2420:   157101.130   157199.540   157199.320   157199.330   157199.350
  2425:   157199.240   157199.120   157396.840   157449.220   157449.230
  2430:   157449.250   157449.340   157527.640   157527.320   157527.330
  2435:   157527.350   157527.240   157527.130   157777.220   157777.230
  2440:   157777.250   157777.340   157863.130   158024.130   158130.120
  2445:   158162.120   158246.130   158337.120   158416.130   158501.120
  2450:   158526.120   158605.130   158687.120   158796.130   158944.130
  2455:   159031.120   159104.130   159209.120   159294.130   159349.740
  2460:   159368.540   159368.320   159368.330   159368.350   159368.240
  2465:   159368.120   159618.220   159618.230   159618.250   159618.340
  2470:   159805.120   159915.130   159996.120   160097.130   160173.120
  2475:   160197.120   160290.130   160318.740   160371.130   160450.540
  2480:   160450.320   160450.330   160450.350   160450.240   160450.120
  2485:   160700.220   160700.230   160700.250   160700.340   160776.130
  2490:   160976.130   161071.120   161094.120   161167.130   161271.120
  2495:   161444.120   161518.130   161602.120   161627.120   161745.130
  2500:   161823.120   161877.840   161902.640   161902.320   161902.330
  2505:   161902.350   161902.240   161902.130   162152.220   162152.230
  2510:   162152.250   162152.340   162225.130   162322.120   162414.130
  2515:   162493.120   162574.130   162649.120   162755.130   162836.120
  2520:   162863.120   162950.130   163026.120   163133.130   163200.120
  2525:   163274.130   163431.130   163510.120   163534.120   163595.130
  2530:   163707.120   163903.120   163966.130   164042.120   164114.130
  2535:   164197.120   164225.120   164311.130   164388.120   164496.130
  2540:   164571.120   164596.120   164684.130   164763.120   164850.130
  2545:   164962.120   165000.740   165079.130   165311.540   165311.320
  2550:   165311.330   165311.350   165311.240   165311.120   165561.220
  2555:   165561.230   165561.250   165561.340   165644.130   165763.120
  2560:   165794.120   165865.130   165972.120   166043.130   166209.130
  2565:   166343.120   166444.130   166518.120   166600.130   166678.120
  2570:   166779.130   166896.120   166992.130   167182.130   167311.120
  2575:   167406.130   167567.130   167827.120   167848.120   167909.130
  2580:   167981.120   168138.120   168233.130   168315.120   168446.130
  2585:   168672.130   168761.740   169003.130   169049.130   169209.540
  2590:   169209.320   169209.330   169209.350   169209.240   169209.120
  2595:   169459.220   169459.230   169459.250   169459.340   169652.120
  2600:   169733.130   169811.120   169886.130   169967.120   170040.130
  2605:   170116.120   170143.120   170258.130   170341.120   170422.130
  2610:   170506.120   170532.120   170626.130   170696.120   170726.120
  2615:   170752.840   170801.640   170801.320   170801.330   170801.350
  2620:   170801.240   170801.130   171051.220   171051.230   171051.250
  2625:   171051.340   171159.740   171219.130   171337.540   171337.320
  2630:   171337.330   171337.350   171337.240   171337.120   171587.220
  2635:   171587.230   171587.250   171587.340   171692.130   171810.120
  2640:   171836.120   171919.130   172023.120   172138.130   172207.130
  2645:   172286.120   172474.120   172593.130   172787.740   172789.130
  2650:   172866.540   172866.320   172866.330   172866.350   172866.240
  2655:   172866.120   173116.220   173116.230   173116.250   173116.340
  2660:   173208.130   173359.120   173385.120   173464.130   173535.120
  2665:   173610.130   173781.130   174047.120   174128.130   174228.120
  2670:   174383.120   174410.120   174595.120   174664.130   174746.120
  2675:   174809.130   174836.130   174942.120   175039.130   175149.120
  2680:   175251.840   175331.120   175410.640   175410.320   175410.330
  2685:   175410.350   175410.240   175410.130   175660.220   175660.230
  2690:   175660.250   175660.340   175749.130   175835.120   175912.130
  2695:   175990.120   176064.130   176147.120   176230.130   176343.120
  2700:   176367.120   176460.130   176545.120   176660.130   176763.120
  2705:   176786.120   176861.130   176931.120   177012.130   177098.120
  2710:   177329.130   177444.120   177468.120   177533.130   177617.120
  2715:   177692.130   177795.120   177819.120   177914.130   178018.120
  2720:   178119.130   178210.120   178234.120   178311.130   178398.120
  2725:   178533.120   178556.120   178685.130   178769.120   178794.120
  2730:   178887.130   179074.130   179186.120   179206.120   179288.130
  2735:   179387.120   179452.130   179516.740   179559.540   179559.320
  2740:   179559.330   179559.350   179559.240   179559.120   179660.840
  2745:   179809.220   179809.230   179809.250   179809.340   179896.640
  2750:   179896.320   179896.330   179896.350   179896.240   179896.130
  2755:   180146.220   180146.230   180146.250   180146.340   180255.130
  2760:   180312.130   180417.120   180511.130   180649.120   180726.130
  2765:   180746.840   180812.120   180834.120   180922.640   180922.320
  2770:   180922.330   180922.350   180922.240   180922.130   181172.220
  2775:   181172.230   181172.250   181172.340   181316.130   181485.120
  2780:   181514.120   181593.130   181673.120   181794.130   181894.120
  2785:   181915.120   181999.130   182166.130   182230.120   182257.120
  2790:   182372.840   182414.120   182516.640   182516.320   182516.330
  2795:   182516.350   182516.240   182516.130   182766.220   182766.230
  2800:   182766.250   182766.340   182866.840   182876.640   182876.320
  2805:   182876.330   182876.350   182876.240   182876.130   183126.220
  2810:   183126.230   183126.250   183126.340   183232.130   183328.130
  2815:   183464.120   183492.120   183572.130   183678.120   183758.130
  2820:   183837.120   183920.130   184007.120   184115.130   184186.120
  2825:   184273.130   184407.120   184431.120   184508.130   184526.840
  2830:   184600.120   184677.640   184677.320   184677.330   184677.350
  2835:   184677.240   184677.130   184927.220   184927.230   184927.250
  2840:   184927.340   185026.130   185105.120   185211.130   185296.120
  2845:   185407.130   185499.120   185523.120   185617.130   185706.120
  2850:   185767.130   185793.130   185905.120   185927.840   185980.640
  2855:   185980.320   185980.330   185980.350   185980.240   185980.130
  2860:   186230.220   186230.230   186230.250   186230.340   186326.130
  2865:   186413.120   186520.130   186614.120   186723.130   186803.120
  2870:   186880.130   186980.120   187003.120   187082.130   187166.120
  2875:   187242.130   187320.120   187350.120   187422.130   187607.130
  2880:   187703.120   187722.120   187803.130   187910.130   188008.120
  2885:   188091.130   188184.120   188294.130   188400.120   188469.130
  2890:   188579.120   188639.130   188726.120   188807.130   188942.120
  2895:   189120.120   189202.130   189278.120   189386.130   189459.120
  2900:   189545.130   189625.120   189709.740   189797.540   189797.320
  2905:   189797.330   189797.350   189797.240   189797.120   190047.220
  2910:   190047.230   190047.250   190047.340   190175.130   190441.130
  2915:   190532.120   190616.130   190690.130   190775.120   191037.130
  2920:   191106.120   191217.130   191418.130   191599.130   191727.120
  2925:   191802.130   191882.120   191954.130   192029.120   192059.120
  2930:   192208.120   192282.130   192362.120   192383.120   192443.130
  2935:   192512.120   192596.130   192626.130   192709.120   192733.120
  2940:   192926.120   192981.130   193084.120   193109.120   193184.130
  2945:   193288.120   193367.130   193448.120   193785.130   193868.120
  2950:   193950.130   194033.120   194071.120   194148.130   194251.120
  2955:   194313.130   194389.120   194502.130   194588.120   194611.120
  2960:   194747.740   194762.540   194762.320   194762.330   194762.350
  2965:   194762.240   194762.120   195012.220   195012.230   195012.250
  2970:   195012.340   195225.120   195299.130   195330.840   195391.120
  2975:   195472.640   195472.320   195472.330   195472.350   195472.240
  2980:   195472.130   195722.220   195722.230   195722.250   195722.340
  2985:   195797.130   195876.120   195902.120   195991.130   196093.120
  2990:   196176.130   196360.130   196435.120   196513.130   196593.120
  2995:   196676.130   196953.120   196977.120   197057.130   197156.120
  3000:   197217.130   197297.120   197325.120   197388.130   197477.120
  3005:   197553.130   197653.120   197727.130   197834.120   197858.120
  3010:   197973.130   198077.120   198227.120   198395.130   198696.120
  3015:   198804.130   198885.120   198951.130   199031.120   199106.130
  3020:   199210.120   199278.130   199358.120   199461.130   199659.120
  3025:   199730.130   199813.120   199843.120   199902.130   199993.120
  3030:   200072.130   200391.120   200412.740   200473.130   200575.540
  3035:   200575.320   200575.330   200575.350   200575.240   200575.120
  3040:   200825.220   200825.230   200825.250   200825.340   200912.130
  3045:   201007.120   201120.130   201214.120   201335.130   201452.120
  3050:   201481.120   201556.130   201647.120   201805.120   201900.130
  3055:   202004.120   202197.120   202223.120   202492.130   202595.120
  3060:   202668.130   202762.120   202840.130   202915.120   203021.130
  3065:   203103.130   203180.120   203256.130   203337.120   203401.130
  3070:   203496.120   203517.120   203591.130   203677.120   203770.130
  3075:   203873.120   203947.130   204257.120   204273.120   204353.130
  3080:   204437.120   204535.130   204633.120   204712.130   204796.120
  3085:   204877.130   204958.120   205042.130   205105.120   205212.130
  3090:   205292.120   205315.120   205373.130   205461.120   205485.120
  3095:   205573.130   205658.120   205755.130   205843.120   205952.130
  3100:   206032.120   206056.120   206136.130   206353.130   206428.120
  3105:   206506.130   206595.120   206733.130   206829.120   206934.130
  3110:   207149.130   207178.130   207225.740   207265.540   207265.320
  3115:   207265.330   207265.350   207265.240   207265.120   207515.220
  3120:   207515.230   207515.250   207515.340   207594.130   207805.130
  3125:   207895.120   207990.130   208121.120   208148.120   208364.120
  3130:   208399.120   208473.130   208549.120   208579.120   208674.130
  3135:   208744.120   208776.120   208970.120   208994.120   209179.120
  3140:   209215.740   209246.130   209341.540   209341.320   209341.330
  3145:   209341.350   209341.240   209341.120   209591.220   209591.230
  3150:   209591.250   209591.340   209674.130   209787.120   209890.130
  3155:   209995.120   210166.120   210382.120   210455.130   210561.120
  3160:   210586.120   210663.130   210747.120   210768.120   210872.130
  3165:   210956.120   210985.120   211054.130   211140.120   211250.130
  3170:   211332.120   211433.130   211538.120   211635.130   211717.120
  3175:   211801.130   211870.120   211952.130   212135.130   212213.120
  3180:   212284.130   212364.120   212426.130   212556.120   212630.130
  3185:   212710.120   212798.120   212876.130   213015.130   213101.120
  3190:   213124.120   213191.130   213297.120   213382.130   213479.120
  3195:   213556.130   213630.120   213768.130   213835.120   213862.120
  3200:   213990.120   214094.130   214169.120   214271.130   214369.120
  3205:   214393.120   214416.120   214571.120   214591.740   214670.130
  3210:   214739.540   214739.320   214739.330   214739.350   214739.240
  3215:   214739.120   214989.220   214989.230   214989.250   214989.340
  3220:   215092.130   215189.740   215311.130   215405.540   215405.320
  3225:   215405.330   215405.350   215405.240   215405.120   215655.220
  3230:   215655.230   215655.250   215655.340   215759.130   215861.120
  3235:   215941.130   216019.120   216136.130   216235.120   216451.120
  3240:   216473.120   216541.130   216621.120   216695.130   216767.120
  3245:   216838.130   216992.130   217014.130   217092.120   217171.130
  3250:   217261.120   217338.130   217432.120   217464.120   217531.130
  3255:   217630.120   217693.130   217784.120   217883.130   217907.130
  3260:   217955.740   218057.130   218135.540   218135.320   218135.330
  3265:   218135.350   218135.240   218135.120   218385.220   218385.230
  3270:   218385.250   218385.340   218493.130   218617.120   218698.130
  3275:   218776.120   218852.130   218923.120   219071.130   219164.120
  3280:   219262.130   219367.120   219444.130   219619.120   219721.130
  3285:   219786.120   219818.120   219890.130   219972.120   220052.130
  3290:   220163.120   220238.130   220301.120   220416.130   220537.120
  3295:   220604.130   220684.120   220772.130   220850.120   221014.130
  3300:   221104.120   221182.130   221358.130   221383.130   221446.120
  3305:   221616.120   221711.130   221741.130   221947.130   222022.120
  3310:   222043.120   222071.120   222146.130   222241.120   222270.120
  3315:   222571.130   222645.120   222726.130   222833.120   222856.120
  3320:   223041.120   223168.130   223284.120   223406.130   223526.120
  3325:   223597.130   223697.120   223985.740   224010.540   224010.320
  3330:   224010.330   224010.350   224010.240   224010.120   224260.220
  3335:   224260.230   224260.250   224260.340   224322.840   224338.640
  3340:   224338.320   224338.330   224338.350   224338.240   224338.130
  3345:   224588.220   224588.230   224588.250   224588.340   224668.130
  3350:   224756.120   224839.130   224860.740   224950.540   224950.320
  3355:   224950.330   224950.350   224950.240   224950.120   225200.220
  3360:   225200.230   225200.250   225200.340   225335.130   225435.120
  3365:   225534.130   225629.120   225807.130   225937.130   225965.130
  3370:   226125.130   226232.120   226320.130   226418.120   226481.130
  3375:   226562.120   226633.130   226707.120   226850.120   226929.130
  3380:   227002.120   227091.130   227215.120   227236.120   227302.130
  3385:   227388.840   227511.640   227511.320   227511.330   227511.350
  3390:   227511.240   227511.130   227761.220   227761.230   227761.250
  3395:   227761.340   227828.130   227931.120   228015.130   228092.120
  3400:   228170.130   228263.120   228320.130   228400.740   228407.540
  3405:   228407.320   228407.330   228407.350   228407.240   228407.120
  3410:   228657.220   228657.230   228657.250   228657.340   228746.130
  3415:   228836.120   228855.120   228935.130   229116.130   229205.120
  3420:   229281.130   229438.130   229541.120   229568.120   229629.130
  3425:   229848.130   230025.130   230125.120   230150.120   230294.120
  3430:   230357.740   230362.130   230436.540   230436.320   230436.330
  3435:   230436.350   230436.240   230436.120   230686.220   230686.230
  3440:   230686.250   230686.340   230775.130   230843.130   230861.840
  3445:   230932.120   230961.120   230999.120   231109.640   231109.320
  3450:   231109.330   231109.350   231109.240   231109.130   231359.220
  3455:   231359.230   231359.250   231359.340   231438.130   231514.120
  3460:   231648.130   231752.120   231775.120   231852.130   231934.120
  3465:   232012.130   232077.120   232162.130   232252.130   232329.120
  3470:   232356.120   232430.130   232512.120   232622.130   232721.120
  3475:   232744.120   232817.130   232915.120   233061.120   233217.130
  3480:   233296.120   233365.130   233429.120   233537.130   233610.120
  3485:   233636.120   233708.130   233903.130   233996.120   234083.130
  3490:   234166.120   234278.130   234384.120   234405.120   234436.120
  3495:   234500.130   234671.130   234753.120   234823.120   234896.130
  3500:   235060.130   235123.120   235153.120   235229.130   235474.130
  3505:   235553.120   235689.120   235813.130   235896.120   235997.130
  3510:   236082.120   236103.120   236127.120   236204.130   236270.120
  3515:   236347.130   236452.120   236475.120   236625.120   236706.120
  3520:   236730.120   236805.130   236883.120   236960.130   237109.130
  3525:   237192.120   237219.120   237340.130   237406.120   237431.120
  3530:   237507.130   237679.130   237959.130   238057.120   238144.130
  3535:   238231.120   238267.120   238370.130   238468.120   238551.130
  3540:   238696.120   238764.130   239022.120   239094.130   239178.120
  3545:   239260.120   239340.130   239429.120   239532.130   239605.120
  3550:   239713.130   239893.130   240070.120   240321.120   240475.130
  3555:   240580.120   240664.130   240768.120   240802.120   240914.130
  3560:   240959.840   241012.120   241111.640   241111.320   241111.330
  3565:   241111.350   241111.240   241111.130   241361.220   241361.230
  3570:   241361.250   241361.340   241449.130   241654.130   241742.120
  3575:   241773.120   241856.130   242025.130   242124.120   242150.120
  3580:   242209.130   242398.130   242515.120   242541.120   242567.120
  3585:   242661.840   242850.640   242850.320   242850.330   242850.350
  3590:   242850.240   242850.130   243100.220   243100.230   243100.250
  3595:   243100.340   243282.120   243367.130   243452.120   243639.130
  3600:   243753.120   243774.120   243866.130   243971.120   244042.130
  3605:   244196.130   244297.120   244494.120   244592.130   244666.120
  3610:   244690.120   244780.130   244860.120   245028.120   245111.130
  3615:   245189.120   245205.120   245279.130   245300.840   245363.120
  3620:   245446.640   245446.320   245446.330   245446.350   245446.240
  3625:   245446.130   245696.220   245696.230   245696.250   245696.340
  3630:   245793.130   245886.120   245971.120   246045.130   246130.120
  3635:   246523.120   246548.120   246632.130   246728.120   246801.130
  3640:   246911.120   246935.120   247031.130   247137.120   247161.120
  3645:   247319.120   247389.130   247492.120   247496.840   247640.120
  3650:   247842.120   247940.640   247940.320   247940.330   247940.350
  3655:   247940.240   247940.130   248190.220   248190.230   248190.250
  3660:   248190.340   248290.130   248386.740   248611.130   248773.130
  3665:   248953.540   248953.320   248953.330   248953.350   248953.240
  3670:   248953.120   249203.220   249203.230   249203.250   249203.340
  3675:   249327.130   249408.120   249528.130   249609.120   249688.130
  3680:   249766.120   249845.120   249936.130   250153.120   250248.130
  3685:   250330.120   250355.120   250504.120   250585.130   250667.120
  3690:   250733.130   250839.120   250935.130   251115.130   251203.740
  3695:   251251.540   251251.320   251251.330   251251.350   251251.240
  3700:   251251.120   251501.220   251501.230   251501.250   251501.340
  3705:   251582.130   251718.120   251803.130   251893.120   251901.740
  3710:   251974.130   252084.540   252084.320   252084.330   252084.350
  3715:   252084.240   252084.120   252334.220   252334.230   252334.250
  3720:   252334.340   252431.130   252535.120   252601.120   252679.130
  3725:   252756.120   252836.130   252991.130   253190.130   253256.120
  3730:   253336.130   253421.120   253538.130   253617.120   253709.130
  3735:   253819.120   253898.130   253998.120   254080.130   254178.120
  3740:   254209.120   254290.840   254368.120   254446.640   254446.320
  3745:   254446.330   254446.350   254446.240   254446.130   254696.220
  3750:   254696.230   254696.250   254696.340   254802.130   254923.120
  3755:   254945.120   255130.120   255295.120   255377.130   255462.120
  3760:   255484.120   255551.130   255658.120   255897.130   256020.120
  3765:   256167.120   256194.120   256289.130   256479.130   256652.130
  3770:   256726.130   256837.120   256896.130   256984.120   257089.120
  3775:   257197.130   257284.120   257384.130   257499.120   257548.120
  3780:   257634.740   257709.540   257709.320   257709.330   257709.350
  3785:   257709.240   257709.120   257959.220   257959.230   257959.250
  3790:   257959.340   258049.130   258174.120   258255.130   258332.120
  3795:   258403.130   258657.120   258681.120   258749.130   258831.120
  3800:   259046.120   259069.120   259156.130   259232.120   259315.130
  3805:   259393.120   259494.130   259573.120   259731.120   259756.120
  3810:   259832.130   259916.120   259998.130   260080.120   260165.130
  3815:   260256.120   260281.120   260378.130   260462.120   260569.130
  3820:   260670.120   260696.120   260769.130   260866.120   260896.840
  3825:   260946.120   261052.640   261052.320   261052.330   261052.350
  3830:   261052.240   261052.130   261302.220   261302.230   261302.250
  3835:   261302.340   261418.130   261622.130   261724.130   261800.120
  3840:   261883.130   262045.130   262116.120   262315.120   262336.120
  3845:   262413.130   262511.120   262570.130   262638.120   262733.130
  3850:   262809.120   262917.130   262992.120   263022.120   263098.130
  3855:   263178.120   263256.130   263359.120   263422.130   263528.120
  3860:   263552.120   263624.130   263696.120   263723.120   263817.130
  3865:   263891.120   263916.120   264009.130   264059.740   264088.540
  3870:   264088.320   264088.330   264088.350   264088.240   264088.120
  3875:   264338.220   264338.230   264338.250   264338.340   264532.120
  3880:   264610.120   264702.840   264705.640   264705.320   264705.330
  3885:   264705.350   264705.240   264705.130   264955.220   264955.230
  3890:   264955.250   264955.340   265061.130   265138.740   265192.540
  3895:   265192.320   265192.330   265192.350   265192.240   265192.120
  3900:   265442.220   265442.230   265442.250   265442.340   265566.130
  3905:   265690.120   265802.130   265904.120   266009.130   266108.120
  3910:   266188.130   266274.120   266358.130   266456.120   266560.130
  3915:   266637.120   266655.840   266702.640   266702.320   266702.330
  3920:   266702.350   266702.240   266702.130   266952.220   266952.230
  3925:   266952.250   266952.340   267061.130   267144.130   267283.120
  3930:   267372.130   267505.120   267614.130   267714.120   267791.130
  3935:   267940.120   268137.120   268142.740   268161.540   268161.320
  3940:   268161.330   268161.350   268161.240   268161.120   268411.220
  3945:   268411.230   268411.250   268411.340   268516.130   268631.120
  3950:   268654.120   268798.120   268900.130   268976.120   269036.130
  3955:   269116.120   269205.130   269311.120   269335.120   269412.130
  3960:   269487.120   269553.130   269640.120   269663.120   269737.130
  3965:   269815.120   269890.130   269963.120   270040.130   270116.120
  3970:   270199.130   270282.120   270309.120   270379.130   270453.120
  3975:   270478.120   270570.130   270644.120   270727.130   270828.120
  3980:   270853.120   270923.130   271000.120   271025.120   271048.120
  3985:   271113.130   271199.120   271306.130   271385.120   271511.740
  3990:   271542.540   271542.320   271542.330   271542.350   271542.240
  3995:   271542.120   271792.220   271792.230   271792.250   271792.340
  4000:   272070.120   272227.120   272303.130   272365.120   272390.120
  4005:   272487.130   272567.120   272593.120   272665.130   272748.120
  4010:   272770.120   272792.120   272857.130   272933.120   273007.130
  4015:   273089.120   273173.130   273234.120   273343.130   273415.120
  4020:   273441.120   273511.130   273588.120   273695.130   273769.120
  4025:   273876.130   273949.120   273973.120   274052.130   274132.120
  4030:   274151.120   274176.120   274240.130   274343.120   274370.120
  4035:   274444.130   274531.120   274550.120   274717.120   274737.120
  4040:   274764.120   274842.130   274920.120   274992.130   275073.120
  4045:   275153.130   275242.120   275266.120   275340.130   275426.120
  4050:   275530.130   275600.120   275627.120   275706.130   275787.120
  4055:   275864.130   275941.120   275992.740   276087.540   276087.320
  4060:   276087.330   276087.350   276087.240   276087.120   276337.220
  4065:   276337.230   276337.250   276337.340   276476.130   276537.740
  4070:   276557.540   276557.320   276557.330   276557.350   276557.240
  4075:   276557.120   276807.220   276807.230   276807.250   276807.340
  4080:   276994.120   277021.120   277098.130   277163.120   277240.130
  4085:   277324.120   277403.130   277474.120   277502.120   277570.130
  4090:   277646.120   277721.130   277806.120   277831.120   277859.120
  4095:   277934.130   278122.130   278231.120   278259.120   278333.130
  4100:   278434.120   278493.130   278518.130   278624.120   278711.130
  4105:   278796.120   278878.130   278907.740   278954.540   278954.320
  4110:   278954.330   278954.350   278954.240   278954.120   279204.220
  4115:   279204.230   279204.250   279204.340   279303.130   279412.120
  4120:   279504.130   279581.120   279813.130   279840.130   279918.120
  4125:   279942.120   279965.120   280136.120   280187.120   280266.130
  4130:   280349.120   280454.130   280522.120   280682.120   280743.130
  4135:   280801.120   280826.120   280893.130   281044.130   281110.120
  4140:   281261.120   281340.130   281416.120   281571.120   281652.840
  4145:   281739.120   281763.120   281871.640   281871.320   281871.330
  4150:   281871.350   281871.240   281871.130   282121.220   282121.230
  4155:   282121.250   282121.340   282266.130   282358.120   282444.130
  4160:   282571.120   282593.120   282673.130   282751.120   282775.120
  4165:   282980.120   283083.130   283155.120   283228.130   283313.120
  4170:   283347.120   283423.130   283470.130   283533.120   283558.120
  4175:   283642.130   283745.120   283846.130   283938.120   283961.120
  4180:   284049.130   284120.120   284150.120   284219.130   284298.120
  4185:   284409.130   284483.120   284568.130   284644.120   284731.130
  4190:   284807.120   284885.130   284967.120   285044.130   285109.120
  4195:   285276.120   285366.130   285439.120   285524.130   285604.120
  4200:   285704.130   285766.120   285789.120   285813.120   285877.130
  4205:   285942.120   285967.120   286042.130   286118.120   286205.130
  4210:   286225.130   286285.120   286442.120   286516.130   286712.130
  4215:   286812.120   286889.130   286955.120   287068.130   287246.130
  4220:   287423.120   287537.130   287604.740   287656.540   287656.320
  4225:   287656.330   287656.350   287656.240   287656.120   287906.220
  4230:   287906.230   287906.250   287906.340   288008.130   288111.120
  4235:   288137.120   288194.120   288214.120   288406.120   288435.120
  4240:   288521.130   288588.120   288684.130   288765.120   288793.120
  4245:   288816.120   288896.130   288980.120   289008.120   289030.120
  4250:   289109.130   289192.120   289249.120   289330.130   289443.120
  4255:   289466.120   289542.130   289613.120   289733.130   289824.130
  4260:   289962.120   290061.130   290137.120   290166.120   290248.130
  4265:   290326.120   290350.120   290436.130   290498.120   290525.120
  4270:   290549.120   290610.130   290697.120   290835.130   290924.120
  4275:   290947.120   290963.120   291041.130   291117.120   291198.130
  4280:   291304.120   291331.120   291413.130   291495.120   291515.120
  4285:   291592.130   291669.120   291750.130   291819.120   291843.120
  4290:   291922.130   292011.120   292038.120   292145.130   292234.120
  4295:   292313.130   292412.120   292586.120   292667.130   292951.120
  4300:   292975.120   293062.130   293106.740   293140.540   293140.320
  4305:   293140.330   293140.350   293140.240   293140.120   293390.220
  4310:   293390.230   293390.250   293390.340   293473.130   293577.120
  4315:   293603.120   293690.130   293725.130   293803.120   293885.130
  4320:   294003.120   294363.120   294394.120   294412.120   294491.130
  4325:   294569.120   294656.130   294838.130   294921.840   294930.120
  4330:   294959.120   295036.640   295036.320   295036.330   295036.350
  4335:   295036.240   295036.130   295286.220   295286.230   295286.250
  4340:   295286.340   295391.130   295495.120   295587.130   295708.120
  4345:   295789.130   295879.120   295900.120   295983.130   296054.120
  4350:   296163.130   296241.120   296390.740   296406.540   296406.320
  4355:   296406.330   296406.350   296406.240   296406.120   296656.220
  4360:   296656.230   296656.250   296656.340   296737.130   296842.120
  4365:   296865.120   296950.130   297032.120   297105.130   297188.120
  4370:   297215.120   297286.130   297356.740   297389.540   297389.320
  4375:   297389.330   297389.350   297389.240   297389.120   297639.220
  4380:   297639.230   297639.250   297639.340   297686.840   297732.640
  4385:   297732.320   297732.330   297732.350   297732.240   297732.130
  4390:   297982.220   297982.230   297982.250   297982.340   298055.130
  4395:   298077.130   298165.120   298254.130   298428.130   298518.120
  4400:   298543.120   298567.120   298648.130   298732.120   298880.120
  4405:   298902.120   298926.120   299008.130   299083.120   299139.740
  4410:   299192.130   299282.840   299302.540   299302.320   299302.330
  4415:   299302.350   299302.240   299302.120   299552.220   299552.230
  4420:   299552.250   299552.340   299682.640   299682.320   299682.330
  4425:   299682.350   299682.240   299682.130   299852.740   299932.220
  4430:   299932.230   299932.250   299932.340   300009.130   300134.540
  4435:   300134.320   300134.330   300134.350   300134.240   300134.120
  4440:   300384.220   300384.230   300384.250   300384.340   300612.120
  4445:   301081.120   301162.130   301233.120   301313.130   301388.120
  4450:   301418.120   301514.130   301740.120   301765.120   301797.120
  4455:   301878.130   301954.120   302072.130   302178.120   302200.120
  4460:   302277.130   302379.120   302403.120   302468.130   302532.840
  4465:   302567.120   302641.640   302641.320   302641.330   302641.350
  4470:   302641.240   302641.130   302891.220   302891.230   302891.250
  4475:   302891.340   302991.130   303074.120   303188.130   303261.120
  4480:   303355.130   303435.120   303466.120   303540.130   303624.120
  4485:   303651.120   303714.130   303907.130   303988.120   303991.840
  4490:   304021.120   304051.120   304143.640   304143.320   304143.330
  4495:   304143.350   304143.240   304143.130   304393.220   304393.230
  4500:   304393.250   304393.340   304486.130   304716.130   304877.120
  4505:   304893.840   304979.640   304979.320   304979.330   304979.350
  4510:   304979.240   304979.130   305229.220   305229.230   305229.250
  4515:   305229.340   305320.130   305398.120   305423.120   305505.130
  4520:   305616.120   305715.130   305788.120   305838.120   305917.130
  4525:   306000.120   306025.120   306044.120   306131.130   306178.130
  4530:   306252.120   306342.130   306458.120   306483.120   306508.120
  4535:   306583.130   306649.120   306754.130   306824.120   306851.120
  4540:   306928.130   307029.120   307127.130   307202.120   307312.130
  4545:   307379.120   307461.130   307542.120   307578.120   307607.120
  4550:   307686.130   307760.120   307785.120   307856.130   307939.120
  4555:   308024.130   308109.120   308133.120   308205.130   308282.120
  4560:   308307.120   308331.120   308403.130   308473.120   308499.120
  4565:   308584.740   308592.130   308654.540   308654.320   308654.330
  4570:   308654.350   308654.240   308654.120   308904.220   308904.230
  4575:   308904.250   308904.340   308986.130   309029.840   309112.120
  4580:   309134.120   309159.120   309184.120   309263.640   309263.320
  4585:   309263.330   309263.350   309263.240   309263.130   309513.220
  4590:   309513.230   309513.250   309513.340   309605.130   309705.120
  4595:   309804.130   309873.120   309902.120   309995.130   310077.120
  4600:   310107.120   310132.120   310216.130   310295.120   310463.120
  4605:   310487.120   310510.120   310680.120   310763.130   310848.120
  4610:   310873.120   310946.130   311021.120   311098.130   311431.120
  4615:   311574.130   311672.120   311811.130   311935.120   312047.130
  4620:   312130.120   312219.130   312394.130   312470.120   312502.120
  4625:   312513.840   312574.640   312574.320   312574.330   312574.350
  4630:   312574.240   312574.130   312824.220   312824.230   312824.250
  4635:   312824.340   312903.130   312976.120   313006.120   313330.130
  4640:   313431.120   313506.130   313584.120   313609.120   313700.130
  4645:   313774.120   313879.130   313969.120   314023.120   314118.130
  4650:   314198.120   314223.120   314303.130   314379.120   314460.130
  4655:   314538.120   314562.120   314604.740   314639.130   314744.540
  4660:   314744.320   314744.330   314744.350   314744.240   314744.120
  4665:   314994.220   314994.230   314994.250   314994.340   315095.130
  4670:   315196.120   315299.130   315358.120   315390.120   315468.130
  4675:   315591.120   315670.130   315741.120   315822.130   315897.120
  4680:   315931.120   315958.120   316040.130   316163.120   316242.130
  4685:   316315.120   316342.120   316407.130   316482.120   316672.120
  4690:   316695.120   316760.130   316838.120   316860.120   316884.120
  4695:   316995.130   317094.740   317108.540   317108.320   317108.330
  4700:   317108.350   317108.240   317108.120   317358.220   317358.230
  4705:   317358.250   317358.340   317474.130   317557.120   317627.120
  4710:   317702.130   317815.120   317838.120   317916.130   318020.120
  4715:   318136.130   318272.120   318356.130   318429.120   318510.130
  4720:   318638.120   318662.120   318736.130   318826.120   318850.120
  4725:   318935.130   319025.120   319053.120   319142.130   319243.120
  4730:   319319.130   319388.120   319439.120   319525.130   319595.120
  4735:   319624.840   319802.120   319886.640   319886.320   319886.330
  4740:   319886.350   319886.240   319886.130   320136.220   320136.230
  4745:   320136.250   320136.340   320214.130   320298.120   320322.120
  4750:   320398.130   320480.120   320502.120   320532.120   320610.130
  4755:   320636.840   320690.120   320800.640   320800.320   320800.330
  4760:   320800.350   320800.240   320800.130   321050.220   321050.230
  4765:   321050.250   321050.340   321132.130   321158.740   321235.540
  4770:   321235.320   321235.330   321235.350   321235.240   321235.120
  4775:   321485.220   321485.230   321485.250   321485.340   321582.130
  4780:   321726.120   321751.120   321842.130   321935.120   322018.130
  4785:   322106.120   322161.120   322182.120   322335.120   322362.120
  4790:   322385.120   322465.130   322537.120   322585.120   322605.120
  4795:   322679.130   322779.120   322804.120   322885.130   322954.120
  4800:   322980.120   323004.120   323079.130   323186.120   323212.120
  4805:   323289.130   323369.120   323393.120   323418.120   323518.130
  4810:   323597.120   323621.120   323692.130   323785.120   323819.120
  4815:   323854.120   323945.130   324016.120   324041.120   324138.130
  4820:   324207.120   324232.120   324366.130   324955.130   325154.120
  4825:   325179.120   325308.130   325383.130   325496.120   325523.120
  4830:   325605.130   325683.130   325806.120   325832.120   325862.120
  4835:   325959.130   326180.130   326253.130   326698.120   326813.130
  4840:   326955.120   326984.120   326985.740   327074.130   327181.540
  4845:   327181.320   327181.330   327181.350   327181.240   327181.120
  4850:   327431.220   327431.230   327431.250   327431.340   327569.120
  4855:   327628.120   327653.120   327754.130   327910.120   328012.130
  4860:   328276.120   328556.120   328586.120   328680.130   328785.120
  4865:   328812.120   328896.130   328963.120   328990.120   329011.120
  4870:   329094.130   329179.120   329208.120   329283.130   329385.120
  4875:   329407.120   329487.130   329571.120   329596.120   329848.120
  4880:   329875.120   329904.120   329987.130   330136.120   330164.120
  4885:   330234.120   330322.130   330399.120   330431.120   330516.130
  4890:   330589.120   330615.120   330641.120   330729.130   330822.120
  4895:   330845.120   330869.120   330954.130   331057.120   331086.120
  4900:   331261.120   331325.130   331410.120   331573.120   331601.120
  4905:   331627.120   331701.130   331795.120   331823.120   331932.130
  4910:   332007.120   332042.120   332072.120   332271.120   332297.120
  4915:   332378.130   332456.120   332483.120   332506.120   332600.130
  4920:   332696.120   332787.130   332878.120   332899.120   332981.130
  4925:   333049.120   333075.120   333104.120   333208.130   333293.120
  4930:   333319.120   333400.130   333495.120   333520.120   333588.130
  4935:   333709.120   333792.130   333883.120   333910.120   333933.120
  4940:   334030.130   334109.120   334137.120   334230.130   334302.120
  4945:   334326.120   334351.120   334454.130   334533.120   334560.120
  4950:   334653.130   334730.120   334773.120   334800.120   334826.120
  4955:   334923.130   335006.120   335034.120   335110.130   335191.120
  4960:   335295.130   335475.120   335501.120   335576.130   335661.120
  4965:   335779.130   335851.120   335876.120   335965.130   336030.120
  4970:   336050.840   336054.120   336079.120   336157.640   336157.320
  4975:   336157.330   336157.350   336157.240   336157.130   336407.220
  4980:   336407.230   336407.250   336407.340   336557.130   336659.120
  4985:   336684.120   336806.130   336886.120   336913.120   336996.130
  4990:   337065.120   337092.120   337158.130   337240.120   337302.120
  4995:   337369.120   337461.130   337543.120   337569.120   337648.130
  5000:   337716.120   337748.120   337774.120   337911.120   337938.120
  5005:   338030.130   338100.120   338187.130   338269.120   338296.120
  5010:   338388.130   338629.130   338710.120   338737.120   338822.130
  5015:   338927.120   339106.120   339129.120   339283.120   339310.120
  5020:   339382.130   339469.120   339493.120   339531.740   339649.540
  5025:   339649.320   339649.330   339649.350   339649.240   339649.120
  5030:   339899.220   339899.230   339899.250   339899.340   340002.130
  5035:   340109.120   340314.120   340336.120   340425.130   340511.120
  5040:   340534.120   340617.130   340721.120   340903.120   340934.120
  5045:   341029.130   341136.120   341162.120   341241.130   341299.740
  5050:   341319.540   341319.320   341319.330   341319.350   341319.240
  5055:   341319.120   341569.220   341569.230   341569.250   341569.340
  5060:   341640.130   341792.120   341918.130   342001.120   342029.120
  5065:   342115.130   342197.120   342221.120   342304.130   342369.740
  5070:   342378.540   342378.320   342378.330   342378.350   342378.240
  5075:   342378.120   342628.220   342628.230   342628.250   342628.340
  5080:   342728.740   342734.130   342864.540   342864.320   342864.330
  5085:   342864.350   342864.240   342864.120   343114.220   343114.230
  5090:   343114.250   343114.340   343245.130   343315.130   343397.120
  5095:   343514.740   343519.130   343609.540   343609.320   343609.330
  5100:   343609.350   343609.240   343609.120   343707.840   343859.220
  5105:   343859.230   343859.250   343859.340   343976.640   343976.320
  5110:   343976.330   343976.350   343976.240   343976.130   344226.220
  5115:   344226.230   344226.250   344226.340   344352.130   344463.120
  5120:   344488.120   345049.130   345137.120   345162.120   345239.130
  5125:   345328.120   345384.120   345416.120   345576.120   345600.120
  5130:   345629.120   345722.130   345726.840   345797.120   345820.120
  5135:   345904.640   345904.320   345904.330   345904.350   345904.240
  5140:   345904.130   346154.220   346154.230   346154.250   346154.340
  5145:   346264.130   346342.120   346368.120   346455.130   346533.120
  5150:   346616.130   346712.120   346744.120   346826.130   346909.120
  5155:   346933.120   347098.120   347126.120   347218.130   347305.120
  5160:   347328.120   347357.120   347437.130   347510.120   347554.120
  5165:   347660.130   347753.120   347781.120   347852.130   347934.120
  5170:   348049.130   348152.120   348171.120   348255.130   348333.120
  5175:   348359.120   348424.130   348512.120   348600.130   348685.120
  5180:   348716.120   348808.130   348859.740   348885.540   348885.320
  5185:   348885.330   348885.350   348885.240   348885.120   349135.220
  5190:   349135.230   349135.250   349135.340   349252.130   349356.120
  5195:   349383.120   349495.130   349570.120   349630.120   349715.130
  5200:   349811.120   349841.120   349938.130   350039.120   350111.130
  5205:   350229.120   350326.130   350404.120   350429.120   350590.120
  5210:   350673.130   350754.840   350870.640   350870.320   350870.330
  5215:   350870.350   350870.240   350870.130   351120.220   351120.230
  5220:   351120.250   351120.340   351210.130   351286.120   351314.120
  5225:   351397.130   351435.740   351463.540   351463.320   351463.330
  5230:   351463.350   351463.240   351463.120   351713.220   351713.230
  5235:   351713.250   351713.340   351801.130   351906.120   351933.120
  5240:   351999.120   352080.130   352180.120   352260.130   352336.120
  5245:   352364.120   352520.120   352542.120   352615.130   352689.120
  5250:   352720.120   352743.120   352858.130   352938.120   352969.120
  5255:   353036.130   353100.120   353128.120   353203.130   353280.120
  5260:   353309.120   353420.840   353476.120   353587.640   353587.320
  5265:   353587.330   353587.350   353587.240   353587.130   353837.220
  5270:   353837.230   353837.250   353837.340   353996.120   354013.740
  5275:   354021.540   354021.320   354021.330   354021.350   354021.240
  5280:   354021.120   354271.220   354271.230   354271.250   354271.340
  5285:   354430.130   354522.120   354608.130   354669.130   354748.120
  5290:   354850.130   354941.120   354966.120   355038.130   355123.120
  5295:   355211.130   355426.130   355507.120   355531.120   355609.130
  5300:   355693.120   355780.130   355863.120   355951.130   356035.120
  5305:   356063.120   356092.120   356130.120   356321.120   356351.120
  5310:   356435.130   356542.120   356567.120   356630.130   356742.120
  5315:   356817.130   356896.120   356926.120   356959.120   357112.130
  5320:   357206.120   357233.120   357324.130   357402.120   357425.120
  5325:   357495.130   357601.120   357624.120   357709.130   357778.120
  5330:   357808.120   357910.130   357986.120   358069.130   358169.120
  5335:   358366.120   358396.120   358423.120   358591.130   359031.120
  5340:   359059.120   359185.130   359262.120   359290.120   359373.130
  5345:   359483.120   359512.120   359587.130   359671.120   359696.120
  5350:   359792.130   359874.120   359926.120   359971.740   360000.320
  5355:   360000.330   360000.350   360000.020
C:
     0:        0.000     2136.000     1543.000       96.000       71.000
     5:        0.000
D:
     0:        0.000        0.000
L:
     0:      222.000      222.000      222.000
M:
     0:      900.000      901.000      902.000      903.000      904.000
     5:      905.000      906.000      907.000      908.000      909.000
    10:      910.000      911.000      912.000      913.000      914.000
    15:      915.000      916.000      917.000      918.000      919.000
    20:      920.000      921.000      922.000      923.000      924.000
    25:      925.000      926.000      927.000      928.000      929.000
    30:      930.000      931.000      932.000      933.000      934.000
    35:      935.000      936.000      937.000      938.000      939.000
    40:      940.000      941.000      942.000      943.000      944.000
    45:      945.000      946.000      947.000      948.000      949.000
    50:      950.000      951.000      952.000      953.000      954.000
    55:      955.000      956.000      957.000      958.000      959.000
    60:      960.000      961.000      962.000      963.000      964.000
    65:      965.000      966.000      967.000      968.000      969.000
    70:      970.000      971.000      972.000      973.000      974.000
    75:      975.000      976.000      977.000      978.000      979.000
    80:      980.000      981.000      982.000      983.000      984.000
    85:      985.000      986.000      987.000      988.000      989.000
    90:      990.000      991.000      992.000      993.000      994.000
    95:      995.000      996.000      997.000      998.000      999.000
   100:     1000.000     1001.000     1002.000     1003.000     1004.000
   105:     1005.000     1006.000     1007.000     1008.000     1009.000
   110:     1010.000     1011.000     1012.000     1013.000     1014.000
   115:     1015.000     1016.000     1017.000     1018.000     1019.000
   120:     1020.000     1021.000     1022.000     1023.000     1024.000
   125:     1025.000     1026.000     1027.000     1028.000     1029.000
   130:     1030.000     1031.000     1032.000     1033.000     1034.000
   135:     1035.000     1036.000     1037.000     1038.000     1039.000
   140:     1040.000     1041.000     1042.000     1043.000     1044.000
   145:     1045.000     1046.000     1047.000     1048.000     1049.000
   150:     1050.000     1051.000     1052.000     1053.000     1054.000
   155:     1055.000     1056.000     1057.000     1058.000     1059.000
   160:     1060.000     1061.000     1062.000     1063.000     1064.000
   165:     1065.000     1066.000     1067.000     1068.000     1069.000
   170:     1070.000     1071.000     1072.000     1073.000     1074.000
   175:     1075.000     1076.000     1077.000     1078.000     1079.000
   180:     1080.000     1081.000     1082.000     1083.000     1084.000
   185:     1085.000     1086.000     1087.000     1088.000     1089.000
   190:     1090.000     1091.000     1092.000     1093.000     1094.000
   195:     1095.000     1096.000     1097.000     1098.000     1099.000
   200:     1100.000     1101.000     1102.000     1103.000     1104.000
   205:     1105.000     1106.000     1107.000     1108.000     1109.000
   210:     1110.000     1111.000     1112.000     1113.000     1114.000
   215:     1115.000     1116.000     1117.000     1118.000     1119.000
   220:     1120.000     1121.000     1122.000     1123.000     1124.000
   225:     1125.000     1126.000     1127.000     1128.000     1129.000
   230:     1130.000     1131.000     1132.000     1133.000     1134.000
   235:     1135.000     1136.000     1137.000     1138.000     1139.000
   240:     1140.000     1141.000     1142.000     1143.000     1144.000
   245:     1145.000     1146.000     1147.000     1148.000     1149.000
   250:     1150.000     1151.000     1152.000     1153.000     1154.000
   255:     1155.000     1156.000     1157.000     1158.000     1159.000
   260:     1160.000     1161.000     1162.000     1163.000     1164.000
   265:     1165.000     1166.000     1167.000     1168.000     1169.000
   270:     1170.000     1171.000     1172.000     1173.000     1174.000
   275:     1175.000     1176.000     1177.000     1178.000     1179.000
   280:     1180.000     1181.000     1182.000     1183.000     1184.000
   285:     1185.000     1186.000     1187.000     1188.000     1189.000
   290:     1190.000     1191.000     1192.000     1193.000     1194.000
   295:     1195.000     1196.000     1197.000     1198.000     1199.000
   300:     1200.000
N:
     0:     2100.000     2101.000     2102.000     2103.000     2104.000
     5:     2105.000     2106.000     2107.000     2108.000     2109.000
    10:     2110.000     2111.000     2112.000     2113.000     2114.000
    15:     2115.000     2116.000     2117.000     2118.000     2119.000
    20:     2120.000     2121.000     2122.000     2123.000     2124.000
    25:     2125.000     2126.000     2127.000     2128.000     2129.000
    30:     2130.000     2131.000     2132.000     2133.000     2134.000
    35:     2135.000     2136.000     2137.000     2138.000     2139.000
    40:     2140.000     2141.000     2142.000     2143.000     2144.000
    45:     2145.000     2146.000     2147.000     2148.000     2149.000
    50:     2150.000     2151.000     2152.000     2153.000     2154.000
    55:     2155.000     2156.000     2157.000     2158.000     2159.000
    60:     2160.000     2161.000     2162.000     2163.000     2164.000
    65:     2165.000     2166.000     2167.000     2168.000     2169.000
    70:     2170.000     2171.000     2172.000     2173.000     2174.000
    75:     2175.000     2176.000     2177.000     2178.000     2179.000
    80:     2180.000     2181.000     2182.000     2183.000     2184.000
    85:     2185.000     2186.000     2187.000     2188.000     2189.000
    90:     2190.000     2191.000     2192.000     2193.000     2194.000
    95:     2195.000     2196.000     2197.000     2198.000     2199.000
   100:     2200.000     2201.000     2202.000     2203.000     2204.000
   105:     2205.000     2206.000     2207.000     2208.000     2209.000
   110:     2210.000     2211.000     2212.000     2213.000     2214.000
   115:     2215.000     2216.000     2217.000     2218.000     2219.000
   120:     2220.000     2221.000     2222.000     2223.000     2224.000
   125:     2225.000     2226.000     2227.000     2228.000     2229.000
   130:     2230.000     2231.000     2232.000     2233.000     2234.000
   135:     2235.000     2236.000     2237.000     2238.000     2239.000
   140:     2240.000     2241.000     2242.000     2243.000     2244.000
   145:     2245.000     2246.000     2247.000     2248.000     2249.000
   150:     2250.000     2251.000     2252.000     2253.000     2254.000
   155:     2255.000     2256.000     2257.000     2258.000     2259.000
   160:     2260.000     2261.000     2262.000     2263.000     2264.000
   165:     2265.000     2266.000     2267.000     2268.000     2269.000
   170:     2270.000     2271.000     2272.000     2273.000     2274.000
   175:     2275.000     2276.000     2277.000     2278.000     2279.000
   180:     2280.000     2281.000     2282.000     2283.000     2284.000
   185:     2285.000     2286.000     2287.000     2288.000     2289.000
   190:     2290.000     2291.000     2292.000     2293.000     2294.000
   195:     2295.000     2296.000     2297.000     2298.000     2299.000
   200:     2300.000     2301.000     2302.000     2303.000     2304.000
   205:     2305.000     2306.000     2307.000     2308.000     2309.000
   210:     2310.000     2311.000     2312.000     2313.000     2314.000
   215:     2315.000     2316.000     2317.000     2318.000     2319.000
   220:     2320.000     2321.000     2322.000     2323.000     2324.000
   225:     2325.000     2326.000     2327.000     2328.000     2329.000
   230:     2330.000     2331.000     2332.000     2333.000     2334.000
   235:     2335.000     2336.000     2337.000     2338.000     2339.000
   240:     2340.000     2341.000     2342.000     2343.000     2344.000
   245:     2345.000     2346.000     2347.000     2348.000     2349.000
   250:     2350.000     2351.000     2352.000     2353.000     2354.000
   255:     2355.000     2356.000     2357.000     2358.000     2359.000
   260:     2360.000     2361.000     2362.000     2363.000     2364.000
   265:     2365.000     2366.000     2367.000     2368.000     2369.000
   270:     2370.000     2371.000     2372.000     2373.000     2374.000
   275:     2375.000     2376.000     2377.000     2378.000     2379.000
   280:     2380.000     2381.000     2382.000     2383.000     2384.000
   285:     2385.000     2386.000     2387.000     2388.000     2389.000
   290:     2390.000     2391.000     2392.000     2393.000     2394.000
   295:     2395.000     2396.000     2397.000     2398.000     2399.000
   300:     2400.000
R:
     0:      222.000      222.000      222.000
V:
     0:     1062.000     2252.000
W:
     0:     1062.000     2252.000
