File: C:\MED-PC IV\DATA\p004_s91_japede


Start Date: 09/28/17
End Date: 09/28/17
Subject: p004
Experiment: 0
Group: 0
Box: 7
Start Time: 16:06:46
End Time: 17:07:09
MSN: japede_L_90_90_90_R_30_30_30
B:       0.000
E:    4455.000
F:       0.000
G:       0.000
H:       0.000
I:       1.000
J:       1.000
K:       0.000
O:       0.000
P:       0.000
Q:       0.000
S:  360000.000
T:  360000.000
U:       0.000
X:       0.000
Y:       0.000
Z:       0.000
A:
     0:        0.010        0.250        0.220        0.230       94.120
     5:      118.120      146.120      169.120      197.120      228.120
    10:      257.120      292.120      315.120      341.120      368.120
    15:      507.130      540.130      638.120      662.120      687.120
    20:      809.130      878.130      910.130      940.130     1040.130
    25:     1156.120     1184.120     1207.120     1234.120     1255.120
    30:     1278.120     1304.120     1495.130     1611.120     1638.120
    35:     1683.120     1705.120     1894.130     1963.130     2063.120
    40:     2085.120     2099.740     2111.540     2111.320     2111.330
    45:     2111.350     2111.240     2111.120     2361.220     2361.230
    50:     2361.250     2361.340     2610.130     2698.120     2728.120
    55:     2751.120     2773.120     2915.130     2985.130     3083.120
    60:     3104.120     3127.120     3151.120     3249.130     3323.120
    65:     3347.120     3395.120     3510.130     3586.120     3609.120
    70:     3639.120     3667.120     3690.120     3781.130     3834.130
    75:     3932.120     3957.120     3979.120     4184.120     4207.120
    80:     4232.120     4359.130     4430.120     4452.120     4474.120
    85:     4615.130     4688.120     4710.120     4816.130     4881.120
    90:     4972.130     4996.130     4999.840     5059.120     5078.120
    95:     5210.640     5210.320     5210.330     5210.350     5210.240
   100:     5210.130     5460.220     5460.230     5460.250     5460.340
   105:     5556.130     5576.130     5676.120     5774.130     5796.130
   110:     5826.130     5859.130     5999.130     6060.840     6074.120
   115:     6193.640     6193.320     6193.330     6193.350     6193.240
   120:     6193.130     6443.220     6443.230     6443.250     6443.340
   125:     6570.130     6596.130     6622.130     6655.130     6955.120
   130:     7043.840     7055.640     7055.320     7055.330     7055.350
   135:     7055.240     7055.130     7305.220     7305.230     7305.250
   140:     7305.340     7415.130     7439.130     7528.120     7608.130
   145:     7675.120     7694.120     7793.130     7817.130     7883.120
   150:     7905.120     8026.130     8097.120     8117.120     8229.130
   155:     8255.130     8329.120     8350.120     8498.120     8518.120
   160:     8615.130     8697.130     8705.840     8715.640     8715.320
   165:     8715.330     8715.350     8715.240     8715.130     8965.220
   170:     8965.230     8965.250     8965.340     9101.130     9155.130
   175:     9179.130     9248.120     9352.130     9470.130     9585.120
   180:     9667.130     9803.120     9882.130     9905.130     9965.130
   185:    10030.120    10056.120    10146.130    10219.120    10240.120
   190:    10261.740    10265.840    10335.640    10335.320    10335.330
   195:    10335.350    10335.240    10335.130    10585.220    10585.230
   200:    10585.250    10585.340    10701.130    10723.130    10819.540
   205:    10819.320    10819.330    10819.350    10819.240    10819.120
   210:    10985.840    11069.220    11069.230    11069.250    11069.340
   215:    11172.640    11172.320    11172.330    11172.350    11172.240
   220:    11172.130    11422.220    11422.230    11422.250    11422.340
   225:    11522.130    11548.130    11756.130    11835.130    11909.120
   230:    11992.130    12047.130    12119.120    12134.120    12218.130
   235:    12291.120    12364.130    12431.120    12558.130    12622.840
   240:    12625.120    12705.640    12705.320    12705.330    12705.350
   245:    12705.240    12705.130    12955.220    12955.230    12955.250
   250:    12955.340    13031.130    13112.120    13223.130    13253.130
   255:    13279.130    13348.120    13369.120    13518.130    13589.120
   260:    13612.120    13696.130    13755.840    13798.120    13819.120
   265:    13947.640    13947.320    13947.330    13947.350    13947.240
   270:    13947.130    14197.220    14197.230    14197.250    14197.340
   275:    14290.130    14381.130    14458.120    14543.130    14617.120
   280:    14636.120    14707.130    14730.130    14795.120    14871.130
   285:    14941.120    15052.130    15123.120    15144.120    15227.130
   290:    15251.130    15286.130    15356.120    15386.120    15458.130
   295:    15481.130    15519.130    15593.120    15618.120    15712.130
   300:    15927.130    15998.120    16103.130    16169.120    16247.130
   305:    16312.120    16423.130    16496.120    16577.130    16647.120
   310:    16674.120    16778.130    16851.120    16934.130    16961.130
   315:    16999.130    17079.120    17104.120    17206.130    17272.120
   320:    17297.120    17407.130    17539.120    17556.120    17655.130
   325:    17723.120    17746.120    17844.130    17926.120    18011.130
   330:    18036.130    18061.130    18145.120    18223.130    18285.120
   335:    18303.120    18576.130    18600.130    18632.130    18684.130
   340:    18778.120    18795.120    18818.120    18886.130    18948.120
   345:    19130.120    19200.130    19269.120    19289.120    19297.840
   350:    19380.640    19380.320    19380.330    19380.350    19380.240
   355:    19380.130    19630.220    19630.230    19630.250    19630.340
   360:    19753.130    19851.120    19946.130    20033.120    20108.130
   365:    20162.130    20224.120    20329.130    20330.840    20392.120
   370:    20518.640    20518.320    20518.330    20518.350    20518.240
   375:    20518.130    20768.220    20768.230    20768.250    20768.340
   380:    20914.120    20968.840    21000.640    21000.320    21000.330
   385:    21000.350    21000.240    21000.130    21250.220    21250.230
   390:    21250.250    21250.340    21374.130    21438.120    21459.120
   395:    21557.130    21617.120    21719.130    21781.120    21861.130
   400:    22006.130    22069.740    22070.540    22070.320    22070.330
   405:    22070.350    22070.240    22070.120    22320.220    22320.230
   410:    22320.250    22320.340    22437.130    22504.120    22612.130
   415:    22673.120    22693.120    22866.120    23008.120    23020.740
   420:    23166.130    23181.130    23256.540    23256.320    23256.330
   425:    23256.350    23256.240    23256.120    23506.220    23506.230
   430:    23506.250    23506.340    23622.120    23736.130    23854.120
   435:    23950.840    23983.640    23983.320    23983.330    23983.350
   440:    23983.240    23983.130    24233.220    24233.230    24233.250
   445:    24233.340    24339.120    24429.130    24454.130    24508.130
   450:    24680.130    24740.120    24761.120    24831.130    24897.120
   455:    24916.120    24999.130    25058.120    25143.130    25201.120
   460:    25266.130    25341.120    25417.130    25603.120    25723.130
   465:    25790.120    25871.130    25962.120    26026.130    26048.130
   470:    26120.120    26295.120    26404.130    26549.130    26570.130
   475:    26641.120    26706.740    26739.130    26832.540    26832.320
   480:    26832.330    26832.350    26832.240    26832.120    27082.220
   485:    27082.230    27082.250    27082.340    27190.130    27264.120
   490:    27338.130    27408.120    27485.130    27533.840    27551.120
   495:    27654.640    27654.320    27654.330    27654.350    27654.240
   500:    27654.130    27904.220    27904.230    27904.250    27904.340
   505:    27995.130    28058.120    28294.130    28317.130    28344.130
   510:    28408.130    28504.130    28597.120    28673.130    28823.130
   515:    28887.120    28908.120    28982.130    29052.120    29124.130
   520:    29201.120    29218.120    29294.130    29361.120    29489.130
   525:    29553.120    29668.130    29683.130    29881.130    29948.120
   530:    30022.130    30091.120    30114.120    30307.120    30404.130
   535:    30467.120    30571.130    30634.120    30733.130    31173.120
   540:    31279.130    31342.120    31439.130    31581.130    31931.130
   545:    32021.120    32226.130    32291.130    32386.120    32453.130
   550:    32518.120    32606.130    32766.130    32829.120    32933.130
   555:    33001.120    33142.120    33182.740    33288.540    33288.320
   560:    33288.330    33288.350    33288.240    33288.120    33538.220
   565:    33538.230    33538.250    33538.340    33815.130    33882.120
   570:    33979.130    34052.120    34214.120    34315.130    34374.120
   575:    34473.130    34540.120    34627.130    34638.740    34694.540
   580:    34694.320    34694.330    34694.350    34694.240    34694.120
   585:    34944.220    34944.230    34944.250    34944.340    35004.840
   590:    35051.120    35144.740    35154.640    35154.320    35154.330
   595:    35154.350    35154.240    35154.130    35404.220    35404.230
   600:    35404.250    35404.340    35643.130    35734.540    35734.320
   605:    35734.330    35734.350    35734.240    35734.120    35984.220
   610:    35984.230    35984.250    35984.340    36079.130    36153.120
   615:    36228.130    36294.120    36401.130    36462.120    36570.130
   620:    36637.120    36736.130    36853.120    36938.130    37000.120
   625:    37139.120    37275.120    37345.130    37416.120    37436.120
   630:    37506.130    37527.130    37594.120    37891.130    37957.120
   635:    38060.130    38126.120    38147.120    38225.130    38369.130
   640:    38438.120    38512.130    38665.130    38849.130    38935.120
   645:    39004.130    39063.130    39132.120    39226.130    39290.120
   650:    39304.840    39386.640    39386.320    39386.330    39386.350
   655:    39386.240    39386.130    39636.220    39636.230    39636.250
   660:    39636.340    39741.130    39816.120    39893.130    39978.120
   665:    40079.130    40179.130    40244.120    40356.130    40380.130
   670:    40446.120    40521.130    40589.120    40727.130    40940.130
   675:    41004.130    41118.120    41203.130    41276.120    41377.130
   680:    41447.120    41556.130    41708.130    41775.120    41798.120
   685:    42066.130    42136.840    42238.640    42238.320    42238.330
   690:    42238.350    42238.240    42238.130    42488.220    42488.230
   695:    42488.250    42488.340    42579.130    42601.130    42734.120
   700:    42812.130    42889.130    42957.120    43033.130    43096.120
   705:    43174.130    43200.130    43511.130    43645.130    43688.840
   710:    43812.640    43812.320    43812.330    43812.350    43812.240
   715:    43812.130    44062.220    44062.230    44062.250    44062.340
   720:    44144.130    44215.120    44369.130    44436.120    44519.130
   725:    44586.120    44683.130    44700.130    44761.120    44864.130
   730:    44884.740    44930.540    44930.320    44930.330    44930.350
   735:    44930.240    44930.120    45180.220    45180.230    45180.250
   740:    45180.340    45260.130    45505.130    45686.130    45754.120
   745:    45840.130    45904.120    45980.130    46052.120    46141.130
   750:    46207.120    46291.130    46356.120    46472.130    46535.120
   755:    46562.840    46651.640    46651.320    46651.330    46651.350
   760:    46651.240    46651.130    46901.220    46901.230    46901.250
   765:    46901.340    46980.130    47101.840    47181.640    47181.320
   770:    47181.330    47181.350    47181.240    47181.130    47431.220
   775:    47431.230    47431.250    47431.340    47507.130    47573.120
   780:    47648.130    47712.120    47790.130    47809.130    47888.120
   785:    47981.130    47997.130    48068.120    48158.130    48185.130
   790:    48273.130    48425.130    48449.130    48568.120    48645.130
   795:    48711.120    48810.130    49047.120    49111.130    49174.120
   800:    49243.130    49481.130    49618.130    49696.120    49719.120
   805:    49797.130    49857.120    49880.740    49928.130    50049.130
   810:    50118.540    50118.320    50118.330    50118.350    50118.240
   815:    50118.120    50368.220    50368.230    50368.250    50368.340
   820:    50465.120    50562.130    50622.120    50746.130    50887.130
   825:    50959.120    51058.130    51123.120    51229.130    51297.120
   830:    51456.120    51538.130    51672.130    51817.130    51987.130
   835:    52055.120    52157.130    52301.130    52368.120    52610.130
   840:    52778.130    52942.130    53084.130    53111.130    53338.130
   845:    53398.120    53536.120    53617.130    53687.120    53707.120
   850:    53798.130    54056.130    54146.120    54233.130    54298.120
   855:    54316.120    54472.130    55015.130    55131.840    55330.640
   860:    55330.320    55330.330    55330.350    55330.240    55330.130
   865:    55580.220    55580.230    55580.250    55580.340    55683.130
   870:    55717.130    55746.130    55817.120    55920.130    55980.840
   875:    55994.120    56095.640    56095.320    56095.330    56095.350
   880:    56095.240    56095.130    56345.220    56345.230    56345.250
   885:    56345.340    56424.130    56607.130    56677.120    57032.130
   890:    57124.130    57213.120    57325.130    57392.120    57445.840
   895:    57497.640    57497.320    57497.330    57497.350    57497.240
   900:    57497.130    57747.220    57747.230    57747.250    57747.340
   905:    57857.130    57933.120    58041.130    58105.120    58218.130
   910:    58302.120    58416.130    58514.120    58612.130    58647.840
   915:    58682.120    58771.640    58771.320    58771.330    58771.350
   920:    58771.240    58771.130    59021.220    59021.230    59021.250
   925:    59021.340    59177.120    59268.130    59346.120    59417.130
   930:    59494.120    59518.120    59591.130    59658.120    59771.130
   935:    59839.120    59934.130    60006.120    60538.130    60573.130
   940:    60714.130    60792.120    60867.130    60945.120    61041.130
   945:    61196.130    61274.120    61377.130    61558.130    61824.130
   950:    61925.120    62174.130    62229.130    62346.130    62447.120
   955:    62542.130    62609.120    62726.130    62793.120    62821.840
   960:    62927.640    62927.320    62927.330    62927.350    62927.240
   965:    62927.130    63177.220    63177.230    63177.250    63177.340
   970:    63265.130    63431.130    63615.130    63679.120    63759.130
   975:    63777.840    63933.640    63933.320    63933.330    63933.350
   980:    63933.240    63933.130    64183.220    64183.230    64183.250
   985:    64183.340    64309.130    64378.120    64453.130    64483.840
   990:    64614.640    64614.320    64614.330    64614.350    64614.240
   995:    64614.130    64864.220    64864.230    64864.250    64864.340
  1000:    64938.130    65000.120    65122.130    65205.120    65356.120
  1005:    65495.130    65708.130    65879.130    65962.120    66045.130
  1010:    66235.130    66301.120    66324.120    66424.130    66492.120
  1015:    66681.120    66767.130    66852.120    67112.130    67189.120
  1020:    67268.740    67275.130    67509.130    67564.840    67756.640
  1025:    67756.320    67756.330    67756.350    67756.240    67756.130
  1030:    68006.220    68006.230    68006.250    68006.340    68143.540
  1035:    68143.320    68143.330    68143.350    68143.240    68143.120
  1040:    68393.220    68393.230    68393.250    68393.340    68492.130
  1045:    68524.130    68613.120    68690.130    68834.130    68929.120
  1050:    69013.130    69091.120    69172.130    69268.130    69358.120
  1055:    69464.130    69636.130    69703.120    69834.130    69911.120
  1060:    69935.120    70016.130    70117.120    70210.130    70306.840
  1065:    70494.640    70494.320    70494.330    70494.350    70494.240
  1070:    70494.130    70744.220    70744.230    70744.250    70744.340
  1075:    70823.130    70846.130    70991.120    71074.130    71179.130
  1080:    71258.120    71356.130    71430.120    71542.130    71622.120
  1085:    71687.130    71753.130    71822.120    71844.120    71913.130
  1090:    72003.120    72122.120    72226.130    72302.120    72471.120
  1095:    72633.120    72664.120    72919.130    72946.130    73045.130
  1100:    73169.130    73353.130    73493.740    73495.130    73563.540
  1105:    73563.320    73563.330    73563.350    73563.240    73563.120
  1110:    73813.220    73813.230    73813.250    73813.340    73935.130
  1115:    74111.130    74180.120    74277.130    74348.120    74432.130
  1120:    74501.120    74611.130    74683.120    74793.130    74864.120
  1125:    74971.130    75036.120    75116.130    75140.130    75244.840
  1130:    75322.640    75322.320    75322.330    75322.350    75322.240
  1135:    75322.130    75572.220    75572.230    75572.250    75572.340
  1140:    75658.130    75724.120    75830.130    75904.120    75982.130
  1145:    76057.120    76169.130    76347.130    76547.130    76713.740
  1150:    76802.130    76826.130    77085.130    77155.540    77155.320
  1155:    77155.330    77155.350    77155.240    77155.120    77405.220
  1160:    77405.230    77405.250    77405.340    77488.130    77610.130
  1165:    77806.130    77879.120    78037.120    78147.130    78236.120
  1170:    78345.130    78522.130    78608.120    78681.130    78904.130
  1175:    78926.130    79023.120    79145.130    79327.130    79678.130
  1180:    79756.120    79786.120    79871.130    79944.120    80027.130
  1185:    80101.120    80223.130    80396.130    80488.120    80701.130
  1190:    80732.130    80871.130    81076.130    81085.130    81403.130
  1195:    81475.120    81589.130    81659.120    81730.130    81913.130
  1200:    82060.130    82131.120    82299.120    82432.130    82506.120
  1205:    82602.130    82682.120    82784.130    82973.130    83038.120
  1210:    83072.840    83193.120    83269.640    83269.320    83269.330
  1215:    83269.350    83269.240    83269.130    83519.220    83519.230
  1220:    83519.250    83519.340    83591.130    83685.120    83763.130
  1225:    83829.120    83912.130    84155.120    84246.130    84311.120
  1230:    84425.130    84496.120    84519.840    84578.640    84578.320
  1235:    84578.330    84578.350    84578.240    84578.130    84828.220
  1240:    84828.230    84828.250    84828.340    84931.130    85008.120
  1245:    85089.130    85232.130    85336.120    85408.130    85487.120
  1250:    85581.130    85775.130    85881.120    85967.130    86038.120
  1255:    86105.740    86133.130    86211.540    86211.320    86211.330
  1260:    86211.350    86211.240    86211.120    86461.220    86461.230
  1265:    86461.250    86461.340    86540.130    86755.130    86831.120
  1270:    86918.130    86996.120    87080.130    87332.120    87436.130
  1275:    87510.120    87604.130    87679.120    87819.130    87985.130
  1280:    88010.130    88085.120    88198.130    88291.120    88404.130
  1285:    88474.120    88628.120    88710.130    88787.120    88890.130
  1290:    89061.130    89143.120    89243.130    89411.130    89564.130
  1295:    89737.130    89913.130    89993.120    90111.130    90279.130
  1300:    90347.120    90421.130    90720.130    90791.120    90896.130
  1305:    90971.120    91078.130    91380.130    91457.120    91544.130
  1310:    91620.120    91783.120    91878.130    91982.120    92099.130
  1315:    92271.130    92339.120    92405.130    92632.130    92783.130
  1320:    93098.130    93254.130    93327.120    93438.130    93518.120
  1325:    93598.130    93668.120    93786.130    93981.130    94140.130
  1330:    94397.130    94467.120    94492.120    94572.130    94795.130
  1335:    95003.130    95169.130    95297.120    95410.130    95482.120
  1340:    95582.130    95648.120    95766.130    95838.120    95920.130
  1345:    95992.120    96093.130    96163.120    96273.130    96338.120
  1350:    96361.120    96441.130    96505.120    96602.130    96749.130
  1355:    96834.120    96909.130    97094.130    97165.120    97240.130
  1360:    97405.130    97479.120    97604.130    97674.120    97799.130
  1365:    97876.120    97973.130    98053.120    98164.130    98313.130
  1370:    98413.120    98527.120    98611.130    98707.120    98786.130
  1375:    98868.130    98951.120    99067.130    99128.840    99241.120
  1380:    99320.640    99320.320    99320.330    99320.350    99320.240
  1385:    99320.130    99570.220    99570.230    99570.250    99570.340
  1390:    99650.130    99714.120    99829.130    99894.120   100011.130
  1395:   100076.120   100158.130   100355.120   100468.130   100542.120
  1400:   100561.120   100670.840   100670.130   100822.640   100822.320
  1405:   100822.330   100822.350   100822.240   100822.130   101072.220
  1410:   101072.230   101072.250   101072.340   101206.130   101367.130
  1415:   101446.120   101525.130   101609.120   101711.130   101784.120
  1420:   101867.130   101872.840   101938.120   102046.640   102046.320
  1425:   102046.330   102046.350   102046.240   102046.130   102296.220
  1430:   102296.230   102296.250   102296.340   102446.120   102562.130
  1435:   102635.120   102720.130   102874.130   102896.840   102945.120
  1440:   103026.640   103026.320   103026.330   103026.350   103026.240
  1445:   103026.130   103276.220   103276.230   103276.250   103276.340
  1450:   103387.130   103469.120   103556.130   103633.120   103676.840
  1455:   103727.640   103727.320   103727.330   103727.350   103727.240
  1460:   103727.130   103977.220   103977.230   103977.250   103977.340
  1465:   104056.130   104131.120   104215.130   104291.120   104374.130
  1470:   104546.130   104619.120   104738.130   104874.130   104877.840
  1475:   104996.120   105085.640   105085.320   105085.330   105085.350
  1480:   105085.240   105085.130   105335.220   105335.230   105335.250
  1485:   105335.340   105471.130   105802.130   106118.130   106185.120
  1490:   106266.130   106415.130   106493.120   106609.130   106678.120
  1495:   106750.130   106843.120   106921.130   106935.840   106988.120
  1500:   107071.640   107071.320   107071.330   107071.350   107071.240
  1505:   107071.130   107261.740   107321.220   107321.230   107321.250
  1510:   107321.340   107403.130   107503.540   107503.320   107503.330
  1515:   107503.350   107503.240   107503.120   107521.840   107753.220
  1520:   107753.230   107753.250   107753.340   107854.640   107854.320
  1525:   107854.330   107854.350   107854.240   107854.130   108104.220
  1530:   108104.230   108104.250   108104.340   108181.130   108258.120
  1535:   108437.120   108513.130   108620.130   108692.120   108820.130
  1540:   108898.120   109005.130   109078.120   109157.130   109307.130
  1545:   109382.120   109460.130   109539.120   109642.130   109899.130
  1550:   110081.130   110155.120   110277.130   110571.130   110622.130
  1555:   110691.130   110778.130   110852.120   110930.130   110997.120
  1560:   111109.130   111171.120   111256.130   111444.130   111522.120
  1565:   111631.130   111703.120   111773.130   111950.130   112017.120
  1570:   112092.130   112163.120   112262.130   112333.120   112419.130
  1575:   112505.130   112660.130   112835.130   113169.130   113287.130
  1580:   113657.120   113683.120   113768.130   113836.120   113933.130
  1585:   114009.120   114119.130   114205.120   114292.130   114363.120
  1590:   114441.130   114510.120   114627.130   114787.130   114856.120
  1595:   114964.130   115033.120   115116.130   115180.120   115306.130
  1600:   115374.120   115478.130   115545.120   115633.130   115780.130
  1605:   115804.840   115862.120   116002.120   116091.640   116091.320
  1610:   116091.330   116091.350   116091.240   116091.130   116341.220
  1615:   116341.230   116341.250   116341.340   116451.120   116554.130
  1620:   116721.130   116741.840   116938.120   117052.640   117052.320
  1625:   117052.330   117052.350   117052.240   117052.130   117302.220
  1630:   117302.230   117302.250   117302.340   117386.130   117458.120
  1635:   117564.130   117634.120   117775.130   117844.120   117919.130
  1640:   117986.120   118076.130   118102.840   118290.640   118290.320
  1645:   118290.330   118290.350   118290.240   118290.130   118540.220
  1650:   118540.230   118540.250   118540.340   118626.130   118788.130
  1655:   118948.130   119024.120   119143.130   119214.120   119301.130
  1660:   119369.120   119524.130   119672.130   119824.130   119847.130
  1665:   119931.130   120003.120   120094.130   120119.130   120249.130
  1670:   120407.130   120481.120   120571.130   120640.840   120647.120
  1675:   120728.640   120728.320   120728.330   120728.350   120728.240
  1680:   120728.130   120978.220   120978.230   120978.250   120978.340
  1685:   121065.130   121127.120   121282.130   121464.130   121539.120
  1690:   121618.130   121685.120   121766.130   121949.130   121969.130
  1695:   121978.840   122069.120   122145.640   122145.320   122145.330
  1700:   122145.350   122145.240   122145.130   122395.220   122395.230
  1705:   122395.250   122395.340   122496.120   122522.120   122690.120
  1710:   122775.130   122931.130   123014.130   123081.120   123163.130
  1715:   123234.120   123330.130   123472.130   123624.130   123678.130
  1720:   123805.130   123829.130   123852.130   123946.120   124027.130
  1725:   124119.130   124271.130   124452.130   124554.120   124635.130
  1730:   124705.120   124796.130   124869.120   124962.130   125111.130
  1735:   125130.130   125277.130   125413.130   125486.120   125567.130
  1740:   125752.130   125868.130   125893.130   126063.130   126136.120
  1745:   126215.130   126314.130   126422.120   126521.130   126553.740
  1750:   126599.540   126599.320   126599.330   126599.350   126599.240
  1755:   126599.120   126849.220   126849.230   126849.250   126849.340
  1760:   126971.120   127002.120   127100.130   127285.130   127354.120
  1765:   127430.130   127510.130   127596.120   127680.130   127757.120
  1770:   127845.130   127945.120   128054.130   128203.130   128394.130
  1775:   128410.130   128520.120   128626.130   128810.130   128828.130
  1780:   128936.120   129015.130   129086.120   129095.840   129195.640
  1785:   129195.320   129195.330   129195.350   129195.240   129195.130
  1790:   129445.220   129445.230   129445.250   129445.340   129532.130
  1795:   129761.130   129794.130   129820.130   129968.130   130238.130
  1800:   130387.130   130425.130   130478.130   130556.120   130647.130
  1805:   130725.130   130803.130   130956.130   130981.130   131045.120
  1810:   131158.130   131299.130   131323.130   131414.120   131521.130
  1815:   131536.130   131754.130   131831.120   131942.130   131962.130
  1820:   131988.130   132048.120   132128.130   132272.130   132431.130
  1825:   132457.130   132521.120   132611.130   132708.120   132806.130
  1830:   132960.130   133280.130   133359.120   133502.130   133526.130
  1835:   133587.120   133692.130   133771.120   133857.130   133928.120
  1840:   134040.130   134205.130   134349.130   134428.120   134520.130
  1845:   134591.120   134705.130   134784.120   134872.130   134940.120
  1850:   135035.130   135131.120   135237.130   135312.120   135427.130
  1855:   135503.120   135591.130   135732.130   135878.130   135947.120
  1860:   136038.130   136218.130   136460.130   136532.120   136608.130
  1865:   136679.120   136756.130   136777.130   136924.130   137055.120
  1870:   137133.130   137209.120   137286.130   137490.120   137578.130
  1875:   137758.120   137841.130   137845.840   137909.120   138011.640
  1880:   138011.320   138011.330   138011.350   138011.240   138011.130
  1885:   138261.220   138261.230   138261.250   138261.340   138341.130
  1890:   138362.130   138435.120   138510.130   138585.120   138698.130
  1895:   138869.130   138894.130   138921.130   138975.130   139138.130
  1900:   139189.130   139333.130   139362.130   139526.130   139689.130
  1905:   139862.130   139936.120   140025.130   140099.120   140178.130
  1910:   140250.120   140359.130   140507.130   140590.120   140675.130
  1915:   140741.120   141015.130   141091.120   141170.130   141245.120
  1920:   141394.130   141479.120   141592.130   141673.120   141864.120
  1925:   141944.130   142063.130   142213.130   142275.120   142352.130
  1930:   142524.130   142596.120   142691.130   142767.120   142788.120
  1935:   142849.740   142910.130   143091.130   143288.130   143367.540
  1940:   143367.320   143367.330   143367.350   143367.240   143367.120
  1945:   143617.220   143617.230   143617.250   143617.340   143692.130
  1950:   143717.130   143812.120   143892.130   143962.120   144046.130
  1955:   144116.120   144140.120   144161.840   144224.640   144224.320
  1960:   144224.330   144224.350   144224.240   144224.130   144474.220
  1965:   144474.230   144474.250   144474.340   144553.130   144630.120
  1970:   144714.130   144791.120   144866.130   144953.120   145020.130
  1975:   145097.130   145244.130   145320.120   145399.130   145566.130
  1980:   145639.120   145720.130   145792.120   145906.130   145985.120
  1985:   146067.130   146088.130   146157.120   146245.130   146311.120
  1990:   146427.130   146498.120   146616.130   146962.130   147036.120
  1995:   147118.130   147189.120   147279.130   147359.120   147374.840
  2000:   147448.640   147448.320   147448.330   147448.350   147448.240
  2005:   147448.130   147698.220   147698.230   147698.250   147698.340
  2010:   147779.130   147858.120   147962.130   148136.130   148296.130
  2015:   148298.840   148364.120   148442.640   148442.320   148442.330
  2020:   148442.350   148442.240   148442.130   148692.220   148692.230
  2025:   148692.250   148692.340   148775.130   148868.130   148945.120
  2030:   149048.130   149158.130   149340.130   149420.130   149505.120
  2035:   149575.130   149756.130   149775.130   149951.130   150023.120
  2040:   150110.130   150259.130   150330.120   150448.130   150492.840
  2045:   150521.120   150628.640   150628.320   150628.330   150628.350
  2050:   150628.240   150628.130   150878.220   150878.230   150878.250
  2055:   150878.340   150963.130   151038.120   151154.130   151226.120
  2060:   151308.130   151382.120   151459.130   151603.130   151676.120
  2065:   151780.130   151843.120   151923.130   152243.130   152315.120
  2070:   152392.130   152563.130   152578.840   152699.640   152699.320
  2075:   152699.330   152699.350   152699.240   152699.130   152949.220
  2080:   152949.230   152949.250   152949.340   153047.130   153154.120
  2085:   153238.130   153307.120   153385.130   153456.120   153521.130
  2090:   153590.120   153683.130   153700.130   153774.120   153855.130
  2095:   153949.840   154014.640   154014.320   154014.330   154014.350
  2100:   154014.240   154014.130   154264.220   154264.230   154264.250
  2105:   154264.340   154371.130   154455.120   154537.130   154697.130
  2110:   154772.120   155018.130   155171.130   155235.120   155330.130
  2115:   155500.130   155650.130   155748.120   155824.130   155922.130
  2120:   156086.130   156186.120   156269.130   156301.130   156414.130
  2125:   156493.120   156559.130   156629.120   156737.130   156913.130
  2130:   157100.130   157179.120   157217.740   157263.130   157426.130
  2135:   157591.130   157738.130   157766.130   157790.130   157852.540
  2140:   157852.320   157852.330   157852.350   157852.240   157852.120
  2145:   158102.220   158102.230   158102.250   158102.340   158210.130
  2150:   158269.120   158350.130   158515.130   158589.120   158674.130
  2155:   158752.130   158921.130   158992.130   159158.130   159218.130
  2160:   159383.130   159533.130   159602.120   159688.130   159758.120
  2165:   159830.130   159903.120   159988.130   160012.130   160079.120
  2170:   160153.130   160331.130   160470.130   160584.120   160667.130
  2175:   160791.130   160947.130   161047.120   161167.130   161327.130
  2180:   161393.120   161460.130   161630.130   161664.840   161795.640
  2185:   161795.320   161795.330   161795.350   161795.240   161795.130
  2190:   162045.220   162045.230   162045.250   162045.340   162119.130
  2195:   162199.120   162271.130   162302.130   162358.120   162446.130
  2200:   162544.120   162636.130   162838.130   162915.120   163034.130
  2205:   163107.120   163188.130   163354.130   163475.130   163629.130
  2210:   163804.130   163949.130   164021.120   164101.130   164327.130
  2215:   164480.130   164547.120   164628.130   164655.130   164742.120
  2220:   164821.130   165005.130   165089.120   165192.130   165322.130
  2225:   165510.130   165660.130   165759.120   165823.130   165953.130
  2230:   166117.130   166137.130   166290.130   166431.130   166620.130
  2235:   166710.120   166818.130   166894.120   166978.130   167129.130
  2240:   167202.740   167279.130   167442.130   167730.130   167800.540
  2245:   167800.320   167800.330   167800.350   167800.240   167800.120
  2250:   167845.840   168050.220   168050.230   168050.250   168050.340
  2255:   168130.640   168130.320   168130.330   168130.350   168130.240
  2260:   168130.130   168380.220   168380.230   168380.250   168380.340
  2265:   168459.130   168537.120   168580.840   168634.640   168634.320
  2270:   168634.330   168634.350   168634.240   168634.130   168884.220
  2275:   168884.230   168884.250   168884.340   168973.130   169043.120
  2280:   169133.130   169206.120   169304.130   169325.130   169491.130
  2285:   169516.130   169688.130   169719.130   169742.130   169941.120
  2290:   169984.840   170042.640   170042.320   170042.330   170042.350
  2295:   170042.240   170042.130   170292.220   170292.230   170292.250
  2300:   170292.340   170365.130   170438.120   170531.130   170698.130
  2305:   170846.130   170873.130   170902.130   170930.130   170997.120
  2310:   171087.130   171226.130   171367.130   171394.130   171543.130
  2315:   171644.120   171736.130   171902.130   172007.120   172129.130
  2320:   172193.120   172274.130   172333.120   172419.130   172560.130
  2325:   172711.130   172865.130   172936.120   173022.130   173095.120
  2330:   173169.130   173328.130   173412.120   173485.130   173621.130
  2335:   173734.120   173816.130   174139.130   174210.120   174301.130
  2340:   174374.120   174392.840   174456.640   174456.320   174456.330
  2345:   174456.350   174456.240   174456.130   174706.220   174706.230
  2350:   174706.250   174706.340   174782.130   174855.120   174940.130
  2355:   174964.130   175057.120   175139.130   175309.130   175333.130
  2360:   175412.120   175517.130   175679.130   175813.130   175837.130
  2365:   176007.130   176106.840   176174.640   176174.320   176174.330
  2370:   176174.350   176174.240   176174.130   176188.130   176424.220
  2375:   176424.230   176424.250   176424.340   176511.130   176588.120
  2380:   176626.120   176696.130   176799.130   176974.130   177024.840
  2385:   177050.120   177161.640   177161.320   177161.330   177161.350
  2390:   177161.240   177161.130   177411.220   177411.230   177411.250
  2395:   177411.340   177506.130   177583.120   177669.130   177749.120
  2400:   177834.130   177850.740   177911.540   177911.320   177911.330
  2405:   177911.350   177911.240   177911.120   178161.220   178161.230
  2410:   178161.250   178161.340   178272.130   178436.130   178517.120
  2415:   178599.130   178741.130   178765.130   178899.130   179059.130
  2420:   179205.130   179399.130   179726.130   179811.120   179901.130
  2425:   179976.120   180062.130   180253.130   180341.120   180486.130
  2430:   180584.130   180654.120   180827.120   180910.130   180986.120
  2435:   181071.130   181369.130   181442.120   181579.130   181662.130
  2440:   181817.130   181839.130   182002.130   182161.740   182164.130
  2445:   182241.540   182241.320   182241.330   182241.350   182241.240
  2450:   182241.120   182491.220   182491.230   182491.250   182491.340
  2455:   182575.130   182598.130   182677.120   182793.130   182868.130
  2460:   182892.130   183036.130   183195.130   183219.130   183298.120
  2465:   183381.130   183453.120   183538.130   183612.120   183713.130
  2470:   183733.130   183883.130   184043.130   184203.130   184274.120
  2475:   184364.130   184447.120   184551.130   184573.130   184637.120
  2480:   184715.130   184857.130   185055.130   185218.130   185373.130
  2485:   185544.130   185699.130   185772.120   185887.130   186053.130
  2490:   186216.130   186328.130   186402.120   186493.130   186645.130
  2495:   186718.120   186824.130   186994.130   187142.130   187237.120
  2500:   187343.130   187520.130   187539.130   187686.130   187760.120
  2505:   187933.120   188214.130   188291.120   188378.130   188450.120
  2510:   188531.130   188607.130   188748.130   188926.130   189033.120
  2515:   189096.130   189225.130   189299.120   189392.130   189460.120
  2520:   189539.130   189680.130   189763.120   189878.130   190183.130
  2525:   190191.740   190272.540   190272.320   190272.330   190272.350
  2530:   190272.240   190272.120   190511.840   190522.220   190522.230
  2535:   190522.250   190522.340   190602.640   190602.320   190602.330
  2540:   190602.350   190602.240   190602.130   190852.220   190852.230
  2545:   190852.250   190852.340   190936.130   191017.130   191116.120
  2550:   191199.130   191279.120   191364.130   191465.130   191538.120
  2555:   191659.130   191848.130   192017.130   192095.130   192162.120
  2560:   192257.130   192420.130   192551.130   192727.130   192869.130
  2565:   192972.120   193072.130   193230.130   193390.130   193475.120
  2570:   193579.130   193734.130   193821.120   193912.130   194098.130
  2575:   194294.130   194440.130   194515.120   194600.130   194750.130
  2580:   194821.120   194926.130   195052.130   195200.130   195274.120
  2585:   195362.130   195524.130   195545.130   195697.130   195767.120
  2590:   195903.130   196015.130   196216.130   196442.120   196611.130
  2595:   196758.130   196873.130   197038.130   197124.120   197211.130
  2600:   197286.120   197400.130   197481.120   197591.130   197750.130
  2605:   197889.130   197913.130   197982.120   198060.130   198413.130
  2610:   198452.840   198483.120   198555.640   198555.320   198555.330
  2615:   198555.350   198555.240   198555.130   198805.220   198805.230
  2620:   198805.250   198805.340   198944.130   199013.120   199098.130
  2625:   199254.130   199443.130   199586.130   199773.130   199846.120
  2630:   199931.130   200052.130   200081.130   200228.130   200426.130
  2635:   200573.130   200647.120   200949.130   201111.130   201342.130
  2640:   201368.130   201471.130   201648.130   201897.120   202062.120
  2645:   202133.130   202302.130   202376.120   202464.130   202561.120
  2650:   202651.130   202725.120   202833.130   202898.120   202996.130
  2655:   203075.120   203293.130   203374.120   203458.130   203526.120
  2660:   203607.130   203767.130   203848.120   203936.130   204060.120
  2665:   204164.130   204321.130   204469.120   204553.130   204708.130
  2670:   204870.130   204890.130   205137.120   205255.130   205395.130
  2675:   205572.130   205666.120   205705.840   205736.640   205736.320
  2680:   205736.330   205736.350   205736.240   205736.130   205986.220
  2685:   205986.230   205986.250   205986.340   206079.130   206165.120
  2690:   206263.130   206337.120   206428.130   206450.130   206553.120
  2695:   206629.130   206808.130   206954.130   207119.130   207233.130
  2700:   207381.130   207488.120   207597.130   207618.130   207777.130
  2705:   207937.130   208007.120   208108.130   208177.120   208286.840
  2710:   208286.130   208359.120   208452.640   208452.320   208452.330
  2715:   208452.350   208452.240   208452.130   208702.220   208702.230
  2720:   208702.250   208702.340   208786.130   208858.120   208936.130
  2725:   209081.130   209138.130   209288.130   209443.130   209606.130
  2730:   209679.120   209771.130   209956.130   210021.120   210122.740
  2735:   210122.130   210302.130   210458.130   210542.540   210542.320
  2740:   210542.330   210542.350   210542.240   210542.120   210792.220
  2745:   210792.230   210792.250   210792.340   210894.130   210975.120
  2750:   211056.130   211135.120   211211.130   211289.120   211376.130
  2755:   211522.130   211592.120   211717.130   211892.130   212043.130
  2760:   212212.130   212363.130   212529.130   212679.130   212754.120
  2765:   212883.130   212957.120   213057.130   213152.120   213233.130
  2770:   213304.120   213383.130   213532.130   213701.130   213875.130
  2775:   213977.120   214054.130   214077.130   214242.130   214347.120
  2780:   214502.840   214525.640   214525.320   214525.330   214525.350
  2785:   214525.240   214525.130   214775.220   214775.230   214775.250
  2790:   214775.340   214853.130   214939.120   215050.130   215122.120
  2795:   215201.130   215381.130   215406.130   215485.120   215566.130
  2800:   215733.130   215888.130   215957.120   216061.130   216209.130
  2805:   216301.120   216371.130   216684.130   216753.120   216834.130
  2810:   217048.130   217205.130   217280.120   217382.130   217542.130
  2815:   217657.130   217846.130   218012.130   218236.130   218312.120
  2820:   218434.130   218577.130   218648.120   218752.130   218939.130
  2825:   219141.130   219348.130   219475.840   219504.640   219504.320
  2830:   219504.330   219504.350   219504.240   219504.130   219754.220
  2835:   219754.230   219754.250   219754.340   219870.130   219955.120
  2840:   220056.130   220163.130   220235.120   220344.130   220501.130
  2845:   220576.120   220655.130   220792.740   220889.130   221050.130
  2850:   221064.130   221127.540   221127.320   221127.330   221127.350
  2855:   221127.240   221127.120   221377.220   221377.230   221377.250
  2860:   221377.340   221460.130   221540.120   221700.130   221773.120
  2865:   221885.130   221956.120   222035.130   222052.130   222135.130
  2870:   222299.130   222365.120   222449.130   222602.130   222749.130
  2875:   222821.120   222899.130   223056.130   223217.130   223310.120
  2880:   223384.130   223461.120   223575.130   223753.130   223951.130
  2885:   224101.130   224233.130   224384.130   224469.120   224553.130
  2890:   224635.120   224710.130   224786.120   224865.130   224977.130
  2895:   225065.120   225139.130   225292.130   225323.130   225481.130
  2900:   225626.130   225699.120   225847.130   225918.120   226000.130
  2905:   226073.120   226168.130   226314.130   226444.130   226631.130
  2910:   226804.130   226959.130   227021.120   227204.130   227375.130
  2915:   227469.120   227535.130   227648.130   227725.120   227804.130
  2920:   227879.120   228153.130   228226.120   228333.130   228520.130
  2925:   228661.130   228728.120   228834.130   229017.130   229099.120
  2930:   229181.130   229240.120   229405.130   229600.130   229796.130
  2935:   229857.130   229920.120   230018.130   230163.130   230189.130
  2940:   230253.120   230398.130   230470.120   230579.130   230764.130
  2945:   230834.120   230998.120   231248.130   231278.130   231508.130
  2950:   231649.130   231826.130   231894.120   231996.130   232215.130
  2955:   232349.130   232534.130   232577.740   232601.540   232601.320
  2960:   232601.330   232601.350   232601.240   232601.120   232851.220
  2965:   232851.230   232851.250   232851.340   232925.130   232949.130
  2970:   233124.130   233204.120   233282.130   233361.120   233452.130
  2975:   233532.120   233643.130   233790.130   233887.120   233984.130
  2980:   234053.120   234134.130   234315.130   234337.130   234485.130
  2985:   234655.130   234754.840   234839.640   234839.320   234839.330
  2990:   234839.350   234839.240   234839.130   235051.740   235089.220
  2995:   235089.230   235089.250   235089.340   235195.130   235265.540
  3000:   235265.320   235265.330   235265.350   235265.240   235265.120
  3005:   235515.220   235515.230   235515.250   235515.340   235617.130
  3010:   235696.120   235778.130   235957.130   236032.120   236291.130
  3015:   236458.130   236531.120   236640.130   236795.130   236877.120
  3020:   237000.130   237150.130   237223.120   237313.130   237477.130
  3025:   237624.130   237697.120   237809.130   237987.130   238166.130
  3030:   238349.130   238416.120   238494.130   238657.130   238733.120
  3035:   238820.130   238886.120   238990.130   239061.120   239144.130
  3040:   239189.840   239299.640   239299.320   239299.330   239299.350
  3045:   239299.240   239299.130   239549.220   239549.230   239549.250
  3050:   239549.340   239651.130   239729.120   239812.130   239962.130
  3055:   240144.130   240302.130   240372.120   240472.130   240664.130
  3060:   240741.120   240988.130   241282.130   241461.130   241528.120
  3065:   241649.130   241727.120   241915.740   242041.540   242041.320
  3070:   242041.330   242041.350   242041.240   242041.120   242291.220
  3075:   242291.230   242291.250   242291.340   242378.130   242455.120
  3080:   242549.130   242621.120   242693.130   242790.120   242939.120
  3085:   243031.130   243188.130   243332.130   243546.120   243627.130
  3090:   243707.120   243749.840   244019.120   244170.120   244251.640
  3095:   244251.320   244251.330   244251.350   244251.240   244251.130
  3100:   244501.220   244501.230   244501.250   244501.340   244578.130
  3105:   244591.740   244654.540   244654.320   244654.330   244654.350
  3110:   244654.240   244654.120   244904.220   244904.230   244904.250
  3115:   244904.340   244998.130   245079.120   245165.130   245334.130
  3120:   245535.130   245622.120   245695.130   245764.120   245851.130
  3125:   245996.130   246168.130   246345.130   246507.130   246585.120
  3130:   246652.130   246838.130   246915.120   247024.130   247096.120
  3135:   247212.130   247361.130   247504.740   247711.130   247789.540
  3140:   247789.320   247789.330   247789.350   247789.240   247789.120
  3145:   248039.220   248039.230   248039.250   248039.340   248130.130
  3150:   248204.120   248286.130   248361.120   248476.130   248631.130
  3155:   248794.130   248955.130   249025.120   249103.130   249270.130
  3160:   249424.130   249497.120   249616.130   249770.130   249862.120
  3165:   249930.130   249999.120   250087.130   250272.130   250301.840
  3170:   250428.640   250428.320   250428.330   250428.350   250428.240
  3175:   250428.130   250678.220   250678.230   250678.250   250678.340
  3180:   250816.130   250901.120   250924.120   250998.130   251114.120
  3185:   251194.130   251354.130   251426.120   251552.130   251702.130
  3190:   251856.130   251944.120   252027.130   252209.130   252349.130
  3195:   252459.120   252575.130   252756.130   252877.130   253097.130
  3200:   253279.130   253618.130   253699.120   253775.130   253857.120
  3205:   253960.130   254027.120   254111.130   254240.130   254302.120
  3210:   254418.130   254486.120   254599.130   254689.120   254778.130
  3215:   254850.120   254924.130   255086.130   255159.120   255242.130
  3220:   255500.130   255656.130   255795.120   255882.130   255971.120
  3225:   256094.130   256276.130   256436.130   256585.130   256678.840
  3230:   256684.120   256761.640   256761.320   256761.330   256761.350
  3235:   256761.240   256761.130   256939.740   257011.220   257011.230
  3240:   257011.250   257011.340   257155.540   257155.320   257155.330
  3245:   257155.350   257155.240   257155.120   257405.220   257405.230
  3250:   257405.250   257405.340   257486.130   257572.120   257687.130
  3255:   257828.130   257907.120   257981.130   258451.130   258605.740
  3260:   258609.130   258923.130   259160.130   259241.540   259241.320
  3265:   259241.330   259241.350   259241.240   259241.120   259491.220
  3270:   259491.230   259491.250   259491.340   259566.130   259591.130
  3275:   259670.120   259775.130   259851.120   260024.120   260106.130
  3280:   260255.130   260388.130   260546.130   260704.130   260781.120
  3285:   261064.130   261211.840   261244.640   261244.320   261244.330
  3290:   261244.350   261244.240   261244.130   261494.220   261494.230
  3295:   261494.250   261494.340   261631.130   261710.120   261823.130
  3300:   261996.130   262065.120   262180.130   262336.130   262512.130
  3305:   262625.130   262696.120   262777.130   263006.130   263174.130
  3310:   263222.130   263369.130   263531.130   263592.120   263666.130
  3315:   263748.120   263909.120   264013.130   264176.130   264268.120
  3320:   264363.130   264448.120   264494.840   264551.640   264551.320
  3325:   264551.330   264551.350   264551.240   264551.130   264801.220
  3330:   264801.230   264801.250   264801.340   264882.130   264973.130
  3335:   265043.120   265124.130   265353.120   265433.130   265598.130
  3340:   265745.130   265954.130   266030.120   266091.740   266112.130
  3345:   266216.540   266216.320   266216.330   266216.350   266216.240
  3350:   266216.120   266466.220   266466.230   266466.250   266466.340
  3355:   266549.130   266572.130   266794.130   266974.130   267121.130
  3360:   267210.120   267317.130   267676.130   267840.130   267994.130
  3365:   268056.120   268146.130   268306.130   268401.840   268589.640
  3370:   268589.320   268589.330   268589.350   268589.240   268589.130
  3375:   268839.220   268839.230   268839.250   268839.340   268925.130
  3380:   269116.130   269197.120   269280.130   269423.130   269514.120
  3385:   269662.130   269740.120   269848.130   269913.120   269937.120
  3390:   270019.130   270088.120   270255.120   270333.130   270481.130
  3395:   270637.130   270739.840   270793.640   270793.320   270793.330
  3400:   270793.350   270793.240   270793.130   271043.220   271043.230
  3405:   271043.250   271043.340   271122.130   271143.840   271339.640
  3410:   271339.320   271339.330   271339.350   271339.240   271339.130
  3415:   271589.220   271589.230   271589.250   271589.340   271720.130
  3420:   271796.120   271879.130   271889.840   271955.120   272061.640
  3425:   272061.320   272061.330   272061.350   272061.240   272061.130
  3430:   272311.220   272311.230   272311.250   272311.340   272403.130
  3435:   272503.120   272596.130   272611.840   272687.120   272760.640
  3440:   272760.320   272760.330   272760.350   272760.240   272760.130
  3445:   273010.220   273010.230   273010.250   273010.340   273140.130
  3450:   273323.130   273594.130   273671.120   273755.130   273842.120
  3455:   273915.130   274079.130   274157.130   274397.120   274498.130
  3460:   274661.130   274832.130   274984.130   275137.130   275298.130
  3465:   275468.130   275610.840   275619.640   275619.320   275619.330
  3470:   275619.350   275619.240   275619.130   275869.220   275869.230
  3475:   275869.250   275869.340   275974.130   276048.120   276069.840
  3480:   276126.640   276126.320   276126.330   276126.350   276126.240
  3485:   276126.130   276376.220   276376.230   276376.250   276376.340
  3490:   276467.130   276563.120   276650.130   276809.130   276882.120
  3495:   276981.130   277072.120   277187.130   277378.130   277540.130
  3500:   277709.130   277882.130   277998.130   278154.130   278231.120
  3505:   278276.840   278321.640   278321.320   278321.330   278321.350
  3510:   278321.240   278321.130   278571.220   278571.230   278571.250
  3515:   278571.340   278684.130   278761.120   278945.120   279010.130
  3520:   279065.130   279160.120   279233.130   279444.130   279603.130
  3525:   279751.130   279903.130   280007.120   280220.130   280372.130
  3530:   280518.130   280666.740   280729.130   280862.130   281165.130
  3535:   281324.130   281488.130   281571.840   281740.540   281740.320
  3540:   281740.330   281740.350   281740.240   281740.120   281990.220
  3545:   281990.230   281990.250   281990.340   282066.640   282066.320
  3550:   282066.330   282066.350   282066.240   282066.130   282316.220
  3555:   282316.230   282316.250   282316.340   282412.130   282572.130
  3560:   282645.120   282725.130   282799.120   282998.130   283065.120
  3565:   283146.130   283264.130   283429.130   283648.120   283758.130
  3570:   283918.130   283996.120   284075.130   284275.130   284431.130
  3575:   284608.130   284762.130   284953.130   285127.130   285266.130
  3580:   285566.130   285638.120   285721.130   285888.130   286020.130
  3585:   286278.130   286358.120   286761.130   286918.130   286988.120
  3590:   287058.130   287213.130   287360.130   287527.130   287585.130
  3595:   287740.130   287885.130   287963.120   288049.130   288202.130
  3600:   288355.130   288909.130   289016.840   289122.640   289122.320
  3605:   289122.330   289122.350   289122.240   289122.130   289372.220
  3610:   289372.230   289372.250   289372.340   289461.130   289538.120
  3615:   289631.130   289709.120   289789.130   289858.120   289939.130
  3620:   290113.130   290172.840   290251.640   290251.320   290251.330
  3625:   290251.350   290251.240   290251.130   290501.220   290501.230
  3630:   290501.250   290501.340   290571.130   290601.840   290670.120
  3635:   290712.120   290957.640   290957.320   290957.330   290957.350
  3640:   290957.240   290957.130   291207.220   291207.230   291207.250
  3645:   291207.340   291303.130   291380.130   291449.120   291528.130
  3650:   291552.130   291699.130   291763.120   291861.130   291887.130
  3655:   291966.120   292060.130   292140.120   292223.130   292396.130
  3660:   292564.130   292635.120   292714.130   292870.130   292994.130
  3665:   293148.130   293172.130   293352.130   293512.130   293672.130
  3670:   293746.120   293852.130   294018.130   294173.130   294440.130
  3675:   294552.130   294705.130   294863.130   294907.840   295005.640
  3680:   295005.320   295005.330   295005.350   295005.240   295005.130
  3685:   295255.220   295255.230   295255.250   295255.340   295338.130
  3690:   295416.120   295502.130   295608.120   295688.130   295770.120
  3695:   295852.130   295996.130   296081.120   296213.130   296255.840
  3700:   296306.120   296384.640   296384.320   296384.330   296384.350
  3705:   296384.240   296384.130   296634.220   296634.230   296634.250
  3710:   296634.340   296720.130   296768.130   296838.120   296919.130
  3715:   297081.130   297195.130   297342.130   297488.130   297642.130
  3720:   297662.130   297729.120   297819.130   297922.120   298029.130
  3725:   298204.130   298312.130   298459.130   298530.120   298620.130
  3730:   298782.130   298942.130   299012.120   299106.130   299277.130
  3735:   299440.130   299578.130   299756.130   299781.130   299896.130
  3740:   300050.130   300217.130   300287.120   300362.130   300513.130
  3745:   300534.840   300581.120   300663.640   300663.320   300663.330
  3750:   300663.350   300663.240   300663.130   300913.220   300913.230
  3755:   300913.250   300913.340   301006.130   301087.120   301168.130
  3760:   301248.120   301336.130   301501.130   301577.120   301659.130
  3765:   301737.120   301809.130   301976.130   302101.130   302258.130
  3770:   302329.120   302429.130   302527.130   302593.120   302667.130
  3775:   302688.130   302775.120   302894.130   303027.130   303105.120
  3780:   303346.130   303498.130   303659.130   303713.840   303804.640
  3785:   303804.320   303804.330   303804.350   303804.240   303804.130
  3790:   304054.220   304054.230   304054.250   304054.340   304139.130
  3795:   304159.130   304342.130   304517.130   304600.120   304860.130
  3800:   305315.130   305510.130   305583.120   305657.130   305987.130
  3805:   306093.120   306223.130   306503.130   306692.130   306769.120
  3810:   306880.130   307004.130   307177.130   307258.120   307370.130
  3815:   307532.130   307598.120   307676.130   307779.130   307852.120
  3820:   308007.130   308032.130   308098.120   308226.130   308378.130
  3825:   308551.130   308621.120   308720.130   308865.130   308956.120
  3830:   309047.130   309190.130   309341.130   309494.130   309561.120
  3835:   309672.130   309822.130   310168.130   310208.130   310313.120
  3840:   310434.130   310501.120   310523.120   310590.130   310690.740
  3845:   310742.130   310802.540   310802.320   310802.330   310802.350
  3850:   310802.240   310802.120   311052.220   311052.230   311052.250
  3855:   311052.340   311125.130   311304.130   311484.130   311558.120
  3860:   311636.130   311787.130   311945.130   312019.120   312098.130
  3865:   312229.130   312417.130   312509.120   312585.130   312692.120
  3870:   312774.130   312854.840   312867.640   312867.320   312867.330
  3875:   312867.350   312867.240   312867.130   313117.220   313117.230
  3880:   313117.250   313117.340   313186.130   313294.120   313392.130
  3885:   313468.130   313537.120   313627.130   313752.740   313773.130
  3890:   313929.130   314103.130   314172.540   314172.320   314172.330
  3895:   314172.350   314172.240   314172.120   314422.220   314422.230
  3900:   314422.250   314422.340   314505.130   314531.130   314684.130
  3905:   314827.130   314966.130   315047.120   315144.130   315266.120
  3910:   315317.840   315357.640   315357.320   315357.330   315357.350
  3915:   315357.240   315357.130   315607.220   315607.230   315607.250
  3920:   315607.340   315691.130   315769.120   315876.130   315896.130
  3925:   316008.130   316169.130   316347.130   316423.120   316502.130
  3930:   316664.130   316731.120   316807.840   316832.640   316832.320
  3935:   316832.330   316832.350   316832.240   316832.130   317082.220
  3940:   317082.230   317082.250   317082.340   317137.130   317215.120
  3945:   317318.130   317337.130   317481.130   317659.130   317823.130
  3950:   317982.840   318182.640   318182.320   318182.330   318182.350
  3955:   318182.240   318182.130   318322.740   318432.220   318432.230
  3960:   318432.250   318432.340   318555.130   318628.540   318628.320
  3965:   318628.330   318628.350   318628.240   318628.120   318878.220
  3970:   318878.230   318878.250   318878.340   318970.130   319046.120
  3975:   319155.130   319307.130   319505.130   319660.130   319809.130
  3980:   320114.130   320182.120   320278.740   320293.130   320442.130
  3985:   320518.540   320518.320   320518.330   320518.350   320518.240
  3990:   320518.120   320768.220   320768.230   320768.250   320768.340
  3995:   320858.130   321055.130   321130.120   321214.130   321358.130
  4000:   321530.130   321698.130   321722.130   321877.130   322043.130
  4005:   322197.130   322391.130   322538.130   322683.130   322850.130
  4010:   323033.130   323183.130   323314.130   323534.120   323633.130
  4015:   323817.130   323963.130   324031.120   324115.130   324179.120
  4020:   324264.130   324418.130   324480.120   324559.130   324631.120
  4025:   324722.130   324744.130   324770.130   324836.120   324911.130
  4030:   325066.130   325220.130   325295.120   325408.130   325483.120
  4035:   325579.130   325651.120   325728.130   325805.120   325905.130
  4040:   325978.120   326067.130   326135.120   326232.840   326234.640
  4045:   326234.320   326234.330   326234.350   326234.240   326234.130
  4050:   326484.220   326484.230   326484.250   326484.340   326570.130
  4055:   326637.120   326771.130   326852.120   326934.130   327097.130
  4060:   327255.130   327337.130   327494.130   327566.120   327631.130
  4065:   327766.130   327842.120   328121.130   328184.840   328344.120
  4070:   328425.640   328425.320   328425.330   328425.350   328425.240
  4075:   328425.130   328675.220   328675.230   328675.250   328675.340
  4080:   328755.130   328821.120   328942.130   329094.130   329169.120
  4085:   329253.130   329353.120   329483.130   329575.840   329591.640
  4090:   329591.320   329591.330   329591.350   329591.240   329591.130
  4095:   329841.220   329841.230   329841.250   329841.340   329921.130
  4100:   330008.120   330085.130   330107.130   330176.120   330257.130
  4105:   330408.130   330648.130   330820.130   330968.740   330993.130
  4110:   331152.130   331318.130   331619.130   331808.130   331961.130
  4115:   332070.540   332070.320   332070.330   332070.350   332070.240
  4120:   332070.120   332320.220   332320.230   332320.250   332320.340
  4125:   332400.130   332497.120   332592.130   332659.120   332739.130
  4130:   332926.130   333098.130   333172.120   333254.130   333412.130
  4135:   333608.130   333676.120   333764.130   333908.130   334066.130
  4140:   334237.130   334544.130   334691.130   334857.130   335021.130
  4145:   335137.130   335393.120   335490.130   335672.130   335747.120
  4150:   335811.130   335881.120   335981.130   336058.120   336131.130
  4155:   336201.120   336241.840   336280.640   336280.320   336280.330
  4160:   336280.350   336280.240   336280.130   336530.220   336530.230
  4165:   336530.250   336530.340   336595.130   336690.120   336785.130
  4170:   336876.120   336965.130   336993.130   337018.130   337081.120
  4175:   337192.130   337337.130   337491.130   337576.130   337675.120
  4180:   337788.130   337935.130   338032.120   338203.130   338340.130
  4185:   338413.120   338490.130   338648.130   338779.130   338930.840
  4190:   338932.640   338932.320   338932.330   338932.350   338932.240
  4195:   338932.130   339182.220   339182.230   339182.250   339182.340
  4200:   339270.130   339321.130   339415.120   339503.130   339600.130
  4205:   339670.120   339752.130   339823.120   339913.130   340080.130
  4210:   340164.120   340241.130   340572.130   340657.120   340682.840
  4215:   340733.640   340733.320   340733.330   340733.350   340733.240
  4220:   340733.130   340983.220   340983.230   340983.250   340983.340
  4225:   341079.130   341201.120   341295.130   341364.130   341453.120
  4230:   341524.130   341598.120   341689.130   341856.130   342017.130
  4235:   342020.740   342094.540   342094.320   342094.330   342094.350
  4240:   342094.240   342094.120   342344.220   342344.230   342344.250
  4245:   342344.340   342430.130   342469.130   342583.840   342615.120
  4250:   342699.640   342699.320   342699.330   342699.350   342699.240
  4255:   342699.130   342949.220   342949.230   342949.250   342949.340
  4260:   343057.130   343216.130   343385.130   343527.130   343709.130
  4265:   343879.130   344038.130   344211.130   344458.120   344524.130
  4270:   344739.120   344830.130   344986.130   345146.130   345282.130
  4275:   345349.840   345464.640   345464.320   345464.330   345464.350
  4280:   345464.240   345464.130   345714.220   345714.230   345714.250
  4285:   345714.340   345777.130   345857.120   345972.130   346082.120
  4290:   346209.130   346368.130   346468.120   346542.130   346731.130
  4295:   346886.130   346914.840   347066.640   347066.320   347066.330
  4300:   347066.350   347066.240   347066.130   347316.220   347316.230
  4305:   347316.250   347316.340   347397.130   347557.130   347735.130
  4310:   347878.130   348016.840   348039.640   348039.320   348039.330
  4315:   348039.350   348039.240   348039.130   348289.220   348289.230
  4320:   348289.250   348289.340   348370.130   348470.120   348592.130
  4325:   348778.130   348927.130   349096.130   349247.130   349375.130
  4330:   349644.130   349833.130   349966.130   350044.120   350157.130
  4335:   350299.130   350491.130   350648.130   350731.120   350744.740
  4340:   350749.540   350749.320   350749.330   350749.350   350749.240
  4345:   350749.120   350999.220   350999.230   350999.250   350999.340
  4350:   351086.130   351263.130   351417.130   351606.130   351777.130
  4355:   351909.130   352074.130   352102.130   352199.740   352249.130
  4360:   352413.130   352440.130   352583.130   352746.130   352907.130
  4365:   352995.540   352995.320   352995.330   352995.350   352995.240
  4370:   352995.120   353245.220   353245.230   353245.250   353245.340
  4375:   353289.840   353322.640   353322.320   353322.330   353322.350
  4380:   353322.240   353322.130   353572.220   353572.230   353572.250
  4385:   353572.340   353645.130   353726.120   353981.130   354120.130
  4390:   354145.740   354271.130   354425.130   354576.130   354655.540
  4395:   354655.320   354655.330   354655.350   354655.240   354655.120
  4400:   354905.220   354905.230   354905.250   354905.340   355150.130
  4405:   355292.130   355441.130   355601.130   355672.840   355747.640
  4410:   355747.320   355747.330   355747.350   355747.240   355747.130
  4415:   355997.220   355997.230   355997.250   355997.340   356106.130
  4420:   356183.120   356266.130   356344.120   356436.130   356601.130
  4425:   356753.130   356830.120   356935.130   356960.130   357111.130
  4430:   357278.130   357458.130   357523.120   357602.130   357688.120
  4435:   357943.130   358111.130   358274.130   358423.130   358591.130
  4440:   358709.130   358998.130   359094.120   359173.130   359328.130
  4445:   359438.120   359693.130   359831.130   359901.120   359978.130
  4450:   360000.320   360000.330   360000.350   360000.020
C:
     0:        0.000     1010.000     1976.000       42.000      104.000
     5:        0.000
D:
     0:        0.000        0.000
L:
     0:      111.000      111.000      111.000
M:
     0:      900.000      901.000      902.000      903.000      904.000
     5:      905.000      906.000      907.000      908.000      909.000
    10:      910.000      911.000      912.000      913.000      914.000
    15:      915.000      916.000      917.000      918.000      919.000
    20:      920.000      921.000      922.000      923.000      924.000
    25:      925.000      926.000      927.000      928.000      929.000
    30:      930.000      931.000      932.000      933.000      934.000
    35:      935.000      936.000      937.000      938.000      939.000
    40:      940.000      941.000      942.000      943.000      944.000
    45:      945.000      946.000      947.000      948.000      949.000
    50:      950.000      951.000      952.000      953.000      954.000
    55:      955.000      956.000      957.000      958.000      959.000
    60:      960.000      961.000      962.000      963.000      964.000
    65:      965.000      966.000      967.000      968.000      969.000
    70:      970.000      971.000      972.000      973.000      974.000
    75:      975.000      976.000      977.000      978.000      979.000
    80:      980.000      981.000      982.000      983.000      984.000
    85:      985.000      986.000      987.000      988.000      989.000
    90:      990.000      991.000      992.000      993.000      994.000
    95:      995.000      996.000      997.000      998.000      999.000
   100:     1000.000     1001.000     1002.000     1003.000     1004.000
   105:     1005.000     1006.000     1007.000     1008.000     1009.000
   110:     1010.000     1011.000     1012.000     1013.000     1014.000
   115:     1015.000     1016.000     1017.000     1018.000     1019.000
   120:     1020.000     1021.000     1022.000     1023.000     1024.000
   125:     1025.000     1026.000     1027.000     1028.000     1029.000
   130:     1030.000     1031.000     1032.000     1033.000     1034.000
   135:     1035.000     1036.000     1037.000     1038.000     1039.000
   140:     1040.000     1041.000     1042.000     1043.000     1044.000
   145:     1045.000     1046.000     1047.000     1048.000     1049.000
   150:     1050.000     1051.000     1052.000     1053.000     1054.000
   155:     1055.000     1056.000     1057.000     1058.000     1059.000
   160:     1060.000     1061.000     1062.000     1063.000     1064.000
   165:     1065.000     1066.000     1067.000     1068.000     1069.000
   170:     1070.000     1071.000     1072.000     1073.000     1074.000
   175:     1075.000     1076.000     1077.000     1078.000     1079.000
   180:     1080.000     1081.000     1082.000     1083.000     1084.000
   185:     1085.000     1086.000     1087.000     1088.000     1089.000
   190:     1090.000     1091.000     1092.000     1093.000     1094.000
   195:     1095.000     1096.000     1097.000     1098.000     1099.000
   200:     1100.000     1101.000     1102.000     1103.000     1104.000
   205:     1105.000     1106.000     1107.000     1108.000     1109.000
   210:     1110.000     1111.000     1112.000     1113.000     1114.000
   215:     1115.000     1116.000     1117.000     1118.000     1119.000
   220:     1120.000     1121.000     1122.000     1123.000     1124.000
   225:     1125.000     1126.000     1127.000     1128.000     1129.000
   230:     1130.000     1131.000     1132.000     1133.000     1134.000
   235:     1135.000     1136.000     1137.000     1138.000     1139.000
   240:     1140.000     1141.000     1142.000     1143.000     1144.000
   245:     1145.000     1146.000     1147.000     1148.000     1149.000
   250:     1150.000     1151.000     1152.000     1153.000     1154.000
   255:     1155.000     1156.000     1157.000     1158.000     1159.000
   260:     1160.000     1161.000     1162.000     1163.000     1164.000
   265:     1165.000     1166.000     1167.000     1168.000     1169.000
   270:     1170.000     1171.000     1172.000     1173.000     1174.000
   275:     1175.000     1176.000     1177.000     1178.000     1179.000
   280:     1180.000     1181.000     1182.000     1183.000     1184.000
   285:     1185.000     1186.000     1187.000     1188.000     1189.000
   290:     1190.000     1191.000     1192.000     1193.000     1194.000
   295:     1195.000     1196.000     1197.000     1198.000     1199.000
   300:     1200.000     1201.000     1202.000     1203.000     1204.000
   305:     1205.000     1206.000     1207.000     1208.000     1209.000
   310:     1210.000     1211.000     1212.000     1213.000     1214.000
   315:     1215.000     1216.000     1217.000     1218.000     1219.000
   320:     1220.000     1221.000     1222.000     1223.000     1224.000
   325:     1225.000     1226.000     1227.000     1228.000     1229.000
   330:     1230.000     1231.000     1232.000     1233.000     1234.000
   335:     1235.000     1236.000     1237.000     1238.000     1239.000
   340:     1240.000     1241.000     1242.000     1243.000     1244.000
   345:     1245.000     1246.000     1247.000     1248.000     1249.000
   350:     1250.000     1251.000     1252.000     1253.000     1254.000
   355:     1255.000     1256.000     1257.000     1258.000     1259.000
   360:     1260.000     1261.000     1262.000     1263.000     1264.000
   365:     1265.000     1266.000     1267.000     1268.000     1269.000
   370:     1270.000     1271.000     1272.000     1273.000     1274.000
   375:     1275.000     1276.000     1277.000     1278.000     1279.000
   380:     1280.000     1281.000     1282.000     1283.000     1284.000
   385:     1285.000     1286.000     1287.000     1288.000     1289.000
   390:     1290.000     1291.000     1292.000     1293.000     1294.000
   395:     1295.000     1296.000     1297.000     1298.000     1299.000
   400:     1300.000     1301.000     1302.000     1303.000     1304.000
   405:     1305.000     1306.000     1307.000     1308.000     1309.000
   410:     1310.000     1311.000     1312.000     1313.000     1314.000
   415:     1315.000     1316.000     1317.000     1318.000     1319.000
   420:     1320.000     1321.000     1322.000     1323.000     1324.000
   425:     1325.000     1326.000     1327.000     1328.000     1329.000
   430:     1330.000     1331.000     1332.000     1333.000     1334.000
   435:     1335.000     1336.000     1337.000     1338.000     1339.000
   440:     1340.000     1341.000     1342.000     1343.000     1344.000
   445:     1345.000     1346.000     1347.000     1348.000     1349.000
   450:     1350.000     1351.000     1352.000     1353.000     1354.000
   455:     1355.000     1356.000     1357.000     1358.000     1359.000
   460:     1360.000     1361.000     1362.000     1363.000     1364.000
   465:     1365.000     1366.000     1367.000     1368.000     1369.000
   470:     1370.000     1371.000     1372.000     1373.000     1374.000
   475:     1375.000     1376.000     1377.000     1378.000     1379.000
   480:     1380.000     1381.000     1382.000     1383.000     1384.000
   485:     1385.000     1386.000     1387.000     1388.000     1389.000
   490:     1390.000     1391.000     1392.000     1393.000     1394.000
   495:     1395.000     1396.000     1397.000     1398.000     1399.000
   500:     1400.000     1401.000     1402.000     1403.000     1404.000
   505:     1405.000     1406.000     1407.000     1408.000     1409.000
   510:     1410.000     1411.000     1412.000     1413.000     1414.000
   515:     1415.000     1416.000     1417.000     1418.000     1419.000
   520:     1420.000     1421.000     1422.000     1423.000     1424.000
   525:     1425.000     1426.000     1427.000     1428.000     1429.000
   530:     1430.000     1431.000     1432.000     1433.000     1434.000
   535:     1435.000     1436.000     1437.000     1438.000     1439.000
   540:     1440.000     1441.000     1442.000     1443.000     1444.000
   545:     1445.000     1446.000     1447.000     1448.000     1449.000
   550:     1450.000     1451.000     1452.000     1453.000     1454.000
   555:     1455.000     1456.000     1457.000     1458.000     1459.000
   560:     1460.000     1461.000     1462.000     1463.000     1464.000
   565:     1465.000     1466.000     1467.000     1468.000     1469.000
   570:     1470.000     1471.000     1472.000     1473.000     1474.000
   575:     1475.000     1476.000     1477.000     1478.000     1479.000
   580:     1480.000     1481.000     1482.000     1483.000     1484.000
   585:     1485.000     1486.000     1487.000     1488.000     1489.000
   590:     1490.000     1491.000     1492.000     1493.000     1494.000
   595:     1495.000     1496.000     1497.000     1498.000     1499.000
   600:     1500.000
N:
     0:     3300.000     3301.000     3302.000     3303.000     3304.000
     5:     3305.000     3306.000     3307.000     3308.000     3309.000
    10:     3310.000     3311.000     3312.000     3313.000     3314.000
    15:     3315.000     3316.000     3317.000     3318.000     3319.000
    20:     3320.000     3321.000     3322.000     3323.000     3324.000
    25:     3325.000     3326.000     3327.000     3328.000     3329.000
    30:     3330.000     3331.000     3332.000     3333.000     3334.000
    35:     3335.000     3336.000     3337.000     3338.000     3339.000
    40:     3340.000     3341.000     3342.000     3343.000     3344.000
    45:     3345.000     3346.000     3347.000     3348.000     3349.000
    50:     3350.000     3351.000     3352.000     3353.000     3354.000
    55:     3355.000     3356.000     3357.000     3358.000     3359.000
    60:     3360.000     3361.000     3362.000     3363.000     3364.000
    65:     3365.000     3366.000     3367.000     3368.000     3369.000
    70:     3370.000     3371.000     3372.000     3373.000     3374.000
    75:     3375.000     3376.000     3377.000     3378.000     3379.000
    80:     3380.000     3381.000     3382.000     3383.000     3384.000
    85:     3385.000     3386.000     3387.000     3388.000     3389.000
    90:     3390.000     3391.000     3392.000     3393.000     3394.000
    95:     3395.000     3396.000     3397.000     3398.000     3399.000
   100:     3400.000     3401.000     3402.000     3403.000     3404.000
   105:     3405.000     3406.000     3407.000     3408.000     3409.000
   110:     3410.000     3411.000     3412.000     3413.000     3414.000
   115:     3415.000     3416.000     3417.000     3418.000     3419.000
   120:     3420.000     3421.000     3422.000     3423.000     3424.000
   125:     3425.000     3426.000     3427.000     3428.000     3429.000
   130:     3430.000     3431.000     3432.000     3433.000     3434.000
   135:     3435.000     3436.000     3437.000     3438.000     3439.000
   140:     3440.000     3441.000     3442.000     3443.000     3444.000
   145:     3445.000     3446.000     3447.000     3448.000     3449.000
   150:     3450.000     3451.000     3452.000     3453.000     3454.000
   155:     3455.000     3456.000     3457.000     3458.000     3459.000
   160:     3460.000     3461.000     3462.000     3463.000     3464.000
   165:     3465.000     3466.000     3467.000     3468.000     3469.000
   170:     3470.000     3471.000     3472.000     3473.000     3474.000
   175:     3475.000     3476.000     3477.000     3478.000     3479.000
   180:     3480.000     3481.000     3482.000     3483.000     3484.000
   185:     3485.000     3486.000     3487.000     3488.000     3489.000
   190:     3490.000     3491.000     3492.000     3493.000     3494.000
   195:     3495.000     3496.000     3497.000     3498.000     3499.000
   200:     3500.000     3501.000     3502.000     3503.000     3504.000
   205:     3505.000     3506.000     3507.000     3508.000     3509.000
   210:     3510.000     3511.000     3512.000     3513.000     3514.000
   215:     3515.000     3516.000     3517.000     3518.000     3519.000
   220:     3520.000     3521.000     3522.000     3523.000     3524.000
   225:     3525.000     3526.000     3527.000     3528.000     3529.000
   230:     3530.000     3531.000     3532.000     3533.000     3534.000
   235:     3535.000     3536.000     3537.000     3538.000     3539.000
   240:     3540.000     3541.000     3542.000     3543.000     3544.000
   245:     3545.000     3546.000     3547.000     3548.000     3549.000
   250:     3550.000     3551.000     3552.000     3553.000     3554.000
   255:     3555.000     3556.000     3557.000     3558.000     3559.000
   260:     3560.000     3561.000     3562.000     3563.000     3564.000
   265:     3565.000     3566.000     3567.000     3568.000     3569.000
   270:     3570.000     3571.000     3572.000     3573.000     3574.000
   275:     3575.000     3576.000     3577.000     3578.000     3579.000
   280:     3580.000     3581.000     3582.000     3583.000     3584.000
   285:     3585.000     3586.000     3587.000     3588.000     3589.000
   290:     3590.000     3591.000     3592.000     3593.000     3594.000
   295:     3595.000     3596.000     3597.000     3598.000     3599.000
   300:     3600.000     3601.000     3602.000     3603.000     3604.000
   305:     3605.000     3606.000     3607.000     3608.000     3609.000
   310:     3610.000     3611.000     3612.000     3613.000     3614.000
   315:     3615.000     3616.000     3617.000     3618.000     3619.000
   320:     3620.000     3621.000     3622.000     3623.000     3624.000
   325:     3625.000     3626.000     3627.000     3628.000     3629.000
   330:     3630.000     3631.000     3632.000     3633.000     3634.000
   335:     3635.000     3636.000     3637.000     3638.000     3639.000
   340:     3640.000     3641.000     3642.000     3643.000     3644.000
   345:     3645.000     3646.000     3647.000     3648.000     3649.000
   350:     3650.000     3651.000     3652.000     3653.000     3654.000
   355:     3655.000     3656.000     3657.000     3658.000     3659.000
   360:     3660.000     3661.000     3662.000     3663.000     3664.000
   365:     3665.000     3666.000     3667.000     3668.000     3669.000
   370:     3670.000     3671.000     3672.000     3673.000     3674.000
   375:     3675.000     3676.000     3677.000     3678.000     3679.000
   380:     3680.000     3681.000     3682.000     3683.000     3684.000
   385:     3685.000     3686.000     3687.000     3688.000     3689.000
   390:     3690.000     3691.000     3692.000     3693.000     3694.000
   395:     3695.000     3696.000     3697.000     3698.000     3699.000
   400:     3700.000     3701.000     3702.000     3703.000     3704.000
   405:     3705.000     3706.000     3707.000     3708.000     3709.000
   410:     3710.000     3711.000     3712.000     3713.000     3714.000
   415:     3715.000     3716.000     3717.000     3718.000     3719.000
   420:     3720.000     3721.000     3722.000     3723.000     3724.000
   425:     3725.000     3726.000     3727.000     3728.000     3729.000
   430:     3730.000     3731.000     3732.000     3733.000     3734.000
   435:     3735.000     3736.000     3737.000     3738.000     3739.000
   440:     3740.000     3741.000     3742.000     3743.000     3744.000
   445:     3745.000     3746.000     3747.000     3748.000     3749.000
   450:     3750.000     3751.000     3752.000     3753.000     3754.000
   455:     3755.000     3756.000     3757.000     3758.000     3759.000
   460:     3760.000     3761.000     3762.000     3763.000     3764.000
   465:     3765.000     3766.000     3767.000     3768.000     3769.000
   470:     3770.000     3771.000     3772.000     3773.000     3774.000
   475:     3775.000     3776.000     3777.000     3778.000     3779.000
   480:     3780.000     3781.000     3782.000     3783.000     3784.000
   485:     3785.000     3786.000     3787.000     3788.000     3789.000
   490:     3790.000     3791.000     3792.000     3793.000     3794.000
   495:     3795.000     3796.000     3797.000     3798.000     3799.000
   500:     3800.000     3801.000     3802.000     3803.000     3804.000
   505:     3805.000     3806.000     3807.000     3808.000     3809.000
   510:     3810.000     3811.000     3812.000     3813.000     3814.000
   515:     3815.000     3816.000     3817.000     3818.000     3819.000
   520:     3820.000     3821.000     3822.000     3823.000     3824.000
   525:     3825.000     3826.000     3827.000     3828.000     3829.000
   530:     3830.000     3831.000     3832.000     3833.000     3834.000
   535:     3835.000     3836.000     3837.000     3838.000     3839.000
   540:     3840.000     3841.000     3842.000     3843.000     3844.000
   545:     3845.000     3846.000     3847.000     3848.000     3849.000
   550:     3850.000     3851.000     3852.000     3853.000     3854.000
   555:     3855.000     3856.000     3857.000     3858.000     3859.000
   560:     3860.000     3861.000     3862.000     3863.000     3864.000
   565:     3865.000     3866.000     3867.000     3868.000     3869.000
   570:     3870.000     3871.000     3872.000     3873.000     3874.000
   575:     3875.000     3876.000     3877.000     3878.000     3879.000
   580:     3880.000     3881.000     3882.000     3883.000     3884.000
   585:     3885.000     3886.000     3887.000     3888.000     3889.000
   590:     3890.000     3891.000     3892.000     3893.000     3894.000
   595:     3895.000     3896.000     3897.000     3898.000     3899.000
   600:     3900.000     3901.000     3902.000     3903.000     3904.000
   605:     3905.000     3906.000     3907.000     3908.000     3909.000
   610:     3910.000     3911.000     3912.000     3913.000     3914.000
   615:     3915.000     3916.000     3917.000     3918.000     3919.000
   620:     3920.000     3921.000     3922.000     3923.000     3924.000
   625:     3925.000     3926.000     3927.000     3928.000     3929.000
   630:     3930.000     3931.000     3932.000     3933.000     3934.000
   635:     3935.000     3936.000     3937.000     3938.000     3939.000
   640:     3940.000     3941.000     3942.000     3943.000     3944.000
   645:     3945.000     3946.000     3947.000     3948.000     3949.000
   650:     3950.000     3951.000     3952.000     3953.000     3954.000
   655:     3955.000     3956.000     3957.000     3958.000     3959.000
   660:     3960.000     3961.000     3962.000     3963.000     3964.000
   665:     3965.000     3966.000     3967.000     3968.000     3969.000
   670:     3970.000     3971.000     3972.000     3973.000     3974.000
   675:     3975.000     3976.000     3977.000     3978.000     3979.000
   680:     3980.000     3981.000     3982.000     3983.000     3984.000
   685:     3985.000     3986.000     3987.000     3988.000     3989.000
   690:     3990.000     3991.000     3992.000     3993.000     3994.000
   695:     3995.000     3996.000     3997.000     3998.000     3999.000
   700:     4000.000     4001.000     4002.000     4003.000     4004.000
   705:     4005.000     4006.000     4007.000     4008.000     4009.000
   710:     4010.000     4011.000     4012.000     4013.000     4014.000
   715:     4015.000     4016.000     4017.000     4018.000     4019.000
   720:     4020.000     4021.000     4022.000     4023.000     4024.000
   725:     4025.000     4026.000     4027.000     4028.000     4029.000
   730:     4030.000     4031.000     4032.000     4033.000     4034.000
   735:     4035.000     4036.000     4037.000     4038.000     4039.000
   740:     4040.000     4041.000     4042.000     4043.000     4044.000
   745:     4045.000     4046.000     4047.000     4048.000     4049.000
   750:     4050.000     4051.000     4052.000     4053.000     4054.000
   755:     4055.000     4056.000     4057.000     4058.000     4059.000
   760:     4060.000     4061.000     4062.000     4063.000     4064.000
   765:     4065.000     4066.000     4067.000     4068.000     4069.000
   770:     4070.000     4071.000     4072.000     4073.000     4074.000
   775:     4075.000     4076.000     4077.000     4078.000     4079.000
   780:     4080.000     4081.000     4082.000     4083.000     4084.000
   785:     4085.000     4086.000     4087.000     4088.000     4089.000
   790:     4090.000     4091.000     4092.000     4093.000     4094.000
   795:     4095.000     4096.000     4097.000     4098.000     4099.000
   800:     4100.000     4101.000     4102.000     4103.000     4104.000
   805:     4105.000     4106.000     4107.000     4108.000     4109.000
   810:     4110.000     4111.000     4112.000     4113.000     4114.000
   815:     4115.000     4116.000     4117.000     4118.000     4119.000
   820:     4120.000     4121.000     4122.000     4123.000     4124.000
   825:     4125.000     4126.000     4127.000     4128.000     4129.000
   830:     4130.000     4131.000     4132.000     4133.000     4134.000
   835:     4135.000     4136.000     4137.000     4138.000     4139.000
   840:     4140.000     4141.000     4142.000     4143.000     4144.000
   845:     4145.000     4146.000     4147.000     4148.000     4149.000
   850:     4150.000     4151.000     4152.000     4153.000     4154.000
   855:     4155.000     4156.000     4157.000     4158.000     4159.000
   860:     4160.000     4161.000     4162.000     4163.000     4164.000
   865:     4165.000     4166.000     4167.000     4168.000     4169.000
   870:     4170.000     4171.000     4172.000     4173.000     4174.000
   875:     4175.000     4176.000     4177.000     4178.000     4179.000
   880:     4180.000     4181.000     4182.000     4183.000     4184.000
   885:     4185.000     4186.000     4187.000     4188.000     4189.000
   890:     4190.000     4191.000     4192.000     4193.000     4194.000
   895:     4195.000     4196.000     4197.000     4198.000     4199.000
   900:     4200.000     4201.000     4202.000     4203.000     4204.000
   905:     4205.000     4206.000     4207.000     4208.000     4209.000
   910:     4210.000     4211.000     4212.000     4213.000     4214.000
   915:     4215.000     4216.000     4217.000     4218.000     4219.000
   920:     4220.000     4221.000     4222.000     4223.000     4224.000
   925:     4225.000     4226.000     4227.000     4228.000     4229.000
   930:     4230.000     4231.000     4232.000     4233.000     4234.000
   935:     4235.000     4236.000     4237.000     4238.000     4239.000
   940:     4240.000     4241.000     4242.000     4243.000     4244.000
   945:     4245.000     4246.000     4247.000     4248.000     4249.000
   950:     4250.000     4251.000     4252.000     4253.000     4254.000
   955:     4255.000     4256.000     4257.000     4258.000     4259.000
   960:     4260.000     4261.000     4262.000     4263.000     4264.000
   965:     4265.000     4266.000     4267.000     4268.000     4269.000
   970:     4270.000     4271.000     4272.000     4273.000     4274.000
   975:     4275.000     4276.000     4277.000     4278.000     4279.000
   980:     4280.000     4281.000     4282.000     4283.000     4284.000
   985:     4285.000     4286.000     4287.000     4288.000     4289.000
   990:     4290.000     4291.000     4292.000     4293.000     4294.000
   995:     4295.000     4296.000     4297.000     4298.000     4299.000
  1000:     4300.000     4301.000     4302.000     4303.000     4304.000
  1005:     4305.000     4306.000     4307.000     4308.000     4309.000
  1010:     4310.000     4311.000     4312.000     4313.000     4314.000
  1015:     4315.000     4316.000     4317.000     4318.000     4319.000
  1020:     4320.000     4321.000     4322.000     4323.000     4324.000
  1025:     4325.000     4326.000     4327.000     4328.000     4329.000
  1030:     4330.000     4331.000     4332.000     4333.000     4334.000
  1035:     4335.000     4336.000     4337.000     4338.000     4339.000
  1040:     4340.000     4341.000     4342.000     4343.000     4344.000
  1045:     4345.000     4346.000     4347.000     4348.000     4349.000
  1050:     4350.000     4351.000     4352.000     4353.000     4354.000
  1055:     4355.000     4356.000     4357.000     4358.000     4359.000
  1060:     4360.000     4361.000     4362.000     4363.000     4364.000
  1065:     4365.000     4366.000     4367.000     4368.000     4369.000
  1070:     4370.000     4371.000     4372.000     4373.000     4374.000
  1075:     4375.000     4376.000     4377.000     4378.000     4379.000
  1080:     4380.000     4381.000     4382.000     4383.000     4384.000
  1085:     4385.000     4386.000     4387.000     4388.000     4389.000
  1090:     4390.000     4391.000     4392.000     4393.000     4394.000
  1095:     4395.000     4396.000     4397.000     4398.000     4399.000
  1100:     4400.000     4401.000     4402.000     4403.000     4404.000
  1105:     4405.000     4406.000     4407.000     4408.000     4409.000
  1110:     4410.000     4411.000     4412.000     4413.000     4414.000
  1115:     4415.000     4416.000     4417.000     4418.000     4419.000
  1120:     4420.000     4421.000     4422.000     4423.000     4424.000
  1125:     4425.000     4426.000     4427.000     4428.000     4429.000
  1130:     4430.000     4431.000     4432.000     4433.000     4434.000
  1135:     4435.000     4436.000     4437.000     4438.000     4439.000
  1140:     4440.000     4441.000     4442.000     4443.000     4444.000
  1145:     4445.000     4446.000     4447.000     4448.000     4449.000
  1150:     4450.000     4451.000     4452.000     4453.000     4454.000
  1155:     4455.000     4456.000     4457.000     4458.000     4459.000
  1160:     4460.000     4461.000     4462.000     4463.000     4464.000
  1165:     4465.000     4466.000     4467.000     4468.000     4469.000
  1170:     4470.000     4471.000     4472.000     4473.000     4474.000
  1175:     4475.000     4476.000     4477.000     4478.000     4479.000
  1180:     4480.000     4481.000     4482.000     4483.000     4484.000
  1185:     4485.000     4486.000     4487.000     4488.000     4489.000
  1190:     4490.000     4491.000     4492.000     4493.000     4494.000
  1195:     4495.000     4496.000     4497.000     4498.000     4499.000
  1200:     4500.000
R:
     0:      333.000      333.000      333.000
V:
     0:      986.000     4191.000
W:
     0:      986.000     4191.000
