File: C:\MED-PC IV\DATA\p054_s148_japede


Start Date: 11/24/17
End Date: 11/24/17
Subject: p054
Experiment: 0
Group: 0
Box: 5
Start Time: 15:54:21
End Time: 16:55:15
MSN: japede_L_35_225_225_R_63_25_25
B:       0.000
E:    3667.000
F:       0.000
G:       0.000
H:       0.000
I:       2.000
J:       2.000
K:       0.000
O:       0.000
P:       0.000
Q:       0.000
S:  360000.000
T:  360000.000
U:       0.000
X:       0.000
Y:       0.000
Z:       0.000
A:
     0:        0.010        0.250        0.220        0.230      517.130
     5:     1359.130     1394.130     1499.740     1548.130     1607.130
    10:     1654.130     1777.540     1777.320     1777.330     1777.350
    15:     1777.240     1777.120     2027.220     2027.230     2027.250
    20:     2027.340     2227.740     2284.130     2318.130     2359.130
    25:     2423.130     2555.540     2555.320     2555.330     2555.350
    30:     2555.240     2555.120     2805.220     2805.230     2805.250
    35:     2805.340     2931.120     3044.130     3636.120     3675.120
    40:     3805.740     4011.540     4011.320     4011.330     4011.350
    45:     4011.240     4011.120     4261.220     4261.230     4261.250
    50:     4261.340     4484.130     4719.120     4750.120     4791.120
    55:     5076.120     5175.130     5952.130     7561.740     8356.540
    60:     8356.320     8356.330     8356.350     8356.240     8356.120
    65:     8606.220     8606.230     8606.250     8606.340     9041.120
    70:     9328.130     9440.120     9475.120     9880.120    10028.130
    75:    10142.120    10181.120    10549.120    10589.120    10780.120
    80:    10806.740    10819.540    10819.320    10819.330    10819.350
    85:    10819.240    10819.120    11069.220    11069.230    11069.250
    90:    11069.340    11212.120    11834.120    11873.120    11918.120
    95:    12037.120    12139.130    12215.130    12269.740    12308.540
   100:    12308.320    12308.330    12308.350    12308.240    12308.120
   105:    12558.220    12558.230    12558.250    12558.340    12696.120
   110:    12864.130    12946.120    12983.120    13083.130    13174.120
   115:    13214.120    13248.120    13365.120    13567.120    13710.130
   120:    14034.120    14069.120    14108.120    14271.130    14312.130
   125:    14411.130    14573.120    15038.120    15074.120    15198.130
   130:    15362.120    15520.120    15554.120    15676.130    15763.120
   135:    15852.130    15915.130    16012.120    16045.120    16126.130
   140:    16253.120    16338.130    16425.130    16514.120    16657.130
   145:    16958.740    17213.540    17213.320    17213.330    17213.350
   150:    17213.240    17213.120    17463.220    17463.230    17463.250
   155:    17463.340    17595.120    17685.130    17831.130    17913.120
   160:    17949.120    18066.120    18479.120    18595.130    18666.130
   165:    18753.120    18981.120    19017.120    19138.130    19218.120
   170:    19250.120    19483.130    19517.130    19599.120    19632.120
   175:    19719.130    19753.130    19844.130    20026.120    20060.120
   180:    20234.120    20352.130    20387.130    20582.130    20663.740
   185:    21026.540    21026.320    21026.330    21026.350    21026.240
   190:    21026.120    21276.220    21276.230    21276.250    21276.340
   195:    21389.120    21422.120    21601.120    21642.120    21781.120
   200:    22014.120    22167.130    22259.120    22423.120    22568.130
   205:    22604.130    22892.130    23006.120    23042.120    23236.130
   210:    23268.130    23515.130    23608.120    23639.120    23769.130
   215:    23854.120    23889.120    24077.130    24161.120    24252.130
   220:    24356.120    24605.120    24820.120    24970.130    25471.120
   225:    26027.120    26159.130    26272.120    26304.120    26431.130
   230:    26752.120    26786.120    26911.130    26998.120    27030.120
   235:    27328.120    27357.120    27647.120    27737.130    27876.740
   240:    27988.540    27988.320    27988.330    27988.350    27988.240
   245:    27988.120    28238.220    28238.230    28238.250    28238.340
   250:    28376.120    28410.120    28499.130    28604.120    28640.120
   255:    28671.120    28836.120    28870.120    28977.120    29014.120
   260:    29108.120    29140.120    29263.120    29346.130    29383.130
   265:    29461.120    29692.120    29730.120    30175.120    30272.120
   270:    30357.130    30449.120    30648.120    32538.740    32985.540
   275:    32985.320    32985.330    32985.350    32985.240    32985.120
   280:    33099.840    33235.220    33235.230    33235.250    33235.340
   285:    33353.120    33445.640    33445.320    33445.330    33445.350
   290:    33445.240    33445.130    33695.220    33695.230    33695.250
   295:    33695.340    33834.120    34054.130    34138.120    34173.120
   300:    34317.120    34410.130    34554.120    34661.130    34973.120
   305:    35157.120    35644.120    35677.120    35714.120    35814.120
   310:    35955.130    36251.120    36558.130    36668.120    36789.130
   315:    36883.120    37218.130    37346.130    37673.120    37710.120
   320:    37874.120    37965.130    38367.130    38484.120    38654.130
   325:    38760.120    39113.120    39394.130    39529.120    39685.130
   330:    40003.120    40351.120    40553.130    40634.120    40635.740
   335:    40663.540    40663.320    40663.330    40663.350    40663.240
   340:    40663.120    40913.220    40913.230    40913.250    40913.340
   345:    41099.120    41136.120    41254.130    41313.740    41335.540
   350:    41335.320    41335.330    41335.350    41335.240    41335.120
   355:    41585.220    41585.230    41585.250    41585.340    42080.120
   360:    42111.120    42202.130    42364.120    42400.120    42560.120
   365:    42701.120    42960.130    43081.120    43119.120    43195.840
   370:    43439.120    43689.120    43724.120    43865.120    43948.640
   375:    43948.320    43948.330    43948.350    43948.240    43948.130
   380:    44198.220    44198.230    44198.250    44198.340    44304.120
   385:    44336.120    44560.120    44593.120    44706.120    44784.130
   390:    45082.120    45255.120    45291.120    45384.130    45589.120
   395:    45621.120    46070.120    46131.120    46223.130    46317.120
   400:    46356.120    46571.120    46610.120    46894.120    47108.120
   405:    47142.120    47340.130    47385.740    47412.540    47412.320
   410:    47412.330    47412.350    47412.240    47412.120    47662.220
   415:    47662.230    47662.250    47662.340    47780.120    47811.120
   420:    47862.740    48095.540    48095.320    48095.330    48095.350
   425:    48095.240    48095.120    48345.220    48345.230    48345.250
   430:    48345.340    48445.740    48541.130    48618.540    48618.320
   435:    48618.330    48618.350    48618.240    48618.120    48868.220
   440:    48868.230    48868.250    48868.340    49009.120    49191.130
   445:    49279.120    49311.120    49398.120    49448.120    49481.120
   450:    49613.120    50039.120    50081.120    50396.120    50433.120
   455:    50579.130    50666.120    50843.120    51191.130    51275.120
   460:    51307.120    51387.130    51618.120    51849.120    52098.840
   465:    52130.640    52130.320    52130.330    52130.350    52130.240
   470:    52130.130    52380.220    52380.230    52380.250    52380.340
   475:    52483.120    52576.130    52633.120    52670.120    52779.120
   480:    52982.120    53058.130    53297.120    53328.120    53403.130
   485:    53627.120    53861.130    53934.120    54271.120    54376.130
   490:    54479.130    54696.130    54942.130    55055.120    55351.120
   495:    55494.130    55587.120    55675.130    55768.740    55924.130
   500:    56047.540    56047.320    56047.330    56047.350    56047.240
   505:    56047.120    56297.220    56297.230    56297.250    56297.340
   510:    56488.120    56526.120    56601.130    56672.130    56755.120
   515:    56791.120    56830.120    57115.130    57214.120    57249.120
   520:    57284.120    57424.130    57514.120    57550.120    57638.130
   525:    57727.120    57767.120    58104.130    58140.130    58226.120
   530:    58268.120    58439.120    58696.130    58775.120    58807.120
   535:    59497.740    59730.540    59730.320    59730.330    59730.350
   540:    59730.240    59730.120    59980.220    59980.230    59980.250
   545:    59980.340    60188.120    60307.130    60386.120    60420.120
   550:    60480.740    60536.540    60536.320    60536.330    60536.350
   555:    60536.240    60536.120    60786.220    60786.230    60786.250
   560:    60786.340    61155.120    61193.120    61295.120    61477.120
   565:    61635.130    61723.120    61759.120    61973.120    62063.130
   570:    62131.120    62454.120    62486.740    62687.540    62687.320
   575:    62687.330    62687.350    62687.240    62687.120    62937.220
   580:    62937.230    62937.250    62937.340    63119.130    63181.120
   585:    63306.120    63342.120    63433.120    63469.120    63603.120
   590:    63754.120    64029.130    64112.120    64419.120    64561.130
   595:    64661.120    64883.120    65286.130    65367.120    65408.120
   600:    67801.120    67849.120    68000.130    68034.130    68109.130
   605:    68196.120    68238.120    68937.740    69986.540    69986.320
   610:    69986.330    69986.350    69986.240    69986.120    70236.220
   615:    70236.230    70236.250    70236.340    70436.130    70555.120
   620:    70596.120    70707.120    70855.120    71069.130    71153.120
   625:    71360.120    71604.120    71722.130    72020.120    72051.120
   630:    72281.120    72317.120    72478.120    72673.120    72826.130
   635:    72917.120    73196.130    73232.130    73311.120    73557.120
   640:    73648.130    73742.120    74059.130    74155.120    74195.120
   645:    74435.120    74611.130    75041.120    75231.130    75380.120
   650:    75419.120    75538.130    75679.120    75993.120    76158.130
   655:    76246.120    76282.120    76571.120    76736.740    76854.540
   660:    76854.320    76854.330    76854.350    76854.240    76854.120
   665:    77080.840    77104.220    77104.230    77104.250    77104.340
   670:    77254.120    77290.120    77412.640    77412.320    77412.330
   675:    77412.350    77412.240    77412.130    77662.220    77662.230
   680:    77662.250    77662.340    77828.120    77863.120    77956.130
   685:    78037.120    78072.120    78106.120    78334.120    78450.120
   690:    78504.740    78693.130    78790.540    78790.320    78790.330
   695:    78790.350    78790.240    78790.120    79040.220    79040.230
   700:    79040.250    79040.340    79192.120    79224.120    79349.130
   705:    79434.120    79591.120    79631.120    79884.120    79965.120
   710:    79998.120    80117.120    80206.130    80239.130    80327.120
   715:    80517.130    80598.120    80865.130    80979.120    81011.120
   720:    81044.120    81075.120    81176.130    81279.120    81689.120
   725:    81723.120    82016.120    82167.120    82451.130    82563.120
   730:    82617.120    82649.120    82680.120    83065.120    83098.120
   735:    83295.120    83438.130    83544.120    83927.120    84106.120
   740:    84385.120    84421.120    84794.120    85042.120    85262.840
   745:    85413.120    85541.640    85541.320    85541.330    85541.350
   750:    85541.240    85541.130    85791.220    85791.230    85791.250
   755:    85791.340    85903.120    85940.120    86025.130    86063.130
   760:    86186.120    86340.120    86372.120    86557.120    86588.120
   765:    86762.120    86790.120    87192.120    87291.840    87311.640
   770:    87311.320    87311.330    87311.350    87311.240    87311.130
   775:    87561.220    87561.230    87561.250    87561.340    87683.120
   780:    87740.740    87854.130    87891.130    87972.540    87972.320
   785:    87972.330    87972.350    87972.240    87972.120    88222.220
   790:    88222.230    88222.250    88222.340    88341.120    88429.130
   795:    88468.130    88507.130    88588.120    88712.130    88802.120
   800:    88898.130    89018.120    89022.740    89140.130    89176.130
   805:    89267.540    89267.320    89267.330    89267.350    89267.240
   810:    89267.120    89461.840    89517.220    89517.230    89517.250
   815:    89517.340    89727.640    89727.320    89727.330    89727.350
   820:    89727.240    89727.130    89977.220    89977.230    89977.250
   825:    89977.340    90101.120    90137.120    90177.840    90273.640
   830:    90273.320    90273.330    90273.350    90273.240    90273.130
   835:    90523.220    90523.230    90523.250    90523.340    90633.120
   840:    90673.120    90764.130    90803.130    90883.120    90918.120
   845:    91077.130    91146.130    91230.120    91263.120    91519.130
   850:    91606.120    91750.120    91831.130    91899.130    91979.120
   855:    92210.120    92451.120    92537.130    92605.130    92749.130
   860:    92952.120    93036.130    93475.120    93601.130    93726.130
   865:    93764.130    93846.120    93879.120    94006.130    94117.120
   870:    94123.840    94238.640    94238.320    94238.330    94238.350
   875:    94238.240    94238.130    94488.220    94488.230    94488.250
   880:    94488.340    94666.130    94702.130    94769.130    94837.120
   885:    94989.130    95028.130    95109.120    95344.130    95440.120
   890:    95700.130    95793.120    95988.120    96071.130    96129.130
   895:    96167.130    96241.130    96717.130    96794.120    96831.120
   900:    97011.130    97106.120    97288.840    97380.120    97648.640
   905:    97648.320    97648.330    97648.350    97648.240    97648.130
   910:    97898.220    97898.230    97898.250    97898.340    98012.120
   915:    98050.120    98174.130    98265.120    98296.120    98392.130
   920:    98429.130    98512.120    98707.130    98717.740    98790.540
   925:    98790.320    98790.330    98790.350    98790.240    98790.120
   930:    99040.220    99040.230    99040.250    99040.340    99294.120
   935:    99425.130    99462.130    99544.120    99598.840    99823.120
   940:    99945.640    99945.320    99945.330    99945.350    99945.240
   945:    99945.130   100195.220   100195.230   100195.250   100195.340
   950:   100240.740   100379.130   100502.540   100502.320   100502.330
   955:   100502.350   100502.240   100502.120   100752.220   100752.230
   960:   100752.250   100752.340   100972.130   101051.120   101087.120
   965:   101175.130   101286.130   101375.120   101612.130   101728.120
   970:   101816.130   101883.130   101935.130   102041.120   102201.130
   975:   102237.130   102350.120   102352.740   102573.540   102573.320
   980:   102573.330   102573.350   102573.240   102573.120   102823.220
   985:   102823.230   102823.250   102823.340   102993.130   103030.130
   990:   103067.130   103149.120   103184.120   103223.740   103276.130
   995:   103364.540   103364.320   103364.330   103364.350   103364.240
  1000:   103364.120   103614.220   103614.230   103614.250   103614.340
  1005:   103785.130   103819.130   103908.120   104032.130   104070.130
  1010:   104151.120   104190.120   104364.130   104445.120   104798.130
  1015:   104892.120   104978.130   105246.130   105342.120   105554.130
  1020:   105654.120   105775.130   105870.120   106105.130   106256.120
  1025:   106396.130   106432.130   106611.130   106724.120   106833.130
  1030:   106914.740   107170.540   107170.320   107170.330   107170.350
  1035:   107170.240   107170.120   107420.220   107420.230   107420.250
  1040:   107420.340   107528.120   107565.120   107673.130   107708.130
  1045:   107783.120   107820.120   107953.130   107987.130   108055.120
  1050:   108092.120   108192.130   108357.130   108441.120   108530.130
  1055:   108838.130   108982.130   109135.120   109244.120   109452.120
  1060:   109488.120   109703.130   109987.120   110019.120   110085.130
  1065:   110227.130   110264.130   110320.740   110351.540   110351.320
  1070:   110351.330   110351.350   110351.240   110351.120   110395.840
  1075:   110601.220   110601.230   110601.250   110601.340   110819.640
  1080:   110819.320   110819.330   110819.350   110819.240   110819.130
  1085:   110901.740   111069.220   111069.230   111069.250   111069.340
  1090:   111182.540   111182.320   111182.330   111182.350   111182.240
  1095:   111182.120   111432.220   111432.230   111432.250   111432.340
  1100:   111666.130   111761.120   111797.120   112003.120   112041.120
  1105:   112170.130   112253.120   112404.120   112625.130   112714.120
  1110:   112813.130   112932.740   113171.130   113252.540   113252.320
  1115:   113252.330   113252.350   113252.240   113252.120   113502.220
  1120:   113502.230   113502.250   113502.340   113698.120   113832.130
  1125:   113900.120   113942.120   114502.740   115169.840   115684.540
  1130:   115684.320   115684.330   115684.350   115684.240   115684.120
  1135:   115934.220   115934.230   115934.250   115934.340   116225.640
  1140:   116225.320   116225.330   116225.350   116225.240   116225.130
  1145:   116475.220   116475.230   116475.250   116475.340   116561.120
  1150:   116661.130   116752.120   116988.120   117180.130   117270.120
  1155:   117511.120   117596.130   117753.130   117788.130   117914.120
  1160:   118036.130   118175.840   118312.640   118312.320   118312.330
  1165:   118312.350   118312.240   118312.130   118562.220   118562.230
  1170:   118562.250   118562.340   118674.120   118756.120   118843.130
  1175:   118997.130   119148.120   119240.130   119546.120   119698.130
  1180:   119824.130   120027.130   120140.120   120234.740   120304.130
  1185:   120386.540   120386.320   120386.330   120386.350   120386.240
  1190:   120386.120   120636.220   120636.230   120636.250   120636.340
  1195:   120721.120   120794.130   120871.120   120905.120   120994.130
  1200:   121107.120   121219.130   121308.120   121654.120   121841.130
  1205:   122062.840   122137.640   122137.320   122137.330   122137.350
  1210:   122137.240   122137.130   122387.220   122387.230   122387.250
  1215:   122387.340   122500.120   122594.130   122802.130   122944.130
  1220:   123226.120   123390.130   123487.120   123814.120   123936.740
  1225:   123942.130   124144.540   124144.320   124144.330   124144.350
  1230:   124144.240   124144.120   124394.220   124394.230   124394.250
  1235:   124394.340   124504.120   124613.130   124761.120   124844.130
  1240:   125151.120   125185.120   125412.130   125541.130   125747.120
  1245:   125903.130   125940.130   126086.130   126318.120   126538.130
  1250:   126572.130   126594.740   126783.130   126967.540   126967.320
  1255:   126967.330   126967.350   126967.240   126967.120   127217.220
  1260:   127217.230   127217.250   127217.340   127360.130   127397.130
  1265:   127473.120   127510.120   127674.130   127769.120   127996.130
  1270:   128030.130   128087.840   128159.120   128193.120   128424.120
  1275:   128452.120   128485.120   128572.640   128572.320   128572.330
  1280:   128572.350   128572.240   128572.130   128822.220   128822.230
  1285:   128822.250   128822.340   128923.120   129040.130   129074.130
  1290:   129161.120   129315.130   129491.120   129642.130   129748.120
  1295:   129969.120   130105.130   130271.130   130392.120   130422.120
  1300:   130537.130   130680.130   130794.130   130900.120   130935.120
  1305:   131161.120   131352.120   131532.130   131656.120   131919.130
  1310:   132006.120   132085.130   132474.120   132650.130   133056.130
  1315:   133165.120   133192.120   133406.130   133494.120   133661.130
  1320:   133717.740   133749.540   133749.320   133749.330   133749.350
  1325:   133749.240   133749.120   133999.220   133999.230   133999.250
  1330:   133999.340   134241.130   134282.130   134299.740   134369.540
  1335:   134369.320   134369.330   134369.350   134369.240   134369.120
  1340:   134619.220   134619.230   134619.250   134619.340   134722.840
  1345:   134935.120   134972.120   135138.640   135138.320   135138.330
  1350:   135138.350   135138.240   135138.130   135388.220   135388.230
  1355:   135388.250   135388.340   135533.120   135571.120   135658.130
  1360:   135804.130   135943.120   135974.120   136010.120   136189.130
  1365:   136220.130   136307.120   136881.120   136919.740   137221.540
  1370:   137221.320   137221.330   137221.350   137221.240   137221.120
  1375:   137471.220   137471.230   137471.250   137471.340   137583.120
  1380:   137676.130   137742.120   137899.120   138010.130   138258.120
  1385:   138271.740   138505.130   138666.540   138666.320   138666.330
  1390:   138666.350   138666.240   138666.120   138916.220   138916.230
  1395:   138916.250   138916.340   139023.120   139170.130   139204.130
  1400:   139433.120   139553.130   139910.130   140029.120   140188.840
  1405:   140395.640   140395.320   140395.330   140395.350   140395.240
  1410:   140395.130   140645.220   140645.230   140645.250   140645.340
  1415:   140752.120   140788.120   140984.130   141070.120   141100.120
  1420:   141251.130   141292.130   141392.130   141478.120   141513.120
  1425:   141855.120   141921.120   142165.120   142302.130   142489.130
  1430:   142572.120   142602.120   142916.740   143071.130   143149.540
  1435:   143149.320   143149.330   143149.350   143149.240   143149.120
  1440:   143399.220   143399.230   143399.250   143399.340   143534.120
  1445:   143679.130   143711.130   143800.120   143987.130   144022.130
  1450:   144103.120   144142.120   144231.130   144331.130   144413.120
  1455:   144452.120   144698.130   144781.120   144986.130   145211.120
  1460:   145429.120   145599.120   145801.130   145884.120   146263.120
  1465:   146304.120   146411.130   146491.120   146523.120   146731.130
  1470:   146813.120   146842.120   146990.130   147238.130   147352.120
  1475:   147744.130   147975.120   148197.130   148304.120   148522.130
  1480:   148867.130   148957.120   148988.120   149098.130   149131.130
  1485:   149277.120   149420.130   149502.130   149538.130   149974.120
  1490:   150017.120   150190.130   150265.130   150383.120   150789.120
  1495:   150827.120   150993.120   151209.120   151387.130   151422.130
  1500:   151504.120   151704.130   151792.120   151954.130   152048.120
  1505:   152363.120   152481.130   152632.130   152823.120   152858.120
  1510:   153105.120   153217.120   153394.120   153429.120   153808.120
  1515:   153965.130   154048.120   154321.120   154439.120   154569.130
  1520:   154652.120   154850.130   154933.120   154945.840   154963.120
  1525:   155132.640   155132.320   155132.330   155132.350   155132.240
  1530:   155132.130   155382.220   155382.230   155382.250   155382.340
  1535:   155495.120   155534.120   155607.130   155646.130   155726.120
  1540:   155813.130   155965.130   156035.130   156119.120   156367.130
  1545:   156462.120   156670.130   156753.120   156799.740   157112.540
  1550:   157112.320   157112.330   157112.350   157112.240   157112.120
  1555:   157362.220   157362.230   157362.250   157362.340   157693.130
  1560:   157757.130   157829.130   157867.130   157954.120   157962.740
  1565:   157983.540   157983.320   157983.330   157983.350   157983.240
  1570:   157983.120   158233.220   158233.230   158233.250   158233.340
  1575:   158357.120   158395.120   158518.130   158554.130   158637.120
  1580:   158753.120   158971.120   159133.130   159170.130   159261.120
  1585:   159290.120   159378.130   159525.120   159697.130   159765.130
  1590:   159801.130   159889.120   159919.120   160131.120   160225.120
  1595:   160282.840   160402.640   160402.320   160402.330   160402.350
  1600:   160402.240   160402.130   160433.740   160652.220   160652.230
  1605:   160652.250   160652.340   160744.540   160744.320   160744.330
  1610:   160744.350   160744.240   160744.120   160852.840   160994.220
  1615:   160994.230   160994.250   160994.340   161105.120   161196.640
  1620:   161196.320   161196.330   161196.350   161196.240   161196.130
  1625:   161446.220   161446.230   161446.250   161446.340   161560.120
  1630:   161595.120   161687.130   161775.120   161912.120   162072.130
  1635:   162106.130   162194.740   162244.540   162244.320   162244.330
  1640:   162244.350   162244.240   162244.120   162494.220   162494.230
  1645:   162494.250   162494.340   162620.120   162657.120   162748.130
  1650:   162838.120   163013.130   163046.130   163234.120   163265.120
  1655:   163359.130   163443.120   163589.130   163677.120   163794.740
  1660:   163926.130   164023.540   164023.320   164023.330   164023.350
  1665:   164023.240   164023.120   164273.220   164273.230   164273.250
  1670:   164273.340   164383.120   164540.130   164605.130   164731.120
  1675:   164767.120   164939.130   165020.120   165054.120   165234.130
  1680:   165327.120   165419.130   165508.120   165536.120   165646.840
  1685:   165664.640   165664.320   165664.330   165664.350   165664.240
  1690:   165664.130   165914.220   165914.230   165914.250   165914.340
  1695:   166042.120   166080.120   166202.130   166265.120   166300.120
  1700:   166633.130   166714.120   166750.120   166851.130   166937.120
  1705:   166981.120   167014.120   167220.120   167369.130   167407.130
  1710:   167486.120   167575.130   167609.130   167719.120   168108.120
  1715:   168318.130   168355.130   168436.120   168466.120   168630.130
  1720:   168716.120   168919.130   169013.120   169277.120   169397.130
  1725:   169498.120   169538.120   169811.120   169849.120   169939.130
  1730:   169973.740   169999.540   169999.320   169999.330   169999.350
  1735:   169999.240   169999.120   170249.220   170249.230   170249.250
  1740:   170249.340   170474.130   170573.130   170640.120   170676.120
  1745:   170816.120   170974.130   171005.130   171096.120   171132.120
  1750:   171270.120   171386.130   171536.120   171565.120   171741.130
  1755:   171858.120   172205.130   172289.120   172498.130   172630.120
  1760:   172664.120   172923.130   173018.120   173143.120   173309.130
  1765:   173392.120   173549.130   173645.120   173825.130   173911.120
  1770:   174184.120   174294.130   174356.120   174614.840   174615.120
  1775:   174737.640   174737.320   174737.330   174737.350   174737.240
  1780:   174737.130   174987.220   174987.230   174987.250   174987.340
  1785:   175123.120   175197.120   175287.840   175299.640   175299.320
  1790:   175299.330   175299.350   175299.240   175299.130   175549.220
  1795:   175549.230   175549.250   175549.340   175662.120   175753.130
  1800:   175839.120   176009.130   176042.130   176241.120   176394.130
  1805:   176480.120   176606.130   176706.120   176736.120   176847.130
  1810:   176849.840   177145.640   177145.320   177145.330   177145.350
  1815:   177145.240   177145.130   177395.220   177395.230   177395.250
  1820:   177395.340   177491.120   177528.120   177634.130   177726.120
  1825:   177884.130   177975.120   178180.120   178292.130   178333.130
  1830:   178608.120   178711.130   178808.120   178929.130   179097.130
  1835:   179199.120   179315.130   179348.130   179684.120   179850.130
  1840:   179940.120   180131.130   180214.120   180444.130   181078.120
  1845:   181173.130   181281.130   181360.120   181628.120   181893.120
  1850:   181930.120   182118.130   182245.120   182281.120   182487.130
  1855:   182694.120   183050.120   183169.130   183281.130   183366.120
  1860:   183738.130   183861.120   184334.130   184349.740   184418.540
  1865:   184418.320   184418.330   184418.350   184418.240   184418.120
  1870:   184668.220   184668.230   184668.250   184668.340   184791.120
  1875:   184913.130   184949.130   185012.120   185116.120   185281.130
  1880:   185375.120   185410.120   185551.130   185668.740   185944.540
  1885:   185944.320   185944.330   185944.350   185944.240   185944.120
  1890:   186194.220   186194.230   186194.250   186194.340   186281.120
  1895:   186376.130   186395.840   186500.120   186660.640   186660.320
  1900:   186660.330   186660.350   186660.240   186660.130   186910.220
  1905:   186910.230   186910.250   186910.340   187022.120   187059.120
  1910:   187239.130   187410.120   187568.130   187854.120   187933.130
  1915:   188074.120   188298.120   188494.740   188583.130   188861.130
  1920:   189010.540   189010.320   189010.330   189010.350   189010.240
  1925:   189010.120   189260.220   189260.230   189260.250   189260.340
  1930:   189405.120   189522.130   189559.130   189625.120   190028.120
  1935:   190127.120   190220.120   190340.130   190377.130   190486.120
  1940:   190523.120   190635.130   190743.130   190873.120   191010.840
  1945:   191102.120   191142.120   191341.640   191341.320   191341.330
  1950:   191341.350   191341.240   191341.130   191591.220   191591.230
  1955:   191591.250   191591.340   191717.120   191869.130   192056.130
  1960:   192167.130   192315.120   192462.130   192500.130   192641.120
  1965:   192676.120   193023.130   193106.120   193192.130   193276.130
  1970:   193367.130   193765.130   193834.120   193984.130   194173.130
  1975:   194260.120   194291.840   194291.120   194615.120   194785.640
  1980:   194785.320   194785.330   194785.350   194785.240   194785.130
  1985:   195035.220   195035.230   195035.250   195035.340   195161.120
  1990:   195286.130   195413.120   195531.130   195798.130   195961.120
  1995:   196428.130   196435.840   196465.640   196465.320   196465.330
  2000:   196465.350   196465.240   196465.130   196715.220   196715.230
  2005:   196715.250   196715.340   196829.120   196925.130   196965.130
  2010:   197110.130   197198.120   197515.840   197656.120   197803.640
  2015:   197803.320   197803.330   197803.350   197803.240   197803.130
  2020:   198053.220   198053.230   198053.250   198053.340   198195.120
  2025:   198279.130   198410.130   198479.130   198514.130   198598.120
  2030:   198728.130   198843.120   198977.130   199353.840   199387.640
  2035:   199387.320   199387.330   199387.350   199387.240   199387.130
  2040:   199637.220   199637.230   199637.250   199637.340   199727.120
  2045:   199837.840   199908.640   199908.320   199908.330   199908.350
  2050:   199908.240   199908.130   200158.220   200158.230   200158.250
  2055:   200158.340   200241.120   200427.130   200535.120   200617.130
  2060:   200772.130   200919.120   201071.130   201400.130   201542.120
  2065:   201666.130   202049.130   202112.130   202191.130   202300.120
  2070:   202375.120   202495.130   203348.130   203358.840   203382.640
  2075:   203382.320   203382.330   203382.350   203382.240   203382.130
  2080:   203632.220   203632.230   203632.250   203632.340   203783.120
  2085:   203876.130   203913.130   204042.130   204267.120   204363.130
  2090:   204399.130   204552.130   204585.130   204673.120   205060.130
  2095:   205132.840   205146.120   205182.120   205271.640   205271.320
  2100:   205271.330   205271.350   205271.240   205271.130   205521.220
  2105:   205521.230   205521.250   205521.340   205635.120   205705.130
  2110:   205744.130   205825.120   205927.130   205960.130   206422.130
  2115:   206458.130   206496.130   206588.120   206619.120   206659.120
  2120:   206747.130   206788.130   206878.120   206969.130   207006.130
  2125:   207126.120   207485.130   207573.120   207650.120   207690.120
  2130:   207778.130   207891.120   208375.130   208409.130   208444.130
  2135:   208552.130   208641.120   208918.120   209014.130   209111.120
  2140:   209211.130   209296.120   209706.130   209795.120   210085.120
  2145:   210183.130   210220.130   210221.840   210255.640   210255.320
  2150:   210255.330   210255.350   210255.240   210255.130   210505.220
  2155:   210505.230   210505.250   210505.340   210705.840   210718.120
  2160:   210904.640   210904.320   210904.330   210904.350   210904.240
  2165:   210904.130   211154.220   211154.230   211154.250   211154.340
  2170:   211323.120   211425.130   211462.130   211552.120   211654.130
  2175:   211860.740   211923.130   211958.130   212055.540   212055.320
  2180:   212055.330   212055.350   212055.240   212055.120   212305.220
  2185:   212305.230   212305.250   212305.340   212423.120   212569.130
  2190:   212606.130   212643.130   212857.130   212894.130   213010.120
  2195:   213093.130   213154.840   213258.120   213375.640   213375.320
  2200:   213375.330   213375.350   213375.240   213375.130   213625.220
  2205:   213625.230   213625.250   213625.340   213722.120   213760.120
  2210:   213792.120   213871.130   213908.130   213948.130   214096.130
  2215:   214132.130   214245.120   214332.130   214411.120   214565.130
  2220:   214927.120   215025.840   215083.640   215083.320   215083.330
  2225:   215083.350   215083.240   215083.130   215333.220   215333.230
  2230:   215333.250   215333.340   215438.120   215540.130   215697.130
  2235:   215733.130   215813.120   216203.130   216237.130   216275.130
  2240:   216357.120   216398.120   216669.120   216757.130   216793.130
  2245:   216913.120   217157.120   217276.130   217401.120   217498.130
  2250:   217789.130   217827.130   217908.120   218356.130   218391.130
  2255:   218424.130   218458.130   218521.130   218555.130   218589.130
  2260:   218625.130   218707.120   218737.120   218979.120   219102.130
  2265:   219133.840   219190.120   219225.120   219473.640   219473.320
  2270:   219473.330   219473.350   219473.240   219473.130   219723.220
  2275:   219723.230   219723.250   219723.340   219817.120   219933.130
  2280:   220077.130   220141.130   220171.130   220210.130   220297.120
  2285:   220656.130   220691.130   220729.130   220847.120   221164.120
  2290:   221279.130   221313.130   221421.120   221501.130   221881.130
  2295:   221914.130   221988.130   222077.120   222123.840   222332.640
  2300:   222332.320   222332.330   222332.350   222332.240   222332.130
  2305:   222582.220   222582.230   222582.250   222582.340   222672.120
  2310:   222682.840   222741.120   222805.640   222805.320   222805.330
  2315:   222805.350   222805.240   222805.130   223055.220   223055.230
  2320:   223055.250   223055.340   223155.120   223242.130   223279.130
  2325:   223405.130   223441.130   223528.120   223612.130   223648.130
  2330:   224097.130   224130.130   224231.130   224583.120   224731.130
  2335:   224801.130   224884.120   225184.130   225222.130   225300.120
  2340:   225617.130   225652.130   225780.120   225868.130   225986.130
  2345:   226049.130   226086.130   226179.120   226216.120   226380.130
  2350:   226741.130   226775.130   226852.120   226855.840   227137.120
  2355:   227241.640   227241.320   227241.330   227241.350   227241.240
  2360:   227241.130   227491.220   227491.230   227491.250   227491.340
  2365:   227578.120   227611.120   227713.130   227748.130   227832.120
  2370:   227891.840   228276.640   228276.320   228276.330   228276.350
  2375:   228276.240   228276.130   228526.220   228526.230   228526.250
  2380:   228526.340   228636.120   228675.120   228785.130   228826.840
  2385:   228910.120   228980.640   228980.320   228980.330   228980.350
  2390:   228980.240   228980.130   229230.220   229230.230   229230.250
  2395:   229230.340   229324.120   229411.130   229508.120   229616.130
  2400:   229756.130   230161.130   230195.130   230287.120   230410.130
  2405:   230933.130   231037.130   231119.120   231152.120   231271.130
  2410:   231714.130   231800.120   231837.120   231870.120   231990.130
  2415:   232030.840   232342.640   232342.320   232342.330   232342.350
  2420:   232342.240   232342.130   232592.220   232592.230   232592.250
  2425:   232592.340   232695.120   232732.120   232809.130   232918.130
  2430:   233008.120   233204.120   233699.130   233783.120   234173.130
  2435:   234209.130   234295.120   234327.120   234577.120   234689.130
  2440:   234802.120   235040.120   235184.130   235220.130   235607.130
  2445:   235666.130   235789.120   235865.130   236017.120   236144.130
  2450:   236455.120   236553.130   236587.130   236995.130   237081.120
  2455:   237204.130   237596.130   237692.840   237692.120   237723.120
  2460:   237888.640   237888.320   237888.330   237888.350   237888.240
  2465:   237888.130   238138.220   238138.230   238138.250   238138.340
  2470:   238234.120   238391.120   238428.120   238538.130   238628.120
  2475:   238728.130   239079.130   239173.120   239344.120   239454.120
  2480:   239601.130   239861.130   239952.120   240189.130   240532.130
  2485:   240627.120   240921.120   241030.130   241068.130   241154.120
  2490:   241475.120   241618.130   241985.120   242038.840   242054.640
  2495:   242054.320   242054.330   242054.350   242054.240   242054.130
  2500:   242304.220   242304.230   242304.250   242304.340   242422.120
  2505:   242457.120   242601.130   242693.120   242816.130   242898.120
  2510:   243225.120   243335.130   243451.120   243526.120   243651.130
  2515:   243741.120   244092.130   244129.130   244237.120   244390.120
  2520:   244690.120   244724.120   244878.120   245024.130   245358.120
  2525:   245391.120   245521.130   245604.120   245634.120   245868.130
  2530:   245986.120   246104.130   246536.130   246619.120   247019.130
  2535:   247098.120   247426.130   247512.120   247548.120   247938.130
  2540:   248004.840   248334.120   248368.120   248457.640   248457.320
  2545:   248457.330   248457.350   248457.240   248457.130   248707.220
  2550:   248707.230   248707.250   248707.340   248853.120   248965.130
  2555:   249040.130   249165.120   249269.130   249387.120   249502.130
  2560:   250113.130   250198.120   250292.130   250607.840   250650.120
  2565:   250689.120   250764.640   250764.320   250764.330   250764.350
  2570:   250764.240   250764.130   251014.220   251014.230   251014.250
  2575:   251014.340   251153.120   251227.130   251271.130   251356.120
  2580:   251490.120   251866.130   251965.120   252279.120   252423.130
  2585:   252508.120   252887.120   252988.130   253121.130   253211.120
  2590:   253543.120   253692.130   253765.120   253801.120   253835.120
  2595:   254080.120   254114.840   254582.640   254582.320   254582.330
  2600:   254582.350   254582.240   254582.130   254832.220   254832.230
  2605:   254832.250   254832.340   254971.120   255008.120   255076.130
  2610:   255175.120   255275.130   255398.120   255540.130   255625.120
  2615:   255868.120   256032.840   256049.640   256049.320   256049.330
  2620:   256049.350   256049.240   256049.130   256299.220   256299.230
  2625:   256299.250   256299.340   256441.120   256478.120   256554.130
  2630:   256594.130   256674.120   256793.130   256909.120   257211.130
  2635:   257247.130   257583.130   257963.120   257995.120   258060.130
  2640:   258106.130   258234.130   258299.840   258371.120   258415.120
  2645:   258505.640   258505.320   258505.330   258505.350   258505.240
  2650:   258505.130   258755.220   258755.230   258755.250   258755.340
  2655:   258859.120   258899.120   259017.130   259132.120   259155.840
  2660:   259234.640   259234.320   259234.330   259234.350   259234.240
  2665:   259234.130   259484.220   259484.230   259484.250   259484.340
  2670:   259656.120   259693.120   259730.120   259847.130   259884.130
  2675:   260009.130   260094.120   260194.130   260566.130   260602.130
  2680:   260875.120   261007.130   261091.120   261185.130   261269.120
  2685:   261753.130   261789.130   261875.120   261903.120   262044.130
  2690:   262177.130   262262.120   262656.130   262691.130   262782.120
  2695:   263083.130   263119.130   263201.120   263333.130   263373.130
  2700:   263770.130   264237.130   264368.120   264665.130   264702.130
  2705:   264798.120   264927.130   265055.130   265146.120   265177.120
  2710:   265334.130   265370.130   265731.120   265769.120   265865.130
  2715:   265943.120   266068.130   266445.120   266545.130   266620.130
  2720:   266695.130   267094.120   267131.120   267257.130   267551.120
  2725:   267706.130   267789.120   268189.130   268284.840   268316.120
  2730:   268439.640   268439.320   268439.330   268439.350   268439.240
  2735:   268439.130   268689.220   268689.230   268689.250   268689.340
  2740:   268797.120   268833.120   268944.130   269013.120   269104.130
  2745:   269174.130   269209.130   269300.120   269367.130   269480.130
  2750:   269517.130   269591.120   269734.130   269789.840   270305.740
  2755:   270329.640   270329.320   270329.330   270329.350   270329.240
  2760:   270329.130   270579.220   270579.230   270579.250   270579.340
  2765:   270718.540   270718.320   270718.330   270718.350   270718.240
  2770:   270718.120   270968.220   270968.230   270968.250   270968.340
  2775:   271149.130   271182.130   271273.120   271375.130   271525.130
  2780:   271648.120   271716.130   271787.130   271915.120   272021.130
  2785:   272566.130   272604.130   272679.840   272706.120   272786.640
  2790:   272786.320   272786.330   272786.350   272786.240   272786.130
  2795:   273036.220   273036.230   273036.250   273036.340   273152.120
  2800:   273303.130   273425.130   273436.840   273465.640   273465.320
  2805:   273465.330   273465.350   273465.240   273465.130   273715.220
  2810:   273715.230   273715.250   273715.340   273849.120   274062.130
  2815:   274098.130   274213.130   274297.120   274400.130   274855.130
  2820:   275291.130   275331.130   275371.130   275805.130   276034.120
  2825:   276096.120   276206.130   276243.130   276279.130   276316.130
  2830:   276428.120   276676.130   276993.120   277157.130   277570.130
  2835:   277830.120   277868.740   277869.540   277869.320   277869.330
  2840:   277869.350   277869.240   277869.120   278119.220   278119.230
  2845:   278119.250   278119.340   278241.130   278278.130   278349.130
  2850:   278415.840   278444.120   278482.120   278552.640   278552.320
  2855:   278552.330   278552.350   278552.240   278552.130   278802.220
  2860:   278802.230   278802.250   278802.340   278927.120   278992.130
  2865:   279025.130   279061.130   279157.120   279194.120   279264.130
  2870:   279330.130   279360.130   279398.130   279514.120   279583.130
  2875:   279619.130   279819.740   279989.130   280002.840   280028.640
  2880:   280028.320   280028.330   280028.350   280028.240   280028.130
  2885:   280278.220   280278.230   280278.250   280278.340   280463.540
  2890:   280463.320   280463.330   280463.350   280463.240   280463.120
  2895:   280713.220   280713.230   280713.250   280713.340   280910.130
  2900:   280975.130   281050.130   281131.120   281247.130   281286.130
  2905:   281376.120   281408.120   282054.130   282092.130   282134.130
  2910:   282220.120   282254.120   282358.130   282478.840   282513.120
  2915:   282579.640   282579.320   282579.330   282579.350   282579.240
  2920:   282579.130   282829.220   282829.230   282829.250   282829.340
  2925:   283005.130   283039.130   283118.120   283156.120   283268.130
  2930:   283350.120   283458.130   283604.120   283713.130   283729.840
  2935:   284488.640   284488.320   284488.330   284488.350   284488.240
  2940:   284488.130   284738.220   284738.230   284738.250   284738.340
  2945:   284942.120   285061.130   285120.130   285156.130   285228.130
  2950:   285310.120   285392.130   285514.120   285594.130   285939.130
  2955:   285975.130   286196.130   286538.840   286548.640   286548.320
  2960:   286548.330   286548.350   286548.240   286548.130   286798.220
  2965:   286798.230   286798.250   286798.340   286954.120   287104.130
  2970:   287140.130   287179.130   287218.130   287255.130   287400.120
  2975:   287470.130   287801.130   287836.130   287871.130   288138.130
  2980:   288398.840   288413.640   288413.320   288413.330   288413.350
  2985:   288413.240   288413.130   288663.220   288663.230   288663.250
  2990:   288663.340   288842.120   288877.120   288944.130   288982.130
  2995:   289122.130   289224.120   289326.130   289557.130   289599.130
  3000:   289688.120   289726.120   289836.130   290103.130   290138.130
  3005:   290241.120   290383.130   290494.120   290604.130   290663.840
  3010:   290910.640   290910.320   290910.330   290910.350   290910.240
  3015:   290910.130   291160.220   291160.230   291160.250   291160.340
  3020:   291323.120   291360.120   291431.130   291471.130   291555.120
  3025:   291636.130   291732.130   291770.130   291941.130   292138.120
  3030:   292264.130   292687.130   292723.130   292765.130   292880.120
  3035:   292960.840   293011.640   293011.320   293011.330   293011.350
  3040:   293011.240   293011.130   293261.220   293261.230   293261.250
  3045:   293261.340   293372.120   293408.120   293516.130   293552.130
  3050:   293673.130   293709.130   293855.130   293889.130   294138.130
  3055:   294175.130   294434.130   294468.130   294506.130   294697.130
  3060:   294943.130   295141.120   295177.120   295258.130   295609.130
  3065:   296051.130   296352.130   296385.130   296565.120   296710.130
  3070:   296870.130   297277.130   297313.130   297351.130   297448.120
  3075:   297619.130   297681.130   297719.130   298013.740   298076.130
  3080:   298461.130   298643.130   298944.130   299291.130   299331.130
  3085:   299372.130   299460.540   299460.320   299460.330   299460.350
  3090:   299460.240   299460.120   299661.840   299710.220   299710.230
  3095:   299710.250   299710.340   299990.640   299990.320   299990.330
  3100:   299990.350   299990.240   299990.130   300240.220   300240.230
  3105:   300240.250   300240.340   300389.120   300465.130   300503.130
  3110:   300590.120   300706.130   300807.130   300952.120   301022.130
  3115:   301340.840   301363.640   301363.320   301363.330   301363.350
  3120:   301363.240   301363.130   301613.220   301613.230   301613.250
  3125:   301613.340   301740.120   301807.130   301842.130   301883.130
  3130:   302093.130   302128.130   302215.120   302327.130   302538.130
  3135:   303110.120   303220.130   303255.130   303356.120   303468.130
  3140:   303817.120   303946.130   304037.120   304153.130   304335.130
  3145:   305441.130   305538.120   305704.130   305999.130   306231.130
  3150:   306486.120   306599.130   306911.130   306945.130   307027.120
  3155:   307060.120   307381.120   307471.130   307619.130   307794.130
  3160:   307999.120   308151.130   308507.120   308652.130   308685.130
  3165:   308824.130   308933.120   308969.120   309068.120   309216.130
  3170:   309320.120   309459.130   309672.130   309930.120   310015.130
  3175:   310165.120   310196.120   310464.130   310741.130   310865.120
  3180:   311193.130   311484.130   312153.120   312197.120   312344.130
  3185:   312399.130   312531.120   312703.130   313177.120   313215.120
  3190:   313386.130   313509.120   313660.130   313696.130   314313.840
  3195:   314327.120   314361.120   314482.640   314482.320   314482.330
  3200:   314482.350   314482.240   314482.130   314732.220   314732.230
  3205:   314732.250   314732.340   314873.120   314947.120   315059.130
  3210:   315097.130   315229.120   315268.120   315406.130   315542.130
  3215:   315620.130   315701.120   315796.130   316032.130   316221.130
  3220:   316257.130   316596.120   316632.120   316728.130   317111.120
  3225:   317258.130   317328.130   317455.120   317546.130   317792.130
  3230:   317955.130   317993.130   318265.130   318334.130   318619.120
  3235:   318660.120   318778.130   318993.120   319066.130   319345.120
  3240:   319472.130   319767.120   319950.130   320365.120   320444.130
  3245:   320570.120   320694.130   320809.130   320909.120   321061.130
  3250:   321097.130   321240.120   321355.130   321681.120   321719.120
  3255:   321732.840   322072.120   322223.640   322223.320   322223.330
  3260:   322223.350   322223.240   322223.130   322473.220   322473.230
  3265:   322473.250   322473.340   322613.120   322646.120   322770.130
  3270:   322773.840   322806.640   322806.320   322806.330   322806.350
  3275:   322806.240   322806.130   323056.220   323056.230   323056.250
  3280:   323056.340   323309.120   323348.120   323385.120   323517.130
  3285:   323553.130   323637.130   323674.130   323773.120   323917.130
  3290:   324006.120   324137.130   324265.130   324545.130   324716.130
  3295:   325053.120   325470.130   325536.130   325723.130   325942.130
  3300:   326010.130   326104.120   326189.130   326227.130   326554.130
  3305:   326963.130   327048.120   327138.130   327292.130   327706.130
  3310:   328087.130   328183.120   328256.840   328271.640   328271.320
  3315:   328271.330   328271.350   328271.240   328271.130   328521.220
  3320:   328521.230   328521.250   328521.340   328702.130   328740.130
  3325:   328825.120   328916.130   328952.130   329072.120   329172.130
  3330:   329247.130   329402.130   329587.130   329967.130   330009.130
  3335:   330021.840   330305.120   330456.640   330456.320   330456.330
  3340:   330456.350   330456.240   330456.130   330706.220   330706.230
  3345:   330706.250   330706.340   330867.120   330903.120   330979.130
  3350:   331019.130   331122.130   331161.130   331274.120   331342.130
  3355:   331721.130   332005.130   332038.130   332206.840   332301.120
  3360:   332338.120   332461.640   332461.320   332461.330   332461.350
  3365:   332461.240   332461.130   332711.220   332711.230   332711.250
  3370:   332711.340   333138.120   333175.120   333298.130   333417.120
  3375:   333500.130   333705.130   333972.120   334072.130   334105.130
  3380:   334494.120   334618.130   334656.130   334693.130   334830.120
  3385:   334934.130   335445.130   335477.130   335513.130   335554.130
  3390:   335898.130   335984.120   336180.130   336543.130   336711.840
  3395:   336723.640   336723.320   336723.330   336723.350   336723.240
  3400:   336723.130   336973.220   336973.230   336973.250   336973.340
  3405:   337255.130   337291.130   337328.130   337366.130   337513.130
  3410:   337744.130   338052.130   338073.840   338426.640   338426.320
  3415:   338426.330   338426.350   338426.240   338426.130   338676.220
  3420:   338676.230   338676.250   338676.340   338815.120   338902.130
  3425:   338940.130   338978.130   339061.120   339171.130   339176.840
  3430:   339210.640   339210.320   339210.330   339210.350   339210.240
  3435:   339210.130   339460.220   339460.230   339460.250   339460.340
  3440:   339560.840   339610.120   339697.640   339697.320   339697.330
  3445:   339697.350   339697.240   339697.130   339947.220   339947.230
  3450:   339947.250   339947.340   340063.120   340159.130   340206.130
  3455:   340247.840   340305.120   340501.640   340501.320   340501.330
  3460:   340501.350   340501.240   340501.130   340751.220   340751.230
  3465:   340751.250   340751.340   340833.120   340948.130   341051.130
  3470:   341251.130   341287.130   341421.130   341456.130   341606.130
  3475:   341760.120   341882.130   342253.130   342287.130   342324.130
  3480:   342765.120   342803.120   342851.840   342960.640   342960.320
  3485:   342960.330   342960.350   342960.240   342960.130   343210.220
  3490:   343210.230   343210.250   343210.340   343325.120   343479.130
  3495:   343556.130   343595.130   343710.130   343834.130   343869.130
  3500:   343905.130   344231.130   344265.130   344333.130   344482.130
  3505:   344519.130   344638.120   344759.130   345170.130   345237.130
  3510:   345274.130   345360.120   345694.120   345819.130   345922.120
  3515:   346042.130   346410.120   346564.130   346610.740   346861.540
  3520:   346861.320   346861.330   346861.350   346861.240   346861.120
  3525:   347111.220   347111.230   347111.250   347111.340   347470.120
  3530:   347558.130   347594.130   347633.130   347745.120   347859.130
  3535:   348012.120   348125.130   348417.130   348924.130   348959.130
  3540:   349315.130   349354.130   349437.120   349615.130   349743.120
  3545:   349855.130   349894.130   350159.130   350539.130   350575.130
  3550:   350669.120   350782.130   351112.120   351185.120   351360.120
  3555:   351480.130   351994.120   352119.130   352451.130   352717.120
  3560:   352803.130   353107.120   353110.840   353208.640   353208.320
  3565:   353208.330   353208.350   353208.240   353208.130   353458.220
  3570:   353458.230   353458.250   353458.340   353642.130   353681.130
  3575:   353769.120   353856.130   353894.130   353959.130   353997.130
  3580:   354157.130   354258.840   354398.640   354398.320   354398.330
  3585:   354398.350   354398.240   354398.130   354648.220   354648.230
  3590:   354648.250   354648.340   354773.120   354809.120   354923.130
  3595:   354993.130   355034.130   355148.130   355404.130   355587.130
  3600:   355646.130   355953.130   356493.130   356703.130   356948.840
  3605:   357134.640   357134.320   357134.330   357134.350   357134.240
  3610:   357134.130   357384.220   357384.230   357384.250   357384.340
  3615:   357594.120   357684.840   357693.640   357693.320   357693.330
  3620:   357693.350   357693.240   357693.130   357943.220   357943.230
  3625:   357943.250   357943.340   358132.120   358221.130   358259.130
  3630:   358339.130   358434.130   358543.840   358572.640   358572.320
  3635:   358572.330   358572.350   358572.240   358572.130   358822.220
  3640:   358822.230   358822.250   358822.340   358935.120   358972.120
  3645:   359055.130   359122.840   359147.640   359147.320   359147.330
  3650:   359147.350   359147.240   359147.130   359397.220   359397.230
  3655:   359397.250   359397.340   359561.120   359721.130   359759.130
  3660:   359877.130   359985.130   360000.320   360000.330   360000.350
  3665:   360000.020
C:
     0:        0.000     1110.000     1138.000       56.000       85.000
     5:        0.000
D:
     0:        0.000        0.000
L:
     0:      285.000       44.000       44.000
M:
     0:     1200.000     1201.000     1202.000     1203.000     1204.000
     5:     1205.000     1206.000     1207.000     1208.000     1209.000
    10:     1210.000     1211.000     1212.000     1213.000     1214.000
    15:     1215.000     1216.000     1217.000     1218.000     1219.000
    20:     1220.000     1221.000     1222.000     1223.000     1224.000
    25:     1225.000     1226.000     1227.000     1228.000     1229.000
    30:     1230.000     1231.000     1232.000     1233.000     1234.000
    35:     1235.000     1236.000     1237.000     1238.000     1239.000
    40:     1240.000     1241.000     1242.000     1243.000     1244.000
    45:     1245.000     1246.000     1247.000     1248.000     1249.000
    50:     1250.000     1251.000     1252.000     1253.000     1254.000
    55:     1255.000     1256.000     1257.000     1258.000     1259.000
    60:     1260.000     1261.000     1262.000     1263.000     1264.000
    65:     1265.000     1266.000     1267.000     1268.000     1269.000
    70:     1270.000     1271.000     1272.000     1273.000     1274.000
    75:     1275.000     1276.000     1277.000     1278.000     1279.000
    80:     1280.000     1281.000     1282.000     1283.000     1284.000
    85:     1285.000     1286.000     1287.000     1288.000     1289.000
    90:     1290.000     1291.000     1292.000     1293.000     1294.000
    95:     1295.000     1296.000     1297.000     1298.000     1299.000
   100:     1300.000     1301.000     1302.000     1303.000     1304.000
   105:     1305.000     1306.000     1307.000     1308.000     1309.000
   110:     1310.000     1311.000     1312.000     1313.000     1314.000
   115:     1315.000     1316.000     1317.000     1318.000     1319.000
   120:     1320.000     1321.000     1322.000     1323.000     1324.000
   125:     1325.000     1326.000     1327.000     1328.000     1329.000
   130:     1330.000     1331.000     1332.000     1333.000     1334.000
   135:     1335.000     1336.000     1337.000     1338.000     1339.000
   140:     1340.000     1341.000     1342.000     1343.000     1344.000
   145:     1345.000     1346.000     1347.000     1348.000     1349.000
   150:     1350.000     1351.000     1352.000     1353.000     1354.000
   155:     1355.000     1356.000     1357.000     1358.000     1359.000
   160:     1360.000     1361.000     1362.000     1363.000     1364.000
   165:     1365.000     1366.000     1367.000     1368.000     1369.000
   170:     1370.000     1371.000     1372.000     1373.000     1374.000
   175:     1375.000     1376.000     1377.000     1378.000     1379.000
   180:     1380.000     1381.000     1382.000     1383.000     1384.000
   185:     1385.000     1386.000     1387.000     1388.000     1389.000
   190:     1390.000     1391.000     1392.000     1393.000     1394.000
   195:     1395.000     1396.000     1397.000     1398.000     1399.000
   200:     1400.000     1401.000     1402.000     1403.000     1404.000
   205:     1405.000     1406.000     1407.000     1408.000     1409.000
   210:     1410.000     1411.000     1412.000     1413.000     1414.000
   215:     1415.000     1416.000     1417.000     1418.000     1419.000
   220:     1420.000     1421.000     1422.000     1423.000     1424.000
   225:     1425.000     1426.000     1427.000     1428.000     1429.000
   230:     1430.000     1431.000     1432.000     1433.000     1434.000
   235:     1435.000     1436.000     1437.000     1438.000     1439.000
   240:     1440.000     1441.000     1442.000     1443.000     1444.000
   245:     1445.000     1446.000     1447.000     1448.000     1449.000
   250:     1450.000     1451.000     1452.000     1453.000     1454.000
   255:     1455.000     1456.000     1457.000     1458.000     1459.000
   260:     1460.000     1461.000     1462.000     1463.000     1464.000
   265:     1465.000     1466.000     1467.000     1468.000     1469.000
   270:     1470.000     1471.000     1472.000     1473.000     1474.000
   275:     1475.000     1476.000     1477.000     1478.000     1479.000
   280:     1480.000     1481.000     1482.000     1483.000     1484.000
   285:     1485.000     1486.000     1487.000     1488.000     1489.000
   290:     1490.000     1491.000     1492.000     1493.000     1494.000
   295:     1495.000     1496.000     1497.000     1498.000     1499.000
   300:     1500.000     1501.000     1502.000     1503.000     1504.000
   305:     1505.000     1506.000     1507.000     1508.000     1509.000
   310:     1510.000     1511.000     1512.000     1513.000     1514.000
   315:     1515.000     1516.000     1517.000     1518.000     1519.000
   320:     1520.000     1521.000     1522.000     1523.000     1524.000
   325:     1525.000     1526.000     1527.000     1528.000     1529.000
   330:     1530.000     1531.000     1532.000     1533.000     1534.000
   335:     1535.000     1536.000     1537.000     1538.000     1539.000
   340:     1540.000     1541.000     1542.000     1543.000     1544.000
   345:     1545.000     1546.000     1547.000     1548.000     1549.000
   350:     1550.000     1551.000     1552.000     1553.000     1554.000
   355:     1555.000     1556.000     1557.000     1558.000     1559.000
   360:     1560.000     1561.000     1562.000     1563.000     1564.000
   365:     1565.000     1566.000     1567.000     1568.000     1569.000
   370:     1570.000     1571.000     1572.000     1573.000     1574.000
   375:     1575.000     1576.000     1577.000     1578.000     1579.000
   380:     1580.000     1581.000     1582.000     1583.000     1584.000
   385:     1585.000     1586.000     1587.000     1588.000     1589.000
   390:     1590.000     1591.000     1592.000     1593.000     1594.000
   395:     1595.000     1596.000     1597.000     1598.000     1599.000
   400:     1600.000     1601.000     1602.000     1603.000     1604.000
   405:     1605.000     1606.000     1607.000     1608.000     1609.000
   410:     1610.000     1611.000     1612.000     1613.000     1614.000
   415:     1615.000     1616.000     1617.000     1618.000     1619.000
   420:     1620.000     1621.000     1622.000     1623.000     1624.000
   425:     1625.000     1626.000     1627.000     1628.000     1629.000
   430:     1630.000     1631.000     1632.000     1633.000     1634.000
   435:     1635.000     1636.000     1637.000     1638.000     1639.000
   440:     1640.000     1641.000     1642.000     1643.000     1644.000
   445:     1645.000     1646.000     1647.000     1648.000     1649.000
   450:     1650.000     1651.000     1652.000     1653.000     1654.000
   455:     1655.000     1656.000     1657.000     1658.000     1659.000
   460:     1660.000     1661.000     1662.000     1663.000     1664.000
   465:     1665.000     1666.000     1667.000     1668.000     1669.000
   470:     1670.000     1671.000     1672.000     1673.000     1674.000
   475:     1675.000     1676.000     1677.000     1678.000     1679.000
   480:     1680.000     1681.000     1682.000     1683.000     1684.000
   485:     1685.000     1686.000     1687.000     1688.000     1689.000
   490:     1690.000     1691.000     1692.000     1693.000     1694.000
   495:     1695.000     1696.000     1697.000     1698.000     1699.000
   500:     1700.000     1701.000     1702.000     1703.000     1704.000
   505:     1705.000     1706.000     1707.000     1708.000     1709.000
   510:     1710.000     1711.000     1712.000     1713.000     1714.000
   515:     1715.000     1716.000     1717.000     1718.000     1719.000
   520:     1720.000     1721.000     1722.000     1723.000     1724.000
   525:     1725.000     1726.000     1727.000     1728.000     1729.000
   530:     1730.000     1731.000     1732.000     1733.000     1734.000
   535:     1735.000     1736.000     1737.000     1738.000     1739.000
   540:     1740.000     1741.000     1742.000     1743.000     1744.000
   545:     1745.000     1746.000     1747.000     1748.000     1749.000
   550:     1750.000     1751.000     1752.000     1753.000     1754.000
   555:     1755.000     1756.000     1757.000     1758.000     1759.000
   560:     1760.000     1761.000     1762.000     1763.000     1764.000
   565:     1765.000     1766.000     1767.000     1768.000     1769.000
   570:     1770.000     1771.000     1772.000     1773.000     1774.000
   575:     1775.000     1776.000     1777.000     1778.000     1779.000
   580:     1780.000     1781.000     1782.000     1783.000     1784.000
   585:     1785.000     1786.000     1787.000     1788.000     1789.000
   590:     1790.000     1791.000     1792.000     1793.000     1794.000
   595:     1795.000     1796.000     1797.000     1798.000     1799.000
   600:     1800.000     1801.000     1802.000     1803.000     1804.000
   605:     1805.000     1806.000     1807.000     1808.000     1809.000
   610:     1810.000     1811.000     1812.000     1813.000     1814.000
   615:     1815.000     1816.000     1817.000     1818.000     1819.000
   620:     1820.000     1821.000     1822.000     1823.000     1824.000
   625:     1825.000     1826.000     1827.000     1828.000     1829.000
   630:     1830.000     1831.000     1832.000     1833.000     1834.000
   635:     1835.000     1836.000     1837.000     1838.000     1839.000
   640:     1840.000     1841.000     1842.000     1843.000     1844.000
   645:     1845.000     1846.000     1847.000     1848.000     1849.000
   650:     1850.000     1851.000     1852.000     1853.000     1854.000
   655:     1855.000     1856.000     1857.000     1858.000     1859.000
   660:     1860.000     1861.000     1862.000     1863.000     1864.000
   665:     1865.000     1866.000     1867.000     1868.000     1869.000
   670:     1870.000     1871.000     1872.000     1873.000     1874.000
   675:     1875.000     1876.000     1877.000     1878.000     1879.000
   680:     1880.000     1881.000     1882.000     1883.000     1884.000
   685:     1885.000     1886.000     1887.000     1888.000     1889.000
   690:     1890.000     1891.000     1892.000     1893.000     1894.000
   695:     1895.000     1896.000     1897.000     1898.000     1899.000
   700:     1900.000     1901.000     1902.000     1903.000     1904.000
   705:     1905.000     1906.000     1907.000     1908.000     1909.000
   710:     1910.000     1911.000     1912.000     1913.000     1914.000
   715:     1915.000     1916.000     1917.000     1918.000     1919.000
   720:     1920.000     1921.000     1922.000     1923.000     1924.000
   725:     1925.000     1926.000     1927.000     1928.000     1929.000
   730:     1930.000     1931.000     1932.000     1933.000     1934.000
   735:     1935.000     1936.000     1937.000     1938.000     1939.000
   740:     1940.000     1941.000     1942.000     1943.000     1944.000
   745:     1945.000     1946.000     1947.000     1948.000     1949.000
   750:     1950.000     1951.000     1952.000     1953.000     1954.000
   755:     1955.000     1956.000     1957.000     1958.000     1959.000
   760:     1960.000     1961.000     1962.000     1963.000     1964.000
   765:     1965.000     1966.000     1967.000     1968.000     1969.000
   770:     1970.000     1971.000     1972.000     1973.000     1974.000
   775:     1975.000     1976.000     1977.000     1978.000     1979.000
   780:     1980.000     1981.000     1982.000     1983.000     1984.000
   785:     1985.000     1986.000     1987.000     1988.000     1989.000
   790:     1990.000     1991.000     1992.000     1993.000     1994.000
   795:     1995.000     1996.000     1997.000     1998.000     1999.000
   800:     2000.000     2001.000     2002.000     2003.000     2004.000
   805:     2005.000     2006.000     2007.000     2008.000     2009.000
   810:     2010.000     2011.000     2012.000     2013.000     2014.000
   815:     2015.000     2016.000     2017.000     2018.000     2019.000
   820:     2020.000     2021.000     2022.000     2023.000     2024.000
   825:     2025.000     2026.000     2027.000     2028.000     2029.000
   830:     2030.000     2031.000     2032.000     2033.000     2034.000
   835:     2035.000     2036.000     2037.000     2038.000     2039.000
   840:     2040.000     2041.000     2042.000     2043.000     2044.000
   845:     2045.000     2046.000     2047.000     2048.000     2049.000
   850:     2050.000     2051.000     2052.000     2053.000     2054.000
   855:     2055.000     2056.000     2057.000     2058.000     2059.000
   860:     2060.000     2061.000     2062.000     2063.000     2064.000
   865:     2065.000     2066.000     2067.000     2068.000     2069.000
   870:     2070.000     2071.000     2072.000     2073.000     2074.000
   875:     2075.000     2076.000     2077.000     2078.000     2079.000
   880:     2080.000     2081.000     2082.000     2083.000     2084.000
   885:     2085.000     2086.000     2087.000     2088.000     2089.000
   890:     2090.000     2091.000     2092.000     2093.000     2094.000
   895:     2095.000     2096.000     2097.000     2098.000     2099.000
   900:     2100.000     2101.000     2102.000     2103.000     2104.000
   905:     2105.000     2106.000     2107.000     2108.000     2109.000
   910:     2110.000     2111.000     2112.000     2113.000     2114.000
   915:     2115.000     2116.000     2117.000     2118.000     2119.000
   920:     2120.000     2121.000     2122.000     2123.000     2124.000
   925:     2125.000     2126.000     2127.000     2128.000     2129.000
   930:     2130.000     2131.000     2132.000     2133.000     2134.000
   935:     2135.000     2136.000     2137.000     2138.000     2139.000
   940:     2140.000     2141.000     2142.000     2143.000     2144.000
   945:     2145.000     2146.000     2147.000     2148.000     2149.000
   950:     2150.000     2151.000     2152.000     2153.000     2154.000
   955:     2155.000     2156.000     2157.000     2158.000     2159.000
   960:     2160.000     2161.000     2162.000     2163.000     2164.000
   965:     2165.000     2166.000     2167.000     2168.000     2169.000
   970:     2170.000     2171.000     2172.000     2173.000     2174.000
   975:     2175.000     2176.000     2177.000     2178.000     2179.000
   980:     2180.000     2181.000     2182.000     2183.000     2184.000
   985:     2185.000     2186.000     2187.000     2188.000     2189.000
   990:     2190.000     2191.000     2192.000     2193.000     2194.000
   995:     2195.000     2196.000     2197.000     2198.000     2199.000
  1000:     2200.000     2201.000     2202.000     2203.000     2204.000
  1005:     2205.000     2206.000     2207.000     2208.000     2209.000
  1010:     2210.000     2211.000     2212.000     2213.000     2214.000
  1015:     2215.000     2216.000     2217.000     2218.000     2219.000
  1020:     2220.000     2221.000     2222.000     2223.000     2224.000
  1025:     2225.000     2226.000     2227.000     2228.000     2229.000
  1030:     2230.000     2231.000     2232.000     2233.000     2234.000
  1035:     2235.000     2236.000     2237.000     2238.000     2239.000
  1040:     2240.000     2241.000     2242.000     2243.000     2244.000
  1045:     2245.000     2246.000     2247.000     2248.000     2249.000
  1050:     2250.000     2251.000     2252.000     2253.000     2254.000
  1055:     2255.000     2256.000     2257.000     2258.000     2259.000
  1060:     2260.000     2261.000     2262.000     2263.000     2264.000
  1065:     2265.000     2266.000     2267.000     2268.000     2269.000
  1070:     2270.000     2271.000     2272.000     2273.000     2274.000
  1075:     2275.000     2276.000     2277.000     2278.000     2279.000
  1080:     2280.000     2281.000     2282.000     2283.000     2284.000
  1085:     2285.000     2286.000     2287.000     2288.000     2289.000
  1090:     2290.000     2291.000     2292.000     2293.000     2294.000
  1095:     2295.000     2296.000     2297.000     2298.000     2299.000
  1100:     2300.000     2301.000     2302.000     2303.000     2304.000
  1105:     2305.000     2306.000     2307.000     2308.000     2309.000
  1110:     2310.000     2311.000     2312.000     2313.000     2314.000
  1115:     2315.000     2316.000     2317.000     2318.000     2319.000
  1120:     2320.000     2321.000     2322.000     2323.000     2324.000
  1125:     2325.000     2326.000     2327.000     2328.000     2329.000
  1130:     2330.000     2331.000     2332.000     2333.000     2334.000
  1135:     2335.000     2336.000     2337.000     2338.000     2339.000
  1140:     2340.000     2341.000     2342.000     2343.000     2344.000
  1145:     2345.000     2346.000     2347.000     2348.000     2349.000
  1150:     2350.000     2351.000     2352.000     2353.000     2354.000
  1155:     2355.000     2356.000     2357.000     2358.000     2359.000
  1160:     2360.000     2361.000     2362.000     2363.000     2364.000
  1165:     2365.000     2366.000     2367.000     2368.000     2369.000
  1170:     2370.000     2371.000     2372.000     2373.000     2374.000
  1175:     2375.000     2376.000     2377.000     2378.000     2379.000
  1180:     2380.000     2381.000     2382.000     2383.000     2384.000
  1185:     2385.000     2386.000     2387.000     2388.000     2389.000
  1190:     2390.000     2391.000     2392.000     2393.000     2394.000
  1195:     2395.000     2396.000     2397.000     2398.000     2399.000
  1200:     2400.000
N:
     0:     2700.000     2701.000     2702.000     2703.000     2704.000
     5:     2705.000     2706.000     2707.000     2708.000     2709.000
    10:     2710.000     2711.000     2712.000     2713.000     2714.000
    15:     2715.000     2716.000     2717.000     2718.000     2719.000
    20:     2720.000     2721.000     2722.000     2723.000     2724.000
    25:     2725.000     2726.000     2727.000     2728.000     2729.000
    30:     2730.000     2731.000     2732.000     2733.000     2734.000
    35:     2735.000     2736.000     2737.000     2738.000     2739.000
    40:     2740.000     2741.000     2742.000     2743.000     2744.000
    45:     2745.000     2746.000     2747.000     2748.000     2749.000
    50:     2750.000     2751.000     2752.000     2753.000     2754.000
    55:     2755.000     2756.000     2757.000     2758.000     2759.000
    60:     2760.000     2761.000     2762.000     2763.000     2764.000
    65:     2765.000     2766.000     2767.000     2768.000     2769.000
    70:     2770.000     2771.000     2772.000     2773.000     2774.000
    75:     2775.000     2776.000     2777.000     2778.000     2779.000
    80:     2780.000     2781.000     2782.000     2783.000     2784.000
    85:     2785.000     2786.000     2787.000     2788.000     2789.000
    90:     2790.000     2791.000     2792.000     2793.000     2794.000
    95:     2795.000     2796.000     2797.000     2798.000     2799.000
   100:     2800.000     2801.000     2802.000     2803.000     2804.000
   105:     2805.000     2806.000     2807.000     2808.000     2809.000
   110:     2810.000     2811.000     2812.000     2813.000     2814.000
   115:     2815.000     2816.000     2817.000     2818.000     2819.000
   120:     2820.000     2821.000     2822.000     2823.000     2824.000
   125:     2825.000     2826.000     2827.000     2828.000     2829.000
   130:     2830.000     2831.000     2832.000     2833.000     2834.000
   135:     2835.000     2836.000     2837.000     2838.000     2839.000
   140:     2840.000     2841.000     2842.000     2843.000     2844.000
   145:     2845.000     2846.000     2847.000     2848.000     2849.000
   150:     2850.000     2851.000     2852.000     2853.000     2854.000
   155:     2855.000     2856.000     2857.000     2858.000     2859.000
   160:     2860.000     2861.000     2862.000     2863.000     2864.000
   165:     2865.000     2866.000     2867.000     2868.000     2869.000
   170:     2870.000     2871.000     2872.000     2873.000     2874.000
   175:     2875.000     2876.000     2877.000     2878.000     2879.000
   180:     2880.000     2881.000     2882.000     2883.000     2884.000
   185:     2885.000     2886.000     2887.000     2888.000     2889.000
   190:     2890.000     2891.000     2892.000     2893.000     2894.000
   195:     2895.000     2896.000     2897.000     2898.000     2899.000
   200:     2900.000     2901.000     2902.000     2903.000     2904.000
   205:     2905.000     2906.000     2907.000     2908.000     2909.000
   210:     2910.000     2911.000     2912.000     2913.000     2914.000
   215:     2915.000     2916.000     2917.000     2918.000     2919.000
   220:     2920.000     2921.000     2922.000     2923.000     2924.000
   225:     2925.000     2926.000     2927.000     2928.000     2929.000
   230:     2930.000     2931.000     2932.000     2933.000     2934.000
   235:     2935.000     2936.000     2937.000     2938.000     2939.000
   240:     2940.000     2941.000     2942.000     2943.000     2944.000
   245:     2945.000     2946.000     2947.000     2948.000     2949.000
   250:     2950.000     2951.000     2952.000     2953.000     2954.000
   255:     2955.000     2956.000     2957.000     2958.000     2959.000
   260:     2960.000     2961.000     2962.000     2963.000     2964.000
   265:     2965.000     2966.000     2967.000     2968.000     2969.000
   270:     2970.000     2971.000     2972.000     2973.000     2974.000
   275:     2975.000     2976.000     2977.000     2978.000     2979.000
   280:     2980.000     2981.000     2982.000     2983.000     2984.000
   285:     2985.000     2986.000     2987.000     2988.000     2989.000
   290:     2990.000     2991.000     2992.000     2993.000     2994.000
   295:     2995.000     2996.000     2997.000     2998.000     2999.000
   300:     3000.000
R:
     0:      158.000      400.000      400.000
V:
     0:     1929.000     3000.000
W:
     0:     1929.000     3000.000
