File: C:\MED-PC IV\DATA\p054_s57_japede


Start Date: 08/23/17
End Date: 08/23/17
Subject: p054
Experiment: 0
Group: 0
Box: 7
Start Time: 14:43:57
End Time: 15:44:18
MSN: japede_L_30_30_30_R_90_90_90
B:       0.000
E:    3752.000
F:       0.000
G:       0.000
H:       0.000
I:       1.000
J:       1.000
K:       0.000
O:       0.000
P:       0.000
Q:       0.000
S:  360000.000
T:  360000.000
U:       0.000
X:       0.000
Y:       0.000
Z:       0.000
A:
     0:        0.010        0.250        0.220        0.230      199.740
     5:     2034.130     2354.540     2354.320     2354.330     2354.350
    10:     2354.240     2354.120     2604.220     2604.230     2604.250
    15:     2604.340     2771.120     2817.120     2970.130     3517.120
    20:     3558.120     3690.130     4004.740     4141.540     4141.320
    25:     4141.330     4141.350     4141.240     4141.120     4391.220
    30:     4391.230     4391.250     4391.340     4525.120     4571.120
    35:     4616.120     4789.130     4925.120     5010.120     5145.120
    40:     5391.740     5692.540     5692.320     5692.330     5692.350
    45:     5692.240     5692.120     5942.220     5942.230     5942.250
    50:     5942.340     6065.120     6106.120     6229.130     6328.120
    55:     6369.120     6715.120     6751.120     6842.740     6908.130
    60:     6944.130     7054.540     7054.320     7054.330     7054.350
    65:     7054.240     7054.120     7304.220     7304.230     7304.250
    70:     7304.340     7399.840     7602.640     7602.320     7602.330
    75:     7602.350     7602.240     7602.130     7704.740     7852.220
    80:     7852.230     7852.250     7852.340     7993.540     7993.320
    85:     7993.330     7993.350     7993.240     7993.120     8243.220
    90:     8243.230     8243.250     8243.340     8452.120     8486.120
    95:     8586.130     8715.120     9271.120     9404.130     9510.120
   100:     9548.120     9943.740    10752.840    11096.540    11096.320
   105:    11096.330    11096.350    11096.240    11096.120    11346.220
   110:    11346.230    11346.250    11346.340    11555.120    11853.120
   115:    11899.120    11996.640    11996.320    11996.330    11996.350
   120:    11996.240    11996.130    12246.220    12246.230    12246.250
   125:    12246.340    12364.120    12459.130    12697.120    12826.130
   130:    12982.120    13125.130    13156.130    13421.130    13464.130
   135:    13610.120    13706.130    13832.120    13962.130    14327.120
   140:    14465.130    14501.130    14598.120    14739.130    14854.120
   145:    15085.130    15120.130    15224.120    15394.130    15424.130
   150:    15740.120    15774.120    15864.130    16646.740    16746.840
   155:    18209.540    18209.320    18209.330    18209.350    18209.240
   160:    18209.120    18459.220    18459.230    18459.250    18459.340
   165:    18574.120    18677.640    18677.320    18677.330    18677.350
   170:    18677.240    18677.130    18927.220    18927.230    18927.250
   175:    18927.340    19090.120    19759.740    19812.540    19812.320
   180:    19812.330    19812.350    19812.240    19812.120    20062.220
   185:    20062.230    20062.250    20062.340    20315.130    20555.120
   190:    20646.130    20788.120    24962.740    25188.130    25229.130
   195:    25381.540    25381.320    25381.330    25381.350    25381.240
   200:    25381.120    25631.220    25631.230    25631.250    25631.340
   205:    25741.120    25858.130    25948.120    26287.120    26471.130
   210:    26565.120    26716.130    26814.120    27031.740    27191.540
   215:    27191.320    27191.330    27191.350    27191.240    27191.120
   220:    27441.220    27441.230    27441.250    27441.340    27547.120
   225:    27637.130    27727.120    27837.130    28897.120    28936.120
   230:    29036.130    29145.120    29270.130    29441.740    29646.540
   235:    29646.320    29646.330    29646.350    29646.240    29646.120
   240:    29896.220    29896.230    29896.250    29896.340    30005.120
   245:    30336.120    30371.120    30463.130    30670.120    30762.130
   250:    30888.120    30984.130    31072.120    31199.130    31294.120
   255:    31389.130    31586.120    31674.130    31769.120    32048.130
   260:    32149.120    32249.130    32346.120    32460.130    32554.120
   265:    32713.120    32819.130    33017.120    33130.120    33354.120
   270:    33389.120    33748.120    33794.120    33916.130    34012.120
   275:    34046.120    34108.120    34231.120    34729.120    34765.120
   280:    34853.130    34890.130    35204.130    35811.130    36419.120
   285:    36535.130    36681.120    37021.130    37369.120    37489.130
   290:    37526.130    37904.120    38026.130    38297.120    38975.120
   295:    39074.130    39303.130    39394.120    39612.120    39889.120
   300:    40037.130    40232.130    40331.120    40470.130    40662.120
   305:    40773.130    40804.130    40897.120    41143.120    41359.120
   310:    41465.130    41562.120    41714.120    41873.130    41967.120
   315:    42193.120    42287.130    42527.120    45696.740    46232.540
   320:    46232.320    46232.330    46232.350    46232.240    46232.120
   325:    46482.220    46482.230    46482.250    46482.340    46596.120
   330:    46746.130    46835.120    47104.120    47282.740    47435.540
   335:    47435.320    47435.330    47435.350    47435.240    47435.120
   340:    47685.220    47685.230    47685.250    47685.340    47773.120
   345:    47910.130    48155.120    48502.130    48803.120    48977.120
   350:    49278.120    49383.130    49598.130    49856.130    49984.120
   355:    50154.120    50290.120    50420.130    50953.120    51306.120
   360:    51344.120    52255.120    52285.740    52302.540    52302.320
   365:    52302.330    52302.350    52302.240    52302.120    52552.220
   370:    52552.230    52552.250    52552.340    52656.120    52774.130
   375:    52928.120    53149.120    53244.130    53419.120    53507.130
   380:    53594.120    53803.120    53948.130    54223.120    54788.120
   385:    54907.130    55144.120    55177.120    55376.120    55714.120
   390:    55836.130    55935.120    56065.120    56192.130    56473.130
   395:    56572.120    57150.120    57261.130    57361.120    57519.120
   400:    57552.740    57656.130    57801.540    57801.320    57801.330
   405:    57801.350    57801.240    57801.120    58051.220    58051.230
   410:    58051.250    58051.340    58160.120    58280.130    58375.120
   415:    58537.120    58573.120    58703.120    58819.130    58916.120
   420:    59027.840    59077.120    59397.640    59397.320    59397.330
   425:    59397.350    59397.240    59397.130    59647.220    59647.230
   430:    59647.250    59647.340    59785.120    59882.130    59926.130
   435:    60027.120    60551.740    60555.540    60555.320    60555.330
   440:    60555.350    60555.240    60555.120    60805.220    60805.230
   445:    60805.250    60805.340    60903.120    61027.130    61119.120
   450:    61226.120    61383.120    61478.130    61603.120    61978.120
   455:    62014.120    62116.130    62215.120    62367.120    62479.130
   460:    62520.130    62721.120    62815.130    63126.120    63157.120
   465:    63257.130    63297.130    63403.120    63525.130    63906.120
   470:    63950.120    64038.130    64136.120    64276.120    64456.130
   475:    64578.120    64607.120    64805.740    64890.130    64994.540
   480:    64994.320    64994.330    64994.350    64994.240    64994.120
   485:    65244.220    65244.230    65244.250    65244.340    65420.120
   490:    65530.130    65600.130    65687.120    65820.130    65938.120
   495:    65976.120    66117.130    66214.120    66344.130    66436.120
   500:    66604.130    66694.120    67054.120    67149.130    67232.120
   505:    67353.130    67395.130    67486.120    67593.130    67844.740
   510:    67901.540    67901.320    67901.330    67901.350    67901.240
   515:    67901.120    68151.220    68151.230    68151.250    68151.340
   520:    68292.120    68419.130    68542.120    68577.120    68679.130
   525:    68937.120    69033.130    69125.120    69286.120    69483.130
   530:    69706.120    69784.120    69818.120    69947.840    69951.740
   535:    69990.640    69990.320    69990.330    69990.350    69990.240
   540:    69990.130    70240.220    70240.230    70240.250    70240.340
   545:    70331.540    70331.320    70331.330    70331.350    70331.240
   550:    70331.120    70581.220    70581.230    70581.250    70581.340
   555:    70682.120    70780.130    70868.120    70992.130    71246.120
   560:    71480.120    71515.120    71697.120    71856.120    72066.120
   565:    72371.120    72469.130    72560.120    72786.130    72822.130
   570:    72909.120    73188.130    73285.120    73409.130    73644.130
   575:    73770.120    73867.130    73951.120    74360.130    74440.840
   580:    74453.120    74617.640    74617.320    74617.330    74617.350
   585:    74617.240    74617.130    74681.740    74867.220    74867.230
   590:    74867.250    74867.340    74967.540    74967.320    74967.330
   595:    74967.350    74967.240    74967.120    75217.220    75217.230
   600:    75217.250    75217.340    75322.120    75441.130    75520.120
   605:    75690.120    75779.130    75812.130    75846.130    76017.740
   610:    76044.130    76127.130    76237.540    76237.320    76237.330
   615:    76237.350    76237.240    76237.120    76487.220    76487.230
   620:    76487.250    76487.340    76593.120    76716.130    76787.740
   625:    76899.130    76983.540    76983.320    76983.330    76983.350
   630:    76983.240    76983.120    77233.220    77233.230    77233.250
   635:    77233.340    77352.120    77446.130    77481.130    77564.120
   640:    77651.130    77747.120    77783.120    77868.130    78137.130
   645:    78254.120    78425.120    78457.120    78811.120    79063.120
   650:    79217.120    79461.130    79633.740    79637.130    79785.540
   655:    79785.320    79785.330    79785.350    79785.240    79785.120
   660:    80035.220    80035.230    80035.250    80035.340    80132.120
   665:    80218.130    80302.120    80449.120    80729.120    80761.120
   670:    80835.740    80848.130    80934.540    80934.320    80934.330
   675:    80934.350    80934.240    80934.120    81184.220    81184.230
   680:    81184.250    81184.340    81267.120    81303.120    81385.120
   685:    81468.130    81546.120    81713.130    81755.130    81842.120
   690:    81884.120    81921.120    82039.130    82084.740    82224.540
   695:    82224.320    82224.330    82224.350    82224.240    82224.120
   700:    82474.220    82474.230    82474.250    82474.340    82560.120
   705:    82643.130    82729.120    82758.120    82791.120    82922.120
   710:    82955.120    83038.130    83124.120    83210.130    83246.130
   715:    83328.120    83417.120    83589.120    83881.120    83916.120
   720:    84001.130    84087.120    84295.130    84386.120    84445.120
   725:    84478.120    84565.130    84675.120    84714.120    84839.130
   730:    84874.740    84925.540    84925.320    84925.330    84925.350
   735:    84925.240    84925.120    85175.220    85175.230    85175.250
   740:    85175.340    85273.120    85355.130    85433.120    85613.130
   745:    85858.120    85973.130    86056.120    86189.130    86375.740
   750:    86378.540    86378.320    86378.330    86378.350    86378.240
   755:    86378.120    86628.220    86628.230    86628.250    86628.340
   760:    86732.120    86820.130    86897.120    87147.120    87228.740
   765:    87229.130    87262.130    87340.540    87340.320    87340.330
   770:    87340.350    87340.240    87340.120    87590.220    87590.230
   775:    87590.250    87590.340    87668.120    87747.130    87819.120
   780:    87931.120    88106.130    88138.130    88246.120    88342.120
   785:    88430.130    88515.120    88696.120    88905.120    88935.120
   790:    89024.130    89062.130    89148.120    89336.120    89479.120
   795:    89712.120    89804.130    89837.130    89986.120    90075.130
   800:    90157.120    90194.120    90340.130    90378.130    90465.120
   805:    90667.120    90701.120    90781.130    90813.130    90897.120
   810:    91028.120    91319.120    91513.120    91609.130    91704.120
   815:    92171.130    92290.740    92330.540    92330.320    92330.330
   820:    92330.350    92330.240    92330.120    92580.220    92580.230
   825:    92580.250    92580.340    92975.130    93054.120    93096.120
   830:    93184.130    93266.120    93403.120    93489.130    94355.130
   835:    94447.120    94483.120    94581.120    94812.120    94922.130
   840:    95007.120    95248.120    95352.130    95443.120    95782.120
   845:    96026.120    96119.130    96161.130    96253.120    96285.120
   850:    96372.130    96454.120    96662.120    96859.120    96958.130
   855:    97327.120    97369.120    97529.130    97612.120    97772.120
   860:    97780.740    97997.130    98032.130    98113.540    98113.320
   865:    98113.330    98113.350    98113.240    98113.120    98363.220
   870:    98363.230    98363.250    98363.340    98476.120    98568.130
   875:    98714.120    98831.120    98984.130    99027.130    99121.120
   880:    99157.120    99614.120    99722.130    99811.120    99847.120
   885:    99984.130   100212.120   100246.120   100462.120   100563.740
   890:   100645.130   100733.540   100733.320   100733.330   100733.350
   895:   100733.240   100733.120   100983.220   100983.230   100983.250
   900:   100983.340   101071.120   101222.120   101367.840   101504.640
   905:   101504.320   101504.330   101504.350   101504.240   101504.130
   910:   101754.220   101754.230   101754.250   101754.340   101860.120
   915:   102110.130   102151.130   102240.120   102275.120   102429.120
   920:   102483.740   102596.540   102596.320   102596.330   102596.350
   925:   102596.240   102596.120   102846.220   102846.230   102846.250
   930:   102846.340   102932.120   103055.120   103423.130   103456.130
   935:   103567.120   103730.120   103919.120   104222.120   104254.840
   940:   104333.640   104333.320   104333.330   104333.350   104333.240
   945:   104333.130   104583.220   104583.230   104583.250   104583.340
   950:   104695.120   104841.120   104940.120   105035.130   105117.120
   955:   105256.120   105349.130   105480.120   105678.120   105766.130
   960:   105858.120   106050.120   106128.130   106212.120   106416.120
   965:   106498.130   106552.130   106638.120   106763.120   106972.120
   970:   107147.130   107309.120   107650.120   107752.130   107827.120
   975:   107977.120   108093.130   108343.120   108346.740   108430.130
   980:   108513.540   108513.320   108513.330   108513.350   108513.240
   985:   108513.120   108763.220   108763.230   108763.250   108763.340
   990:   108845.120   108937.130   108977.130   109015.130   109102.120
   995:   109246.120   109335.130   109370.130   109476.120   109617.120
  1000:   109699.130   109837.120   109923.130   110215.120   110314.130
  1005:   110444.120   110777.130   110860.120   111071.120   111187.130
  1010:   111218.130   111301.120   111463.740   111479.540   111479.320
  1015:   111479.330   111479.350   111479.240   111479.120   111729.220
  1020:   111729.230   111729.250   111729.340   111871.120   111987.130
  1025:   112082.120   112233.120   112424.120   112539.120   112630.130
  1030:   112663.130   112696.130   112811.120   112929.120   113047.130
  1035:   113134.120   113345.120   113701.130   113787.120   114105.120
  1040:   114251.120   114493.120   114575.130   114607.130   114682.120
  1045:   114768.130   114843.120   114867.120   114973.130   115029.740
  1050:   115046.540   115046.320   115046.330   115046.350   115046.240
  1055:   115046.120   115296.220   115296.230   115296.250   115296.340
  1060:   115385.120   115475.130   115559.120   115745.120   116103.120
  1065:   116213.130   116291.120   116531.120   116619.130   116654.130
  1070:   116737.120   116783.840   116935.120   117167.120   117254.640
  1075:   117254.320   117254.330   117254.350   117254.240   117254.130
  1080:   117396.740   117504.220   117504.230   117504.250   117504.340
  1085:   117611.540   117611.320   117611.330   117611.350   117611.240
  1090:   117611.120   117861.220   117861.230   117861.250   117861.340
  1095:   118063.130   118137.120   118276.120   118442.120   118560.130
  1100:   118670.120   118752.130   118786.130   118892.120   119376.130
  1105:   119455.120   119507.120   119651.130   119739.120   119761.740
  1110:   119826.130   119861.130   119928.540   119928.320   119928.330
  1115:   119928.350   119928.240   119928.120   120178.220   120178.230
  1120:   120178.250   120178.340   120268.120   120353.130   120432.120
  1125:   120571.120   120663.130   120698.130   120776.120   120864.130
  1130:   120945.120   121342.120   121379.120   121515.130   121597.120
  1135:   121863.130   121899.130   121935.130   121971.130   122054.120
  1140:   122172.130   122291.120   122559.120   122730.120   122872.120
  1145:   123042.120   123182.120   123460.130   123494.130   123575.120
  1150:   123678.740   123738.540   123738.320   123738.330   123738.350
  1155:   123738.240   123738.120   123988.220   123988.230   123988.250
  1160:   123988.340   124224.130   124303.120   124449.120   124620.120
  1165:   124783.120   124931.120   125135.130   125165.130   125248.120
  1170:   125479.130   125570.120   125828.120   125865.120   126028.130
  1175:   126134.120   126168.120   126432.120   126512.130   126545.130
  1180:   126626.120   126865.130   127001.120   127320.120   127462.130
  1185:   127631.120   128589.120   128686.130   128965.120   129116.120
  1190:   129188.740   129204.840   129307.640   129307.320   129307.330
  1195:   129307.350   129307.240   129307.130   129557.220   129557.230
  1200:   129557.250   129557.340   129649.540   129649.320   129649.330
  1205:   129649.350   129649.240   129649.120   129899.220   129899.230
  1210:   129899.250   129899.340   129987.120   131018.120   131148.130
  1215:   131240.120   131457.840   131517.640   131517.320   131517.330
  1220:   131517.350   131517.240   131517.130   131767.220   131767.230
  1225:   131767.250   131767.340   131875.120   132039.120   132199.130
  1230:   132286.120   132413.130   132507.120   132866.120   132961.130
  1235:   132998.130   133083.120   133311.120   133405.130   133960.130
  1240:   134068.120   134567.840   134568.640   134568.320   134568.330
  1245:   134568.350   134568.240   134568.130   134818.220   134818.230
  1250:   134818.250   134818.340   134937.120   135077.130   135169.120
  1255:   135423.120   135543.130   135655.120   135952.130   135989.130
  1260:   136085.120   136464.120   136555.130   136594.130   136706.120
  1265:   137195.120   137363.130   137463.120   137590.130   137626.130
  1270:   137719.120   137860.130   138363.120   138496.130   138537.130
  1275:   138633.120   138743.130   138936.130   139032.120   139297.120
  1280:   139528.130   139623.120   139787.120   139886.130   139981.120
  1285:   140320.120   140454.130   140557.120   141099.740   141226.540
  1290:   141226.320   141226.330   141226.350   141226.240   141226.120
  1295:   141476.220   141476.230   141476.250   141476.340   141576.740
  1300:   141594.540   141594.320   141594.330   141594.350   141594.240
  1305:   141594.120   141844.220   141844.230   141844.250   141844.340
  1310:   142104.130   142194.120   142218.840   142398.640   142398.320
  1315:   142398.330   142398.350   142398.240   142398.130   142648.220
  1320:   142648.230   142648.250   142648.340   142902.120   143095.130
  1325:   143137.130   143246.120   143374.130   143525.120   143626.130
  1330:   143711.120   144087.120   144177.130   144219.130   144305.120
  1335:   144448.840   144744.740   145054.540   145054.320   145054.330
  1340:   145054.350   145054.240   145054.120   145304.220   145304.230
  1345:   145304.250   145304.340   145474.120   145605.640   145605.320
  1350:   145605.330   145605.350   145605.240   145605.130   145855.220
  1355:   145855.230   145855.250   145855.340   145968.120   146239.120
  1360:   146400.120   146496.130   146709.130   147324.130   147422.120
  1365:   147517.130   147606.120   147704.740   147801.540   147801.320
  1370:   147801.330   147801.350   147801.240   147801.120   148051.220
  1375:   148051.230   148051.250   148051.340   148151.120   148246.130
  1380:   148251.740   148331.540   148331.320   148331.330   148331.350
  1385:   148331.240   148331.120   148581.220   148581.230   148581.250
  1390:   148581.340   148681.740   148711.540   148711.320   148711.330
  1395:   148711.350   148711.240   148711.120   148961.220   148961.230
  1400:   148961.250   148961.340   149084.120   149178.130   149216.130
  1405:   149415.130   149497.120   149668.130   150069.120   150164.130
  1410:   150207.130   150300.120   150529.120   150631.130   150714.120
  1415:   150872.120   151090.120   152723.130   152810.120   152931.120
  1420:   153261.740   153848.540   153848.320   153848.330   153848.350
  1425:   153848.240   153848.120   154098.220   154098.230   154098.250
  1430:   154098.340   154203.120   154302.130   154383.120   154538.120
  1435:   154685.120   154835.130   154870.130   154958.120   155170.120
  1440:   155252.130   155287.130   155377.120   155469.130   155564.120
  1445:   155709.120   155911.120   156028.130   156090.130   156127.130
  1450:   156224.120   156355.840   156537.120   156733.120   156929.640
  1455:   156929.320   156929.330   156929.350   156929.240   156929.130
  1460:   157179.220   157179.230   157179.250   157179.340   157290.120
  1465:   157416.130   157509.120   157707.130   157846.130   157937.120
  1470:   158064.130   158153.120   158436.130   158767.120   158866.130
  1475:   158904.130   159004.120   159098.120   159232.130   159265.130
  1480:   159299.130   159389.120   159506.120   159813.120   159905.130
  1485:   160007.120   160117.130   160198.740   160213.540   160213.320
  1490:   160213.330   160213.350   160213.240   160213.120   160463.220
  1495:   160463.230   160463.250   160463.340   160559.120   160654.130
  1500:   160694.130   160788.120   160912.130   161109.120   161199.130
  1505:   161235.130   161317.120   161493.120   161584.130   161676.120
  1510:   162043.120   162076.120   162283.120   162376.130   162415.130
  1515:   162501.120   162883.130   163070.120   163164.130   163201.130
  1520:   163295.120   163550.120   164864.130   164908.130   165010.120
  1525:   165110.130   165778.130   165817.130   165910.120   166006.130
  1530:   166103.120   166163.740   166623.130   166662.130   166739.540
  1535:   166739.320   166739.330   166739.350   166739.240   166739.120
  1540:   166989.220   166989.230   166989.250   166989.340   167094.120
  1545:   167220.130   167257.130   167327.120   167443.120   167598.130
  1550:   167678.120   167921.120   168177.120   168269.130   168463.120
  1555:   168556.130   168598.130   168684.120   168904.120   169087.120
  1560:   169180.130   169360.120   169450.130   169570.120   169659.130
  1565:   169789.740   169838.540   169838.320   169838.330   169838.350
  1570:   169838.240   169838.120   170088.220   170088.230   170088.250
  1575:   170088.340   170182.120   170220.120   170310.130   170404.120
  1580:   170585.120   170683.130   170722.130   170813.120   170991.120
  1585:   171078.130   171265.120   171299.120   171389.130   171427.130
  1590:   171464.130   171533.120   171565.120   171717.120   172108.130
  1595:   172193.120   172416.120   172625.120   172973.120   173063.130
  1600:   173100.130   173195.120   173324.120   173472.130   173734.120
  1605:   173829.130   174304.120   174397.130   174493.120   174680.120
  1610:   175205.130   175363.120   175379.840   175524.640   175524.320
  1615:   175524.330   175524.350   175524.240   175524.130   175774.220
  1620:   175774.230   175774.250   175774.340   175921.120   176014.130
  1625:   176093.120   176260.130   176294.130   176328.130   176412.120
  1630:   176646.130   176973.120   177099.130   177174.840   177197.120
  1635:   177289.640   177289.320   177289.330   177289.350   177289.240
  1640:   177289.130   177539.220   177539.230   177539.250   177539.340
  1645:   177631.120   177723.130   177789.120   177919.130   178148.120
  1650:   178238.130   178273.130   178360.120   178553.120   178638.130
  1655:   178775.120   179046.120   179140.130   179222.120   179314.130
  1660:   179352.130   179439.120   179706.120   179793.130   181024.130
  1665:   181125.120   181249.130   181348.120   181433.130   181665.120
  1670:   181731.130   182268.120   182336.130   182339.840   182423.120
  1675:   182598.120   182779.120   182866.640   182866.320   182866.330
  1680:   182866.350   182866.240   182866.130   183116.220   183116.230
  1685:   183116.250   183116.340   183188.740   183217.540   183217.320
  1690:   183217.330   183217.350   183217.240   183217.120   183467.220
  1695:   183467.230   183467.250   183467.340   183562.120   183667.740
  1700:   183683.130   183765.540   183765.320   183765.330   183765.350
  1705:   183765.240   183765.120   184015.220   184015.230   184015.250
  1710:   184015.340   184107.120   184200.130   184238.130   184308.120
  1715:   184401.130   184496.120   184587.130   184674.120   184795.130
  1720:   184918.120   185009.130   185101.120   185370.120   185457.130
  1725:   185488.130   185515.740   185580.540   185580.320   185580.330
  1730:   185580.350   185580.240   185580.120   185830.220   185830.230
  1735:   185830.250   185830.340   185922.120   185958.120   186049.130
  1740:   186083.130   186150.120   186238.130   186274.130   186353.120
  1745:   186563.120   186650.130   186685.130   186779.120   186868.130
  1750:   186950.120   189230.740   189523.540   189523.320   189523.330
  1755:   189523.350   189523.240   189523.120   189773.220   189773.230
  1760:   189773.250   189773.340   189907.120   190001.130   190091.120
  1765:   190241.130   190324.120   190504.120   190596.130   190679.120
  1770:   190821.120   191070.130   191162.120   191248.130   191337.120
  1775:   191538.120   191768.120   191867.130   192197.120   192285.130
  1780:   192367.120   192579.120   192678.130   192713.130   192797.120
  1785:   192859.120   193002.130   193083.120   193173.740   193474.540
  1790:   193474.320   193474.330   193474.350   193474.240   193474.120
  1795:   193724.220   193724.230   193724.250   193724.340   193811.120
  1800:   193917.130   193996.120   194087.130   194116.840   194178.120
  1805:   194310.640   194310.320   194310.330   194310.350   194310.240
  1810:   194310.130   194324.740   194560.220   194560.230   194560.250
  1815:   194560.340   194672.540   194672.320   194672.330   194672.350
  1820:   194672.240   194672.120   194922.220   194922.230   194922.250
  1825:   194922.340   195022.740   195027.540   195027.320   195027.330
  1830:   195027.350   195027.240   195027.120   195277.220   195277.230
  1835:   195277.250   195277.340   195372.120   195500.130   195587.120
  1840:   195683.130   195725.130   195777.740   195815.540   195815.320
  1845:   195815.330   195815.350   195815.240   195815.120   196065.220
  1850:   196065.230   196065.250   196065.340   196176.120   196216.120
  1855:   196299.130   196334.130   196439.120   196535.130   196614.120
  1860:   196798.120   196888.130   196979.120   197218.130   197307.120
  1865:   197396.130   197682.130   197768.120   197854.130   197933.120
  1870:   198021.130   198100.120   198188.130   198342.120   198365.740
  1875:   198424.130   198509.540   198509.320   198509.330   198509.350
  1880:   198509.240   198509.120   198759.220   198759.230   198759.250
  1885:   198759.340   198862.120   198936.120   199028.130   199060.130
  1890:   199155.120   199243.130   199321.120   199492.120   199577.130
  1895:   199613.130   199694.120   199786.130   199869.120   200462.130
  1900:   200504.130   200557.130   200647.120   200769.130   200803.130
  1905:   200837.130   200859.740   200927.540   200927.320   200927.330
  1910:   200927.350   200927.240   200927.120   201177.220   201177.230
  1915:   201177.250   201177.340   201263.120   201352.130   201432.120
  1920:   201575.120   201687.130   201772.120   201833.120   201920.130
  1925:   201971.130   202054.120   202201.120   202395.130   202483.120
  1930:   202598.130   202705.120   202738.120   203003.120   203037.120
  1935:   203123.130   203206.120   203277.740   203320.130   203404.540
  1940:   203404.320   203404.330   203404.350   203404.240   203404.120
  1945:   203654.220   203654.230   203654.250   203654.340   203760.120
  1950:   203857.130   203939.120   204194.130   204232.130   204317.120
  1955:   204354.740   204411.130   204497.540   204497.320   204497.330
  1960:   204497.350   204497.240   204497.120   204747.220   204747.230
  1965:   204747.250   204747.340   204848.120   204886.120   204977.130
  1970:   205047.740   205052.540   205052.320   205052.330   205052.350
  1975:   205052.240   205052.120   205302.220   205302.230   205302.250
  1980:   205302.340   205418.120   205502.740   205518.130   205587.540
  1985:   205587.320   205587.330   205587.350   205587.240   205587.120
  1990:   205837.220   205837.230   205837.250   205837.340   205952.120
  1995:   206048.130   206127.120   206217.130   206300.120   206470.120
  2000:   206539.120   206662.120   206837.120   207042.120   207285.120
  2005:   207328.120   207369.120   207456.130   207554.120   207646.130
  2010:   207724.120   207840.130   207919.120   207960.120   208288.120
  2015:   208375.130   208437.740   208466.540   208466.320   208466.330
  2020:   208466.350   208466.240   208466.120   208716.220   208716.230
  2025:   208716.250   208716.340   208840.120   208934.130   208970.130
  2030:   209051.120   209120.120   209206.130   209364.130   209428.120
  2035:   209551.130   209641.120   209804.120   210018.130   210103.120
  2040:   210204.120   210216.740   210326.540   210326.320   210326.330
  2045:   210326.350   210326.240   210326.120   210576.220   210576.230
  2050:   210576.250   210576.340   210704.120   210803.130   210876.740
  2055:   210888.540   210888.320   210888.330   210888.350   210888.240
  2060:   210888.120   211138.220   211138.230   211138.250   211138.340
  2065:   211224.120   211320.130   211404.120   211435.120   211537.130
  2070:   211627.120   211782.120   211878.130   212102.130   212187.120
  2075:   212426.120   212518.130   212603.120   212750.120   212869.130
  2080:   212959.120   213107.120   213192.130   213226.130   213330.120
  2085:   213426.130   213508.120   213632.130   213715.120   213866.120
  2090:   214000.130   214087.120   214416.130   214455.130   214519.130
  2095:   214609.120   214731.130   214814.120   214926.130   215338.740
  2100:   215394.130   215460.840   215484.540   215484.320   215484.330
  2105:   215484.350   215484.240   215484.120   215734.220   215734.230
  2110:   215734.250   215734.340   215877.120   215913.120   216534.740
  2115:   216757.640   216757.320   216757.330   216757.350   216757.240
  2120:   216757.130   217007.220   217007.230   217007.250   217007.340
  2125:   217109.540   217109.320   217109.330   217109.350   217109.240
  2130:   217109.120   217359.220   217359.230   217359.250   217359.340
  2135:   217453.120   217539.130   217623.120   217721.130   217802.120
  2140:   217923.130   218025.120   218110.130   218175.120   218322.120
  2145:   218439.120   218699.130   218788.120   218903.120   219061.120
  2150:   219153.130   219241.120   219423.120   219511.130   219600.120
  2155:   219686.130   219738.130   219821.120   219967.120   220154.120
  2160:   220240.130   220274.130   220355.120   220561.120   220642.130
  2165:   220677.130   220762.120   220851.130   220891.130   220985.120
  2170:   221163.130   221203.130   221295.120   221393.130   221482.120
  2175:   221691.120   221778.130   221814.130   221916.120   222003.130
  2180:   222379.120   222494.130   222527.130   222673.120   222758.130
  2185:   222848.120   223074.120   223156.130   223191.130   223278.120
  2190:   223368.130   223472.120   223578.130   223741.120   223968.130
  2195:   224007.840   224052.120   224144.640   224144.320   224144.330
  2200:   224144.350   224144.240   224144.130   224394.220   224394.230
  2205:   224394.250   224394.340   224866.120   224969.130   225061.120
  2210:   225216.120   225314.130   225407.130   225610.120   225697.130
  2215:   225800.120   225889.130   225981.120   226064.130   226097.130
  2220:   226183.120   226271.130   226360.120   226534.120   226619.130
  2225:   226652.130   226751.120   226845.130   226934.120   227150.130
  2230:   227185.130   227268.120   227479.120   227736.120   227828.130
  2235:   228221.130   228257.130   228339.120   228485.130   228521.130
  2240:   228617.120   228716.130   228804.120   229001.130   229079.120
  2245:   229094.840   229171.640   229171.320   229171.330   229171.350
  2250:   229171.240   229171.130   229421.220   229421.230   229421.250
  2255:   229421.340   229503.120   229540.120   229559.740   229670.130
  2260:   229754.540   229754.320   229754.330   229754.350   229754.240
  2265:   229754.120   230004.220   230004.230   230004.250   230004.340
  2270:   230129.120   230236.130   230302.120   230451.120   230546.130
  2275:   230643.120   230793.120   231010.130   231043.130   231144.120
  2280:   231226.130   231261.130   231346.120   231592.130   231693.120
  2285:   231819.130   231988.130   232072.120   232262.120   232378.130
  2290:   232413.130   232501.120   232675.120   232883.130   232917.130
  2295:   232965.130   233004.740   233059.540   233059.320   233059.330
  2300:   233059.350   233059.240   233059.120   233309.220   233309.230
  2305:   233309.250   233309.340   233417.120   233516.130   233583.120
  2310:   233706.120   233709.740   233890.540   233890.320   233890.330
  2315:   233890.350   233890.240   233890.120   234140.220   234140.230
  2320:   234140.250   234140.340   234243.120   234285.120   234443.130
  2325:   234534.120   234694.130   234781.120   234957.130   235040.740
  2330:   235060.540   235060.320   235060.330   235060.350   235060.240
  2335:   235060.120   235310.220   235310.230   235310.250   235310.340
  2340:   235394.120   235486.130   235555.120   235648.130   235728.120
  2345:   235878.120   235910.740   235966.130   236009.130   236098.540
  2350:   236098.320   236098.330   236098.350   236098.240   236098.120
  2355:   236348.220   236348.230   236348.250   236348.340   236434.120
  2360:   236473.120   236564.130   236630.120   236668.120   236849.120
  2365:   236935.130   237076.120   237162.130   237280.120   237363.130
  2370:   237404.130   237490.120   237581.130   237618.130   237713.120
  2375:   237801.130   237978.120   238059.130   238140.120   238224.130
  2380:   238988.130   239083.120   239173.130   239260.120   239537.120
  2385:   239603.130   239689.120   239780.120   239900.130   240058.120
  2390:   240238.120   240366.130   240442.120   240664.130   240698.130
  2395:   240740.130   240823.120   240980.130   241065.120   241245.120
  2400:   241395.130   241732.120   241794.130   241871.120   242177.130
  2405:   242276.120   242609.120   242718.130   242808.120   242901.130
  2410:   243080.120   243197.130   243284.120   243465.120   243681.120
  2415:   243771.130   243807.130   243900.120   243991.130   244075.120
  2420:   244297.120   244383.130   244487.120   244614.130   244852.130
  2425:   244884.130   244959.120   245116.120   245206.130   245388.130
  2430:   245424.130   245498.120   246254.130   246350.120   246643.130
  2435:   247266.120   247349.130   247436.120   247541.120   247637.130
  2440:   247856.130   247936.120   248348.130   248442.120   248697.120
  2445:   248781.130   248868.120   249178.120   249271.130   249362.120
  2450:   249648.740   250382.130   250477.540   250477.320   250477.330
  2455:   250477.350   250477.240   250477.120   250727.220   250727.230
  2460:   250727.250   250727.340   250827.120   250865.120   250967.130
  2465:   251100.120   251257.120   251411.120   251525.130   251568.130
  2470:   251669.120   251759.130   251850.120   252135.120   252219.130
  2475:   254226.130   254921.840   255712.640   255712.320   255712.330
  2480:   255712.350   255712.240   255712.130   255962.220   255962.230
  2485:   255962.250   255962.340   256062.840   256071.120   256439.120
  2490:   256535.640   256535.320   256535.330   256535.350   256535.240
  2495:   256535.130   256785.220   256785.230   256785.250   256785.340
  2500:   256888.120   256927.120   257261.130   257298.130   257421.120
  2505:   257574.120   257667.130   257750.120   257900.120   258121.120
  2510:   258210.130   258301.120   258468.130   258562.120   258857.120
  2515:   258947.130   259319.130   259464.120   259551.130   259639.120
  2520:   259785.840   259796.640   259796.320   259796.330   259796.350
  2525:   259796.240   259796.130   260046.220   260046.230   260046.250
  2530:   260046.340   260130.120   260218.130   260333.120   260481.120
  2535:   260775.130   260848.120   260938.130   261057.120   261283.130
  2540:   261368.120   261610.130   261706.120   261935.120   262031.130
  2545:   262197.120   262282.130   262320.130   262493.130   262529.130
  2550:   262618.120   262713.130   262811.120   262839.120   262929.130
  2555:   263221.120   263308.130   263439.120   263637.130   263820.130
  2560:   263930.120   264024.130   264179.120   264272.130   264312.130
  2565:   264405.120   264525.130   264560.130   264806.130   264840.130
  2570:   264927.740   264928.540   264928.320   264928.330   264928.350
  2575:   264928.240   264928.120   265178.220   265178.230   265178.250
  2580:   265178.340   265272.120   265348.130   265415.120   265639.130
  2585:   265676.130   265721.130   265814.120   265940.120   266037.130
  2590:   266119.130   266213.120   266583.130   266620.130   266706.120
  2595:   266747.120   266857.130   266975.120   267146.840   267148.120
  2600:   267248.640   267248.320   267248.330   267248.350   267248.240
  2605:   267248.130   267498.220   267498.230   267498.250   267498.340
  2610:   267584.120   267708.130   267786.120   267946.120   267998.840
  2615:   268132.640   268132.320   268132.330   268132.350   268132.240
  2620:   268132.130   268382.220   268382.230   268382.250   268382.340
  2625:   268478.740   268497.540   268497.320   268497.330   268497.350
  2630:   268497.240   268497.120   268747.220   268747.230   268747.250
  2635:   268747.340   268890.120   268983.130   269020.130   269106.120
  2640:   269212.130   269247.740   269250.130   269334.540   269334.320
  2645:   269334.330   269334.350   269334.240   269334.120   269584.220
  2650:   269584.230   269584.250   269584.340   269709.120   269818.130
  2655:   269883.120   270041.120   270130.130   270168.130   270255.120
  2660:   270341.130   270454.120   270538.130   270573.130   270670.120
  2665:   270762.130   270784.740   270850.540   270850.320   270850.330
  2670:   270850.350   270850.240   270850.120   271100.220   271100.230
  2675:   271100.250   271100.340   271200.120   271286.130   271366.120
  2680:   271502.130   271570.120   271617.120   271811.130   271893.120
  2685:   271981.130   272166.120   272323.120   272410.130   272447.130
  2690:   272539.120   272747.120   272835.130   272928.120   273086.130
  2695:   273170.120   273255.130   273350.120   273532.130   273570.130
  2700:   273609.130   273698.120   273856.120   273944.130   274125.120
  2705:   274218.130   274334.120   274582.840   274621.120   274720.640
  2710:   274720.320   274720.330   274720.350   274720.240   274720.130
  2715:   274970.220   274970.230   274970.250   274970.340   275102.120
  2720:   275196.130   275274.120   275383.130   275472.120   275564.130
  2725:   275650.120   275739.130   275823.120   275995.130   276105.120
  2730:   276257.130   276291.130   276376.120   276571.120   276766.130
  2735:   276797.130   276885.120   277024.130   277064.130   277161.120
  2740:   277250.130   277339.120   277429.130   277550.120   277580.120
  2745:   277672.130   277862.130   278038.130   278117.130   278226.120
  2750:   278315.130   278428.120   278514.130   278716.120   278812.130
  2755:   278902.120   279147.130   279200.740   279232.540   279232.320
  2760:   279232.330   279232.350   279232.240   279232.120   279482.220
  2765:   279482.230   279482.250   279482.340   279597.120   279686.130
  2770:   279911.120   280022.130   280059.130   280148.120   280305.120
  2775:   280450.120   280544.130   280580.130   280615.130   280724.120
  2780:   280867.120   281084.130   281164.120   281295.130   281382.120
  2785:   281582.740   281622.540   281622.320   281622.330   281622.350
  2790:   281622.240   281622.120   281872.220   281872.230   281872.250
  2795:   281872.340   281980.120   282071.130   282137.120   282223.130
  2800:   282311.120   282465.120   282643.120   282856.130   282942.120
  2805:   283026.130   283270.120   283360.130   283440.120   283473.120
  2810:   283570.130   283658.130   283756.120   283900.130   283947.130
  2815:   283984.130   284071.120   284160.130   284245.120   284556.120
  2820:   284652.130   284736.120   285056.120   285070.840   285153.640
  2825:   285153.320   285153.330   285153.350   285153.240   285153.130
  2830:   285403.220   285403.230   285403.250   285403.340   285513.120
  2835:   285646.130   285736.120   285898.120   285928.120   286019.130
  2840:   286100.120   286187.130   286220.130   286297.120   286403.840
  2845:   286455.120   286523.640   286523.320   286523.330   286523.350
  2850:   286523.240   286523.130   286772.740   286773.220   286773.230
  2855:   286773.250   286773.340   286877.540   286877.320   286877.330
  2860:   286877.350   286877.240   286877.120   287127.220   287127.230
  2865:   287127.250   287127.340   287227.120   287323.130   287404.120
  2870:   287627.740   287924.130   287961.130   288034.540   288034.320
  2875:   288034.330   288034.350   288034.240   288034.120   288284.220
  2880:   288284.230   288284.250   288284.340   288377.120   288491.130
  2885:   288556.120   288642.130   288713.120   288781.130   288851.120
  2890:   288942.130   289025.120   289198.120   289369.120   289461.130
  2895:   289554.120   289721.130   289755.130   289836.120   289923.130
  2900:   290009.120   290125.130   290164.130   290184.740   290247.540
  2905:   290247.320   290247.330   290247.350   290247.240   290247.120
  2910:   290497.220   290497.230   290497.250   290497.340   290583.120
  2915:   290658.120   290799.120   290976.120   291066.130   291154.120
  2920:   291270.130   291305.130   291391.120   291595.130   291709.120
  2925:   291799.130   291904.120   291994.130   292093.120   292173.840
  2930:   292369.120   292452.640   292452.320   292452.330   292452.350
  2935:   292452.240   292452.130   292702.220   292702.230   292702.250
  2940:   292702.340   292807.120   292896.130   292975.120   293158.130
  2945:   293227.120   293318.130   293399.120   293571.120   293656.130
  2950:   293745.130   293950.130   293986.130   294076.120   294176.130
  2955:   294263.120   294405.120   294497.740   294568.540   294568.320
  2960:   294568.330   294568.350   294568.240   294568.120   294818.220
  2965:   294818.230   294818.250   294818.340   294919.120   295008.130
  2970:   295090.120   295312.130   295401.120   295674.120   295766.130
  2975:   295800.130   295886.120   296008.130   296097.120   296184.130
  2980:   296245.130   296333.120   296422.130   296508.120   296837.120
  2985:   296927.130   297016.120   297169.120   297317.130   297439.120
  2990:   297480.120   297595.130   297662.120   297781.130   297863.120
  2995:   298037.120   298147.130   298241.120   298325.130   298421.120
  3000:   298575.120   298718.740   298756.130   298836.540   298836.320
  3005:   298836.330   298836.350   298836.240   298836.120   299086.220
  3010:   299086.230   299086.250   299086.340   299189.120   299202.840
  3015:   299277.640   299277.320   299277.330   299277.350   299277.240
  3020:   299277.130   299527.220   299527.230   299527.250   299527.340
  3025:   299634.120   299740.130   299825.120   299919.130   300009.120
  3030:   300139.130   300203.120   300336.120   300562.130   300599.130
  3035:   300640.130   300735.120   300786.740   300866.130   300933.540
  3040:   300933.320   300933.330   300933.350   300933.240   300933.120
  3045:   301183.220   301183.230   301183.250   301183.340   301288.120
  3050:   301379.130   301461.120   301552.130   301624.120   301711.130
  3055:   301798.120   301888.130   301929.130   302018.120   302083.740
  3060:   302204.130   302241.130   302308.540   302308.320   302308.330
  3065:   302308.350   302308.240   302308.120   302558.220   302558.230
  3070:   302558.250   302558.340   302661.120   302755.130   302836.120
  3075:   302956.130   303043.120   303239.130   303325.120   303483.120
  3080:   303576.130   303707.120   303797.130   303827.840   303950.120
  3085:   304029.640   304029.320   304029.330   304029.350   304029.240
  3090:   304029.130   304279.220   304279.230   304279.250   304279.340
  3095:   304382.120   304477.130   304554.120   304639.130   304677.130
  3100:   304772.120   304858.740   304894.130   304982.540   304982.320
  3105:   304982.330   304982.350   304982.240   304982.120   305232.220
  3110:   305232.230   305232.250   305232.340   305319.120   305441.130
  3115:   305528.120   305616.130   305730.120   305827.130   305913.120
  3120:   306005.130   306099.120   306186.130   306224.130   306295.120
  3125:   306381.130   306443.120   306531.130   306568.130   306634.120
  3130:   306782.120   306940.120   307057.130   307138.120   307258.130
  3135:   307279.840   307346.120   307434.640   307434.320   307434.330
  3140:   307434.350   307434.240   307434.130   307684.220   307684.230
  3145:   307684.250   307684.340   307768.120   307863.130   307898.130
  3150:   307972.120   308060.130   308146.120   308259.130   308339.120
  3155:   308425.130   308507.120   308593.130   308677.120   308794.130
  3160:   308867.120   308962.130   309033.120   309117.130   309154.130
  3165:   309222.120   309300.130   309335.130   309423.120   309506.130
  3170:   309532.740   309588.540   309588.320   309588.330   309588.350
  3175:   309588.240   309588.120   309838.220   309838.230   309838.250
  3180:   309838.340   309919.120   310007.130   310111.120   310192.130
  3185:   310286.120   310397.130   310481.120   310628.120   310716.130
  3190:   310803.120   311124.130   311250.120   311339.130   311420.120
  3195:   311533.120   311876.130   311982.120   312070.120   312138.740
  3200:   312167.130   312254.540   312254.320   312254.330   312254.350
  3205:   312254.240   312254.120   312504.220   312504.230   312504.250
  3210:   312504.340   312616.120   312704.740   312717.130   312800.540
  3215:   312800.320   312800.330   312800.350   312800.240   312800.120
  3220:   313050.220   313050.230   313050.250   313050.340   313163.120
  3225:   313244.130   313304.120   313453.130   313516.120   313550.740
  3230:   313603.130   313683.540   313683.320   313683.330   313683.350
  3235:   313683.240   313683.120   313933.220   313933.230   313933.250
  3240:   313933.340   314031.120   314107.130   314180.120   314344.130
  3245:   314404.120   314440.120   314581.130   314642.120   314726.130
  3250:   314799.120   314913.130   314995.120   315167.120   315249.130
  3255:   315434.120   315684.840   315797.640   315797.320   315797.330
  3260:   315797.350   315797.240   315797.130   316047.220   316047.230
  3265:   316047.250   316047.340   316133.740   316154.540   316154.320
  3270:   316154.330   316154.350   316154.240   316154.120   316404.220
  3275:   316404.230   316404.250   316404.340   316504.120   316586.130
  3280:   316665.120   316775.130   316804.740   316938.130   317001.130
  3285:   317042.130   317130.540   317130.320   317130.330   317130.350
  3290:   317130.240   317130.120   317380.220   317380.230   317380.250
  3295:   317380.340   317510.120   317598.130   317721.120   317807.130
  3300:   317840.130   317922.120   318030.130   318107.120   318227.130
  3305:   318308.120   318453.120   318480.740   318681.540   318681.320
  3310:   318681.330   318681.350   318681.240   318681.120   318931.220
  3315:   318931.230   318931.250   318931.340   319032.120   319124.130
  3320:   319201.120   319328.120   319436.130   319516.120   319656.120
  3325:   319749.130   319784.130   319825.130   319862.130   319943.120
  3330:   320036.120   320203.120   320349.130   320508.120   320593.130
  3335:   320626.130   320659.130   320743.120   320850.130   320931.120
  3340:   321139.120   321174.120   321263.120   321351.130   321434.120
  3345:   321532.120   321727.130   321832.120   321942.120   322045.130
  3350:   322147.840   322217.640   322217.320   322217.330   322217.350
  3355:   322217.240   322217.130   322467.220   322467.230   322467.250
  3360:   322467.340   322665.120   322758.130   322844.120   322983.120
  3365:   323229.120   323310.130   323463.130   323539.120   323620.130
  3370:   323692.120   323781.130   323816.130   323851.130   323911.120
  3375:   323993.130   324065.120   324131.740   324145.130   325159.130
  3380:   325863.540   325863.320   325863.330   325863.350   325863.240
  3385:   325863.120   326113.220   326113.230   326113.250   326113.340
  3390:   326215.120   326313.740   327159.130   327167.840   327191.640
  3395:   327191.320   327191.330   327191.350   327191.240   327191.130
  3400:   327441.220   327441.230   327441.250   327441.340   327827.540
  3405:   327827.320   327827.330   327827.350   327827.240   327827.120
  3410:   328077.220   328077.230   328077.250   328077.340   328172.120
  3415:   328258.130   328334.120   329777.740   329962.130   329993.130
  3420:   330076.540   330076.320   330076.330   330076.350   330076.240
  3425:   330076.120   330326.220   330326.230   330326.250   330326.340
  3430:   330423.120   330512.130   330596.120   330718.120   330919.120
  3435:   330998.130   331077.120   331259.120   331496.130   331572.120
  3440:   331675.130   331947.120   332032.130   332289.120   332374.130
  3445:   332407.130   332474.120   332600.120   332787.130   332869.120
  3450:   333051.120   333130.130   333164.130   333239.120   333405.120
  3455:   333557.130   333626.740   333635.540   333635.320   333635.330
  3460:   333635.350   333635.240   333635.120   333885.220   333885.230
  3465:   333885.250   333885.340   333967.120   334004.120   334157.120
  3470:   334300.130   334332.130   334364.130   334445.120   334585.740
  3475:   334760.130   334841.540   334841.320   334841.330   334841.350
  3480:   334841.240   334841.120   335091.220   335091.230   335091.250
  3485:   335091.340   335184.120   335227.120   335307.130   335385.120
  3490:   335486.130   335547.120   335673.130   335734.120   335877.130
  3495:   336041.120   336175.120   336409.130   336441.130   336551.120
  3500:   336629.130   336661.130   336808.130   337014.120   337084.130
  3505:   337172.120   339191.740   339780.130   339853.540   339853.320
  3510:   339853.330   339853.350   339853.240   339853.120   340103.220
  3515:   340103.230   340103.250   340103.340   340191.120   340224.120
  3520:   340307.130   340369.120   340512.120   340656.120   340739.130
  3525:   341131.120   341241.130   341300.120   341303.740   341438.540
  3530:   341438.320   341438.330   341438.350   341438.240   341438.120
  3535:   341688.220   341688.230   341688.250   341688.340   341788.120
  3540:   341909.130   342019.120   342169.130   342243.120   342410.120
  3545:   342570.120   342761.130   342868.120   343048.120   343162.120
  3550:   343282.120   343524.130   343790.120   343874.130   343956.120
  3555:   344057.130   344087.130   344116.130   344204.120   344288.740
  3560:   344310.130   344422.540   344422.320   344422.330   344422.350
  3565:   344422.240   344422.120   344672.220   344672.230   344672.250
  3570:   344672.340   344785.120   344823.120   344902.130   344984.120
  3575:   345097.130   345130.130   345210.120   345272.740   345303.130
  3580:   345339.130   345423.540   345423.320   345423.330   345423.350
  3585:   345423.240   345423.120   345673.220   345673.230   345673.250
  3590:   345673.340   345767.120   345852.130   345927.120   346026.120
  3595:   346297.120   346364.130   346456.120   346640.120   346759.130
  3600:   346839.120   346941.840   346981.120   347299.640   347299.320
  3605:   347299.330   347299.350   347299.240   347299.130   347549.220
  3610:   347549.230   347549.250   347549.340   347673.120   347821.120
  3615:   347909.130   347988.130   348025.130   348114.120   348265.130
  3620:   348356.120   348445.130   348530.120   348617.130   348706.120
  3625:   348782.130   348818.130   348894.120   349034.120   349112.130
  3630:   349144.130   349225.120   349306.130   349523.120   349612.130
  3635:   349747.120   349921.130   350001.120   350107.130   350183.120
  3640:   350298.130   350329.130   350407.120   350579.120   350668.130
  3645:   350699.130   350780.120   350817.120   350986.130   351021.130
  3650:   351108.120   351149.120   351291.130   351603.130   351684.120
  3655:   351770.130   351890.120   351968.130   352170.120   352253.130
  3660:   352367.120   352449.130   352556.120   352827.120   352919.130
  3665:   353080.130   353158.130   353241.120   353509.120   353655.130
  3670:   353737.120   354403.120   354517.130   354547.130   354628.120
  3675:   354770.130   354865.120   354967.120   355194.120   355276.120
  3680:   355441.120   355614.130   355644.130   355719.120   356273.740
  3685:   356497.540   356497.320   356497.330   356497.350   356497.240
  3690:   356497.120   356747.220   356747.230   356747.250   356747.340
  3695:   356856.120   356938.130   357006.120   357122.130   357201.120
  3700:   357456.130   357517.130   357625.120   357888.130   357947.740
  3705:   357998.540   357998.320   357998.330   357998.350   357998.240
  3710:   357998.120   358248.220   358248.230   358248.250   358248.340
  3715:   358331.120   358417.130   358475.120   358588.130   358662.120
  3720:   358738.120   358918.130   358949.840   358999.120   359151.640
  3725:   359151.320   359151.330   359151.350   359151.240   359151.130
  3730:   359401.220   359401.230   359401.250   359401.340   359497.120
  3735:   359501.840   359588.640   359588.320   359588.330   359588.350
  3740:   359588.240   359588.130   359838.220   359838.230   359838.250
  3745:   359838.340   359928.120   360000.320   360000.330   360000.350
  3750:   360000.020
C:
     0:        0.000     1290.000      993.000      106.000       40.000
     5:        0.000
D:
     0:        0.000        0.000
L:
     0:      333.000      333.000      333.000
M:
     0:      900.000      901.000      902.000      903.000      904.000
     5:      905.000      906.000      907.000      908.000      909.000
    10:      910.000      911.000      912.000      913.000      914.000
    15:      915.000      916.000      917.000      918.000      919.000
    20:      920.000      921.000      922.000      923.000      924.000
    25:      925.000      926.000      927.000      928.000      929.000
    30:      930.000      931.000      932.000      933.000      934.000
    35:      935.000      936.000      937.000      938.000      939.000
    40:      940.000      941.000      942.000      943.000      944.000
    45:      945.000      946.000      947.000      948.000      949.000
    50:      950.000      951.000      952.000      953.000      954.000
    55:      955.000      956.000      957.000      958.000      959.000
    60:      960.000      961.000      962.000      963.000      964.000
    65:      965.000      966.000      967.000      968.000      969.000
    70:      970.000      971.000      972.000      973.000      974.000
    75:      975.000      976.000      977.000      978.000      979.000
    80:      980.000      981.000      982.000      983.000      984.000
    85:      985.000      986.000      987.000      988.000      989.000
    90:      990.000      991.000      992.000      993.000      994.000
    95:      995.000      996.000      997.000      998.000      999.000
   100:     1000.000     1001.000     1002.000     1003.000     1004.000
   105:     1005.000     1006.000     1007.000     1008.000     1009.000
   110:     1010.000     1011.000     1012.000     1013.000     1014.000
   115:     1015.000     1016.000     1017.000     1018.000     1019.000
   120:     1020.000     1021.000     1022.000     1023.000     1024.000
   125:     1025.000     1026.000     1027.000     1028.000     1029.000
   130:     1030.000     1031.000     1032.000     1033.000     1034.000
   135:     1035.000     1036.000     1037.000     1038.000     1039.000
   140:     1040.000     1041.000     1042.000     1043.000     1044.000
   145:     1045.000     1046.000     1047.000     1048.000     1049.000
   150:     1050.000     1051.000     1052.000     1053.000     1054.000
   155:     1055.000     1056.000     1057.000     1058.000     1059.000
   160:     1060.000     1061.000     1062.000     1063.000     1064.000
   165:     1065.000     1066.000     1067.000     1068.000     1069.000
   170:     1070.000     1071.000     1072.000     1073.000     1074.000
   175:     1075.000     1076.000     1077.000     1078.000     1079.000
   180:     1080.000     1081.000     1082.000     1083.000     1084.000
   185:     1085.000     1086.000     1087.000     1088.000     1089.000
   190:     1090.000     1091.000     1092.000     1093.000     1094.000
   195:     1095.000     1096.000     1097.000     1098.000     1099.000
   200:     1100.000     1101.000     1102.000     1103.000     1104.000
   205:     1105.000     1106.000     1107.000     1108.000     1109.000
   210:     1110.000     1111.000     1112.000     1113.000     1114.000
   215:     1115.000     1116.000     1117.000     1118.000     1119.000
   220:     1120.000     1121.000     1122.000     1123.000     1124.000
   225:     1125.000     1126.000     1127.000     1128.000     1129.000
   230:     1130.000     1131.000     1132.000     1133.000     1134.000
   235:     1135.000     1136.000     1137.000     1138.000     1139.000
   240:     1140.000     1141.000     1142.000     1143.000     1144.000
   245:     1145.000     1146.000     1147.000     1148.000     1149.000
   250:     1150.000     1151.000     1152.000     1153.000     1154.000
   255:     1155.000     1156.000     1157.000     1158.000     1159.000
   260:     1160.000     1161.000     1162.000     1163.000     1164.000
   265:     1165.000     1166.000     1167.000     1168.000     1169.000
   270:     1170.000     1171.000     1172.000     1173.000     1174.000
   275:     1175.000     1176.000     1177.000     1178.000     1179.000
   280:     1180.000     1181.000     1182.000     1183.000     1184.000
   285:     1185.000     1186.000     1187.000     1188.000     1189.000
   290:     1190.000     1191.000     1192.000     1193.000     1194.000
   295:     1195.000     1196.000     1197.000     1198.000     1199.000
   300:     1200.000     1201.000     1202.000     1203.000     1204.000
   305:     1205.000     1206.000     1207.000     1208.000     1209.000
   310:     1210.000     1211.000     1212.000     1213.000     1214.000
   315:     1215.000     1216.000     1217.000     1218.000     1219.000
   320:     1220.000     1221.000     1222.000     1223.000     1224.000
   325:     1225.000     1226.000     1227.000     1228.000     1229.000
   330:     1230.000     1231.000     1232.000     1233.000     1234.000
   335:     1235.000     1236.000     1237.000     1238.000     1239.000
   340:     1240.000     1241.000     1242.000     1243.000     1244.000
   345:     1245.000     1246.000     1247.000     1248.000     1249.000
   350:     1250.000     1251.000     1252.000     1253.000     1254.000
   355:     1255.000     1256.000     1257.000     1258.000     1259.000
   360:     1260.000     1261.000     1262.000     1263.000     1264.000
   365:     1265.000     1266.000     1267.000     1268.000     1269.000
   370:     1270.000     1271.000     1272.000     1273.000     1274.000
   375:     1275.000     1276.000     1277.000     1278.000     1279.000
   380:     1280.000     1281.000     1282.000     1283.000     1284.000
   385:     1285.000     1286.000     1287.000     1288.000     1289.000
   390:     1290.000     1291.000     1292.000     1293.000     1294.000
   395:     1295.000     1296.000     1297.000     1298.000     1299.000
   400:     1300.000     1301.000     1302.000     1303.000     1304.000
   405:     1305.000     1306.000     1307.000     1308.000     1309.000
   410:     1310.000     1311.000     1312.000     1313.000     1314.000
   415:     1315.000     1316.000     1317.000     1318.000     1319.000
   420:     1320.000     1321.000     1322.000     1323.000     1324.000
   425:     1325.000     1326.000     1327.000     1328.000     1329.000
   430:     1330.000     1331.000     1332.000     1333.000     1334.000
   435:     1335.000     1336.000     1337.000     1338.000     1339.000
   440:     1340.000     1341.000     1342.000     1343.000     1344.000
   445:     1345.000     1346.000     1347.000     1348.000     1349.000
   450:     1350.000     1351.000     1352.000     1353.000     1354.000
   455:     1355.000     1356.000     1357.000     1358.000     1359.000
   460:     1360.000     1361.000     1362.000     1363.000     1364.000
   465:     1365.000     1366.000     1367.000     1368.000     1369.000
   470:     1370.000     1371.000     1372.000     1373.000     1374.000
   475:     1375.000     1376.000     1377.000     1378.000     1379.000
   480:     1380.000     1381.000     1382.000     1383.000     1384.000
   485:     1385.000     1386.000     1387.000     1388.000     1389.000
   490:     1390.000     1391.000     1392.000     1393.000     1394.000
   495:     1395.000     1396.000     1397.000     1398.000     1399.000
   500:     1400.000     1401.000     1402.000     1403.000     1404.000
   505:     1405.000     1406.000     1407.000     1408.000     1409.000
   510:     1410.000     1411.000     1412.000     1413.000     1414.000
   515:     1415.000     1416.000     1417.000     1418.000     1419.000
   520:     1420.000     1421.000     1422.000     1423.000     1424.000
   525:     1425.000     1426.000     1427.000     1428.000     1429.000
   530:     1430.000     1431.000     1432.000     1433.000     1434.000
   535:     1435.000     1436.000     1437.000     1438.000     1439.000
   540:     1440.000     1441.000     1442.000     1443.000     1444.000
   545:     1445.000     1446.000     1447.000     1448.000     1449.000
   550:     1450.000     1451.000     1452.000     1453.000     1454.000
   555:     1455.000     1456.000     1457.000     1458.000     1459.000
   560:     1460.000     1461.000     1462.000     1463.000     1464.000
   565:     1465.000     1466.000     1467.000     1468.000     1469.000
   570:     1470.000     1471.000     1472.000     1473.000     1474.000
   575:     1475.000     1476.000     1477.000     1478.000     1479.000
   580:     1480.000     1481.000     1482.000     1483.000     1484.000
   585:     1485.000     1486.000     1487.000     1488.000     1489.000
   590:     1490.000     1491.000     1492.000     1493.000     1494.000
   595:     1495.000     1496.000     1497.000     1498.000     1499.000
   600:     1500.000     1501.000     1502.000     1503.000     1504.000
   605:     1505.000     1506.000     1507.000     1508.000     1509.000
   610:     1510.000     1511.000     1512.000     1513.000     1514.000
   615:     1515.000     1516.000     1517.000     1518.000     1519.000
   620:     1520.000     1521.000     1522.000     1523.000     1524.000
   625:     1525.000     1526.000     1527.000     1528.000     1529.000
   630:     1530.000     1531.000     1532.000     1533.000     1534.000
   635:     1535.000     1536.000     1537.000     1538.000     1539.000
   640:     1540.000     1541.000     1542.000     1543.000     1544.000
   645:     1545.000     1546.000     1547.000     1548.000     1549.000
   650:     1550.000     1551.000     1552.000     1553.000     1554.000
   655:     1555.000     1556.000     1557.000     1558.000     1559.000
   660:     1560.000     1561.000     1562.000     1563.000     1564.000
   665:     1565.000     1566.000     1567.000     1568.000     1569.000
   670:     1570.000     1571.000     1572.000     1573.000     1574.000
   675:     1575.000     1576.000     1577.000     1578.000     1579.000
   680:     1580.000     1581.000     1582.000     1583.000     1584.000
   685:     1585.000     1586.000     1587.000     1588.000     1589.000
   690:     1590.000     1591.000     1592.000     1593.000     1594.000
   695:     1595.000     1596.000     1597.000     1598.000     1599.000
   700:     1600.000     1601.000     1602.000     1603.000     1604.000
   705:     1605.000     1606.000     1607.000     1608.000     1609.000
   710:     1610.000     1611.000     1612.000     1613.000     1614.000
   715:     1615.000     1616.000     1617.000     1618.000     1619.000
   720:     1620.000     1621.000     1622.000     1623.000     1624.000
   725:     1625.000     1626.000     1627.000     1628.000     1629.000
   730:     1630.000     1631.000     1632.000     1633.000     1634.000
   735:     1635.000     1636.000     1637.000     1638.000     1639.000
   740:     1640.000     1641.000     1642.000     1643.000     1644.000
   745:     1645.000     1646.000     1647.000     1648.000     1649.000
   750:     1650.000     1651.000     1652.000     1653.000     1654.000
   755:     1655.000     1656.000     1657.000     1658.000     1659.000
   760:     1660.000     1661.000     1662.000     1663.000     1664.000
   765:     1665.000     1666.000     1667.000     1668.000     1669.000
   770:     1670.000     1671.000     1672.000     1673.000     1674.000
   775:     1675.000     1676.000     1677.000     1678.000     1679.000
   780:     1680.000     1681.000     1682.000     1683.000     1684.000
   785:     1685.000     1686.000     1687.000     1688.000     1689.000
   790:     1690.000     1691.000     1692.000     1693.000     1694.000
   795:     1695.000     1696.000     1697.000     1698.000     1699.000
   800:     1700.000     1701.000     1702.000     1703.000     1704.000
   805:     1705.000     1706.000     1707.000     1708.000     1709.000
   810:     1710.000     1711.000     1712.000     1713.000     1714.000
   815:     1715.000     1716.000     1717.000     1718.000     1719.000
   820:     1720.000     1721.000     1722.000     1723.000     1724.000
   825:     1725.000     1726.000     1727.000     1728.000     1729.000
   830:     1730.000     1731.000     1732.000     1733.000     1734.000
   835:     1735.000     1736.000     1737.000     1738.000     1739.000
   840:     1740.000     1741.000     1742.000     1743.000     1744.000
   845:     1745.000     1746.000     1747.000     1748.000     1749.000
   850:     1750.000     1751.000     1752.000     1753.000     1754.000
   855:     1755.000     1756.000     1757.000     1758.000     1759.000
   860:     1760.000     1761.000     1762.000     1763.000     1764.000
   865:     1765.000     1766.000     1767.000     1768.000     1769.000
   870:     1770.000     1771.000     1772.000     1773.000     1774.000
   875:     1775.000     1776.000     1777.000     1778.000     1779.000
   880:     1780.000     1781.000     1782.000     1783.000     1784.000
   885:     1785.000     1786.000     1787.000     1788.000     1789.000
   890:     1790.000     1791.000     1792.000     1793.000     1794.000
   895:     1795.000     1796.000     1797.000     1798.000     1799.000
   900:     1800.000     1801.000     1802.000     1803.000     1804.000
   905:     1805.000     1806.000     1807.000     1808.000     1809.000
   910:     1810.000     1811.000     1812.000     1813.000     1814.000
   915:     1815.000     1816.000     1817.000     1818.000     1819.000
   920:     1820.000     1821.000     1822.000     1823.000     1824.000
   925:     1825.000     1826.000     1827.000     1828.000     1829.000
   930:     1830.000     1831.000     1832.000     1833.000     1834.000
   935:     1835.000     1836.000     1837.000     1838.000     1839.000
   940:     1840.000     1841.000     1842.000     1843.000     1844.000
   945:     1845.000     1846.000     1847.000     1848.000     1849.000
   950:     1850.000     1851.000     1852.000     1853.000     1854.000
   955:     1855.000     1856.000     1857.000     1858.000     1859.000
   960:     1860.000     1861.000     1862.000     1863.000     1864.000
   965:     1865.000     1866.000     1867.000     1868.000     1869.000
   970:     1870.000     1871.000     1872.000     1873.000     1874.000
   975:     1875.000     1876.000     1877.000     1878.000     1879.000
   980:     1880.000     1881.000     1882.000     1883.000     1884.000
   985:     1885.000     1886.000     1887.000     1888.000     1889.000
   990:     1890.000     1891.000     1892.000     1893.000     1894.000
   995:     1895.000     1896.000     1897.000     1898.000     1899.000
  1000:     1900.000     1901.000     1902.000     1903.000     1904.000
  1005:     1905.000     1906.000     1907.000     1908.000     1909.000
  1010:     1910.000     1911.000     1912.000     1913.000     1914.000
  1015:     1915.000     1916.000     1917.000     1918.000     1919.000
  1020:     1920.000     1921.000     1922.000     1923.000     1924.000
  1025:     1925.000     1926.000     1927.000     1928.000     1929.000
  1030:     1930.000     1931.000     1932.000     1933.000     1934.000
  1035:     1935.000     1936.000     1937.000     1938.000     1939.000
  1040:     1940.000     1941.000     1942.000     1943.000     1944.000
  1045:     1945.000     1946.000     1947.000     1948.000     1949.000
  1050:     1950.000     1951.000     1952.000     1953.000     1954.000
  1055:     1955.000     1956.000     1957.000     1958.000     1959.000
  1060:     1960.000     1961.000     1962.000     1963.000     1964.000
  1065:     1965.000     1966.000     1967.000     1968.000     1969.000
  1070:     1970.000     1971.000     1972.000     1973.000     1974.000
  1075:     1975.000     1976.000     1977.000     1978.000     1979.000
  1080:     1980.000     1981.000     1982.000     1983.000     1984.000
  1085:     1985.000     1986.000     1987.000     1988.000     1989.000
  1090:     1990.000     1991.000     1992.000     1993.000     1994.000
  1095:     1995.000     1996.000     1997.000     1998.000     1999.000
  1100:     2000.000     2001.000     2002.000     2003.000     2004.000
  1105:     2005.000     2006.000     2007.000     2008.000     2009.000
  1110:     2010.000     2011.000     2012.000     2013.000     2014.000
  1115:     2015.000     2016.000     2017.000     2018.000     2019.000
  1120:     2020.000     2021.000     2022.000     2023.000     2024.000
  1125:     2025.000     2026.000     2027.000     2028.000     2029.000
  1130:     2030.000     2031.000     2032.000     2033.000     2034.000
  1135:     2035.000     2036.000     2037.000     2038.000     2039.000
  1140:     2040.000     2041.000     2042.000     2043.000     2044.000
  1145:     2045.000     2046.000     2047.000     2048.000     2049.000
  1150:     2050.000     2051.000     2052.000     2053.000     2054.000
  1155:     2055.000     2056.000     2057.000     2058.000     2059.000
  1160:     2060.000     2061.000     2062.000     2063.000     2064.000
  1165:     2065.000     2066.000     2067.000     2068.000     2069.000
  1170:     2070.000     2071.000     2072.000     2073.000     2074.000
  1175:     2075.000     2076.000     2077.000     2078.000     2079.000
  1180:     2080.000     2081.000     2082.000     2083.000     2084.000
  1185:     2085.000     2086.000     2087.000     2088.000     2089.000
  1190:     2090.000     2091.000     2092.000     2093.000     2094.000
  1195:     2095.000     2096.000     2097.000     2098.000     2099.000
  1200:     2100.000
N:
     0:     3300.000     3301.000     3302.000     3303.000     3304.000
     5:     3305.000     3306.000     3307.000     3308.000     3309.000
    10:     3310.000     3311.000     3312.000     3313.000     3314.000
    15:     3315.000     3316.000     3317.000     3318.000     3319.000
    20:     3320.000     3321.000     3322.000     3323.000     3324.000
    25:     3325.000     3326.000     3327.000     3328.000     3329.000
    30:     3330.000     3331.000     3332.000     3333.000     3334.000
    35:     3335.000     3336.000     3337.000     3338.000     3339.000
    40:     3340.000     3341.000     3342.000     3343.000     3344.000
    45:     3345.000     3346.000     3347.000     3348.000     3349.000
    50:     3350.000     3351.000     3352.000     3353.000     3354.000
    55:     3355.000     3356.000     3357.000     3358.000     3359.000
    60:     3360.000     3361.000     3362.000     3363.000     3364.000
    65:     3365.000     3366.000     3367.000     3368.000     3369.000
    70:     3370.000     3371.000     3372.000     3373.000     3374.000
    75:     3375.000     3376.000     3377.000     3378.000     3379.000
    80:     3380.000     3381.000     3382.000     3383.000     3384.000
    85:     3385.000     3386.000     3387.000     3388.000     3389.000
    90:     3390.000     3391.000     3392.000     3393.000     3394.000
    95:     3395.000     3396.000     3397.000     3398.000     3399.000
   100:     3400.000     3401.000     3402.000     3403.000     3404.000
   105:     3405.000     3406.000     3407.000     3408.000     3409.000
   110:     3410.000     3411.000     3412.000     3413.000     3414.000
   115:     3415.000     3416.000     3417.000     3418.000     3419.000
   120:     3420.000     3421.000     3422.000     3423.000     3424.000
   125:     3425.000     3426.000     3427.000     3428.000     3429.000
   130:     3430.000     3431.000     3432.000     3433.000     3434.000
   135:     3435.000     3436.000     3437.000     3438.000     3439.000
   140:     3440.000     3441.000     3442.000     3443.000     3444.000
   145:     3445.000     3446.000     3447.000     3448.000     3449.000
   150:     3450.000     3451.000     3452.000     3453.000     3454.000
   155:     3455.000     3456.000     3457.000     3458.000     3459.000
   160:     3460.000     3461.000     3462.000     3463.000     3464.000
   165:     3465.000     3466.000     3467.000     3468.000     3469.000
   170:     3470.000     3471.000     3472.000     3473.000     3474.000
   175:     3475.000     3476.000     3477.000     3478.000     3479.000
   180:     3480.000     3481.000     3482.000     3483.000     3484.000
   185:     3485.000     3486.000     3487.000     3488.000     3489.000
   190:     3490.000     3491.000     3492.000     3493.000     3494.000
   195:     3495.000     3496.000     3497.000     3498.000     3499.000
   200:     3500.000     3501.000     3502.000     3503.000     3504.000
   205:     3505.000     3506.000     3507.000     3508.000     3509.000
   210:     3510.000     3511.000     3512.000     3513.000     3514.000
   215:     3515.000     3516.000     3517.000     3518.000     3519.000
   220:     3520.000     3521.000     3522.000     3523.000     3524.000
   225:     3525.000     3526.000     3527.000     3528.000     3529.000
   230:     3530.000     3531.000     3532.000     3533.000     3534.000
   235:     3535.000     3536.000     3537.000     3538.000     3539.000
   240:     3540.000     3541.000     3542.000     3543.000     3544.000
   245:     3545.000     3546.000     3547.000     3548.000     3549.000
   250:     3550.000     3551.000     3552.000     3553.000     3554.000
   255:     3555.000     3556.000     3557.000     3558.000     3559.000
   260:     3560.000     3561.000     3562.000     3563.000     3564.000
   265:     3565.000     3566.000     3567.000     3568.000     3569.000
   270:     3570.000     3571.000     3572.000     3573.000     3574.000
   275:     3575.000     3576.000     3577.000     3578.000     3579.000
   280:     3580.000     3581.000     3582.000     3583.000     3584.000
   285:     3585.000     3586.000     3587.000     3588.000     3589.000
   290:     3590.000     3591.000     3592.000     3593.000     3594.000
   295:     3595.000     3596.000     3597.000     3598.000     3599.000
   300:     3600.000     3601.000     3602.000     3603.000     3604.000
   305:     3605.000     3606.000     3607.000     3608.000     3609.000
   310:     3610.000     3611.000     3612.000     3613.000     3614.000
   315:     3615.000     3616.000     3617.000     3618.000     3619.000
   320:     3620.000     3621.000     3622.000     3623.000     3624.000
   325:     3625.000     3626.000     3627.000     3628.000     3629.000
   330:     3630.000     3631.000     3632.000     3633.000     3634.000
   335:     3635.000     3636.000     3637.000     3638.000     3639.000
   340:     3640.000     3641.000     3642.000     3643.000     3644.000
   345:     3645.000     3646.000     3647.000     3648.000     3649.000
   350:     3650.000     3651.000     3652.000     3653.000     3654.000
   355:     3655.000     3656.000     3657.000     3658.000     3659.000
   360:     3660.000     3661.000     3662.000     3663.000     3664.000
   365:     3665.000     3666.000     3667.000     3668.000     3669.000
   370:     3670.000     3671.000     3672.000     3673.000     3674.000
   375:     3675.000     3676.000     3677.000     3678.000     3679.000
   380:     3680.000     3681.000     3682.000     3683.000     3684.000
   385:     3685.000     3686.000     3687.000     3688.000     3689.000
   390:     3690.000     3691.000     3692.000     3693.000     3694.000
   395:     3695.000     3696.000     3697.000     3698.000     3699.000
   400:     3700.000     3701.000     3702.000     3703.000     3704.000
   405:     3705.000     3706.000     3707.000     3708.000     3709.000
   410:     3710.000     3711.000     3712.000     3713.000     3714.000
   415:     3715.000     3716.000     3717.000     3718.000     3719.000
   420:     3720.000     3721.000     3722.000     3723.000     3724.000
   425:     3725.000     3726.000     3727.000     3728.000     3729.000
   430:     3730.000     3731.000     3732.000     3733.000     3734.000
   435:     3735.000     3736.000     3737.000     3738.000     3739.000
   440:     3740.000     3741.000     3742.000     3743.000     3744.000
   445:     3745.000     3746.000     3747.000     3748.000     3749.000
   450:     3750.000     3751.000     3752.000     3753.000     3754.000
   455:     3755.000     3756.000     3757.000     3758.000     3759.000
   460:     3760.000     3761.000     3762.000     3763.000     3764.000
   465:     3765.000     3766.000     3767.000     3768.000     3769.000
   470:     3770.000     3771.000     3772.000     3773.000     3774.000
   475:     3775.000     3776.000     3777.000     3778.000     3779.000
   480:     3780.000     3781.000     3782.000     3783.000     3784.000
   485:     3785.000     3786.000     3787.000     3788.000     3789.000
   490:     3790.000     3791.000     3792.000     3793.000     3794.000
   495:     3795.000     3796.000     3797.000     3798.000     3799.000
   500:     3800.000     3801.000     3802.000     3803.000     3804.000
   505:     3805.000     3806.000     3807.000     3808.000     3809.000
   510:     3810.000     3811.000     3812.000     3813.000     3814.000
   515:     3815.000     3816.000     3817.000     3818.000     3819.000
   520:     3820.000     3821.000     3822.000     3823.000     3824.000
   525:     3825.000     3826.000     3827.000     3828.000     3829.000
   530:     3830.000     3831.000     3832.000     3833.000     3834.000
   535:     3835.000     3836.000     3837.000     3838.000     3839.000
   540:     3840.000     3841.000     3842.000     3843.000     3844.000
   545:     3845.000     3846.000     3847.000     3848.000     3849.000
   550:     3850.000     3851.000     3852.000     3853.000     3854.000
   555:     3855.000     3856.000     3857.000     3858.000     3859.000
   560:     3860.000     3861.000     3862.000     3863.000     3864.000
   565:     3865.000     3866.000     3867.000     3868.000     3869.000
   570:     3870.000     3871.000     3872.000     3873.000     3874.000
   575:     3875.000     3876.000     3877.000     3878.000     3879.000
   580:     3880.000     3881.000     3882.000     3883.000     3884.000
   585:     3885.000     3886.000     3887.000     3888.000     3889.000
   590:     3890.000     3891.000     3892.000     3893.000     3894.000
   595:     3895.000     3896.000     3897.000     3898.000     3899.000
   600:     3900.000     3901.000     3902.000     3903.000     3904.000
   605:     3905.000     3906.000     3907.000     3908.000     3909.000
   610:     3910.000     3911.000     3912.000     3913.000     3914.000
   615:     3915.000     3916.000     3917.000     3918.000     3919.000
   620:     3920.000     3921.000     3922.000     3923.000     3924.000
   625:     3925.000     3926.000     3927.000     3928.000     3929.000
   630:     3930.000     3931.000     3932.000     3933.000     3934.000
   635:     3935.000     3936.000     3937.000     3938.000     3939.000
   640:     3940.000     3941.000     3942.000     3943.000     3944.000
   645:     3945.000     3946.000     3947.000     3948.000     3949.000
   650:     3950.000     3951.000     3952.000     3953.000     3954.000
   655:     3955.000     3956.000     3957.000     3958.000     3959.000
   660:     3960.000     3961.000     3962.000     3963.000     3964.000
   665:     3965.000     3966.000     3967.000     3968.000     3969.000
   670:     3970.000     3971.000     3972.000     3973.000     3974.000
   675:     3975.000     3976.000     3977.000     3978.000     3979.000
   680:     3980.000     3981.000     3982.000     3983.000     3984.000
   685:     3985.000     3986.000     3987.000     3988.000     3989.000
   690:     3990.000     3991.000     3992.000     3993.000     3994.000
   695:     3995.000     3996.000     3997.000     3998.000     3999.000
   700:     4000.000     4001.000     4002.000     4003.000     4004.000
   705:     4005.000     4006.000     4007.000     4008.000     4009.000
   710:     4010.000     4011.000     4012.000     4013.000     4014.000
   715:     4015.000     4016.000     4017.000     4018.000     4019.000
   720:     4020.000     4021.000     4022.000     4023.000     4024.000
   725:     4025.000     4026.000     4027.000     4028.000     4029.000
   730:     4030.000     4031.000     4032.000     4033.000     4034.000
   735:     4035.000     4036.000     4037.000     4038.000     4039.000
   740:     4040.000     4041.000     4042.000     4043.000     4044.000
   745:     4045.000     4046.000     4047.000     4048.000     4049.000
   750:     4050.000     4051.000     4052.000     4053.000     4054.000
   755:     4055.000     4056.000     4057.000     4058.000     4059.000
   760:     4060.000     4061.000     4062.000     4063.000     4064.000
   765:     4065.000     4066.000     4067.000     4068.000     4069.000
   770:     4070.000     4071.000     4072.000     4073.000     4074.000
   775:     4075.000     4076.000     4077.000     4078.000     4079.000
   780:     4080.000     4081.000     4082.000     4083.000     4084.000
   785:     4085.000     4086.000     4087.000     4088.000     4089.000
   790:     4090.000     4091.000     4092.000     4093.000     4094.000
   795:     4095.000     4096.000     4097.000     4098.000     4099.000
   800:     4100.000     4101.000     4102.000     4103.000     4104.000
   805:     4105.000     4106.000     4107.000     4108.000     4109.000
   810:     4110.000     4111.000     4112.000     4113.000     4114.000
   815:     4115.000     4116.000     4117.000     4118.000     4119.000
   820:     4120.000     4121.000     4122.000     4123.000     4124.000
   825:     4125.000     4126.000     4127.000     4128.000     4129.000
   830:     4130.000     4131.000     4132.000     4133.000     4134.000
   835:     4135.000     4136.000     4137.000     4138.000     4139.000
   840:     4140.000     4141.000     4142.000     4143.000     4144.000
   845:     4145.000     4146.000     4147.000     4148.000     4149.000
   850:     4150.000     4151.000     4152.000     4153.000     4154.000
   855:     4155.000     4156.000     4157.000     4158.000     4159.000
   860:     4160.000     4161.000     4162.000     4163.000     4164.000
   865:     4165.000     4166.000     4167.000     4168.000     4169.000
   870:     4170.000     4171.000     4172.000     4173.000     4174.000
   875:     4175.000     4176.000     4177.000     4178.000     4179.000
   880:     4180.000     4181.000     4182.000     4183.000     4184.000
   885:     4185.000     4186.000     4187.000     4188.000     4189.000
   890:     4190.000     4191.000     4192.000     4193.000     4194.000
   895:     4195.000     4196.000     4197.000     4198.000     4199.000
   900:     4200.000     4201.000     4202.000     4203.000     4204.000
   905:     4205.000     4206.000     4207.000     4208.000     4209.000
   910:     4210.000     4211.000     4212.000     4213.000     4214.000
   915:     4215.000     4216.000     4217.000     4218.000     4219.000
   920:     4220.000     4221.000     4222.000     4223.000     4224.000
   925:     4225.000     4226.000     4227.000     4228.000     4229.000
   930:     4230.000     4231.000     4232.000     4233.000     4234.000
   935:     4235.000     4236.000     4237.000     4238.000     4239.000
   940:     4240.000     4241.000     4242.000     4243.000     4244.000
   945:     4245.000     4246.000     4247.000     4248.000     4249.000
   950:     4250.000     4251.000     4252.000     4253.000     4254.000
   955:     4255.000     4256.000     4257.000     4258.000     4259.000
   960:     4260.000     4261.000     4262.000     4263.000     4264.000
   965:     4265.000     4266.000     4267.000     4268.000     4269.000
   970:     4270.000     4271.000     4272.000     4273.000     4274.000
   975:     4275.000     4276.000     4277.000     4278.000     4279.000
   980:     4280.000     4281.000     4282.000     4283.000     4284.000
   985:     4285.000     4286.000     4287.000     4288.000     4289.000
   990:     4290.000     4291.000     4292.000     4293.000     4294.000
   995:     4295.000     4296.000     4297.000     4298.000     4299.000
  1000:     4300.000     4301.000     4302.000     4303.000     4304.000
  1005:     4305.000     4306.000     4307.000     4308.000     4309.000
  1010:     4310.000     4311.000     4312.000     4313.000     4314.000
  1015:     4315.000     4316.000     4317.000     4318.000     4319.000
  1020:     4320.000     4321.000     4322.000     4323.000     4324.000
  1025:     4325.000     4326.000     4327.000     4328.000     4329.000
  1030:     4330.000     4331.000     4332.000     4333.000     4334.000
  1035:     4335.000     4336.000     4337.000     4338.000     4339.000
  1040:     4340.000     4341.000     4342.000     4343.000     4344.000
  1045:     4345.000     4346.000     4347.000     4348.000     4349.000
  1050:     4350.000     4351.000     4352.000     4353.000     4354.000
  1055:     4355.000     4356.000     4357.000     4358.000     4359.000
  1060:     4360.000     4361.000     4362.000     4363.000     4364.000
  1065:     4365.000     4366.000     4367.000     4368.000     4369.000
  1070:     4370.000     4371.000     4372.000     4373.000     4374.000
  1075:     4375.000     4376.000     4377.000     4378.000     4379.000
  1080:     4380.000     4381.000     4382.000     4383.000     4384.000
  1085:     4385.000     4386.000     4387.000     4388.000     4389.000
  1090:     4390.000     4391.000     4392.000     4393.000     4394.000
  1095:     4395.000     4396.000     4397.000     4398.000     4399.000
  1100:     4400.000     4401.000     4402.000     4403.000     4404.000
  1105:     4405.000     4406.000     4407.000     4408.000     4409.000
  1110:     4410.000     4411.000     4412.000     4413.000     4414.000
  1115:     4415.000     4416.000     4417.000     4418.000     4419.000
  1120:     4420.000     4421.000     4422.000     4423.000     4424.000
  1125:     4425.000     4426.000     4427.000     4428.000     4429.000
  1130:     4430.000     4431.000     4432.000     4433.000     4434.000
  1135:     4435.000     4436.000     4437.000     4438.000     4439.000
  1140:     4440.000     4441.000     4442.000     4443.000     4444.000
  1145:     4445.000     4446.000     4447.000     4448.000     4449.000
  1150:     4450.000     4451.000     4452.000     4453.000     4454.000
  1155:     4455.000     4456.000     4457.000     4458.000     4459.000
  1160:     4460.000     4461.000     4462.000     4463.000     4464.000
  1165:     4465.000     4466.000     4467.000     4468.000     4469.000
  1170:     4470.000     4471.000     4472.000     4473.000     4474.000
  1175:     4475.000     4476.000     4477.000     4478.000     4479.000
  1180:     4480.000     4481.000     4482.000     4483.000     4484.000
  1185:     4485.000     4486.000     4487.000     4488.000     4489.000
  1190:     4490.000     4491.000     4492.000     4493.000     4494.000
  1195:     4495.000     4496.000     4497.000     4498.000     4499.000
  1200:     4500.000
R:
     0:      111.000      111.000      111.000
V:
     0:     1978.000     3930.000
W:
     0:     1978.000     3930.000
