File: C:\MED-PC IV\DATA\p054_s28_japede


Start Date: 07/25/17
End Date: 07/25/17
Subject: p054
Experiment: 0
Group: 0
Box: 7
Start Time: 15:03:32
End Time: 16:04:25
MSN: japede_L_30_30_30_R_90_90_90
B:       0.000
E:    3876.000
F:       0.000
G:       0.000
H:       0.000
I:       1.000
J:       1.000
K:       0.000
O:       0.000
P:       0.000
Q:       0.000
S:  360000.000
T:  360000.000
U:       0.000
X:       0.000
Y:       0.000
Z:       0.000
A:
     0:        0.010        0.250        0.220        0.230      199.740
     5:      422.540      422.320      422.330      422.350      422.240
    10:      422.120      672.220      672.230      672.250      672.340
    15:      799.840      921.120     1055.640     1055.320     1055.330
    20:     1055.350     1055.240     1055.130     1305.220     1305.230
    25:     1305.250     1305.340     1405.840     1457.120     1872.740
    30:     1883.640     1883.320     1883.330     1883.350     1883.240
    35:     1883.130     2133.220     2133.230     2133.250     2133.340
    40:     2281.540     2281.320     2281.330     2281.350     2281.240
    45:     2281.120     2531.220     2531.230     2531.250     2531.340
    50:     2631.740     2682.540     2682.320     2682.330     2682.350
    55:     2682.240     2682.120     2932.220     2932.230     2932.250
    60:     2932.340     3123.120     3405.120     3597.130     3688.120
    65:     3815.130     3906.120     4332.130     4771.120     4994.120
    70:     5090.130     5172.120     5314.120     5486.120     5571.130
    75:     5659.120     5834.130     5962.120     6087.130     6206.120
    80:     6332.740     6617.540     6617.320     6617.330     6617.350
    85:     6617.240     6617.120     6867.220     6867.230     6867.250
    90:     6867.340     6979.120     7015.120     7111.130     7147.130
    95:     7238.120     7326.120     7508.120     7628.130     7715.120
   100:     8518.120     8554.120     8638.130     8724.120     8900.120
   105:     9011.130     9105.120     9187.130     9688.130     9784.120
   110:     9867.740     9954.130    10151.540    10151.320    10151.330
   115:    10151.350    10151.240    10151.120    10401.220    10401.230
   120:    10401.250    10401.340    10506.120    10539.120    10632.130
   125:    10720.120    10780.120    10911.130    11005.120    11101.740
   130:    11127.130    11679.540    11679.320    11679.330    11679.350
   135:    11679.240    11679.120    11929.220    11929.230    11929.250
   140:    11929.340    12026.120    12146.130    12235.120    12326.130
   145:    12415.120    12685.120    12721.120    12808.130    12893.120
   150:    12978.130    13062.120    13144.130    13229.740    13238.540
   155:    13238.320    13238.330    13238.350    13238.240    13238.120
   160:    13488.220    13488.230    13488.250    13488.340    13586.120
   165:    13704.120    13860.130    13945.120    14400.130    14490.120
   170:    14577.130    14898.120    14929.120    14965.120    15079.130
   175:    15115.130    15202.120    15343.130    15383.130    15471.120
   180:    15597.120    15689.120    15883.120    16006.130    16123.120
   185:    16188.740    16340.540    16340.320    16340.330    16340.350
   190:    16340.240    16340.120    16590.220    16590.230    16590.250
   195:    16590.340    16717.120    16837.130    16957.120    17044.120
   200:    17269.120    17290.740    17752.540    17752.320    17752.330
   205:    17752.350    17752.240    17752.120    18002.220    18002.230
   210:    18002.250    18002.340    18106.120    18229.130    18324.120
   215:    18415.120    18621.120    18654.120    18791.130    18884.120
   220:    19174.120    19207.120    19300.130    19388.120    19465.120
   225:    19566.130    19650.120    19848.120    20026.130    20113.120
   230:    20199.130    20331.120    20415.130    20520.120    20669.120
   235:    20704.120    20866.120    21033.120    21124.130    21275.120
   240:    21397.130    21481.120    21672.120    21710.120    21812.130
   245:    21897.120    21985.130    22078.120    22133.840    22602.740
   250:    23711.540    23711.320    23711.330    23711.350    23711.240
   255:    23711.120    23961.220    23961.230    23961.250    23961.340
   260:    24073.120    24302.120    24464.120    24699.120    24842.640
   265:    24842.320    24842.330    24842.350    24842.240    24842.130
   270:    25092.220    25092.230    25092.250    25092.340    25208.120
   275:    25243.120    25261.740    25292.840    25360.640    25360.320
   280:    25360.330    25360.350    25360.240    25360.130    25610.220
   285:    25610.230    25610.250    25610.340    25895.130    25977.540
   290:    25977.320    25977.330    25977.350    25977.240    25977.120
   295:    26227.220    26227.230    26227.250    26227.340    26352.120
   300:    26465.130    26498.130    26527.740    26586.540    26586.320
   305:    26586.330    26586.350    26586.240    26586.120    26836.220
   310:    26836.230    26836.250    26836.340    26956.120    27074.130
   315:    27109.130    27194.120    27279.130    27317.130    27405.120
   320:    27492.130    27583.120    27726.130    27836.740    27925.540
   325:    27925.320    27925.330    27925.350    27925.240    27925.120
   330:    28175.220    28175.230    28175.250    28175.340    28275.120
   335:    28366.120    28404.120    28487.130    28521.130    28554.130
   340:    28637.120    28760.130    28792.130    28904.120    28992.120
   345:    29137.130    29333.120    29368.120    29475.130    29563.120
   350:    29668.130    29791.120    29870.130    30165.120    30175.740
   355:    30330.130    30415.540    30415.320    30415.330    30415.350
   360:    30415.240    30415.120    30665.220    30665.230    30665.250
   365:    30665.340    30949.120    31046.120    31131.130    31164.130
   370:    31235.120    31271.120    31361.130    31448.120    31659.120
   375:    31746.130    31910.120    31991.130    32025.130    32112.120
   380:    32192.130    32323.120    32435.130    32527.120    32610.130
   385:    32665.740    32748.540    32748.320    32748.330    32748.350
   390:    32748.240    32748.120    32998.220    32998.230    32998.250
   395:    32998.340    33105.120    33223.130    33306.120    33399.130
   400:    33487.120    33636.130    33797.120    33831.120    33917.130
   405:    34034.120    34179.120    34266.130    34389.120    34479.130
   410:    34562.120    34647.130    34864.120    34954.130    35045.120
   415:    35158.130    35248.120    35557.120    35726.120    35875.120
   420:    35973.130    36397.130    36490.120    36571.130    36660.120
   425:    36698.740    36756.540    36756.320    36756.330    36756.350
   430:    36756.240    36756.120    37006.220    37006.230    37006.250
   435:    37006.340    37087.120    37272.130    37365.120    37520.130
   440:    37557.130    37662.120    37891.120    37979.120    38069.120
   445:    38366.120    38450.130    38615.120    38907.130    39006.120
   450:    39039.120    39175.120    39270.120    39376.130    39528.120
   455:    39671.120    39846.120    40121.120    40156.120    40206.740
   460:    40257.540    40257.320    40257.330    40257.350    40257.240
   465:    40257.120    40507.220    40507.230    40507.250    40507.340
   470:    40631.120    40668.120    40830.130    40872.130    40961.120
   475:    41002.120    41105.120    41203.130    41290.120    41429.130
   480:    41516.120    41647.130    41792.120    41906.130    41992.120
   485:    42137.120    42317.120    42432.120    42507.740    42519.540
   490:    42519.320    42519.330    42519.350    42519.240    42519.120
   495:    42769.220    42769.230    42769.250    42769.340    42887.120
   500:    43008.130    43040.130    43124.120    43218.120    43253.120
   505:    43338.130    43433.120    43530.120    43739.130    43879.120
   510:    44023.120    44410.120    44449.120    44559.130    44652.120
   515:    44788.130    45021.120    45162.120    45340.120    45457.120
   520:    45638.120    45812.120    46487.120    46519.120    46613.130
   525:    46804.120    46922.120    47369.740    47391.540    47391.320
   530:    47391.330    47391.350    47391.240    47391.120    47641.220
   535:    47641.230    47641.250    47641.340    47741.740    47858.130
   540:    47942.540    47942.320    47942.330    47942.350    47942.240
   545:    47942.120    48192.220    48192.230    48192.250    48192.340
   550:    48290.120    48384.130    48424.130    48507.120    48618.120
   555:    48745.120    48859.130    48943.120    49074.120    49267.120
   560:    49397.120    49476.130    49605.120    49691.130    49821.120
   565:    50001.120    50155.120    50644.120    50772.120    50890.130
   570:    50926.130    51009.120    51161.120    51315.120    51457.120
   575:    51659.120    52072.120    52105.120    52223.130    52308.120
   580:    52511.120    52974.120    53086.120    53168.130    53255.120
   585:    53435.130    53595.130    53676.120    53808.120    53972.120
   590:    54237.120    54390.130    54490.120    54703.120    54831.130
   595:    54988.120    55256.120    55345.120    55479.120    55630.120
   600:    55677.120    55721.120    55792.740    55824.130    55918.540
   605:    55918.320    55918.330    55918.350    55918.240    55918.120
   610:    56168.220    56168.230    56168.250    56168.340    56295.120
   615:    56424.130    56459.130    56556.120    56646.120    56781.130
   620:    56820.130    56919.120    57068.740    57126.540    57126.320
   625:    57126.330    57126.350    57126.240    57126.120    57376.220
   630:    57376.230    57376.250    57376.340    57506.120    57629.130
   635:    57740.130    57777.130    57868.120    57994.130    58100.120
   640:    58191.130    58232.130    58308.120    58394.130    58543.120
   645:    58776.740    59186.130    59271.540    59271.320    59271.330
   650:    59271.350    59271.240    59271.120    59521.220    59521.230
   655:    59521.250    59521.340    59643.120    59797.130    59895.120
   660:    60014.130    60103.120    60193.130    60288.120    60401.130
   665:    60499.120    60860.130    60952.120    61038.130    61131.120
   670:    61339.120    61451.120    61595.130    61743.120    61837.120
   675:    61933.130    62037.120    62133.120    62382.120    62410.840
   680:    62472.640    62472.320    62472.330    62472.350    62472.240
   685:    62472.130    62722.220    62722.230    62722.250    62722.340
   690:    62846.120    62972.130    63010.130    63107.120    63207.120
   695:    63357.120    63451.130    63547.120    63640.130    63750.120
   700:    63874.120    63965.130    64192.120    64248.120    64346.130
   705:    64386.130    64484.120    64580.120    64734.120    65253.120
   710:    65296.120    65390.130    65430.130    65522.120    65613.120
   715:    65702.130    65796.120    65869.120    65979.130    66080.120
   720:    66173.130    66276.120    66370.120    66533.120    66688.130
   725:    66832.120    66918.130    67171.130    67304.120    67389.130
   730:    67486.120    67575.130    67668.120    67771.120    67977.120
   735:    68012.120    68133.130    68170.130    68264.120    68353.130
   740:    68447.120    68655.120    68731.130    69048.120    69086.120
   745:    69121.740    69173.130    69261.540    69261.320    69261.330
   750:    69261.350    69261.240    69261.120    69511.220    69511.230
   755:    69511.250    69511.340    69603.120    69745.130    69822.840
   760:    69840.120    69926.120    70049.640    70049.320    70049.330
   765:    70049.350    70049.240    70049.130    70299.220    70299.230
   770:    70299.250    70299.340    70407.120    70503.130    70538.130
   775:    70626.120    70708.130    70794.120    70894.130    70982.120
   780:    71070.120    71157.130    71283.120    71397.120    71486.130
   785:    71574.120    71658.130    71746.120    71855.130    72019.120
   790:    72124.130    72290.120    72311.740    72356.540    72356.320
   795:    72356.330    72356.350    72356.240    72356.120    72606.220
   800:    72606.230    72606.250    72606.340    72703.120    72886.130
   805:    72906.740    72965.540    72965.320    72965.330    72965.350
   810:    72965.240    72965.120    73215.220    73215.230    73215.250
   815:    73215.340    73329.120    73459.130    73559.120    73664.130
   820:    73750.120    73859.130    74072.120    74151.130    74238.120
   825:    74323.130    74439.120    74516.120    74596.130    74715.120
   830:    74804.120    74882.130    75104.120    75221.120    75278.120
   835:    75531.120    75610.130    75702.120    75818.120    76001.130
   840:    76172.120    76263.120    76367.120    76577.130    76687.120
   845:    77569.120    77599.840    77607.120    77646.120    77750.120
   850:    77840.640    77840.320    77840.330    77840.350    77840.240
   855:    77840.130    78090.220    78090.230    78090.250    78090.340
   860:    78206.120    78317.130    78349.130    78444.120    78535.120
   865:    78620.130    78707.120    78821.130    79012.130    79184.120
   870:    79245.120    79309.130    79566.130    79784.130    80002.120
   875:    80086.130    80169.120    80273.130    80359.120    80441.120
   880:    80539.130    80666.120    80749.130    80896.120    80977.130
   885:    81164.120    81318.120    81547.120    81661.130    81815.740
   890:    82164.540    82164.320    82164.330    82164.350    82164.240
   895:    82164.120    82414.220    82414.230    82414.250    82414.340
   900:    82505.120    82695.130    82780.120    82914.740    82914.130
   905:    83000.540    83000.320    83000.330    83000.350    83000.240
   910:    83000.120    83250.220    83250.230    83250.250    83250.340
   915:    83407.120    83440.120    83532.130    83615.120    83694.120
   920:    83893.120    83972.130    84191.120    84291.120    84380.130
   925:    84569.120    84624.120    84708.130    84791.120    84922.130
   930:    85012.120    85241.130    85386.120    85651.120    85690.840
   935:    85830.120    85907.640    85907.320    85907.330    85907.350
   940:    85907.240    85907.130    85950.740    86157.220    86157.230
   945:    86157.250    86157.340    86256.540    86256.320    86256.330
   950:    86256.350    86256.240    86256.120    86506.220    86506.230
   955:    86506.250    86506.340    86601.120    86637.120    86765.130
   960:    86846.120    87079.120    87164.130    87340.120    87414.130
   965:    87502.120    87581.120    87665.130    87836.120    88190.120
   970:    88276.120    88357.130    88440.120    88545.130    88812.120
   975:    88945.130    89042.120    89138.120    89206.740    89221.130
   980:    89322.540    89322.320    89322.330    89322.350    89322.240
   985:    89322.120    89572.220    89572.230    89572.250    89572.340
   990:    89742.120    89842.130    89872.740    89965.540    89965.320
   995:    89965.330    89965.350    89965.240    89965.120    90215.220
  1000:    90215.230    90215.250    90215.340    90325.120    90358.120
  1005:    90532.130    90565.130    90647.120    90746.120    90832.130
  1010:    90924.120    90957.840    91049.640    91049.320    91049.330
  1015:    91049.350    91049.240    91049.130    91299.220    91299.230
  1020:    91299.250    91299.340    91402.120    91518.130    91605.120
  1025:    91715.120    91826.130    91912.120    92193.130    92321.120
  1030:    92399.120    92477.130    92568.120    92854.120    93096.120
  1035:    93175.130    93650.120    93737.130    94010.120    94098.130
  1040:    94290.120    94368.120    94520.120    94758.120    94856.130
  1045:    95064.120    95179.120    95262.130    95405.120    95492.130
  1050:    95579.120    95635.120    95817.120    95905.120    96127.130
  1055:    96219.120    96282.120    96360.120    96443.130    96583.120
  1060:    96663.130    96895.120    97015.740    97056.540    97056.320
  1065:    97056.330    97056.350    97056.240    97056.120    97306.220
  1070:    97306.230    97306.250    97306.340    97410.120    97489.120
  1075:    97576.130    97667.120    97818.130    97910.120    98025.130
  1080:    98111.120    98544.130    98765.120    98894.120    99024.130
  1085:    99116.120    99157.120    99386.120    99470.120    99704.120
  1090:   100049.120   100168.120   100261.130   100347.120   100436.130
  1095:   100557.120   101242.120   101371.130   101459.120   101549.130
  1100:   101640.120   101866.120   101947.130   102046.120   102181.120
  1105:   102340.120   102843.120   103001.130   103092.120   103321.120
  1110:   103358.120   103459.130   103543.120   103676.130   103762.120
  1115:   104206.120   104283.130   104571.120   104659.130   104748.120
  1120:   104810.120   105017.120   105307.120   105384.130   105668.120
  1125:   105749.130   105848.120   106051.120   106387.120   106467.130
  1130:   106555.120   106616.120   106703.130   106799.840   106821.120
  1135:   107398.120   107628.120   107667.120   107803.640   107803.320
  1140:   107803.330   107803.350   107803.240   107803.130   108053.220
  1145:   108053.230   108053.250   108053.340   108256.120   108289.120
  1150:   108535.130   108573.130   108918.130   109011.120   109076.120
  1155:   109226.130   109316.120   109413.120   109515.120   109636.130
  1160:   110019.120   110144.130   110236.120   110430.130   110641.120
  1165:   110761.130   110857.120   110990.130   111098.120   111139.120
  1170:   111256.130   111512.120   111787.120   112017.120   112148.130
  1175:   112306.740   112416.540   112416.320   112416.330   112416.350
  1180:   112416.240   112416.120   112666.220   112666.230   112666.250
  1185:   112666.340   112785.120   112975.130   113068.120   113138.120
  1190:   113228.130   113317.120   113706.120   114081.120   114199.130
  1195:   114343.120   114666.120   114708.120   114807.130   114915.120
  1200:   115013.120   115066.740   115217.540   115217.320   115217.330
  1205:   115217.350   115217.240   115217.120   115467.220   115467.230
  1210:   115467.250   115467.340   115586.120   115690.120   115826.130
  1215:   115853.840   115910.120   116150.120   116228.640   116228.320
  1220:   116228.330   116228.350   116228.240   116228.130   116478.220
  1225:   116478.230   116478.250   116478.340   116654.120   116736.130
  1230:   116845.120   116867.740   116957.130   117092.540   117092.320
  1235:   117092.330   117092.350   117092.240   117092.120   117342.220
  1240:   117342.230   117342.250   117342.340   117448.120   117556.130
  1245:   117693.120   117812.120   117878.120   117965.130   118108.120
  1250:   118142.740   118187.130   118535.540   118535.320   118535.330
  1255:   118535.350   118535.240   118535.120   118785.220   118785.230
  1260:   118785.250   118785.340   118911.120   118978.840   119028.640
  1265:   119028.320   119028.330   119028.350   119028.240   119028.130
  1270:   119278.220   119278.230   119278.250   119278.340   119472.120
  1275:   119567.130   119724.120   119792.120   119877.130   119969.120
  1280:   120031.120   120210.120   120293.130   120435.120   120684.120
  1285:   120809.120   120890.130   121045.120   121244.120   121460.120
  1290:   121715.120   121802.120   121840.120   121931.120   122021.130
  1295:   122213.130   122345.120   122429.120   122512.130   122911.120
  1300:   122985.740   122991.130   123077.540   123077.320   123077.330
  1305:   123077.350   123077.240   123077.120   123327.220   123327.230
  1310:   123327.250   123327.340   123432.120   123556.130   123594.130
  1315:   123683.120   123816.120   123911.130   124038.120   124127.740
  1320:   124167.540   124167.320   124167.330   124167.350   124167.240
  1325:   124167.120   124417.220   124417.230   124417.250   124417.340
  1330:   124747.130   124784.130   124887.120   124993.120   125086.130
  1335:   125185.120   125310.130   125405.120   125497.120   125578.840
  1340:   125642.120   125732.640   125732.320   125732.330   125732.350
  1345:   125732.240   125732.130   125817.740   125982.220   125982.230
  1350:   125982.250   125982.340   126106.540   126106.320   126106.330
  1355:   126106.350   126106.240   126106.120   126356.220   126356.230
  1360:   126356.250   126356.340   126482.120   126606.130   126700.120
  1365:   126817.130   126915.120   127033.130   127120.120   127369.120
  1370:   127453.130   127540.120   127687.120   127756.740   127773.130
  1375:   127913.540   127913.320   127913.330   127913.350   127913.240
  1380:   127913.120   128163.220   128163.230   128163.250   128163.340
  1385:   128267.120   128306.120   128421.130   128510.120   128629.130
  1390:   128719.120   128814.130   129123.120   129163.740   129242.130
  1395:   129478.540   129478.320   129478.330   129478.350   129478.240
  1400:   129478.120   129728.220   129728.230   129728.250   129728.340
  1405:   129845.120   129934.120   130030.130   130069.130   130160.120
  1410:   130282.130   130376.120   130463.130   130584.120   130701.120
  1415:   130789.130   130881.120   131059.120   131207.120   131426.130
  1420:   131544.120   131792.120   131855.120   131918.120   132018.130
  1425:   132108.120   132272.120   132539.120   132630.130   132721.120
  1430:   132840.130   132949.120   133043.130   133131.120   133228.740
  1435:   133336.540   133336.320   133336.330   133336.350   133336.240
  1440:   133336.120   133586.220   133586.230   133586.250   133586.340
  1445:   133697.120   133737.120   133874.130   133913.130   133986.740
  1450:   134010.540   134010.320   134010.330   134010.350   134010.240
  1455:   134010.120   134260.220   134260.230   134260.250   134260.340
  1460:   134366.120   134401.120   134487.120   134522.120   134626.130
  1465:   134714.120   134782.120   134892.130   134960.740   134983.540
  1470:   134983.320   134983.330   134983.350   134983.240   134983.120
  1475:   135233.220   135233.230   135233.250   135233.340   135326.120
  1480:   135366.120   135471.120   135506.120   135603.130   135690.120
  1485:   135786.120   135876.130   135933.740   136010.540   136010.320
  1490:   136010.330   136010.350   136010.240   136010.120   136260.220
  1495:   136260.230   136260.250   136260.340   136359.120   136488.120
  1500:   136590.120   136686.130   136774.120   136928.120   137137.120
  1505:   137225.130   137374.120   137463.130   137554.120   137739.120
  1510:   137911.120   138127.120   138394.120   138560.740   138601.540
  1515:   138601.320   138601.330   138601.350   138601.240   138601.120
  1520:   138851.220   138851.230   138851.250   138851.340   138957.120
  1525:   139061.120   139272.120   139342.120   139442.130   139534.120
  1530:   139753.120   139884.120   139921.120   140010.130   140129.120
  1535:   140222.120   140316.120   140486.120   140641.120   140813.120
  1540:   140851.740   140982.840   141065.540   141065.320   141065.330
  1545:   141065.350   141065.240   141065.120   141315.220   141315.230
  1550:   141315.250   141315.340   141430.120   141528.120   141628.640
  1555:   141628.320   141628.330   141628.350   141628.240   141628.130
  1560:   141878.220   141878.230   141878.250   141878.340   141997.120
  1565:   142098.130   142190.120   142310.130   142402.120   142492.130
  1570:   142577.120   142638.120   142841.120   143086.120   143176.130
  1575:   143311.120   143505.130   143663.120   144024.120   144121.120
  1580:   144207.130   144440.120   144696.120   144894.120   144990.120
  1585:   145085.130   145262.120   145352.120   145390.120   145746.120
  1590:   145782.120   145860.120   145901.120   145915.740   146173.540
  1595:   146173.320   146173.330   146173.350   146173.240   146173.120
  1600:   146423.220   146423.230   146423.250   146423.340   146535.120
  1605:   146573.120   146697.130   146742.130   146834.120   146895.120
  1610:   146995.120   147035.120   147104.120   147204.120   147392.120
  1615:   147549.120   147760.120   147856.120   147952.130   148048.120
  1620:   148144.120   148469.120   148822.120   148926.120   149020.130
  1625:   149114.120   149238.120   149277.120   149400.130   149532.120
  1630:   149534.120   149580.120   149739.120   149877.130   150028.120
  1635:   150084.120   150174.130   150411.120   150498.120   150777.120
  1640:   150817.120   150922.130   151246.120   151340.120   151434.130
  1645:   151693.120   151808.130   151911.120   152012.130   152222.120
  1650:   152411.120   152637.120   152726.130   152909.120   152993.120
  1655:   153310.120   153403.120   153477.120   153581.120   153932.120
  1660:   154099.130   154310.120   154407.130   154678.120   154714.120
  1665:   154825.120   155100.120   155186.120   155250.120   155526.120
  1670:   155618.130   155810.120   156137.120   156391.120   156476.120
  1675:   156574.130   157086.120   157292.120   157483.120   157523.740
  1680:   157709.540   157709.320   157709.330   157709.350   157709.240
  1685:   157709.120   157959.220   157959.230   157959.250   157959.340
  1690:   158270.120   158306.120   158422.120   158526.130   158564.130
  1695:   158661.120   158756.120   158843.130   158966.120   159295.120
  1700:   159359.120   159454.130   159684.120   159768.120   159990.120
  1705:   160194.120   160401.120   160501.130   160590.120   160761.120
  1710:   160980.120   161402.120   161442.120   161588.120   161672.130
  1715:   162545.120   162600.120   162659.740   162704.130   162956.540
  1720:   162956.320   162956.330   162956.350   162956.240   162956.120
  1725:   163206.220   163206.230   163206.250   163206.340   163315.120
  1730:   163352.120   163390.120   163488.130   163585.120   163794.130
  1735:   163890.120   164046.120   164106.740   164118.540   164118.320
  1740:   164118.330   164118.350   164118.240   164118.120   164368.220
  1745:   164368.230   164368.250   164368.340   164494.120   164566.120
  1750:   164606.120   164705.130   164741.130   164832.120   164996.130
  1755:   165112.120   165201.130   165434.130   165572.120   165578.840
  1760:   165667.120   165761.640   165761.320   165761.330   165761.350
  1765:   165761.240   165761.130   166011.220   166011.230   166011.250
  1770:   166011.340   166134.120   166179.120   166214.120   166333.120
  1775:   166424.130   166517.120   166777.120   166845.130   166994.120
  1780:   167011.840   167197.120   167407.120   167464.120   167552.640
  1785:   167552.320   167552.330   167552.350   167552.240   167552.130
  1790:   167802.220   167802.230   167802.250   167802.340   167912.120
  1795:   167948.120   168011.120   168049.120   168137.130   168232.120
  1800:   168329.130   168454.120   168519.120   168591.130   168716.120
  1805:   168811.130   169049.120   169133.130   169225.120   169464.120
  1810:   169550.130   169729.120   169955.120   170018.120   170111.130
  1815:   170395.120   170568.740   170611.540   170611.320   170611.330
  1820:   170611.350   170611.240   170611.120   170861.220   170861.230
  1825:   170861.250   170861.340   170964.120   171003.120   171107.130
  1830:   171177.130   171272.120   171367.120   171451.130   171542.120
  1835:   171714.120   171797.130   171906.120   171974.120   172052.130
  1840:   172326.120   172403.120   172511.130   172553.130   172660.120
  1845:   172694.120   172950.120   173037.130   173126.120   173301.120
  1850:   173469.120   173779.120   174190.130   174421.120   174485.120
  1855:   174570.130   174797.120   174878.130   175153.120   175236.120
  1860:   175318.130   175416.120   175561.740   175663.540   175663.320
  1865:   175663.330   175663.350   175663.240   175663.120   175913.220
  1870:   175913.230   175913.250   175913.340   176013.120   176046.120
  1875:   176174.130   176299.130   176389.120   176429.120   176554.130
  1880:   176652.120   176689.120   176770.130   176860.120   177030.120
  1885:   177117.130   177247.120   177449.120   177526.130   177925.130
  1890:   178012.120   178369.130   178544.120   178686.120   178995.120
  1895:   179089.130   179289.120   179557.130   179719.120   179773.120
  1900:   179861.130   180073.120   180167.120   180245.130   180549.120
  1905:   180873.120   181000.130   181328.120   181363.120   181628.120
  1910:   182177.130   182439.120   182761.120   182800.120   182885.130
  1915:   183208.120   183299.130   183436.120   183719.120   183814.120
  1920:   183902.130   184094.120   184452.120   184502.840   184543.120
  1925:   184634.640   184634.320   184634.330   184634.350   184634.240
  1930:   184634.130   184884.220   184884.230   184884.250   184884.340
  1935:   184997.120   185035.120   185163.130   185243.120   185335.120
  1940:   185425.130   185599.130   185689.120   185824.120   185859.120
  1945:   186024.120   186121.120   186208.130   186318.120   186372.120
  1950:   186455.130   186585.120   186807.120   187064.120   187426.120
  1955:   187509.120   187614.130   187698.120   187988.130   188213.740
  1960:   188274.540   188274.320   188274.330   188274.350   188274.240
  1965:   188274.120   188524.220   188524.230   188524.250   188524.340
  1970:   188622.120   188716.130   188748.130   188847.120   188949.120
  1975:   189124.740   189231.540   189231.320   189231.330   189231.350
  1980:   189231.240   189231.120   189481.220   189481.230   189481.250
  1985:   189481.340   189600.120   189688.120   189877.130   189984.120
  1990:   190018.120   190103.120   190257.130   190347.120   190440.120
  1995:   190498.120   190598.120   190678.130   190767.120   190909.120
  2000:   190981.740   190995.130   191127.540   191127.320   191127.330
  2005:   191127.350   191127.240   191127.120   191377.220   191377.230
  2010:   191377.250   191377.340   191484.840   191485.120   191577.640
  2015:   191577.320   191577.330   191577.350   191577.240   191577.130
  2020:   191827.220   191827.230   191827.250   191827.340   191928.120
  2025:   192041.130   192071.130   192171.120   192312.130   192396.120
  2030:   192482.120   192592.130   192678.120   192820.120   192965.120
  2035:   193156.120   193195.120   193234.120   193327.130   193420.120
  2040:   193518.120   193726.120   193951.120   194226.120   194320.130
  2045:   194411.120   194674.120   194856.120   195632.120   195668.120
  2050:   195756.130   195855.120   196669.120   196703.120   197079.120
  2055:   197114.120   197242.120   197471.120   197477.740   197506.540
  2060:   197506.320   197506.330   197506.350   197506.240   197506.120
  2065:   197756.220   197756.230   197756.250   197756.340   197865.120
  2070:   197900.120   197945.120   197980.120   198115.130   198148.130
  2075:   198156.740   198237.540   198237.320   198237.330   198237.350
  2080:   198237.240   198237.120   198487.220   198487.230   198487.250
  2085:   198487.340   198587.120   198621.120   198690.120   198787.740
  2090:   198812.130   198914.130   198980.130   199158.540   199158.320
  2095:   199158.330   199158.350   199158.240   199158.120   199408.220
  2100:   199408.230   199408.250   199408.340   199526.120   199564.120
  2105:   199608.740   199747.130   199835.540   199835.320   199835.330
  2110:   199835.350   199835.240   199835.120   200085.220   200085.230
  2115:   200085.250   200085.340   200187.120   200219.120   200395.130
  2120:   200484.120   200517.120   200557.120   200673.120   200758.120
  2125:   200844.120   200943.120   201009.120   201330.120   201457.120
  2130:   201549.130   201635.120   201716.120   201796.120   201879.130
  2135:   201963.120   202083.130   202173.120   202241.120   202350.120
  2140:   202385.740   202535.130   202662.540   202662.320   202662.330
  2145:   202662.350   202662.240   202662.120   202912.220   202912.230
  2150:   202912.250   202912.340   203009.120   203012.740   203044.540
  2155:   203044.320   203044.330   203044.350   203044.240   203044.120
  2160:   203294.220   203294.230   203294.250   203294.340   203417.120
  2165:   203454.120   203497.120   203532.120   203628.130   203735.120
  2170:   203812.120   203953.120   204071.130   204153.120   204245.120
  2175:   204338.120   204682.120   204694.740   204733.540   204733.320
  2180:   204733.330   204733.350   204733.240   204733.120   204983.220
  2185:   204983.230   204983.250   204983.340   205084.120   205120.120
  2190:   205159.120   205198.120   205315.130   205420.120   205480.120
  2195:   205574.120   205721.120   205802.120   205894.120   206585.120
  2200:   206679.120   206770.130   206848.120   207024.120   207083.740
  2205:   207115.130   207197.540   207197.320   207197.330   207197.350
  2210:   207197.240   207197.120   207447.220   207447.230   207447.250
  2215:   207447.340   207554.120   207585.120   207619.120   207651.120
  2220:   207847.120   207921.120   208047.740   208128.540   208128.320
  2225:   208128.330   208128.350   208128.240   208128.120   208378.220
  2230:   208378.230   208378.250   208378.340   208457.120   208493.120
  2235:   208555.120   208589.120   208727.840   208740.640   208740.320
  2240:   208740.330   208740.350   208740.240   208740.130   208990.220
  2245:   208990.230   208990.250   208990.340   209071.120   209090.840
  2250:   209105.120   209201.640   209201.320   209201.330   209201.350
  2255:   209201.240   209201.130   209451.220   209451.230   209451.250
  2260:   209451.340   209536.120   209570.120   209640.120   209726.120
  2265:   209816.130   209901.120   209939.120   210041.120   210182.120
  2270:   210273.120   210358.130   210457.120   210578.740   210612.540
  2275:   210612.320   210612.330   210612.350   210612.240   210612.120
  2280:   210862.220   210862.230   210862.250   210862.340   210957.120
  2285:   210992.120   211029.120   211126.130   211162.740   211206.540
  2290:   211206.320   211206.330   211206.350   211206.240   211206.120
  2295:   211456.220   211456.230   211456.250   211456.340   211551.120
  2300:   211556.740   211729.130   211822.540   211822.320   211822.330
  2305:   211822.350   211822.240   211822.120   212072.220   212072.230
  2310:   212072.250   212072.340   212185.120   212219.120   212259.120
  2315:   212272.740   212351.130   212438.540   212438.320   212438.330
  2320:   212438.350   212438.240   212438.120   212688.220   212688.230
  2325:   212688.250   212688.340   212782.120   212928.130   213004.120
  2330:   213058.120   213163.130   213242.120   213326.120   213408.130
  2335:   213488.120   213588.740   213622.540   213622.320   213622.330
  2340:   213622.350   213622.240   213622.120   213872.220   213872.230
  2345:   213872.250   213872.340   213955.120   213991.120   214194.120
  2350:   214227.120   214307.120   214388.120   214525.120   214760.120
  2355:   214926.120   215102.120   215348.120   215430.120   215596.120
  2360:   215672.740   215745.540   215745.320   215745.330   215745.350
  2365:   215745.240   215745.120   215995.220   215995.230   215995.250
  2370:   215995.340   216074.120   216107.120   216142.120   216205.120
  2375:   216293.130   216375.120   216657.120   216868.120   216906.120
  2380:   216991.130   217094.120   217238.120   217461.120   217540.130
  2385:   217694.120   217774.130   217880.120   218128.120   218651.120
  2390:   218684.120   218765.130   218841.120   218920.120   219211.120
  2395:   219246.120   219288.120   219578.120   219633.120   219673.120
  2400:   219728.120   219811.130   220046.120   220253.120   220295.740
  2405:   220575.540   220575.320   220575.330   220575.350   220575.240
  2410:   220575.120   220825.220   220825.230   220825.250   220825.340
  2415:   220986.120   221022.120   221118.130   221203.120   221276.120
  2420:   221367.130   221453.120   221572.120   221861.120   221922.120
  2425:   222006.130   222261.120   222294.120   222545.120   222585.120
  2430:   222649.120   222928.120   223238.120   223443.120   223534.120
  2435:   223645.120   223850.120   223910.120   223954.120   223988.120
  2440:   224217.120   224422.120   224798.120   225004.120   225070.120
  2445:   225168.120   225244.120   225500.120   225627.120   225752.120
  2450:   225829.120   226358.120   226447.120   226598.120   226850.120
  2455:   226929.120   227199.120   227347.130   227432.120   227662.120
  2460:   227815.120   228273.120   228463.120   228551.840   228622.120
  2465:   228835.120   229106.120   229411.120   229516.120   229641.120
  2470:   229742.120   229774.120   229878.640   229878.320   229878.330
  2475:   229878.350   229878.240   229878.130   230128.220   230128.230
  2480:   230128.250   230128.340   230238.120   230425.740   230431.540
  2485:   230431.320   230431.330   230431.350   230431.240   230431.120
  2490:   230681.220   230681.230   230681.250   230681.340   231084.120
  2495:   231118.120   231195.120   231290.130   231375.120   231457.120
  2500:   231555.120   231707.120   231795.130   231934.120   232074.120
  2505:   232159.120   232375.120   232736.130   232825.120   232911.120
  2510:   233001.120   233129.130   233214.120   233371.120   233757.130
  2515:   234184.120   234269.130   234449.120   234613.120   234724.130
  2520:   234893.120   235081.740   235081.120   235168.130   235258.540
  2525:   235258.320   235258.330   235258.350   235258.240   235258.120
  2530:   235328.840   235508.220   235508.230   235508.250   235508.340
  2535:   235584.120   235620.120   235655.120   235688.120   235723.120
  2540:   235762.120   235799.120   235839.120   235998.640   235998.320
  2545:   235998.330   235998.350   235998.240   235998.130   236248.220
  2550:   236248.230   236248.250   236248.340   236355.120   236390.120
  2555:   236426.120   236455.120   236496.120   236871.120   236908.120
  2560:   236940.120   237119.120   237210.120   237306.120   237507.120
  2565:   237610.120   237791.120   237983.120   238164.130   238354.120
  2570:   238437.130   238662.120   238733.120   238814.130   239090.120
  2575:   239308.740   239378.130   239682.540   239682.320   239682.330
  2580:   239682.350   239682.240   239682.120   239932.220   239932.230
  2585:   239932.250   239932.340   240036.120   240136.120   240246.130
  2590:   240280.130   240369.120   240538.120   240569.120   240663.120
  2595:   240800.120   240885.130   240989.120   241107.130   241212.120
  2600:   241456.120   241494.120   241588.130   241691.120   242532.740
  2605:   242676.540   242676.320   242676.330   242676.350   242676.240
  2610:   242676.120   242926.220   242926.230   242926.250   242926.340
  2615:   243076.120   243173.130   243209.130   243317.120   243326.740
  2620:   243350.540   243350.320   243350.330   243350.350   243350.240
  2625:   243350.120   243600.220   243600.230   243600.250   243600.340
  2630:   243748.840   243799.120   243839.120   243880.120   244092.120
  2635:   244130.120   244228.640   244228.320   244228.330   244228.350
  2640:   244228.240   244228.130   244478.220   244478.230   244478.250
  2645:   244478.340   244623.120   244657.120   244750.120   244949.120
  2650:   245029.130   245115.120   245204.120   245297.130   245377.120
  2655:   245462.120   245525.120   245563.120   245622.120   246016.120
  2660:   246081.120   246176.130   246261.120   246344.120   246435.120
  2665:   247064.120   247150.130   247232.120   247286.120   247375.130
  2670:   247739.120   247841.120   247991.120   248201.120   248535.120
  2675:   248741.120   248821.120   249047.120   249116.120   249204.130
  2680:   249820.120   249908.120   249999.130   250085.120   250574.120
  2685:   250723.120   250916.120   251444.120   251532.130   251676.120
  2690:   251744.120   251833.130   251959.120   252010.120   252100.740
  2695:   252182.130   252271.540   252271.320   252271.330   252271.350
  2700:   252271.240   252271.120   252521.220   252521.230   252521.250
  2705:   252521.340   252633.120   252669.120   252761.130   252886.120
  2710:   252920.120   253010.130   253092.120   253148.120   253221.740
  2715:   253241.130   253325.540   253325.320   253325.330   253325.350
  2720:   253325.240   253325.120   253575.220   253575.230   253575.250
  2725:   253575.340   253692.120   253780.130   253841.130   253930.120
  2730:   253963.120   254016.120   254097.120   254175.130   254258.120
  2735:   254385.130   254468.120   254671.120   254849.120   255018.120
  2740:   255368.120   255450.120   255529.130   255619.120   255762.120
  2745:   256138.120   256217.120   256374.120   256513.120   256747.120
  2750:   256832.120   256943.130   257025.120   257175.740   257212.540
  2755:   257212.320   257212.330   257212.350   257212.240   257212.120
  2760:   257462.220   257462.230   257462.250   257462.340   257582.120
  2765:   257619.120   257740.130   257965.130   258568.120   258602.120
  2770:   258771.120   258810.120   258906.120   259086.120   259341.120
  2775:   259429.120   259462.740   259745.540   259745.320   259745.330
  2780:   259745.350   259745.240   259745.120   259995.220   259995.230
  2785:   259995.250   259995.340   260099.120   260137.120   260174.120
  2790:   260178.840   260211.120   260307.640   260307.320   260307.330
  2795:   260307.350   260307.240   260307.130   260557.220   260557.230
  2800:   260557.250   260557.340   260637.120   260674.120   260803.130
  2805:   260898.120   260936.120   261001.120   261037.120   261162.130
  2810:   261241.120   261304.120   261390.130   261477.120   261620.120
  2815:   261725.120   261875.130   262070.120   262157.840   262187.120
  2820:   262276.640   262276.320   262276.330   262276.350   262276.240
  2825:   262276.130   262526.220   262526.230   262526.250   262526.340
  2830:   262629.120   262664.120   262753.130   262838.120   262871.120
  2835:   263036.130   263125.120   263219.120   263255.120   263355.120
  2840:   263441.130   263588.120   263737.120   264115.120   264209.130
  2845:   264328.120   264424.120   264495.740   264783.130   264872.540
  2850:   264872.320   264872.330   264872.350   264872.240   264872.120
  2855:   265122.220   265122.230   265122.250   265122.340   265242.120
  2860:   265283.120   265380.120   265477.130   265573.120   265611.120
  2865:   265684.120   265769.130   265872.120   266028.120   266492.120
  2870:   266625.120   266934.130   267163.120   267269.130   267493.120
  2875:   267875.120   267969.130   268066.120   268282.120   268440.120
  2880:   268542.120   268855.120   268955.130   269050.120   269139.120
  2885:   269356.120   269804.120   269848.120   269922.740   269927.540
  2890:   269927.320   269927.330   269927.350   269927.240   269927.120
  2895:   270177.220   270177.230   270177.250   270177.340   270410.120
  2900:   270450.120   270573.130   270664.120   270763.130   270860.120
  2905:   270922.120   271041.130   271138.120   271200.120   271277.740
  2910:   271297.130   271438.540   271438.320   271438.330   271438.350
  2915:   271438.240   271438.120   271688.220   271688.230   271688.250
  2920:   271688.340   271897.120   271931.120   271984.120   272121.130
  2925:   272265.120   272411.130   272502.120   272668.120   272738.120
  2930:   272786.120   272908.130   273003.120   273289.120   273384.120
  2935:   273448.120   273492.120   273592.130   273678.120   273803.130
  2940:   273895.120   274219.120   274252.120   274356.120   274449.130
  2945:   274537.120   274778.120   274877.120   274962.130   275058.120
  2950:   275336.130   275503.120   275540.120   275629.130   275774.120
  2955:   276001.120   276228.120   276297.120   276392.130   276685.120
  2960:   276772.130   276865.120   276952.120   276988.740   277039.130
  2965:   277372.540   277372.320   277372.330   277372.350   277372.240
  2970:   277372.120   277622.220   277622.230   277622.250   277622.340
  2975:   277765.120   277806.120   277904.130   278005.120   278045.120
  2980:   278149.120   278245.130   278343.120   278433.120   278528.130
  2985:   278630.120   278847.120   278915.120   279000.130   279148.120
  2990:   279297.120   279460.120   279718.120   279867.130   280028.120
  2995:   280065.120   280111.120   280299.120   280819.120   280858.120
  3000:   281015.130   281107.120   281318.130   281409.120   282086.120
  3005:   282124.120   282213.120   282300.130   282391.120   282622.740
  3010:   282637.130   282785.540   282785.320   282785.330   282785.350
  3015:   282785.240   282785.120   283035.220   283035.230   283035.250
  3020:   283035.340   283191.120   283226.120   283352.130   283440.120
  3025:   283482.120   283583.130   283674.120   283726.840   284065.120
  3030:   284163.120   284253.640   284253.320   284253.330   284253.350
  3035:   284253.240   284253.130   284503.220   284503.230   284503.250
  3040:   284503.340   284624.120   284662.120   284781.130   284874.120
  3045:   285048.130   285145.120   285306.120   285450.120   285664.120
  3050:   285740.120   285835.130   285931.120   286342.120   286404.120
  3055:   286493.130   286587.120   286603.840   286672.120   286869.640
  3060:   286869.320   286869.330   286869.350   286869.240   286869.130
  3065:   287119.220   287119.230   287119.250   287119.340   287225.120
  3070:   287261.120   287362.130   287397.130   287487.120   287610.130
  3075:   287701.120   287854.120   287952.120   288049.120   288292.120
  3080:   288407.130   288551.120   288732.120   288818.130   288964.120
  3085:   289173.120   289473.130   289614.120   289705.130   289818.120
  3090:   290244.120   290378.130   290465.120   290530.120   290571.120
  3095:   290610.120   290784.130   290879.120   291012.130   291095.120
  3100:   291242.120   291346.120   291438.130   291624.120   291981.120
  3105:   292077.130   292177.120   292272.120   292530.120   292535.740
  3110:   292599.130   292807.540   292807.320   292807.330   292807.350
  3115:   292807.240   292807.120   293057.220   293057.230   293057.250
  3120:   293057.340   293197.120   293238.120   293351.130   293386.130
  3125:   293473.120   293557.120   293648.130   293741.120   293839.120
  3130:   293905.120   294001.130   294098.120   294404.130   294681.130
  3135:   294905.120   294988.130   295112.120   295188.120   295360.120
  3140:   295457.740   295532.540   295532.320   295532.330   295532.350
  3145:   295532.240   295532.120   295782.220   295782.230   295782.250
  3150:   295782.340   296012.120   296050.120   296176.130   296294.120
  3155:   296335.120   296382.740   296469.130   296564.540   296564.320
  3160:   296564.330   296564.350   296564.240   296564.120   296814.220
  3165:   296814.230   296814.250   296814.340   296904.120   296939.120
  3170:   297040.130   297133.120   297225.130   297317.120   297484.130
  3175:   297577.120   297757.120   297889.120   297983.130   298115.120
  3180:   298208.120   298392.120   298549.120   298651.120   298735.130
  3185:   298953.120   299056.120   299145.130   299296.120   299530.120
  3190:   299569.120   299647.130   299750.120   299904.120   300127.120
  3195:   300189.120   300245.120   300314.740   300335.130   300449.540
  3200:   300449.320   300449.330   300449.350   300449.240   300449.120
  3205:   300699.220   300699.230   300699.250   300699.340   300803.120
  3210:   300880.120   300979.130   301071.120   301164.130   301253.120
  3215:   301413.120   301503.130   301641.120   301868.120   301999.740
  3220:   302162.540   302162.320   302162.330   302162.350   302162.240
  3225:   302162.120   302412.220   302412.230   302412.250   302412.340
  3230:   302523.120   302615.130   302701.120   302795.130   302918.120
  3235:   303123.120   303481.120   303594.130   303686.120   303781.120
  3240:   303874.120   303957.130   304263.120   304671.120   304760.130
  3245:   304866.120   304985.130   305128.120   305361.120   305458.120
  3250:   305497.120   305585.120   305628.120   305662.120   305701.120
  3255:   305892.130   305980.120   306112.740   306195.130   306284.540
  3260:   306284.320   306284.330   306284.350   306284.240   306284.120
  3265:   306534.220   306534.230   306534.250   306534.340   306618.120
  3270:   306656.120   306759.130   306849.120   306891.120   306996.130
  3275:   307087.120   307213.130   307300.120   307450.120   307702.120
  3280:   307787.130   307878.120   307984.120   308105.120   308138.120
  3285:   308534.740   308543.540   308543.320   308543.330   308543.350
  3290:   308543.240   308543.120   308793.220   308793.230   308793.250
  3295:   308793.340   308886.120   308924.120   309045.130   309131.120
  3300:   309193.740   309221.540   309221.320   309221.330   309221.350
  3305:   309221.240   309221.120   309471.220   309471.230   309471.250
  3310:   309471.340   309572.120   309608.120   309712.130   309804.120
  3315:   310006.120   310102.120   310199.120   310291.130   310378.120
  3320:   310472.120   310678.120   310779.120   310986.120   311064.120
  3325:   311152.130   311358.120   311448.120   311671.740   311695.540
  3330:   311695.320   311695.330   311695.350   311695.240   311695.120
  3335:   311719.840   311945.220   311945.230   311945.250   311945.340
  3340:   312053.120   312095.120   312222.640   312222.320   312222.330
  3345:   312222.350   312222.240   312222.130   312472.220   312472.230
  3350:   312472.250   312472.340   312762.120   312798.120   312890.130
  3355:   312978.120   313079.130   313121.130   313223.120   313374.120
  3360:   313493.130   313582.120   313667.130   313786.120   313869.130
  3365:   314133.120   314215.130   314300.120   314462.120   314646.120
  3370:   314801.120   315012.120   315120.130   315204.120   315295.120
  3375:   315419.120   315585.120   315836.120   315963.130   315972.840
  3380:   316059.120   316346.120   316443.640   316443.320   316443.330
  3385:   316443.350   316443.240   316443.130   316693.220   316693.230
  3390:   316693.250   316693.340   316799.120   316838.120   316932.130
  3395:   317026.120   317113.130   317204.120   317325.130   317412.120
  3400:   317493.130   317625.120   317923.120   317987.120   318075.130
  3405:   318173.120   318245.740   318259.130   318533.540   318533.320
  3410:   318533.330   318533.350   318533.240   318533.120   318783.220
  3415:   318783.230   318783.250   318783.340   318891.120   318981.130
  3420:   319067.120   319151.120   319242.130   319324.120   319472.120
  3425:   319557.130   319755.120   319988.120   320083.130   320351.120
  3430:   320500.120   320642.120   320824.120   320862.120   321182.120
  3435:   321361.120   321513.120   321582.120   321817.120   321934.130
  3440:   322032.120   322242.120   322390.130   322485.120   322579.120
  3445:   322787.120   323034.120   323070.120   323205.130   323298.120
  3450:   323382.130   323466.120   323605.130   323909.120   323951.120
  3455:   324317.120   324359.120   324461.130   324812.120   324895.130
  3460:   325157.120   325183.740   325248.130   325361.540   325361.320
  3465:   325361.330   325361.350   325361.240   325361.120   325611.220
  3470:   325611.230   325611.250   325611.340   325713.120   325833.130
  3475:   325922.120   326011.130   326102.120   326222.120   326311.130
  3480:   326408.120   326503.120   326626.130   326721.120   326871.130
  3485:   327032.120   327104.120   327334.120   327580.120   327665.130
  3490:   327693.840   327864.120   328104.120   328202.640   328202.320
  3495:   328202.330   328202.350   328202.240   328202.130   328411.740
  3500:   328452.220   328452.230   328452.250   328452.340   328561.540
  3505:   328561.320   328561.330   328561.350   328561.240   328561.120
  3510:   328811.220   328811.230   328811.250   328811.340   328905.120
  3515:   328942.120   329080.130   329176.120   329217.120   329360.130
  3520:   329454.120   329552.120   329652.840   329697.120   329791.120
  3525:   329882.640   329882.320   329882.330   329882.350   329882.240
  3530:   329882.130   330132.220   330132.230   330132.250   330132.340
  3535:   330222.120   330258.120   330353.130   330442.120   330658.130
  3540:   330711.740   330744.540   330744.320   330744.330   330744.350
  3545:   330744.240   330744.120   330994.220   330994.230   330994.250
  3550:   330994.340   331094.120   331130.120   331232.840   331261.640
  3555:   331261.320   331261.330   331261.350   331261.240   331261.130
  3560:   331294.740   331511.220   331511.230   331511.250   331511.340
  3565:   331640.540   331640.320   331640.330   331640.350   331640.240
  3570:   331640.120   331890.220   331890.230   331890.250   331890.340
  3575:   332005.120   332007.120   332043.120   332140.120   332184.120
  3580:   332224.120   332266.120   332302.120   332402.130   332452.130
  3585:   332509.130   332595.120   332810.130   332898.120   332983.130
  3590:   333070.120   333173.120   333257.130   333386.120   333472.130
  3595:   333597.120   333679.130   333819.120   334035.120   334090.740
  3600:   334096.540   334096.320   334096.330   334096.350   334096.240
  3605:   334096.120   334346.220   334346.230   334346.250   334346.340
  3610:   334462.120   334499.120   334535.120   334637.130   334729.120
  3615:   334746.740   334852.130   334943.540   334943.320   334943.330
  3620:   334943.350   334943.240   334943.120   335193.220   335193.230
  3625:   335193.250   335193.340   335316.120   335354.120   335444.130
  3630:   335570.120   335663.130   335752.120   335845.130   335931.120
  3635:   336023.130   336169.120   336356.120   336393.740   336477.540
  3640:   336477.320   336477.330   336477.350   336477.240   336477.120
  3645:   336727.220   336727.230   336727.250   336727.340   336838.120
  3650:   336873.120   336989.130   337077.120   337171.130   337260.120
  3655:   337563.120   337649.130   337733.120   337886.120   337976.120
  3660:   338121.120   338287.120   338510.120   338661.120   338816.130
  3665:   338937.120   339035.130   339276.120   339383.130   339476.120
  3670:   339695.120   339955.120   340080.130   340175.120   340221.120
  3675:   340416.130   340504.120   340844.120   340939.120   341009.130
  3680:   341115.120   341156.120   341191.120   341401.120   341567.120
  3685:   341719.120   341930.120   342127.740   342232.540   342232.320
  3690:   342232.330   342232.350   342232.240   342232.120   342482.220
  3695:   342482.230   342482.250   342482.340   342587.120   342623.120
  3700:   342663.120   342726.120   342829.130   342921.120   343011.120
  3705:   343168.120   343235.120   343276.120   343372.130   343690.120
  3710:   343782.120   344010.120   344226.120   344318.120   344404.130
  3715:   344625.120   344837.120   344929.120   345010.130   345288.120
  3720:   345409.130   345522.120   345665.120   345703.120   345748.120
  3725:   345874.130   346160.120   346390.120   346605.120   346732.120
  3730:   346817.130   346882.740   347141.540   347141.320   347141.330
  3735:   347141.350   347141.240   347141.120   347391.220   347391.230
  3740:   347391.250   347391.340   347662.120   347697.120   347734.120
  3745:   347863.130   347901.130   347990.120   348055.120   348100.120
  3750:   348222.130   348316.120   348427.130   348521.120   348717.120
  3755:   348866.120   349059.120   349116.120   349201.130   349463.120
  3760:   349491.740   349502.540   349502.320   349502.330   349502.350
  3765:   349502.240   349502.120   349752.220   349752.230   349752.250
  3770:   349752.340   349866.120   349903.120   349965.120   350470.120
  3775:   350508.120   350593.130   350652.740   350683.540   350683.320
  3780:   350683.330   350683.350   350683.240   350683.120   350933.220
  3785:   350933.230   350933.250   350933.340   351028.120   351063.120
  3790:   351157.130   351367.120   351459.130   351597.120   351688.130
  3795:   351976.120   352060.120   352147.130   352419.120   352566.120
  3800:   353066.120   353103.120   353170.120   353262.130   353580.130
  3805:   353868.120   353958.130   354103.120   354208.120   354365.120
  3810:   354681.120   354743.120   354807.120   354879.130   355170.130
  3815:   355492.120   355589.130   355685.120   355820.120   355833.740
  3820:   356062.540   356062.320   356062.330   356062.350   356062.240
  3825:   356062.120   356312.220   356312.230   356312.250   356312.340
  3830:   356416.120   356456.120   356560.130   356648.120   356748.120
  3835:   356838.130   356932.120   357026.120   357126.120   357350.120
  3840:   357391.120   357481.130   357753.120   357815.120   357857.120
  3845:   357952.130   358255.120   358512.740   358566.540   358566.320
  3850:   358566.330   358566.350   358566.240   358566.120   358816.220
  3855:   358816.230   358816.250   358816.340   358916.120   358953.120
  3860:   359049.130   359132.120   359199.120   359237.120   359328.130
  3865:   359416.120   359516.120   359586.130   359712.120   359773.120
  3870:   359869.130   360000.320   360000.330   360000.350   360000.020
C:
     0:        0.000     1758.000      699.000      109.000       32.000
     5:        0.000
D:
     0:        0.000        0.000
L:
     0:      333.000      333.000      333.000
M:
     0:      900.000      901.000      902.000      903.000      904.000
     5:      905.000      906.000      907.000      908.000      909.000
    10:      910.000      911.000      912.000      913.000      914.000
    15:      915.000      916.000      917.000      918.000      919.000
    20:      920.000      921.000      922.000      923.000      924.000
    25:      925.000      926.000      927.000      928.000      929.000
    30:      930.000      931.000      932.000      933.000      934.000
    35:      935.000      936.000      937.000      938.000      939.000
    40:      940.000      941.000      942.000      943.000      944.000
    45:      945.000      946.000      947.000      948.000      949.000
    50:      950.000      951.000      952.000      953.000      954.000
    55:      955.000      956.000      957.000      958.000      959.000
    60:      960.000      961.000      962.000      963.000      964.000
    65:      965.000      966.000      967.000      968.000      969.000
    70:      970.000      971.000      972.000      973.000      974.000
    75:      975.000      976.000      977.000      978.000      979.000
    80:      980.000      981.000      982.000      983.000      984.000
    85:      985.000      986.000      987.000      988.000      989.000
    90:      990.000      991.000      992.000      993.000      994.000
    95:      995.000      996.000      997.000      998.000      999.000
   100:     1000.000     1001.000     1002.000     1003.000     1004.000
   105:     1005.000     1006.000     1007.000     1008.000     1009.000
   110:     1010.000     1011.000     1012.000     1013.000     1014.000
   115:     1015.000     1016.000     1017.000     1018.000     1019.000
   120:     1020.000     1021.000     1022.000     1023.000     1024.000
   125:     1025.000     1026.000     1027.000     1028.000     1029.000
   130:     1030.000     1031.000     1032.000     1033.000     1034.000
   135:     1035.000     1036.000     1037.000     1038.000     1039.000
   140:     1040.000     1041.000     1042.000     1043.000     1044.000
   145:     1045.000     1046.000     1047.000     1048.000     1049.000
   150:     1050.000     1051.000     1052.000     1053.000     1054.000
   155:     1055.000     1056.000     1057.000     1058.000     1059.000
   160:     1060.000     1061.000     1062.000     1063.000     1064.000
   165:     1065.000     1066.000     1067.000     1068.000     1069.000
   170:     1070.000     1071.000     1072.000     1073.000     1074.000
   175:     1075.000     1076.000     1077.000     1078.000     1079.000
   180:     1080.000     1081.000     1082.000     1083.000     1084.000
   185:     1085.000     1086.000     1087.000     1088.000     1089.000
   190:     1090.000     1091.000     1092.000     1093.000     1094.000
   195:     1095.000     1096.000     1097.000     1098.000     1099.000
   200:     1100.000     1101.000     1102.000     1103.000     1104.000
   205:     1105.000     1106.000     1107.000     1108.000     1109.000
   210:     1110.000     1111.000     1112.000     1113.000     1114.000
   215:     1115.000     1116.000     1117.000     1118.000     1119.000
   220:     1120.000     1121.000     1122.000     1123.000     1124.000
   225:     1125.000     1126.000     1127.000     1128.000     1129.000
   230:     1130.000     1131.000     1132.000     1133.000     1134.000
   235:     1135.000     1136.000     1137.000     1138.000     1139.000
   240:     1140.000     1141.000     1142.000     1143.000     1144.000
   245:     1145.000     1146.000     1147.000     1148.000     1149.000
   250:     1150.000     1151.000     1152.000     1153.000     1154.000
   255:     1155.000     1156.000     1157.000     1158.000     1159.000
   260:     1160.000     1161.000     1162.000     1163.000     1164.000
   265:     1165.000     1166.000     1167.000     1168.000     1169.000
   270:     1170.000     1171.000     1172.000     1173.000     1174.000
   275:     1175.000     1176.000     1177.000     1178.000     1179.000
   280:     1180.000     1181.000     1182.000     1183.000     1184.000
   285:     1185.000     1186.000     1187.000     1188.000     1189.000
   290:     1190.000     1191.000     1192.000     1193.000     1194.000
   295:     1195.000     1196.000     1197.000     1198.000     1199.000
   300:     1200.000     1201.000     1202.000     1203.000     1204.000
   305:     1205.000     1206.000     1207.000     1208.000     1209.000
   310:     1210.000     1211.000     1212.000     1213.000     1214.000
   315:     1215.000     1216.000     1217.000     1218.000     1219.000
   320:     1220.000     1221.000     1222.000     1223.000     1224.000
   325:     1225.000     1226.000     1227.000     1228.000     1229.000
   330:     1230.000     1231.000     1232.000     1233.000     1234.000
   335:     1235.000     1236.000     1237.000     1238.000     1239.000
   340:     1240.000     1241.000     1242.000     1243.000     1244.000
   345:     1245.000     1246.000     1247.000     1248.000     1249.000
   350:     1250.000     1251.000     1252.000     1253.000     1254.000
   355:     1255.000     1256.000     1257.000     1258.000     1259.000
   360:     1260.000     1261.000     1262.000     1263.000     1264.000
   365:     1265.000     1266.000     1267.000     1268.000     1269.000
   370:     1270.000     1271.000     1272.000     1273.000     1274.000
   375:     1275.000     1276.000     1277.000     1278.000     1279.000
   380:     1280.000     1281.000     1282.000     1283.000     1284.000
   385:     1285.000     1286.000     1287.000     1288.000     1289.000
   390:     1290.000     1291.000     1292.000     1293.000     1294.000
   395:     1295.000     1296.000     1297.000     1298.000     1299.000
   400:     1300.000     1301.000     1302.000     1303.000     1304.000
   405:     1305.000     1306.000     1307.000     1308.000     1309.000
   410:     1310.000     1311.000     1312.000     1313.000     1314.000
   415:     1315.000     1316.000     1317.000     1318.000     1319.000
   420:     1320.000     1321.000     1322.000     1323.000     1324.000
   425:     1325.000     1326.000     1327.000     1328.000     1329.000
   430:     1330.000     1331.000     1332.000     1333.000     1334.000
   435:     1335.000     1336.000     1337.000     1338.000     1339.000
   440:     1340.000     1341.000     1342.000     1343.000     1344.000
   445:     1345.000     1346.000     1347.000     1348.000     1349.000
   450:     1350.000     1351.000     1352.000     1353.000     1354.000
   455:     1355.000     1356.000     1357.000     1358.000     1359.000
   460:     1360.000     1361.000     1362.000     1363.000     1364.000
   465:     1365.000     1366.000     1367.000     1368.000     1369.000
   470:     1370.000     1371.000     1372.000     1373.000     1374.000
   475:     1375.000     1376.000     1377.000     1378.000     1379.000
   480:     1380.000     1381.000     1382.000     1383.000     1384.000
   485:     1385.000     1386.000     1387.000     1388.000     1389.000
   490:     1390.000     1391.000     1392.000     1393.000     1394.000
   495:     1395.000     1396.000     1397.000     1398.000     1399.000
   500:     1400.000     1401.000     1402.000     1403.000     1404.000
   505:     1405.000     1406.000     1407.000     1408.000     1409.000
   510:     1410.000     1411.000     1412.000     1413.000     1414.000
   515:     1415.000     1416.000     1417.000     1418.000     1419.000
   520:     1420.000     1421.000     1422.000     1423.000     1424.000
   525:     1425.000     1426.000     1427.000     1428.000     1429.000
   530:     1430.000     1431.000     1432.000     1433.000     1434.000
   535:     1435.000     1436.000     1437.000     1438.000     1439.000
   540:     1440.000     1441.000     1442.000     1443.000     1444.000
   545:     1445.000     1446.000     1447.000     1448.000     1449.000
   550:     1450.000     1451.000     1452.000     1453.000     1454.000
   555:     1455.000     1456.000     1457.000     1458.000     1459.000
   560:     1460.000     1461.000     1462.000     1463.000     1464.000
   565:     1465.000     1466.000     1467.000     1468.000     1469.000
   570:     1470.000     1471.000     1472.000     1473.000     1474.000
   575:     1475.000     1476.000     1477.000     1478.000     1479.000
   580:     1480.000     1481.000     1482.000     1483.000     1484.000
   585:     1485.000     1486.000     1487.000     1488.000     1489.000
   590:     1490.000     1491.000     1492.000     1493.000     1494.000
   595:     1495.000     1496.000     1497.000     1498.000     1499.000
   600:     1500.000     1501.000     1502.000     1503.000     1504.000
   605:     1505.000     1506.000     1507.000     1508.000     1509.000
   610:     1510.000     1511.000     1512.000     1513.000     1514.000
   615:     1515.000     1516.000     1517.000     1518.000     1519.000
   620:     1520.000     1521.000     1522.000     1523.000     1524.000
   625:     1525.000     1526.000     1527.000     1528.000     1529.000
   630:     1530.000     1531.000     1532.000     1533.000     1534.000
   635:     1535.000     1536.000     1537.000     1538.000     1539.000
   640:     1540.000     1541.000     1542.000     1543.000     1544.000
   645:     1545.000     1546.000     1547.000     1548.000     1549.000
   650:     1550.000     1551.000     1552.000     1553.000     1554.000
   655:     1555.000     1556.000     1557.000     1558.000     1559.000
   660:     1560.000     1561.000     1562.000     1563.000     1564.000
   665:     1565.000     1566.000     1567.000     1568.000     1569.000
   670:     1570.000     1571.000     1572.000     1573.000     1574.000
   675:     1575.000     1576.000     1577.000     1578.000     1579.000
   680:     1580.000     1581.000     1582.000     1583.000     1584.000
   685:     1585.000     1586.000     1587.000     1588.000     1589.000
   690:     1590.000     1591.000     1592.000     1593.000     1594.000
   695:     1595.000     1596.000     1597.000     1598.000     1599.000
   700:     1600.000     1601.000     1602.000     1603.000     1604.000
   705:     1605.000     1606.000     1607.000     1608.000     1609.000
   710:     1610.000     1611.000     1612.000     1613.000     1614.000
   715:     1615.000     1616.000     1617.000     1618.000     1619.000
   720:     1620.000     1621.000     1622.000     1623.000     1624.000
   725:     1625.000     1626.000     1627.000     1628.000     1629.000
   730:     1630.000     1631.000     1632.000     1633.000     1634.000
   735:     1635.000     1636.000     1637.000     1638.000     1639.000
   740:     1640.000     1641.000     1642.000     1643.000     1644.000
   745:     1645.000     1646.000     1647.000     1648.000     1649.000
   750:     1650.000     1651.000     1652.000     1653.000     1654.000
   755:     1655.000     1656.000     1657.000     1658.000     1659.000
   760:     1660.000     1661.000     1662.000     1663.000     1664.000
   765:     1665.000     1666.000     1667.000     1668.000     1669.000
   770:     1670.000     1671.000     1672.000     1673.000     1674.000
   775:     1675.000     1676.000     1677.000     1678.000     1679.000
   780:     1680.000     1681.000     1682.000     1683.000     1684.000
   785:     1685.000     1686.000     1687.000     1688.000     1689.000
   790:     1690.000     1691.000     1692.000     1693.000     1694.000
   795:     1695.000     1696.000     1697.000     1698.000     1699.000
   800:     1700.000     1701.000     1702.000     1703.000     1704.000
   805:     1705.000     1706.000     1707.000     1708.000     1709.000
   810:     1710.000     1711.000     1712.000     1713.000     1714.000
   815:     1715.000     1716.000     1717.000     1718.000     1719.000
   820:     1720.000     1721.000     1722.000     1723.000     1724.000
   825:     1725.000     1726.000     1727.000     1728.000     1729.000
   830:     1730.000     1731.000     1732.000     1733.000     1734.000
   835:     1735.000     1736.000     1737.000     1738.000     1739.000
   840:     1740.000     1741.000     1742.000     1743.000     1744.000
   845:     1745.000     1746.000     1747.000     1748.000     1749.000
   850:     1750.000     1751.000     1752.000     1753.000     1754.000
   855:     1755.000     1756.000     1757.000     1758.000     1759.000
   860:     1760.000     1761.000     1762.000     1763.000     1764.000
   865:     1765.000     1766.000     1767.000     1768.000     1769.000
   870:     1770.000     1771.000     1772.000     1773.000     1774.000
   875:     1775.000     1776.000     1777.000     1778.000     1779.000
   880:     1780.000     1781.000     1782.000     1783.000     1784.000
   885:     1785.000     1786.000     1787.000     1788.000     1789.000
   890:     1790.000     1791.000     1792.000     1793.000     1794.000
   895:     1795.000     1796.000     1797.000     1798.000     1799.000
   900:     1800.000     1801.000     1802.000     1803.000     1804.000
   905:     1805.000     1806.000     1807.000     1808.000     1809.000
   910:     1810.000     1811.000     1812.000     1813.000     1814.000
   915:     1815.000     1816.000     1817.000     1818.000     1819.000
   920:     1820.000     1821.000     1822.000     1823.000     1824.000
   925:     1825.000     1826.000     1827.000     1828.000     1829.000
   930:     1830.000     1831.000     1832.000     1833.000     1834.000
   935:     1835.000     1836.000     1837.000     1838.000     1839.000
   940:     1840.000     1841.000     1842.000     1843.000     1844.000
   945:     1845.000     1846.000     1847.000     1848.000     1849.000
   950:     1850.000     1851.000     1852.000     1853.000     1854.000
   955:     1855.000     1856.000     1857.000     1858.000     1859.000
   960:     1860.000     1861.000     1862.000     1863.000     1864.000
   965:     1865.000     1866.000     1867.000     1868.000     1869.000
   970:     1870.000     1871.000     1872.000     1873.000     1874.000
   975:     1875.000     1876.000     1877.000     1878.000     1879.000
   980:     1880.000     1881.000     1882.000     1883.000     1884.000
   985:     1885.000     1886.000     1887.000     1888.000     1889.000
   990:     1890.000     1891.000     1892.000     1893.000     1894.000
   995:     1895.000     1896.000     1897.000     1898.000     1899.000
  1000:     1900.000     1901.000     1902.000     1903.000     1904.000
  1005:     1905.000     1906.000     1907.000     1908.000     1909.000
  1010:     1910.000     1911.000     1912.000     1913.000     1914.000
  1015:     1915.000     1916.000     1917.000     1918.000     1919.000
  1020:     1920.000     1921.000     1922.000     1923.000     1924.000
  1025:     1925.000     1926.000     1927.000     1928.000     1929.000
  1030:     1930.000     1931.000     1932.000     1933.000     1934.000
  1035:     1935.000     1936.000     1937.000     1938.000     1939.000
  1040:     1940.000     1941.000     1942.000     1943.000     1944.000
  1045:     1945.000     1946.000     1947.000     1948.000     1949.000
  1050:     1950.000     1951.000     1952.000     1953.000     1954.000
  1055:     1955.000     1956.000     1957.000     1958.000     1959.000
  1060:     1960.000     1961.000     1962.000     1963.000     1964.000
  1065:     1965.000     1966.000     1967.000     1968.000     1969.000
  1070:     1970.000     1971.000     1972.000     1973.000     1974.000
  1075:     1975.000     1976.000     1977.000     1978.000     1979.000
  1080:     1980.000     1981.000     1982.000     1983.000     1984.000
  1085:     1985.000     1986.000     1987.000     1988.000     1989.000
  1090:     1990.000     1991.000     1992.000     1993.000     1994.000
  1095:     1995.000     1996.000     1997.000     1998.000     1999.000
  1100:     2000.000     2001.000     2002.000     2003.000     2004.000
  1105:     2005.000     2006.000     2007.000     2008.000     2009.000
  1110:     2010.000     2011.000     2012.000     2013.000     2014.000
  1115:     2015.000     2016.000     2017.000     2018.000     2019.000
  1120:     2020.000     2021.000     2022.000     2023.000     2024.000
  1125:     2025.000     2026.000     2027.000     2028.000     2029.000
  1130:     2030.000     2031.000     2032.000     2033.000     2034.000
  1135:     2035.000     2036.000     2037.000     2038.000     2039.000
  1140:     2040.000     2041.000     2042.000     2043.000     2044.000
  1145:     2045.000     2046.000     2047.000     2048.000     2049.000
  1150:     2050.000     2051.000     2052.000     2053.000     2054.000
  1155:     2055.000     2056.000     2057.000     2058.000     2059.000
  1160:     2060.000     2061.000     2062.000     2063.000     2064.000
  1165:     2065.000     2066.000     2067.000     2068.000     2069.000
  1170:     2070.000     2071.000     2072.000     2073.000     2074.000
  1175:     2075.000     2076.000     2077.000     2078.000     2079.000
  1180:     2080.000     2081.000     2082.000     2083.000     2084.000
  1185:     2085.000     2086.000     2087.000     2088.000     2089.000
  1190:     2090.000     2091.000     2092.000     2093.000     2094.000
  1195:     2095.000     2096.000     2097.000     2098.000     2099.000
  1200:     2100.000
N:
     0:     3300.000     3301.000     3302.000     3303.000     3304.000
     5:     3305.000     3306.000     3307.000     3308.000     3309.000
    10:     3310.000     3311.000     3312.000     3313.000     3314.000
    15:     3315.000     3316.000     3317.000     3318.000     3319.000
    20:     3320.000     3321.000     3322.000     3323.000     3324.000
    25:     3325.000     3326.000     3327.000     3328.000     3329.000
    30:     3330.000     3331.000     3332.000     3333.000     3334.000
    35:     3335.000     3336.000     3337.000     3338.000     3339.000
    40:     3340.000     3341.000     3342.000     3343.000     3344.000
    45:     3345.000     3346.000     3347.000     3348.000     3349.000
    50:     3350.000     3351.000     3352.000     3353.000     3354.000
    55:     3355.000     3356.000     3357.000     3358.000     3359.000
    60:     3360.000     3361.000     3362.000     3363.000     3364.000
    65:     3365.000     3366.000     3367.000     3368.000     3369.000
    70:     3370.000     3371.000     3372.000     3373.000     3374.000
    75:     3375.000     3376.000     3377.000     3378.000     3379.000
    80:     3380.000     3381.000     3382.000     3383.000     3384.000
    85:     3385.000     3386.000     3387.000     3388.000     3389.000
    90:     3390.000     3391.000     3392.000     3393.000     3394.000
    95:     3395.000     3396.000     3397.000     3398.000     3399.000
   100:     3400.000     3401.000     3402.000     3403.000     3404.000
   105:     3405.000     3406.000     3407.000     3408.000     3409.000
   110:     3410.000     3411.000     3412.000     3413.000     3414.000
   115:     3415.000     3416.000     3417.000     3418.000     3419.000
   120:     3420.000     3421.000     3422.000     3423.000     3424.000
   125:     3425.000     3426.000     3427.000     3428.000     3429.000
   130:     3430.000     3431.000     3432.000     3433.000     3434.000
   135:     3435.000     3436.000     3437.000     3438.000     3439.000
   140:     3440.000     3441.000     3442.000     3443.000     3444.000
   145:     3445.000     3446.000     3447.000     3448.000     3449.000
   150:     3450.000     3451.000     3452.000     3453.000     3454.000
   155:     3455.000     3456.000     3457.000     3458.000     3459.000
   160:     3460.000     3461.000     3462.000     3463.000     3464.000
   165:     3465.000     3466.000     3467.000     3468.000     3469.000
   170:     3470.000     3471.000     3472.000     3473.000     3474.000
   175:     3475.000     3476.000     3477.000     3478.000     3479.000
   180:     3480.000     3481.000     3482.000     3483.000     3484.000
   185:     3485.000     3486.000     3487.000     3488.000     3489.000
   190:     3490.000     3491.000     3492.000     3493.000     3494.000
   195:     3495.000     3496.000     3497.000     3498.000     3499.000
   200:     3500.000     3501.000     3502.000     3503.000     3504.000
   205:     3505.000     3506.000     3507.000     3508.000     3509.000
   210:     3510.000     3511.000     3512.000     3513.000     3514.000
   215:     3515.000     3516.000     3517.000     3518.000     3519.000
   220:     3520.000     3521.000     3522.000     3523.000     3524.000
   225:     3525.000     3526.000     3527.000     3528.000     3529.000
   230:     3530.000     3531.000     3532.000     3533.000     3534.000
   235:     3535.000     3536.000     3537.000     3538.000     3539.000
   240:     3540.000     3541.000     3542.000     3543.000     3544.000
   245:     3545.000     3546.000     3547.000     3548.000     3549.000
   250:     3550.000     3551.000     3552.000     3553.000     3554.000
   255:     3555.000     3556.000     3557.000     3558.000     3559.000
   260:     3560.000     3561.000     3562.000     3563.000     3564.000
   265:     3565.000     3566.000     3567.000     3568.000     3569.000
   270:     3570.000     3571.000     3572.000     3573.000     3574.000
   275:     3575.000     3576.000     3577.000     3578.000     3579.000
   280:     3580.000     3581.000     3582.000     3583.000     3584.000
   285:     3585.000     3586.000     3587.000     3588.000     3589.000
   290:     3590.000     3591.000     3592.000     3593.000     3594.000
   295:     3595.000     3596.000     3597.000     3598.000     3599.000
   300:     3600.000     3601.000     3602.000     3603.000     3604.000
   305:     3605.000     3606.000     3607.000     3608.000     3609.000
   310:     3610.000     3611.000     3612.000     3613.000     3614.000
   315:     3615.000     3616.000     3617.000     3618.000     3619.000
   320:     3620.000     3621.000     3622.000     3623.000     3624.000
   325:     3625.000     3626.000     3627.000     3628.000     3629.000
   330:     3630.000     3631.000     3632.000     3633.000     3634.000
   335:     3635.000     3636.000     3637.000     3638.000     3639.000
   340:     3640.000     3641.000     3642.000     3643.000     3644.000
   345:     3645.000     3646.000     3647.000     3648.000     3649.000
   350:     3650.000     3651.000     3652.000     3653.000     3654.000
   355:     3655.000     3656.000     3657.000     3658.000     3659.000
   360:     3660.000     3661.000     3662.000     3663.000     3664.000
   365:     3665.000     3666.000     3667.000     3668.000     3669.000
   370:     3670.000     3671.000     3672.000     3673.000     3674.000
   375:     3675.000     3676.000     3677.000     3678.000     3679.000
   380:     3680.000     3681.000     3682.000     3683.000     3684.000
   385:     3685.000     3686.000     3687.000     3688.000     3689.000
   390:     3690.000     3691.000     3692.000     3693.000     3694.000
   395:     3695.000     3696.000     3697.000     3698.000     3699.000
   400:     3700.000     3701.000     3702.000     3703.000     3704.000
   405:     3705.000     3706.000     3707.000     3708.000     3709.000
   410:     3710.000     3711.000     3712.000     3713.000     3714.000
   415:     3715.000     3716.000     3717.000     3718.000     3719.000
   420:     3720.000     3721.000     3722.000     3723.000     3724.000
   425:     3725.000     3726.000     3727.000     3728.000     3729.000
   430:     3730.000     3731.000     3732.000     3733.000     3734.000
   435:     3735.000     3736.000     3737.000     3738.000     3739.000
   440:     3740.000     3741.000     3742.000     3743.000     3744.000
   445:     3745.000     3746.000     3747.000     3748.000     3749.000
   450:     3750.000     3751.000     3752.000     3753.000     3754.000
   455:     3755.000     3756.000     3757.000     3758.000     3759.000
   460:     3760.000     3761.000     3762.000     3763.000     3764.000
   465:     3765.000     3766.000     3767.000     3768.000     3769.000
   470:     3770.000     3771.000     3772.000     3773.000     3774.000
   475:     3775.000     3776.000     3777.000     3778.000     3779.000
   480:     3780.000     3781.000     3782.000     3783.000     3784.000
   485:     3785.000     3786.000     3787.000     3788.000     3789.000
   490:     3790.000     3791.000     3792.000     3793.000     3794.000
   495:     3795.000     3796.000     3797.000     3798.000     3799.000
   500:     3800.000     3801.000     3802.000     3803.000     3804.000
   505:     3805.000     3806.000     3807.000     3808.000     3809.000
   510:     3810.000     3811.000     3812.000     3813.000     3814.000
   515:     3815.000     3816.000     3817.000     3818.000     3819.000
   520:     3820.000     3821.000     3822.000     3823.000     3824.000
   525:     3825.000     3826.000     3827.000     3828.000     3829.000
   530:     3830.000     3831.000     3832.000     3833.000     3834.000
   535:     3835.000     3836.000     3837.000     3838.000     3839.000
   540:     3840.000     3841.000     3842.000     3843.000     3844.000
   545:     3845.000     3846.000     3847.000     3848.000     3849.000
   550:     3850.000     3851.000     3852.000     3853.000     3854.000
   555:     3855.000     3856.000     3857.000     3858.000     3859.000
   560:     3860.000     3861.000     3862.000     3863.000     3864.000
   565:     3865.000     3866.000     3867.000     3868.000     3869.000
   570:     3870.000     3871.000     3872.000     3873.000     3874.000
   575:     3875.000     3876.000     3877.000     3878.000     3879.000
   580:     3880.000     3881.000     3882.000     3883.000     3884.000
   585:     3885.000     3886.000     3887.000     3888.000     3889.000
   590:     3890.000     3891.000     3892.000     3893.000     3894.000
   595:     3895.000     3896.000     3897.000     3898.000     3899.000
   600:     3900.000     3901.000     3902.000     3903.000     3904.000
   605:     3905.000     3906.000     3907.000     3908.000     3909.000
   610:     3910.000     3911.000     3912.000     3913.000     3914.000
   615:     3915.000     3916.000     3917.000     3918.000     3919.000
   620:     3920.000     3921.000     3922.000     3923.000     3924.000
   625:     3925.000     3926.000     3927.000     3928.000     3929.000
   630:     3930.000     3931.000     3932.000     3933.000     3934.000
   635:     3935.000     3936.000     3937.000     3938.000     3939.000
   640:     3940.000     3941.000     3942.000     3943.000     3944.000
   645:     3945.000     3946.000     3947.000     3948.000     3949.000
   650:     3950.000     3951.000     3952.000     3953.000     3954.000
   655:     3955.000     3956.000     3957.000     3958.000     3959.000
   660:     3960.000     3961.000     3962.000     3963.000     3964.000
   665:     3965.000     3966.000     3967.000     3968.000     3969.000
   670:     3970.000     3971.000     3972.000     3973.000     3974.000
   675:     3975.000     3976.000     3977.000     3978.000     3979.000
   680:     3980.000     3981.000     3982.000     3983.000     3984.000
   685:     3985.000     3986.000     3987.000     3988.000     3989.000
   690:     3990.000     3991.000     3992.000     3993.000     3994.000
   695:     3995.000     3996.000     3997.000     3998.000     3999.000
   700:     4000.000     4001.000     4002.000     4003.000     4004.000
   705:     4005.000     4006.000     4007.000     4008.000     4009.000
   710:     4010.000     4011.000     4012.000     4013.000     4014.000
   715:     4015.000     4016.000     4017.000     4018.000     4019.000
   720:     4020.000     4021.000     4022.000     4023.000     4024.000
   725:     4025.000     4026.000     4027.000     4028.000     4029.000
   730:     4030.000     4031.000     4032.000     4033.000     4034.000
   735:     4035.000     4036.000     4037.000     4038.000     4039.000
   740:     4040.000     4041.000     4042.000     4043.000     4044.000
   745:     4045.000     4046.000     4047.000     4048.000     4049.000
   750:     4050.000     4051.000     4052.000     4053.000     4054.000
   755:     4055.000     4056.000     4057.000     4058.000     4059.000
   760:     4060.000     4061.000     4062.000     4063.000     4064.000
   765:     4065.000     4066.000     4067.000     4068.000     4069.000
   770:     4070.000     4071.000     4072.000     4073.000     4074.000
   775:     4075.000     4076.000     4077.000     4078.000     4079.000
   780:     4080.000     4081.000     4082.000     4083.000     4084.000
   785:     4085.000     4086.000     4087.000     4088.000     4089.000
   790:     4090.000     4091.000     4092.000     4093.000     4094.000
   795:     4095.000     4096.000     4097.000     4098.000     4099.000
   800:     4100.000     4101.000     4102.000     4103.000     4104.000
   805:     4105.000     4106.000     4107.000     4108.000     4109.000
   810:     4110.000     4111.000     4112.000     4113.000     4114.000
   815:     4115.000     4116.000     4117.000     4118.000     4119.000
   820:     4120.000     4121.000     4122.000     4123.000     4124.000
   825:     4125.000     4126.000     4127.000     4128.000     4129.000
   830:     4130.000     4131.000     4132.000     4133.000     4134.000
   835:     4135.000     4136.000     4137.000     4138.000     4139.000
   840:     4140.000     4141.000     4142.000     4143.000     4144.000
   845:     4145.000     4146.000     4147.000     4148.000     4149.000
   850:     4150.000     4151.000     4152.000     4153.000     4154.000
   855:     4155.000     4156.000     4157.000     4158.000     4159.000
   860:     4160.000     4161.000     4162.000     4163.000     4164.000
   865:     4165.000     4166.000     4167.000     4168.000     4169.000
   870:     4170.000     4171.000     4172.000     4173.000     4174.000
   875:     4175.000     4176.000     4177.000     4178.000     4179.000
   880:     4180.000     4181.000     4182.000     4183.000     4184.000
   885:     4185.000     4186.000     4187.000     4188.000     4189.000
   890:     4190.000     4191.000     4192.000     4193.000     4194.000
   895:     4195.000     4196.000     4197.000     4198.000     4199.000
   900:     4200.000     4201.000     4202.000     4203.000     4204.000
   905:     4205.000     4206.000     4207.000     4208.000     4209.000
   910:     4210.000     4211.000     4212.000     4213.000     4214.000
   915:     4215.000     4216.000     4217.000     4218.000     4219.000
   920:     4220.000     4221.000     4222.000     4223.000     4224.000
   925:     4225.000     4226.000     4227.000     4228.000     4229.000
   930:     4230.000     4231.000     4232.000     4233.000     4234.000
   935:     4235.000     4236.000     4237.000     4238.000     4239.000
   940:     4240.000     4241.000     4242.000     4243.000     4244.000
   945:     4245.000     4246.000     4247.000     4248.000     4249.000
   950:     4250.000     4251.000     4252.000     4253.000     4254.000
   955:     4255.000     4256.000     4257.000     4258.000     4259.000
   960:     4260.000     4261.000     4262.000     4263.000     4264.000
   965:     4265.000     4266.000     4267.000     4268.000     4269.000
   970:     4270.000     4271.000     4272.000     4273.000     4274.000
   975:     4275.000     4276.000     4277.000     4278.000     4279.000
   980:     4280.000     4281.000     4282.000     4283.000     4284.000
   985:     4285.000     4286.000     4287.000     4288.000     4289.000
   990:     4290.000     4291.000     4292.000     4293.000     4294.000
   995:     4295.000     4296.000     4297.000     4298.000     4299.000
  1000:     4300.000     4301.000     4302.000     4303.000     4304.000
  1005:     4305.000     4306.000     4307.000     4308.000     4309.000
  1010:     4310.000     4311.000     4312.000     4313.000     4314.000
  1015:     4315.000     4316.000     4317.000     4318.000     4319.000
  1020:     4320.000     4321.000     4322.000     4323.000     4324.000
  1025:     4325.000     4326.000     4327.000     4328.000     4329.000
  1030:     4330.000     4331.000     4332.000     4333.000     4334.000
  1035:     4335.000     4336.000     4337.000     4338.000     4339.000
  1040:     4340.000     4341.000     4342.000     4343.000     4344.000
  1045:     4345.000     4346.000     4347.000     4348.000     4349.000
  1050:     4350.000     4351.000     4352.000     4353.000     4354.000
  1055:     4355.000     4356.000     4357.000     4358.000     4359.000
  1060:     4360.000     4361.000     4362.000     4363.000     4364.000
  1065:     4365.000     4366.000     4367.000     4368.000     4369.000
  1070:     4370.000     4371.000     4372.000     4373.000     4374.000
  1075:     4375.000     4376.000     4377.000     4378.000     4379.000
  1080:     4380.000     4381.000     4382.000     4383.000     4384.000
  1085:     4385.000     4386.000     4387.000     4388.000     4389.000
  1090:     4390.000     4391.000     4392.000     4393.000     4394.000
  1095:     4395.000     4396.000     4397.000     4398.000     4399.000
  1100:     4400.000     4401.000     4402.000     4403.000     4404.000
  1105:     4405.000     4406.000     4407.000     4408.000     4409.000
  1110:     4410.000     4411.000     4412.000     4413.000     4414.000
  1115:     4415.000     4416.000     4417.000     4418.000     4419.000
  1120:     4420.000     4421.000     4422.000     4423.000     4424.000
  1125:     4425.000     4426.000     4427.000     4428.000     4429.000
  1130:     4430.000     4431.000     4432.000     4433.000     4434.000
  1135:     4435.000     4436.000     4437.000     4438.000     4439.000
  1140:     4440.000     4441.000     4442.000     4443.000     4444.000
  1145:     4445.000     4446.000     4447.000     4448.000     4449.000
  1150:     4450.000     4451.000     4452.000     4453.000     4454.000
  1155:     4455.000     4456.000     4457.000     4458.000     4459.000
  1160:     4460.000     4461.000     4462.000     4463.000     4464.000
  1165:     4465.000     4466.000     4467.000     4468.000     4469.000
  1170:     4470.000     4471.000     4472.000     4473.000     4474.000
  1175:     4475.000     4476.000     4477.000     4478.000     4479.000
  1180:     4480.000     4481.000     4482.000     4483.000     4484.000
  1185:     4485.000     4486.000     4487.000     4488.000     4489.000
  1190:     4490.000     4491.000     4492.000     4493.000     4494.000
  1195:     4495.000     4496.000     4497.000     4498.000     4499.000
  1200:     4500.000
R:
     0:      111.000      111.000      111.000
V:
     0:     1706.000     4033.000
W:
     0:     1706.000     4033.000
