File: C:\MED-PC IV\DATA\p054_s123_japede


Start Date: 10/30/17
End Date: 10/30/17
Subject: p054
Experiment: 0
Group: 0
Box: 7
Start Time: 15:01:06
End Time: 16:02:08
MSN: japede_L_225_225_225_R_25_25_25
B:       0.000
E:    3034.000
F:       0.000
G:       0.000
H:       0.000
I:       2.000
J:       2.000
K:       0.000
O:       0.000
P:       0.000
Q:       0.000
S:  360000.000
T:  360000.000
U:       0.000
X:       0.000
Y:       0.000
Z:       0.000
A:
     0:        0.010        0.250        0.220        0.230       99.840
     5:     1005.640     1005.320     1005.330     1005.350     1005.240
    10:     1005.130     1255.220     1255.230     1255.250     1255.340
    15:     2620.130     2657.130     2794.130     2829.130     2954.130
    20:     3224.120     3479.130     3552.130     3592.130     3953.120
    25:     3995.120     4033.120     4072.120     4216.130     4631.130
    30:     4731.130     4770.130     4852.130     4901.130     5148.120
    35:     5384.130     5558.120     5736.120     5778.120     6284.120
    40:     6357.120     6425.120     6561.130     6638.130     6938.130
    45:     6986.130     7376.130     7415.130     7481.130     8174.130
    50:     8209.130     8244.130     8287.130     8414.120     8528.130
    55:     9691.120     9760.120     9855.130     9884.130     9917.130
    60:    10032.130    10249.130    10409.130    10651.130    11052.120
    65:    11180.130    11527.130    11873.130    11973.130    12343.130
    70:    12376.130    13127.130    13191.130    13301.120    13618.130
    75:    13655.130    13697.130    13999.740    14445.130    14753.540
    80:    14753.320    14753.330    14753.350    14753.240    14753.120
    85:    15003.220    15003.230    15003.250    15003.340    15140.120
    90:    15289.130    15403.740    15929.130    16149.540    16149.320
    95:    16149.330    16149.350    16149.240    16149.120    16399.220
   100:    16399.230    16399.250    16399.340    16525.120    16621.130
   105:    16650.130    16688.130    16781.120    17463.130    17780.130
   110:    17862.120    18080.120    18111.120    18145.120    18355.840
   115:    18380.640    18380.320    18380.330    18380.350    18380.240
   120:    18380.130    18630.220    18630.230    18630.250    18630.340
   125:    18841.120    18930.130    19282.120    19822.120    20223.130
   130:    20330.840    20363.640    20363.320    20363.330    20363.350
   135:    20363.240    20363.130    20613.220    20613.230    20613.250
   140:    20613.340    20728.120    20828.130    21157.130    21333.120
   145:    21470.130    22120.130    22227.120    22538.130    22626.120
   150:    22886.130    23021.120    23461.130    23530.130    23618.120
   155:    24094.120    24242.130    24307.130    24403.130    24475.130
   160:    24728.120    24845.130    24937.120    25104.130    25522.130
   165:    25608.120    25643.120    25901.130    26517.120    26553.120
   170:    26684.120    26812.130    26953.120    27066.130    27240.130
   175:    27326.130    27359.130    27592.120    27679.130    27813.840
   180:    27887.120    27920.120    28271.640    28271.320    28271.330
   185:    28271.350    28271.240    28271.130    28521.220    28521.230
   190:    28521.250    28521.340    28629.120    28765.130    28923.130
   195:    29275.130    29373.130    29460.120    29738.130    30271.120
   200:    30510.130    30624.120    30706.130    31072.130    31108.130
   205:    31199.120    31365.130    31650.130    32312.130    32363.130
   210:    32780.130    33112.130    33347.120    33423.120    33570.130
   215:    33645.130    33681.130    33957.120    34075.130    34363.130
   220:    34460.120    34624.130    35118.130    35183.130    35521.840
   225:    35619.640    35619.320    35619.330    35619.350    35619.240
   230:    35619.130    35869.220    35869.230    35869.250    35869.340
   235:    35977.120    36074.130    36267.120    36269.840    36542.640
   240:    36542.320    36542.330    36542.350    36542.240    36542.130
   245:    36792.220    36792.230    36792.250    36792.340    36900.120
   250:    37375.130    37715.130    37782.130    37849.130    37890.130
   255:    38015.120    38108.130    38257.130    38616.130    38889.130
   260:    39089.120    39126.120    39221.130    39509.130    39769.130
   265:    40062.130    40382.130    40530.120    40706.130    40955.130
   270:    40992.840    41160.640    41160.320    41160.330    41160.350
   275:    41160.240    41160.130    41410.220    41410.230    41410.250
   280:    41410.340    41518.120    41601.130    41776.130    41938.120
   285:    42026.130    42110.840    42232.640    42232.320    42232.330
   290:    42232.350    42232.240    42232.130    42482.220    42482.230
   295:    42482.250    42482.340    42571.120    42653.130    42682.840
   300:    42874.640    42874.320    42874.330    42874.350    42874.240
   305:    42874.130    43124.220    43124.230    43124.250    43124.340
   310:    43239.120    43277.120    43362.130    43496.120    43612.130
   315:    43818.130    43888.130    44151.130    44231.120    44443.130
   320:    44543.130    44574.130    44682.130    44716.130    44831.120
   325:    44939.130    45242.130    45313.130    45411.130    45498.120
   330:    45591.130    45868.130    45954.120    46109.130    46352.130
   335:    46600.130    46814.130    46947.120    47024.840    47042.640
   340:    47042.320    47042.330    47042.350    47042.240    47042.130
   345:    47292.220    47292.230    47292.250    47292.340    47404.120
   350:    47440.120    47529.130    47560.130    47744.130    47771.130
   355:    48020.130    48057.130    48256.130    48514.130    48957.120
   360:    49055.130    49164.130    49284.120    49320.120    49403.130
   365:    49747.130    49892.840    49979.640    49979.320    49979.330
   370:    49979.350    49979.240    49979.130    50229.220    50229.230
   375:    50229.250    50229.340    50338.120    50425.130    50456.130
   380:    50637.130    50667.130    50870.130    50901.130    51012.120
   385:    51090.130    51125.130    51402.130    51612.130    51823.130
   390:    52051.130    52350.130    52554.130    52729.840    52874.640
   395:    52874.320    52874.330    52874.350    52874.240    52874.130
   400:    53124.220    53124.230    53124.250    53124.340    53320.130
   405:    53524.840    53582.640    53582.320    53582.330    53582.350
   410:    53582.240    53582.130    53832.220    53832.230    53832.250
   415:    53832.340    54112.130    54413.130    54592.120    54735.130
   420:    54987.130    55297.130    55505.130    55956.130    56241.130
   425:    56334.120    56428.130    56599.740    56682.130    56804.540
   430:    56804.320    56804.330    56804.350    56804.240    56804.120
   435:    56832.840    57054.220    57054.230    57054.250    57054.340
   440:    57199.120    57288.640    57288.320    57288.330    57288.350
   445:    57288.240    57288.130    57538.220    57538.230    57538.250
   450:    57538.340    57738.840    57883.640    57883.320    57883.330
   455:    57883.350    57883.240    57883.130    58133.220    58133.230
   460:    58133.250    58133.340    58627.130    58797.130    59025.130
   465:    59139.120    59226.130    59479.130    59734.130    59896.120
   470:    59978.130    60218.130    60476.130    60633.840    60726.640
   475:    60726.320    60726.330    60726.350    60726.240    60726.130
   480:    60976.220    60976.230    60976.250    60976.340    61092.120
   485:    61176.130    61356.130    61603.130    61668.130    61829.130
   490:    62077.130    62391.130    62621.130    62924.130    63154.740
   495:    63190.130    63303.540    63303.320    63303.330    63303.350
   500:    63303.240    63303.120    63553.220    63553.230    63553.250
   505:    63553.340    63576.840    63680.120    63765.640    63765.320
   510:    63765.330    63765.350    63765.240    63765.130    64015.220
   515:    64015.230    64015.250    64015.340    64336.130    64600.130
   520:    64711.130    64841.120    64876.120    64962.130    65304.130
   525:    65377.130    65505.120    65593.130    65615.840    65965.640
   530:    65965.320    65965.330    65965.350    65965.240    65965.130
   535:    66215.220    66215.230    66215.250    66215.340    66327.120
   540:    66413.130    66685.130    66717.130    66811.120    66905.130
   545:    67097.130    67332.130    67591.130    67686.120    67951.130
   550:    68039.120    68130.130    68376.130    68645.130    68743.120
   555:    68826.130    69084.130    69232.120    69487.130    69515.840
   560:    69604.120    69731.640    69731.320    69731.330    69731.350
   565:    69731.240    69731.130    69981.220    69981.230    69981.250
   570:    69981.340    70081.840    70110.120    70206.640    70206.320
   575:    70206.330    70206.350    70206.240    70206.130    70456.220
   580:    70456.230    70456.250    70456.340    70752.130    70895.120
   585:    70984.130    71225.130    71454.120    71543.130    71769.130
   590:    72024.130    72406.130    72523.120    72613.130    72724.120
   595:    72811.130    73070.130    73376.130    73753.130    73936.130
   600:    74153.130    74275.120    74312.120    74493.130    74741.130
   605:    75498.130    75762.130    76031.130    76265.120    76369.130
   610:    76443.130    76540.120    76766.130    76804.130    76933.120
   615:    77025.130    77281.130    77565.130    77602.130    77843.130
   620:    78146.120    78332.130    78416.130    78496.120    78719.130
   625:    79079.130    79529.120    79621.130    79748.120    79783.120
   630:    80018.130    80156.840    80396.640    80396.320    80396.330
   635:    80396.350    80396.240    80396.130    80646.220    80646.230
   640:    80646.250    80646.340    80761.120    80852.130    81082.130
   645:    81110.130    81346.840    81369.640    81369.320    81369.330
   650:    81369.350    81369.240    81369.130    81619.220    81619.230
   655:    81619.250    81619.340    81753.120    81868.130    81949.130
   660:    81983.130    82147.120    82250.130    82893.130    83117.130
   665:    83235.120    83593.130    83716.120    83941.130    84196.130
   670:    84508.130    84766.130    85003.130    85254.130    85399.120
   675:    85616.130    85886.130    85992.120    86119.130    86405.130
   680:    86688.130    87005.130    87146.120    87888.120    87988.130
   685:    88363.130    88478.120    88572.130    89131.130    89536.130
   690:    89632.120    89892.130    90084.130    90354.130    90519.840
   695:    90594.640    90594.320    90594.330    90594.350    90594.240
   700:    90594.130    90844.220    90844.230    90844.250    90844.340
   705:    90966.120    91067.130    91399.120    91565.130    91768.130
   710:    91800.130    92005.130    92558.130    92744.840    92835.640
   715:    92835.320    92835.330    92835.350    92835.240    92835.130
   720:    93085.220    93085.230    93085.250    93085.340    93210.120
   725:    93297.130    93450.130    93667.130    93898.130    94336.130
   730:    94373.130    94411.130    94744.130    94981.130    95050.130
   735:    95285.130    95401.120    96059.130    96263.130    96489.130
   740:    96768.130    96967.130    97081.120    97174.130    97758.130
   745:    98056.130    98318.130    98560.130    98647.130    98781.120
   750:    98785.840    98871.640    98871.320    98871.330    98871.350
   755:    98871.240    98871.130    99121.220    99121.230    99121.250
   760:    99121.340    99257.120    99343.130    99545.130    99860.130
   765:    99939.130    99979.130   100016.130   100051.130   100167.120
   770:   100257.130   100464.130   100722.130   101021.840   101049.640
   775:   101049.320   101049.330   101049.350   101049.240   101049.130
   780:   101299.220   101299.230   101299.250   101299.340   101796.120
   785:   101895.130   102158.130   102415.130   102699.840   102947.640
   790:   102947.320   102947.330   102947.350   102947.240   102947.130
   795:   103197.220   103197.230   103197.250   103197.340   103297.840
   800:   103646.640   103646.320   103646.330   103646.350   103646.240
   805:   103646.130   103896.220   103896.230   103896.250   103896.340
   810:   104015.120   104134.130   104493.130   104622.120   104888.130
   815:   104980.120   105073.130   105503.130   105768.130   106068.130
   820:   106339.130   106637.130   106860.130   107196.840   107294.640
   825:   107294.320   107294.330   107294.350   107294.240   107294.130
   830:   107544.220   107544.230   107544.250   107544.340   107664.120
   835:   107759.130   107942.130   108195.130   108418.130   108684.130
   840:   109075.130   109344.840   109507.640   109507.320   109507.330
   845:   109507.350   109507.240   109507.130   109757.220   109757.230
   850:   109757.250   109757.340   109881.120   109952.130   110223.130
   855:   110442.130   110682.130   110919.130   111174.130   111397.130
   860:   111608.130   111896.130   112136.130   112341.120   112450.130
   865:   112657.840   112705.640   112705.320   112705.330   112705.350
   870:   112705.240   112705.130   112955.220   112955.230   112955.250
   875:   112955.340   113074.120   113161.130   113446.130   113641.130
   880:   113715.130   113752.130   113892.120   113998.130   114455.130
   885:   114529.130   114566.130   114655.840   114657.120   114741.640
   890:   114741.320   114741.330   114741.350   114741.240   114741.130
   895:   114991.220   114991.230   114991.250   114991.340   115090.120
   900:   115161.130   115428.130   115471.130   115705.130   115780.130
   905:   115912.120   116078.130   116191.840   116374.640   116374.320
   910:   116374.330   116374.350   116374.240   116374.130   116624.220
   915:   116624.230   116624.250   116624.340   116743.120   116824.840
   920:   116917.640   116917.320   116917.330   116917.350   116917.240
   925:   116917.130   117167.220   117167.230   117167.250   117167.340
   930:   117294.120   117385.130   117461.130   117713.130   117870.120
   935:   117992.130   118266.130   118790.130   119009.130   119206.130
   940:   119424.130   119767.130   119863.120   119946.130   120067.840
   945:   120164.640   120164.320   120164.330   120164.350   120164.240
   950:   120164.130   120414.220   120414.230   120414.250   120414.340
   955:   120565.130   120935.130   120976.130   121066.120   121102.120
   960:   121173.130   121467.130   121704.130   121814.840   121942.640
   965:   121942.320   121942.330   121942.350   121942.240   121942.130
   970:   122192.220   122192.230   122192.250   122192.340   122533.130
   975:   123085.130   123192.840   123296.640   123296.320   123296.330
   980:   123296.350   123296.240   123296.130   123546.220   123546.230
   985:   123546.250   123546.340   123851.130   124202.120   124296.130
   990:   124341.130   124557.130   124746.840   124776.640   124776.320
   995:   124776.330   124776.350   124776.240   124776.130   125026.220
  1000:   125026.230   125026.250   125026.340   125362.130   125588.130
  1005:   125801.130   126026.130   126258.130   126542.130   126626.840
  1010:   127000.120   127129.640   127129.320   127129.330   127129.350
  1015:   127129.240   127129.130   127379.220   127379.230   127379.250
  1020:   127379.340   127554.120   127651.130   127899.130   128064.130
  1025:   128285.130   128929.130   129146.130   129564.130   129791.130
  1030:   129997.130   130273.130   130477.120   130756.130   130940.130
  1035:   130953.740   131140.130   131415.130   131684.130   131786.540
  1040:   131786.320   131786.330   131786.350   131786.240   131786.120
  1045:   132036.220   132036.230   132036.250   132036.340   132178.120
  1050:   132261.130   132500.130   133046.130   133272.130   133740.130
  1055:   133944.130   134373.120   134458.130   134675.130   134849.130
  1060:   135189.120   135322.130   135478.120   135746.130   135974.130
  1065:   136229.130   136269.130   136484.130   136763.130   136919.120
  1070:   137006.130   137408.130   138051.130   138684.130   139106.120
  1075:   139422.130   139553.120   139638.130   139905.130   141049.130
  1080:   141428.130   141950.130   142339.130   142437.120   142601.130
  1085:   142709.120   143219.130   143499.130   144044.130   144224.120
  1090:   144316.130   144613.130   145226.130   145335.120   145879.840
  1095:   146179.640   146179.320   146179.330   146179.350   146179.240
  1100:   146179.130   146429.220   146429.230   146429.250   146429.340
  1105:   146525.120   146605.130   146692.130   146728.130   147029.120
  1110:   147119.130   147416.130   147490.130   147525.130   147624.120
  1115:   147660.120   147729.840   147755.640   147755.320   147755.330
  1120:   147755.350   147755.240   147755.130   148005.220   148005.230
  1125:   148005.250   148005.340   148252.130   148368.120   148457.130
  1130:   148710.130   149238.130   149274.130   149317.130   149354.130
  1135:   149473.120   149562.130   150135.130   150167.130   150302.130
  1140:   150337.130   150442.130   150489.130   150580.130   150615.130
  1145:   150692.130   150705.840   150730.640   150730.320   150730.330
  1150:   150730.350   150730.240   150730.130   150980.220   150980.230
  1155:   150980.250   150980.340   151133.120   151223.130   151236.740
  1160:   151398.130   151974.130   152472.540   152472.320   152472.330
  1165:   152472.350   152472.240   152472.120   152580.840   152722.220
  1170:   152722.230   152722.250   152722.340   152848.120   153085.120
  1175:   153174.640   153174.320   153174.330   153174.350   153174.240
  1180:   153174.130   153424.220   153424.230   153424.250   153424.340
  1185:   153522.740   153543.540   153543.320   153543.330   153543.350
  1190:   153543.240   153543.120   153793.220   153793.230   153793.250
  1195:   153793.340   153999.130   154186.120   154275.130   154615.130
  1200:   154692.130   155024.130   155860.130   155954.120   156211.130
  1205:   156434.130   156505.130   156684.120   156837.130   157373.130
  1210:   157408.130   157569.120   157742.130   157778.130   157892.130
  1215:   158000.130   158033.130   158424.840   158451.640   158451.320
  1220:   158451.330   158451.350   158451.240   158451.130   158701.220
  1225:   158701.230   158701.250   158701.340   158794.120   158901.130
  1230:   159071.130   159332.130   159401.840   159468.640   159468.320
  1235:   159468.330   159468.350   159468.240   159468.130   159718.220
  1240:   159718.230   159718.250   159718.340   160142.130   160177.130
  1245:   160668.130   160703.130   160741.130   161207.130   161360.120
  1250:   161493.130   161800.130   161889.130   162112.130   162183.130
  1255:   162223.130   162260.130   162989.130   163286.130   163321.130
  1260:   163359.130   163426.130   163756.120   163848.130   164118.840
  1265:   164497.120   164627.640   164627.320   164627.330   164627.350
  1270:   164627.240   164627.130   164877.220   164877.230   164877.250
  1275:   164877.340   164987.120   165085.130   165488.130   165878.130
  1280:   165911.130   165945.130   166213.120   166348.130   166387.130
  1285:   166590.120   166690.130   166779.130   167015.130   167152.130
  1290:   167192.130   167236.130   167272.130   167755.120   167966.130
  1295:   168001.130   168070.130   168106.130   168187.130   168226.130
  1300:   168334.130   168376.130   168511.120   168600.130   168705.130
  1305:   168777.840   169339.640   169339.320   169339.330   169339.350
  1310:   169339.240   169339.130   169589.220   169589.230   169589.250
  1315:   169589.340   169712.120   169806.130   170063.120   170155.130
  1320:   170319.120   170413.130   170447.130   170485.130   170526.130
  1325:   170754.130   170935.130   170969.130   171146.120   171239.130
  1330:   171272.130   171983.130   172060.130   172196.130   172232.130
  1335:   172289.840   172302.640   172302.320   172302.330   172302.350
  1340:   172302.240   172302.130   172552.220   172552.230   172552.250
  1345:   172552.340   172755.120   172839.130   172873.130   172971.130
  1350:   173010.130   173252.840   173307.120   173398.640   173398.320
  1355:   173398.330   173398.350   173398.240   173398.130   173648.220
  1360:   173648.230   173648.250   173648.340   173936.130   174070.120
  1365:   174108.120   174202.130   174277.130   174614.130   174862.130
  1370:   174896.130   174930.130   174996.130   175031.130   175121.130
  1375:   175159.130   175275.120   175360.130   175698.130   175741.130
  1380:   175895.130   175932.130   175972.130   176006.130   176124.120
  1385:   176209.130   176278.130   176348.840   176382.120   176617.640
  1390:   176617.320   176617.330   176617.350   176617.240   176617.130
  1395:   176867.220   176867.230   176867.250   176867.340   176978.120
  1400:   177079.130   177163.130   177202.130   177238.130   177408.120
  1405:   177495.130   177711.130   177742.130   178034.130   178167.840
  1410:   178170.120   178262.640   178262.320   178262.330   178262.350
  1415:   178262.240   178262.130   178512.220   178512.230   178512.250
  1420:   178512.340   178627.120   178720.130   178798.130   178927.130
  1425:   179278.130   179309.130   179429.120   179515.130   179898.130
  1430:   180003.130   180039.130   180077.130   180112.130   180146.130
  1435:   180182.130   180215.130   180248.130   180285.130   180317.130
  1440:   180353.130   180467.120   180541.130   180579.130   181061.130
  1445:   181091.130   181175.130   181216.130   181344.120   181428.130
  1450:   181698.130   181997.130   182273.130   182412.840   182578.640
  1455:   182578.320   182578.330   182578.350   182578.240   182578.130
  1460:   182828.220   182828.230   182828.250   182828.340   182961.120
  1465:   183039.130   183293.130   183442.130   183479.130   183514.130
  1470:   183595.130   183773.130   183828.840   184041.640   184041.320
  1475:   184041.330   184041.350   184041.240   184041.130   184291.220
  1480:   184291.230   184291.250   184291.340   184387.120   184424.120
  1485:   184516.130   184709.130   185026.130   185200.130   185467.130
  1490:   185683.130   185923.130   186298.130   186347.130   186419.130
  1495:   186519.120   186604.130   186749.120   186845.130   187097.130
  1500:   187376.130   187456.130   187585.120   187675.130   187943.130
  1505:   188206.130   188507.130   188814.130   188915.120   189083.130
  1510:   189675.130   189754.130   189871.120   189960.130   190218.130
  1515:   190440.130   190491.840   190674.640   190674.320   190674.330
  1520:   190674.350   190674.240   190674.130   190924.220   190924.230
  1525:   190924.250   190924.340   191028.120   191117.130   191312.130
  1530:   191518.130   191548.130   191625.130   191722.120   191792.130
  1535:   192024.840   192344.120   192378.120   192474.640   192474.320
  1540:   192474.330   192474.350   192474.240   192474.130   192724.220
  1545:   192724.230   192724.250   192724.340   192853.120   192889.120
  1550:   193046.130   193316.120   193454.130   193860.130   193894.130
  1555:   194002.120   194088.130   194354.130   195082.130   195247.120
  1560:   195635.130   195814.130   195824.840   196226.640   196226.320
  1565:   196226.330   196226.350   196226.240   196226.130   196476.220
  1570:   196476.230   196476.250   196476.340   196646.120   196740.130
  1575:   197041.130   197276.840   197678.640   197678.320   197678.330
  1580:   197678.350   197678.240   197678.130   197928.220   197928.230
  1585:   197928.250   197928.340   198058.120   198149.130   198435.130
  1590:   198475.130   198628.840   198808.640   198808.320   198808.330
  1595:   198808.350   198808.240   198808.130   199058.220   199058.230
  1600:   199058.250   199058.340   199297.130   199513.120   199587.130
  1605:   199855.130   200117.130   200221.130   201034.130   201064.130
  1610:   201353.120   201458.130   201558.840   201633.640   201633.320
  1615:   201633.330   201633.350   201633.240   201633.130   201883.220
  1620:   201883.230   201883.250   201883.340   202126.130   202163.130
  1625:   202283.840   202362.120   202449.640   202449.320   202449.330
  1630:   202449.350   202449.240   202449.130   202699.220   202699.230
  1635:   202699.250   202699.340   202802.120   202901.130   203128.130
  1640:   203229.130   203264.130   203513.130   203668.120   203758.130
  1645:   204023.130   204173.120   204254.120   204359.130   204435.130
  1650:   204662.130   204768.130   205800.130   205879.130   206114.130
  1655:   206727.120   206803.130   206909.130   208259.130   208699.840
  1660:   209531.640   209531.320   209531.330   209531.350   209531.240
  1665:   209531.130   209781.220   209781.230   209781.250   209781.340
  1670:   210326.120   210427.130   210615.130   211450.130   211483.130
  1675:   211520.130   211561.130   211881.840   212346.120   213033.640
  1680:   213033.320   213033.330   213033.350   213033.240   213033.130
  1685:   213283.220   213283.230   213283.250   213283.340   213493.130
  1690:   213605.130   213646.130   213683.840   213849.120   214015.640
  1695:   214015.320   214015.330   214015.350   214015.240   214015.130
  1700:   214265.220   214265.230   214265.250   214265.340   214665.840
  1705:   214701.640   214701.320   214701.330   214701.350   214701.240
  1710:   214701.130   214951.220   214951.230   214951.250   214951.340
  1715:   215322.130   215406.130   215465.130   215630.120   215772.130
  1720:   216036.130   216114.130   216251.840   216389.120   216496.640
  1725:   216496.320   216496.330   216496.350   216496.240   216496.130
  1730:   216746.220   216746.230   216746.250   216746.340   216846.840
  1735:   216891.120   216989.640   216989.320   216989.330   216989.350
  1740:   216989.240   216989.130   217239.220   217239.230   217239.250
  1745:   217239.340   217436.120   217582.130   217812.120   217953.130
  1750:   217991.130   218030.130   218072.130   218327.130   218630.130
  1755:   218670.130   218715.130   218761.130   218934.130   219076.130
  1760:   219152.130   219220.130   219491.130   219533.130   219611.130
  1765:   219650.130   219691.130   219915.130   220076.120   220175.130
  1770:   220337.120   220433.130   220484.130   220732.120   220829.130
  1775:   220871.130   221104.130   221288.130   221439.840   221519.640
  1780:   221519.320   221519.330   221519.350   221519.240   221519.130
  1785:   221769.220   221769.230   221769.250   221769.340   222009.120
  1790:   222103.130   222198.130   222271.130   222313.130   222351.130
  1795:   222469.840   222486.640   222486.320   222486.330   222486.350
  1800:   222486.240   222486.130   222736.220   222736.230   222736.250
  1805:   222736.340   222932.120   223100.130   223310.130   223342.130
  1810:   223508.130   223641.130   223691.130   224104.130   224138.130
  1815:   224213.130   224389.130   224818.130   224897.130   224935.130
  1820:   224971.130   225012.130   225151.120   225270.130   225373.130
  1825:   225502.120   225604.130   225776.130   227263.130   227370.130
  1830:   227639.130   227847.130   228011.130   228192.130   228229.130
  1835:   228273.130   228391.120   228476.130   228631.130   228994.130
  1840:   229027.130   229209.130   229442.130   229479.130   229616.120
  1845:   229704.130   230306.130   230336.840   230387.640   230387.320
  1850:   230387.330   230387.350   230387.240   230387.130   230637.220
  1855:   230637.230   230637.250   230637.340   230756.120   230847.130
  1860:   230882.130   230961.130   231182.130   231286.130   231429.120
  1865:   231530.130   231680.130   233359.130   233656.130   233797.130
  1870:   233910.130   233947.130   234078.120   234164.130   234383.130
  1875:   234500.130   234542.130   234593.740   234876.130   234916.130
  1880:   234955.130   235256.130   235395.130   235617.130   236094.130
  1885:   236164.130   236265.540   236265.320   236265.330   236265.350
  1890:   236265.240   236265.120   236515.220   236515.230   236515.250
  1895:   236515.340   236648.120   236784.130   236910.120   237007.130
  1900:   237201.130   237286.130   237403.130   237533.120   237629.130
  1905:   237772.120   238068.130   238146.130   238544.130   238618.130
  1910:   238798.120   238890.130   239102.130   239149.130   239324.130
  1915:   239469.130   239637.120   240069.120   240179.130   240246.130
  1920:   240493.130   240705.130   241003.130   241300.130   241403.120
  1925:   241673.120   241737.840   241800.640   241800.320   241800.330
  1930:   241800.350   241800.240   241800.130   242050.220   242050.230
  1935:   242050.250   242050.340   242217.120   242291.130   242469.130
  1940:   242646.130   242650.840   242680.640   242680.320   242680.330
  1945:   242680.350   242680.240   242680.130   242930.220   242930.230
  1950:   242930.250   242930.340   243044.120   243080.120   243156.130
  1955:   243329.130   243512.130   243676.130   244025.130   244097.130
  1960:   244138.130   244254.120   244340.130   244552.130   244787.130
  1965:   245173.130   245219.130   245444.130   245858.120   245987.130
  1970:   246451.130   246554.120   246647.130   246997.130   247038.130
  1975:   247174.120   247262.130   247635.130   247730.840   248162.120
  1980:   248324.640   248324.320   248324.330   248324.350   248324.240
  1985:   248324.130   248574.220   248574.230   248574.250   248574.340
  1990:   248859.120   248947.130   249107.120   249295.130   249546.130
  1995:   249615.130   249891.130   250099.130   250274.840   250406.640
  2000:   250406.320   250406.330   250406.350   250406.240   250406.130
  2005:   250656.220   250656.230   250656.250   250656.340   250839.120
  2010:   251071.120   251155.130   251365.130   251577.130   251609.130
  2015:   251819.130   251861.130   252145.130   252190.130   252316.120
  2020:   252403.130   252574.130   252823.130   252866.130   253075.130
  2025:   253545.130   253618.130   254080.130   254156.840   254276.640
  2030:   254276.320   254276.330   254276.350   254276.240   254276.130
  2035:   254526.220   254526.230   254526.250   254526.340   254744.130
  2040:   254912.120   255001.130   255149.130   255267.130   255305.130
  2045:   255485.120   255580.130   255826.840   255918.120   256015.640
  2050:   256015.320   256015.330   256015.350   256015.240   256015.130
  2055:   256265.220   256265.230   256265.250   256265.340   256496.130
  2060:   256677.130   256786.120   256965.840   256976.640   256976.320
  2065:   256976.330   256976.350   256976.240   256976.130   257226.220
  2070:   257226.230   257226.250   257226.340   257410.120   257523.130
  2075:   257575.130   257778.130   257848.130   257891.130   257929.130
  2080:   258006.130   258045.130   258171.120   258299.130   258496.130
  2085:   258626.840   258675.640   258675.320   258675.330   258675.350
  2090:   258675.240   258675.130   258925.220   258925.230   258925.250
  2095:   258925.340   259153.120   259224.130   259341.130   259530.130
  2100:   259824.130   259864.130   260081.130   260224.120   260225.840
  2105:   260327.640   260327.320   260327.330   260327.350   260327.240
  2110:   260327.130   260577.220   260577.230   260577.250   260577.340
  2115:   260945.130   260980.130   261018.130   261092.130   261127.130
  2120:   261206.130   261281.130   261499.130   261629.120   261698.130
  2125:   261735.130   261898.130   262370.130   262560.130   262842.130
  2130:   262945.130   263044.120   263134.130   263405.130   263542.120
  2135:   263641.130   263743.120   263894.130   264042.130   264236.130
  2140:   264277.840   264452.640   264452.320   264452.330   264452.350
  2145:   264452.240   264452.130   264702.220   264702.230   264702.250
  2150:   264702.340   264823.120   264920.130   265086.130   265299.130
  2155:   265414.130   265502.840   265688.640   265688.320   265688.330
  2160:   265688.350   265688.240   265688.130   265938.220   265938.230
  2165:   265938.250   265938.340   266168.120   266269.130   266435.130
  2170:   266521.130   266596.130   266762.120   266837.130   266935.130
  2175:   267169.130   267238.840   267405.640   267405.320   267405.330
  2180:   267405.350   267405.240   267405.130   267655.220   267655.230
  2185:   267655.250   267655.340   267736.120   267826.130   267985.130
  2190:   268067.130   268463.120   268552.130   268955.840   268966.640
  2195:   268966.320   268966.330   268966.350   268966.240   268966.130
  2200:   269216.220   269216.230   269216.250   269216.340   269306.120
  2205:   269402.130   269696.130   269890.130   270072.130   270310.130
  2210:   270610.130   270792.130   270962.130   271001.130   271116.840
  2215:   271184.640   271184.320   271184.330   271184.350   271184.240
  2220:   271184.130   271434.220   271434.230   271434.250   271434.340
  2225:   271549.120   271618.130   271847.130   272089.130   272373.130
  2230:   272474.120   272563.130   272804.130   273037.130   273213.130
  2235:   273406.130   273514.130   273616.120   273707.130   273919.130
  2240:   274105.130   274149.130   274389.130   274649.130   274720.130
  2245:   274793.130   274836.130   274934.120   275024.130   275200.130
  2250:   275447.130   275868.120   276004.130   276190.130   276336.130
  2255:   276499.120   276649.130   276935.130   277064.130   277134.840
  2260:   277186.120   277618.640   277618.320   277618.330   277618.350
  2265:   277618.240   277618.130   277868.220   277868.230   277868.250
  2270:   277868.340   278084.120   278178.130   278306.130   278417.130
  2275:   278456.130   278492.130   278600.130   278640.130   278764.120
  2280:   278848.130   279066.130   279068.840   279712.640   279712.320
  2285:   279712.330   279712.350   279712.240   279712.130   279962.220
  2290:   279962.230   279962.250   279962.340   280098.120   280187.130
  2295:   280364.130   280478.120   280567.130   280844.130   280963.120
  2300:   281049.130   281228.130   281370.120   281691.130   281766.130
  2305:   281888.120   281976.130   282183.130   282361.130   282505.130
  2310:   282695.130   282940.130   283051.130   283171.120   283262.130
  2315:   283415.130   283542.130   283660.120   283862.840   283864.640
  2320:   283864.320   283864.330   283864.350   283864.240   283864.130
  2325:   284114.220   284114.230   284114.250   284114.340   284242.120
  2330:   284314.130   284475.130   284795.130   284923.120   285013.130
  2335:   285479.130   285598.130   285638.130   285781.120   285865.130
  2340:   286139.130   286288.120   286453.130   286489.130   286701.130
  2345:   287098.130   287136.130   287234.120   287320.130   287523.130
  2350:   287808.130   287932.130   288039.120   288120.130   288350.130
  2355:   288553.130   288614.840   288774.640   288774.320   288774.330
  2360:   288774.350   288774.240   288774.130   289024.220   289024.230
  2365:   289024.250   289024.340   289224.840   289435.640   289435.320
  2370:   289435.330   289435.350   289435.240   289435.130   289685.220
  2375:   289685.230   289685.250   289685.340   289806.120   290074.130
  2380:   290348.130   290559.130   290906.130   290984.130   291167.130
  2385:   291409.130   291576.120   291669.130   292023.130   292305.130
  2390:   292612.130   292801.130   293103.130   293220.120   293308.130
  2395:   293588.130   293684.120   293770.130   294012.130   294401.120
  2400:   294488.130   294711.130   294894.130   295271.120   295348.120
  2405:   295382.120   295474.130   295573.120   295830.130   295876.130
  2410:   295968.130   296120.120   296385.130   296572.130   296619.130
  2415:   296898.130   297151.130   297276.130   297374.120   297494.130
  2420:   297661.120   297753.130   297994.130   298295.130   298519.130
  2425:   298651.120   299081.130   299215.120   299587.130   299697.120
  2430:   300337.130   300460.120   300552.130   300672.120   300785.840
  2435:   300803.640   300803.320   300803.330   300803.350   300803.240
  2440:   300803.130   301053.220   301053.230   301053.250   301053.340
  2445:   301153.840   301321.640   301321.320   301321.330   301321.350
  2450:   301321.240   301321.130   301571.220   301571.230   301571.250
  2455:   301571.340   301862.130   301902.130   301997.120   302086.130
  2460:   302245.130   302419.130   302614.130   302894.130   303054.120
  2465:   303146.130   303369.130   303667.130   303856.130   304135.130
  2470:   304173.130   304283.120   304427.130   304546.120   304838.130
  2475:   304958.120   305116.130   305336.130   305669.130   305834.120
  2480:   306030.130   306245.130   306363.120   306532.130   306569.130
  2485:   306670.120   306753.130   306939.130   306971.840   307232.640
  2490:   307232.320   307232.330   307232.350   307232.240   307232.130
  2495:   307482.220   307482.230   307482.250   307482.340   307600.120
  2500:   307690.130   307918.130   308015.740   308113.130   308183.130
  2505:   308472.130   308833.130   308982.840   308996.540   308996.320
  2510:   308996.330   308996.350   308996.240   308996.120   309246.220
  2515:   309246.230   309246.250   309246.340   309444.120   309580.640
  2520:   309580.320   309580.330   309580.350   309580.240   309580.130
  2525:   309830.220   309830.230   309830.250   309830.340   309964.120
  2530:   310001.120   310090.130   310246.130   310570.130   310791.130
  2535:   310870.130   310940.130   311024.130   311063.130   311099.130
  2540:   311130.130   311163.130   311199.130   311232.130   311269.130
  2545:   311309.130   311348.130   311482.120   311593.130   311780.130
  2550:   312050.130   312536.130   312704.120   312775.130   312804.130
  2555:   313059.130   313253.130   313368.120   313410.120   313539.130
  2560:   313809.130   313977.130   314019.130   314126.120   314219.130
  2565:   315071.130   315185.130   315292.130   315370.130   315477.120
  2570:   315576.130   315742.120   315907.130   316148.130   316489.130
  2575:   316559.130   316652.120   316683.120   316775.130   317026.130
  2580:   317260.130   317344.130   317379.130   317790.130   317826.130
  2585:   317914.120   318030.840   318119.640   318119.320   318119.330
  2590:   318119.350   318119.240   318119.130   318369.220   318369.230
  2595:   318369.250   318369.340   318486.120   318526.120   318744.130
  2600:   318769.840   318780.640   318780.320   318780.330   318780.350
  2605:   318780.240   318780.130   319030.220   319030.230   319030.250
  2610:   319030.340   319223.130   319258.130   319337.130   319413.130
  2615:   319448.130   319551.120   319624.130   319657.130   319848.130
  2620:   320083.130   320267.130   320460.120   320558.130   320733.130
  2625:   320870.130   321168.130   321462.130   321532.130   321827.130
  2630:   322021.130   322110.120   322204.130   322512.130   322728.130
  2635:   322770.130   322938.120   323484.130   323767.130   323795.130
  2640:   323905.130   324027.120   324112.130   324391.130   324581.130
  2645:   324843.130   325116.130   325335.130   325572.130   325726.120
  2650:   326044.120   326284.130   326551.130   326785.130   327144.130
  2655:   327230.840   327270.120   327502.120   327641.640   327641.320
  2660:   327641.330   327641.350   327641.240   327641.130   327891.220
  2665:   327891.230   327891.250   327891.340   328068.130   328102.130
  2670:   328137.130   328177.130   328246.130   328283.130   328326.130
  2675:   328367.130   328405.130   328464.130   328540.130   328578.130
  2680:   328625.130   328727.120   328813.130   329090.130   329123.130
  2685:   329358.120   329449.130   329680.130   329958.130   329991.840
  2690:   329996.640   329996.320   329996.330   329996.350   329996.240
  2695:   329996.130   330246.220   330246.230   330246.250   330246.340
  2700:   330561.130   330630.130   330702.130   330741.130   330780.130
  2705:   330878.120   330949.130   330978.130   331148.130   331439.120
  2710:   331536.130   331791.130   332011.130   332123.130   332212.120
  2715:   332303.130   332584.130   332659.130   332756.120   332948.130
  2720:   333176.130   333419.130   333733.130   333937.130   334042.120
  2725:   334321.130   334468.120   335614.130   335653.130   335690.130
  2730:   336403.130   336440.130   336551.130   336596.130   336633.130
  2735:   336668.130   336706.130   336745.130   336783.130   336879.120
  2740:   336971.130   337271.130   337341.130   337346.840   337379.640
  2745:   337379.320   337379.330   337379.350   337379.240   337379.130
  2750:   337629.220   337629.230   337629.250   337629.340   337770.120
  2755:   337875.130   337929.840   338058.120   338141.640   338141.320
  2760:   338141.330   338141.350   338141.240   338141.130   338391.220
  2765:   338391.230   338391.250   338391.340   338545.120   338674.130
  2770:   338750.130   338789.130   338920.120   339061.130   339333.130
  2775:   339491.840   339737.640   339737.320   339737.330   339737.350
  2780:   339737.240   339737.130   339987.220   339987.230   339987.250
  2785:   339987.340   340129.120   340208.130   340398.130   341387.840
  2790:   341431.640   341431.320   341431.330   341431.350   341431.240
  2795:   341431.130   341681.220   341681.230   341681.250   341681.340
  2800:   341994.130   342033.130   342072.130   342112.130   342247.120
  2805:   342279.120   342364.130   342397.130   342505.130   342767.130
  2810:   342806.130   343080.130   343492.130   343631.120   343723.130
  2815:   343746.740   343781.840   343924.640   343924.320   343924.330
  2820:   343924.350   343924.240   343924.130   344174.220   344174.230
  2825:   344174.250   344174.340   344268.540   344268.320   344268.330
  2830:   344268.350   344268.240   344268.120   344518.220   344518.230
  2835:   344518.250   344518.340   344646.120   344753.130   345031.130
  2840:   345198.130   345274.840   345292.640   345292.320   345292.330
  2845:   345292.350   345292.240   345292.130   345542.220   345542.230
  2850:   345542.250   345542.340   345682.120   345818.740   345844.130
  2855:   345960.130   345998.130   346187.130   346225.130   346339.130
  2860:   346447.540   346447.320   346447.330   346447.350   346447.240
  2865:   346447.120   346542.840   346697.220   346697.230   346697.250
  2870:   346697.340   346814.120   346886.640   346886.320   346886.330
  2875:   346886.350   346886.240   346886.130   347136.220   347136.230
  2880:   347136.250   347136.340   347249.120   347393.130   347435.130
  2885:   347536.840   347607.640   347607.320   347607.330   347607.350
  2890:   347607.240   347607.130   347857.220   347857.230   347857.250
  2895:   347857.340   347963.120   348104.130   348356.130   348457.840
  2900:   348710.640   348710.320   348710.330   348710.350   348710.240
  2905:   348710.130   348960.220   348960.230   348960.250   348960.340
  2910:   349049.120   349146.130   349322.130   349598.130   349637.130
  2915:   349906.130   350154.130   350398.130   350551.120   350877.130
  2920:   350909.130   350983.130   351057.130   351095.130   351191.120
  2925:   351260.840   351290.640   351290.320   351290.330   351290.350
  2930:   351290.240   351290.130   351540.220   351540.230   351540.250
  2935:   351540.340   351658.120   351763.130   351801.130   352092.130
  2940:   352636.130   352885.130   352982.130   353016.130   353113.120
  2945:   353332.130   353571.130   353886.130   354122.130   354631.130
  2950:   354667.130   354740.840   354960.640   354960.320   354960.330
  2955:   354960.350   354960.240   354960.130   355210.220   355210.230
  2960:   355210.250   355210.340   355403.130   355796.130   355907.120
  2965:   356003.130   356036.130   356078.130   356097.740   356121.130
  2970:   356255.540   356255.320   356255.330   356255.350   356255.240
  2975:   356255.120   356505.220   356505.230   356505.250   356505.340
  2980:   356659.120   356702.120   356776.130   356805.130   356880.130
  2985:   356921.130   356957.130   357031.130   357067.130   357102.130
  2990:   357202.130   357309.130   357388.130   357481.120   357574.130
  2995:   357730.130   357969.130   358230.130   358299.130   358337.130
  3000:   358436.120   358610.840   358731.640   358731.320   358731.330
  3005:   358731.350   358731.240   358731.130   358981.220   358981.230
  3010:   358981.250   358981.340   359068.120   359176.130   359281.840
  3015:   359308.120   359397.640   359397.320   359397.330   359397.350
  3020:   359397.240   359397.130   359647.220   359647.230   359647.250
  3025:   359647.340   359802.120   359841.120   359922.130   360000.320
  3030:   360000.330   360000.350   360000.020
C:
     0:        0.000      410.000     1405.000       12.000      109.000
     5:        0.000
D:
     0:        0.000        0.000
L:
     0:       44.000       44.000       44.000
M:
     0:     1200.000     1201.000     1202.000     1203.000     1204.000
     5:     1205.000     1206.000     1207.000     1208.000     1209.000
    10:     1210.000     1211.000     1212.000     1213.000     1214.000
    15:     1215.000     1216.000     1217.000     1218.000     1219.000
    20:     1220.000     1221.000     1222.000     1223.000     1224.000
    25:     1225.000     1226.000     1227.000     1228.000     1229.000
    30:     1230.000     1231.000     1232.000     1233.000     1234.000
    35:     1235.000     1236.000     1237.000     1238.000     1239.000
    40:     1240.000     1241.000     1242.000     1243.000     1244.000
    45:     1245.000     1246.000     1247.000     1248.000     1249.000
    50:     1250.000     1251.000     1252.000     1253.000     1254.000
    55:     1255.000     1256.000     1257.000     1258.000     1259.000
    60:     1260.000     1261.000     1262.000     1263.000     1264.000
    65:     1265.000     1266.000     1267.000     1268.000     1269.000
    70:     1270.000     1271.000     1272.000     1273.000     1274.000
    75:     1275.000     1276.000     1277.000     1278.000     1279.000
    80:     1280.000     1281.000     1282.000     1283.000     1284.000
    85:     1285.000     1286.000     1287.000     1288.000     1289.000
    90:     1290.000     1291.000     1292.000     1293.000     1294.000
    95:     1295.000     1296.000     1297.000     1298.000     1299.000
   100:     1300.000     1301.000     1302.000     1303.000     1304.000
   105:     1305.000     1306.000     1307.000     1308.000     1309.000
   110:     1310.000     1311.000     1312.000     1313.000     1314.000
   115:     1315.000     1316.000     1317.000     1318.000     1319.000
   120:     1320.000     1321.000     1322.000     1323.000     1324.000
   125:     1325.000     1326.000     1327.000     1328.000     1329.000
   130:     1330.000     1331.000     1332.000     1333.000     1334.000
   135:     1335.000     1336.000     1337.000     1338.000     1339.000
   140:     1340.000     1341.000     1342.000     1343.000     1344.000
   145:     1345.000     1346.000     1347.000     1348.000     1349.000
   150:     1350.000     1351.000     1352.000     1353.000     1354.000
   155:     1355.000     1356.000     1357.000     1358.000     1359.000
   160:     1360.000     1361.000     1362.000     1363.000     1364.000
   165:     1365.000     1366.000     1367.000     1368.000     1369.000
   170:     1370.000     1371.000     1372.000     1373.000     1374.000
   175:     1375.000     1376.000     1377.000     1378.000     1379.000
   180:     1380.000     1381.000     1382.000     1383.000     1384.000
   185:     1385.000     1386.000     1387.000     1388.000     1389.000
   190:     1390.000     1391.000     1392.000     1393.000     1394.000
   195:     1395.000     1396.000     1397.000     1398.000     1399.000
   200:     1400.000     1401.000     1402.000     1403.000     1404.000
   205:     1405.000     1406.000     1407.000     1408.000     1409.000
   210:     1410.000     1411.000     1412.000     1413.000     1414.000
   215:     1415.000     1416.000     1417.000     1418.000     1419.000
   220:     1420.000     1421.000     1422.000     1423.000     1424.000
   225:     1425.000     1426.000     1427.000     1428.000     1429.000
   230:     1430.000     1431.000     1432.000     1433.000     1434.000
   235:     1435.000     1436.000     1437.000     1438.000     1439.000
   240:     1440.000     1441.000     1442.000     1443.000     1444.000
   245:     1445.000     1446.000     1447.000     1448.000     1449.000
   250:     1450.000     1451.000     1452.000     1453.000     1454.000
   255:     1455.000     1456.000     1457.000     1458.000     1459.000
   260:     1460.000     1461.000     1462.000     1463.000     1464.000
   265:     1465.000     1466.000     1467.000     1468.000     1469.000
   270:     1470.000     1471.000     1472.000     1473.000     1474.000
   275:     1475.000     1476.000     1477.000     1478.000     1479.000
   280:     1480.000     1481.000     1482.000     1483.000     1484.000
   285:     1485.000     1486.000     1487.000     1488.000     1489.000
   290:     1490.000     1491.000     1492.000     1493.000     1494.000
   295:     1495.000     1496.000     1497.000     1498.000     1499.000
   300:     1500.000     1501.000     1502.000     1503.000     1504.000
   305:     1505.000     1506.000     1507.000     1508.000     1509.000
   310:     1510.000     1511.000     1512.000     1513.000     1514.000
   315:     1515.000     1516.000     1517.000     1518.000     1519.000
   320:     1520.000     1521.000     1522.000     1523.000     1524.000
   325:     1525.000     1526.000     1527.000     1528.000     1529.000
   330:     1530.000     1531.000     1532.000     1533.000     1534.000
   335:     1535.000     1536.000     1537.000     1538.000     1539.000
   340:     1540.000     1541.000     1542.000     1543.000     1544.000
   345:     1545.000     1546.000     1547.000     1548.000     1549.000
   350:     1550.000     1551.000     1552.000     1553.000     1554.000
   355:     1555.000     1556.000     1557.000     1558.000     1559.000
   360:     1560.000     1561.000     1562.000     1563.000     1564.000
   365:     1565.000     1566.000     1567.000     1568.000     1569.000
   370:     1570.000     1571.000     1572.000     1573.000     1574.000
   375:     1575.000     1576.000     1577.000     1578.000     1579.000
   380:     1580.000     1581.000     1582.000     1583.000     1584.000
   385:     1585.000     1586.000     1587.000     1588.000     1589.000
   390:     1590.000     1591.000     1592.000     1593.000     1594.000
   395:     1595.000     1596.000     1597.000     1598.000     1599.000
   400:     1600.000     1601.000     1602.000     1603.000     1604.000
   405:     1605.000     1606.000     1607.000     1608.000     1609.000
   410:     1610.000     1611.000     1612.000     1613.000     1614.000
   415:     1615.000     1616.000     1617.000     1618.000     1619.000
   420:     1620.000     1621.000     1622.000     1623.000     1624.000
   425:     1625.000     1626.000     1627.000     1628.000     1629.000
   430:     1630.000     1631.000     1632.000     1633.000     1634.000
   435:     1635.000     1636.000     1637.000     1638.000     1639.000
   440:     1640.000     1641.000     1642.000     1643.000     1644.000
   445:     1645.000     1646.000     1647.000     1648.000     1649.000
   450:     1650.000     1651.000     1652.000     1653.000     1654.000
   455:     1655.000     1656.000     1657.000     1658.000     1659.000
   460:     1660.000     1661.000     1662.000     1663.000     1664.000
   465:     1665.000     1666.000     1667.000     1668.000     1669.000
   470:     1670.000     1671.000     1672.000     1673.000     1674.000
   475:     1675.000     1676.000     1677.000     1678.000     1679.000
   480:     1680.000     1681.000     1682.000     1683.000     1684.000
   485:     1685.000     1686.000     1687.000     1688.000     1689.000
   490:     1690.000     1691.000     1692.000     1693.000     1694.000
   495:     1695.000     1696.000     1697.000     1698.000     1699.000
   500:     1700.000     1701.000     1702.000     1703.000     1704.000
   505:     1705.000     1706.000     1707.000     1708.000     1709.000
   510:     1710.000     1711.000     1712.000     1713.000     1714.000
   515:     1715.000     1716.000     1717.000     1718.000     1719.000
   520:     1720.000     1721.000     1722.000     1723.000     1724.000
   525:     1725.000     1726.000     1727.000     1728.000     1729.000
   530:     1730.000     1731.000     1732.000     1733.000     1734.000
   535:     1735.000     1736.000     1737.000     1738.000     1739.000
   540:     1740.000     1741.000     1742.000     1743.000     1744.000
   545:     1745.000     1746.000     1747.000     1748.000     1749.000
   550:     1750.000     1751.000     1752.000     1753.000     1754.000
   555:     1755.000     1756.000     1757.000     1758.000     1759.000
   560:     1760.000     1761.000     1762.000     1763.000     1764.000
   565:     1765.000     1766.000     1767.000     1768.000     1769.000
   570:     1770.000     1771.000     1772.000     1773.000     1774.000
   575:     1775.000     1776.000     1777.000     1778.000     1779.000
   580:     1780.000     1781.000     1782.000     1783.000     1784.000
   585:     1785.000     1786.000     1787.000     1788.000     1789.000
   590:     1790.000     1791.000     1792.000     1793.000     1794.000
   595:     1795.000     1796.000     1797.000     1798.000     1799.000
   600:     1800.000     1801.000     1802.000     1803.000     1804.000
   605:     1805.000     1806.000     1807.000     1808.000     1809.000
   610:     1810.000     1811.000     1812.000     1813.000     1814.000
   615:     1815.000     1816.000     1817.000     1818.000     1819.000
   620:     1820.000     1821.000     1822.000     1823.000     1824.000
   625:     1825.000     1826.000     1827.000     1828.000     1829.000
   630:     1830.000     1831.000     1832.000     1833.000     1834.000
   635:     1835.000     1836.000     1837.000     1838.000     1839.000
   640:     1840.000     1841.000     1842.000     1843.000     1844.000
   645:     1845.000     1846.000     1847.000     1848.000     1849.000
   650:     1850.000     1851.000     1852.000     1853.000     1854.000
   655:     1855.000     1856.000     1857.000     1858.000     1859.000
   660:     1860.000     1861.000     1862.000     1863.000     1864.000
   665:     1865.000     1866.000     1867.000     1868.000     1869.000
   670:     1870.000     1871.000     1872.000     1873.000     1874.000
   675:     1875.000     1876.000     1877.000     1878.000     1879.000
   680:     1880.000     1881.000     1882.000     1883.000     1884.000
   685:     1885.000     1886.000     1887.000     1888.000     1889.000
   690:     1890.000     1891.000     1892.000     1893.000     1894.000
   695:     1895.000     1896.000     1897.000     1898.000     1899.000
   700:     1900.000     1901.000     1902.000     1903.000     1904.000
   705:     1905.000     1906.000     1907.000     1908.000     1909.000
   710:     1910.000     1911.000     1912.000     1913.000     1914.000
   715:     1915.000     1916.000     1917.000     1918.000     1919.000
   720:     1920.000     1921.000     1922.000     1923.000     1924.000
   725:     1925.000     1926.000     1927.000     1928.000     1929.000
   730:     1930.000     1931.000     1932.000     1933.000     1934.000
   735:     1935.000     1936.000     1937.000     1938.000     1939.000
   740:     1940.000     1941.000     1942.000     1943.000     1944.000
   745:     1945.000     1946.000     1947.000     1948.000     1949.000
   750:     1950.000     1951.000     1952.000     1953.000     1954.000
   755:     1955.000     1956.000     1957.000     1958.000     1959.000
   760:     1960.000     1961.000     1962.000     1963.000     1964.000
   765:     1965.000     1966.000     1967.000     1968.000     1969.000
   770:     1970.000     1971.000     1972.000     1973.000     1974.000
   775:     1975.000     1976.000     1977.000     1978.000     1979.000
   780:     1980.000     1981.000     1982.000     1983.000     1984.000
   785:     1985.000     1986.000     1987.000     1988.000     1989.000
   790:     1990.000     1991.000     1992.000     1993.000     1994.000
   795:     1995.000     1996.000     1997.000     1998.000     1999.000
   800:     2000.000     2001.000     2002.000     2003.000     2004.000
   805:     2005.000     2006.000     2007.000     2008.000     2009.000
   810:     2010.000     2011.000     2012.000     2013.000     2014.000
   815:     2015.000     2016.000     2017.000     2018.000     2019.000
   820:     2020.000     2021.000     2022.000     2023.000     2024.000
   825:     2025.000     2026.000     2027.000     2028.000     2029.000
   830:     2030.000     2031.000     2032.000     2033.000     2034.000
   835:     2035.000     2036.000     2037.000     2038.000     2039.000
   840:     2040.000     2041.000     2042.000     2043.000     2044.000
   845:     2045.000     2046.000     2047.000     2048.000     2049.000
   850:     2050.000     2051.000     2052.000     2053.000     2054.000
   855:     2055.000     2056.000     2057.000     2058.000     2059.000
   860:     2060.000     2061.000     2062.000     2063.000     2064.000
   865:     2065.000     2066.000     2067.000     2068.000     2069.000
   870:     2070.000     2071.000     2072.000     2073.000     2074.000
   875:     2075.000     2076.000     2077.000     2078.000     2079.000
   880:     2080.000     2081.000     2082.000     2083.000     2084.000
   885:     2085.000     2086.000     2087.000     2088.000     2089.000
   890:     2090.000     2091.000     2092.000     2093.000     2094.000
   895:     2095.000     2096.000     2097.000     2098.000     2099.000
   900:     2100.000     2101.000     2102.000     2103.000     2104.000
   905:     2105.000     2106.000     2107.000     2108.000     2109.000
   910:     2110.000     2111.000     2112.000     2113.000     2114.000
   915:     2115.000     2116.000     2117.000     2118.000     2119.000
   920:     2120.000     2121.000     2122.000     2123.000     2124.000
   925:     2125.000     2126.000     2127.000     2128.000     2129.000
   930:     2130.000     2131.000     2132.000     2133.000     2134.000
   935:     2135.000     2136.000     2137.000     2138.000     2139.000
   940:     2140.000     2141.000     2142.000     2143.000     2144.000
   945:     2145.000     2146.000     2147.000     2148.000     2149.000
   950:     2150.000     2151.000     2152.000     2153.000     2154.000
   955:     2155.000     2156.000     2157.000     2158.000     2159.000
   960:     2160.000     2161.000     2162.000     2163.000     2164.000
   965:     2165.000     2166.000     2167.000     2168.000     2169.000
   970:     2170.000     2171.000     2172.000     2173.000     2174.000
   975:     2175.000     2176.000     2177.000     2178.000     2179.000
   980:     2180.000     2181.000     2182.000     2183.000     2184.000
   985:     2185.000     2186.000     2187.000     2188.000     2189.000
   990:     2190.000     2191.000     2192.000     2193.000     2194.000
   995:     2195.000     2196.000     2197.000     2198.000     2199.000
  1000:     2200.000     2201.000     2202.000     2203.000     2204.000
  1005:     2205.000     2206.000     2207.000     2208.000     2209.000
  1010:     2210.000     2211.000     2212.000     2213.000     2214.000
  1015:     2215.000     2216.000     2217.000     2218.000     2219.000
  1020:     2220.000     2221.000     2222.000     2223.000     2224.000
  1025:     2225.000     2226.000     2227.000     2228.000     2229.000
  1030:     2230.000     2231.000     2232.000     2233.000     2234.000
  1035:     2235.000     2236.000     2237.000     2238.000     2239.000
  1040:     2240.000     2241.000     2242.000     2243.000     2244.000
  1045:     2245.000     2246.000     2247.000     2248.000     2249.000
  1050:     2250.000     2251.000     2252.000     2253.000     2254.000
  1055:     2255.000     2256.000     2257.000     2258.000     2259.000
  1060:     2260.000     2261.000     2262.000     2263.000     2264.000
  1065:     2265.000     2266.000     2267.000     2268.000     2269.000
  1070:     2270.000     2271.000     2272.000     2273.000     2274.000
  1075:     2275.000     2276.000     2277.000     2278.000     2279.000
  1080:     2280.000     2281.000     2282.000     2283.000     2284.000
  1085:     2285.000     2286.000     2287.000     2288.000     2289.000
  1090:     2290.000     2291.000     2292.000     2293.000     2294.000
  1095:     2295.000     2296.000     2297.000     2298.000     2299.000
  1100:     2300.000     2301.000     2302.000     2303.000     2304.000
  1105:     2305.000     2306.000     2307.000     2308.000     2309.000
  1110:     2310.000     2311.000     2312.000     2313.000     2314.000
  1115:     2315.000     2316.000     2317.000     2318.000     2319.000
  1120:     2320.000     2321.000     2322.000     2323.000     2324.000
  1125:     2325.000     2326.000     2327.000     2328.000     2329.000
  1130:     2330.000     2331.000     2332.000     2333.000     2334.000
  1135:     2335.000     2336.000     2337.000     2338.000     2339.000
  1140:     2340.000     2341.000     2342.000     2343.000     2344.000
  1145:     2345.000     2346.000     2347.000     2348.000     2349.000
  1150:     2350.000     2351.000     2352.000     2353.000     2354.000
  1155:     2355.000     2356.000     2357.000     2358.000     2359.000
  1160:     2360.000     2361.000     2362.000     2363.000     2364.000
  1165:     2365.000     2366.000     2367.000     2368.000     2369.000
  1170:     2370.000     2371.000     2372.000     2373.000     2374.000
  1175:     2375.000     2376.000     2377.000     2378.000     2379.000
  1180:     2380.000     2381.000     2382.000     2383.000     2384.000
  1185:     2385.000     2386.000     2387.000     2388.000     2389.000
  1190:     2390.000     2391.000     2392.000     2393.000     2394.000
  1195:     2395.000     2396.000     2397.000     2398.000     2399.000
  1200:     2400.000
N:
     0:     2700.000     2701.000     2702.000     2703.000     2704.000
     5:     2705.000     2706.000     2707.000     2708.000     2709.000
    10:     2710.000     2711.000     2712.000     2713.000     2714.000
    15:     2715.000     2716.000     2717.000     2718.000     2719.000
    20:     2720.000     2721.000     2722.000     2723.000     2724.000
    25:     2725.000     2726.000     2727.000     2728.000     2729.000
    30:     2730.000     2731.000     2732.000     2733.000     2734.000
    35:     2735.000     2736.000     2737.000     2738.000     2739.000
    40:     2740.000     2741.000     2742.000     2743.000     2744.000
    45:     2745.000     2746.000     2747.000     2748.000     2749.000
    50:     2750.000     2751.000     2752.000     2753.000     2754.000
    55:     2755.000     2756.000     2757.000     2758.000     2759.000
    60:     2760.000     2761.000     2762.000     2763.000     2764.000
    65:     2765.000     2766.000     2767.000     2768.000     2769.000
    70:     2770.000     2771.000     2772.000     2773.000     2774.000
    75:     2775.000     2776.000     2777.000     2778.000     2779.000
    80:     2780.000     2781.000     2782.000     2783.000     2784.000
    85:     2785.000     2786.000     2787.000     2788.000     2789.000
    90:     2790.000     2791.000     2792.000     2793.000     2794.000
    95:     2795.000     2796.000     2797.000     2798.000     2799.000
   100:     2800.000     2801.000     2802.000     2803.000     2804.000
   105:     2805.000     2806.000     2807.000     2808.000     2809.000
   110:     2810.000     2811.000     2812.000     2813.000     2814.000
   115:     2815.000     2816.000     2817.000     2818.000     2819.000
   120:     2820.000     2821.000     2822.000     2823.000     2824.000
   125:     2825.000     2826.000     2827.000     2828.000     2829.000
   130:     2830.000     2831.000     2832.000     2833.000     2834.000
   135:     2835.000     2836.000     2837.000     2838.000     2839.000
   140:     2840.000     2841.000     2842.000     2843.000     2844.000
   145:     2845.000     2846.000     2847.000     2848.000     2849.000
   150:     2850.000     2851.000     2852.000     2853.000     2854.000
   155:     2855.000     2856.000     2857.000     2858.000     2859.000
   160:     2860.000     2861.000     2862.000     2863.000     2864.000
   165:     2865.000     2866.000     2867.000     2868.000     2869.000
   170:     2870.000     2871.000     2872.000     2873.000     2874.000
   175:     2875.000     2876.000     2877.000     2878.000     2879.000
   180:     2880.000     2881.000     2882.000     2883.000     2884.000
   185:     2885.000     2886.000     2887.000     2888.000     2889.000
   190:     2890.000     2891.000     2892.000     2893.000     2894.000
   195:     2895.000     2896.000     2897.000     2898.000     2899.000
   200:     2900.000     2901.000     2902.000     2903.000     2904.000
   205:     2905.000     2906.000     2907.000     2908.000     2909.000
   210:     2910.000     2911.000     2912.000     2913.000     2914.000
   215:     2915.000     2916.000     2917.000     2918.000     2919.000
   220:     2920.000     2921.000     2922.000     2923.000     2924.000
   225:     2925.000     2926.000     2927.000     2928.000     2929.000
   230:     2930.000     2931.000     2932.000     2933.000     2934.000
   235:     2935.000     2936.000     2937.000     2938.000     2939.000
   240:     2940.000     2941.000     2942.000     2943.000     2944.000
   245:     2945.000     2946.000     2947.000     2948.000     2949.000
   250:     2950.000     2951.000     2952.000     2953.000     2954.000
   255:     2955.000     2956.000     2957.000     2958.000     2959.000
   260:     2960.000     2961.000     2962.000     2963.000     2964.000
   265:     2965.000     2966.000     2967.000     2968.000     2969.000
   270:     2970.000     2971.000     2972.000     2973.000     2974.000
   275:     2975.000     2976.000     2977.000     2978.000     2979.000
   280:     2980.000     2981.000     2982.000     2983.000     2984.000
   285:     2985.000     2986.000     2987.000     2988.000     2989.000
   290:     2990.000     2991.000     2992.000     2993.000     2994.000
   295:     2995.000     2996.000     2997.000     2998.000     2999.000
   300:     3000.000
R:
     0:      400.000      400.000      400.000
V:
     0:     2035.000     2807.000
W:
     0:     2035.000     2807.000
