File: C:\MED-PC IV\DATA\p054_s89_japede


Start Date: 09/26/17
End Date: 09/26/17
Subject: p054
Experiment: 0
Group: 0
Box: 7
Start Time: 14:39:38
End Time: 15:40:04
MSN: japede_L_90_90_90_R_30_30_30
B:       0.000
E:    3977.000
F:       0.000
G:       0.000
H:       0.000
I:       2.000
J:       2.000
K:       0.000
O:       0.000
P:       0.000
Q:       0.000
S:  360000.000
T:  360000.000
U:       0.000
X:       0.000
Y:       0.000
Z:       0.000
A:
     0:        0.010        0.250        0.220        0.230      299.840
     5:     1463.120     1872.120     1915.120     2294.120     2337.120
    10:     2755.640     2755.320     2755.330     2755.350     2755.240
    15:     2755.130     3005.220     3005.230     3005.250     3005.340
    20:     3182.120     3261.120     3474.130     3521.130     3564.130
    25:     3605.840     3791.640     3791.320     3791.330     3791.350
    30:     3791.240     3791.130     4041.220     4041.230     4041.250
    35:     4041.340     4172.120     4433.120     4538.130     4575.130
    40:     4745.130     4828.130     4864.130     4963.120     5004.120
    45:     5131.130     5472.120     5499.740     5573.130     5649.130
    50:     5789.540     5789.320     5789.330     5789.350     5789.240
    55:     5789.120     6039.220     6039.230     6039.250     6039.340
    60:     6312.130     6417.130     6454.130     6494.130     6533.130
    65:     6574.130     6972.130     7480.120     7515.120     7930.120
    70:     8055.130     8179.120     8280.130     8467.130     8803.130
    75:     8841.840     8890.120     9022.120     9113.640     9113.320
    80:     9113.330     9113.350     9113.240     9113.130     9363.220
    85:     9363.230     9363.250     9363.340     9463.840     9603.640
    90:     9603.320     9603.330     9603.350     9603.240     9603.130
    95:     9853.220     9853.230     9853.250     9853.340    10031.120
   100:    10124.130    10159.130    10700.130    10840.130    10967.120
   105:    11057.130    11311.130    11473.120    11574.130    11611.130
   110:    11699.120    11785.130    11916.130    12035.120    12119.130
   115:    12295.130    12493.120    12583.130    12749.120    12837.130
   120:    13109.120    13253.840    13426.640    13426.320    13426.330
   125:    13426.350    13426.240    13426.130    13676.220    13676.230
   130:    13676.250    13676.340    13767.120    13802.120    13890.130
   135:    14122.130    14157.130    14227.120    14319.130    14534.130
   140:    14812.130    14847.130    15195.130    15546.120    15576.840
   145:    15639.640    15639.320    15639.330    15639.350    15639.240
   150:    15639.130    15889.220    15889.230    15889.250    15889.340
   155:    16014.120    16100.130    16139.130    16265.120    16357.130
   160:    16536.130    16772.120    16870.130    17052.130    17269.130
   165:    17428.120    17489.840    17639.740    17750.640    17750.320
   170:    17750.330    17750.350    17750.240    17750.130    18000.220
   175:    18000.230    18000.250    18000.340    18161.540    18161.320
   180:    18161.330    18161.350    18161.240    18161.120    18411.220
   185:    18411.230    18411.250    18411.340    18567.120    18662.130
   190:    18742.130    19053.120    19146.130    19242.130    19338.120
   195:    19527.120    19617.130    19649.130    19682.130    19863.130
   200:    20096.130    20131.130    20200.840    20206.640    20206.320
   205:    20206.330    20206.350    20206.240    20206.130    20456.220
   210:    20456.230    20456.250    20456.340    20706.130    21011.740
   215:    21271.130    21390.540    21390.320    21390.330    21390.350
   220:    21390.240    21390.120    21556.840    21640.220    21640.230
   225:    21640.250    21640.340    21908.640    21908.320    21908.330
   230:    21908.350    21908.240    21908.130    22158.220    22158.230
   235:    22158.250    22158.340    22288.120    22375.130    22473.130
   240:    22683.130    22715.130    22816.120    22970.130    23002.130
   245:    23040.130    23078.130    23214.120    23302.130    23418.120
   250:    23452.120    23543.130    23639.130    23640.740    23764.540
   255:    23764.320    23764.330    23764.350    23764.240    23764.120
   260:    24014.220    24014.230    24014.250    24014.340    25763.130
   265:    25940.130    26456.130    26497.130    26540.130    26808.130
   270:    26878.130    27255.120    27355.130    27613.130    27829.120
   275:    28029.120    28961.130    29240.130    29761.130    29841.130
   280:    30097.130    30211.130    30647.130    30880.130    30921.130
   285:    30958.840    31016.120    31148.640    31148.320    31148.330
   290:    31148.350    31148.240    31148.130    31398.220    31398.230
   295:    31398.250    31398.340    31640.130    31672.130    31818.120
   300:    31914.130    32053.120    32402.120    32495.130    32748.130
   305:    32869.120    32955.130    33176.130    33386.120    33479.130
   310:    33749.130    33783.130    34126.130    34198.840    34333.120
   315:    34530.120    34652.640    34652.320    34652.330    34652.350
   320:    34652.240    34652.130    34902.220    34902.230    34902.250
   325:    34902.340    35091.120    35179.130    35305.120    35392.130
   330:    35627.120    35778.130    35958.130    36200.130    36324.130
   335:    36568.130    36666.120    36699.120    36784.130    36969.130
   340:    36999.130    37091.120    37218.130    37345.120    37435.130
   345:    37712.130    37744.130    37867.120    37953.130    38263.130
   350:    38298.130    38302.840    38823.640    38823.320    38823.330
   355:    38823.350    38823.240    38823.130    39073.220    39073.230
   360:    39073.250    39073.340    39190.120    39278.130    39449.130
   365:    39545.120    39632.130    39664.130    39923.130    39959.130
   370:    40093.120    40183.130    40224.130    40360.120    40449.130
   375:    40516.130    40822.130    40895.130    41158.130    41192.130
   380:    41311.120    41401.130    41439.130    41670.120    41764.130
   385:    41830.130    41966.120    42058.130    42093.130    42307.130
   390:    42398.120    42492.130    42563.130    42601.130    42714.740
   395:    42834.540    42834.320    42834.330    42834.350    42834.240
   400:    42834.120    43084.220    43084.230    43084.250    43084.340
   405:    43250.120    43349.130    43386.130    43457.120    43579.130
   410:    43680.120    43719.120    43814.130    43887.130    44004.120
   415:    44093.130    44159.130    44247.120    44283.120    44375.130
   420:    44534.120    44626.130    44714.120    44754.120    44845.130
   425:    45061.130    45096.130    45326.130    45417.120    45473.840
   430:    45506.640    45506.320    45506.330    45506.350    45506.240
   435:    45506.130    45756.220    45756.230    45756.250    45756.340
   440:    45932.130    46095.130    46182.120    46226.120    46319.130
   445:    46404.120    46493.130    46531.130    46616.120    46657.120
   450:    46748.130    46819.130    47026.130    47109.120    47196.130
   455:    47392.130    47428.130    47753.120    47850.130    48250.130
   460:    48540.130    48666.130    48819.120    48907.130    49009.130
   465:    49127.120    49216.130    49421.130    49503.120    49540.120
   470:    49628.130    49686.130    49884.130    49923.130    50334.130
   475:    50368.130    50484.120    50571.130    50816.120    50902.130
   480:    50972.130    51052.120    51149.130    51183.130    51267.120
   485:    51382.130    51506.120    51627.130    51656.840    51760.120
   490:    51871.640    51871.320    51871.330    51871.350    51871.240
   495:    51871.130    52121.220    52121.230    52121.250    52121.340
   500:    52224.120    52265.120    52359.130    52606.130    52638.130
   505:    52811.130    52844.130    52929.120    53017.130    53207.130
   510:    53239.130    53276.130    53396.120    53489.130    53580.120
   515:    53670.130    54233.130    54272.130    54367.120    54402.120
   520:    54487.130    54841.130    54935.120    55023.130    55231.130
   525:    55354.120    55400.120    55494.130    55674.130    55988.130
   530:    56123.130    56278.120    56366.130    56473.120    56510.120
   535:    56598.130    56925.130    57061.120    57153.130    57521.840
   540:    57704.640    57704.320    57704.330    57704.350    57704.240
   545:    57704.130    57954.220    57954.230    57954.250    57954.340
   550:    58175.120    58310.130    58386.120    58514.130    58627.120
   555:    58671.120    58797.130    58869.120    58962.130    59106.130
   560:    59185.120    59286.130    59488.120    59524.120    59618.130
   565:    60139.120    60235.130    60341.120    60430.130    60584.740
   570:    60715.130    60797.130    60897.130    61156.130    61199.130
   575:    61385.130    61512.540    61512.320    61512.330    61512.350
   580:    61512.240    61512.120    61762.220    61762.230    61762.250
   585:    61762.340    62394.130    62470.130    62555.120    62682.130
   590:    62779.120    62922.130    63006.120    63102.130    63194.120
   595:    63262.740    63295.130    63388.540    63388.320    63388.330
   600:    63388.350    63388.240    63388.120    63638.220    63638.230
   605:    63638.250    63638.340    63799.120    63854.840    63891.640
   610:    63891.320    63891.330    63891.350    63891.240    63891.130
   615:    64141.220    64141.230    64141.250    64141.340    64296.120
   620:    64516.130    64554.130    64646.120    64738.130    64773.130
   625:    64893.120    64985.130    65022.130    65107.120    65149.120
   630:    65246.130    65282.130    65371.120    65412.120    65505.130
   635:    65539.130    65623.120    65721.130    65947.130    66135.130
   640:    66353.130    66547.120    66645.130    66678.130    66764.120
   645:    66892.130    66983.120    67080.130    67173.120    67355.130
   650:    67388.130    67577.130    67671.120    67991.120    68129.130
   655:    68603.130    68731.120    68855.130    69067.130    69157.120
   660:    69372.120    69408.120    69450.120    69545.130    69641.120
   665:    69740.130    69936.120    69976.120    70080.130    70185.120
   670:    70229.120    70269.120    70366.130    70533.120    70641.130
   675:    70783.130    70904.120    70975.120    71261.120    71355.130
   680:    71565.130    71669.130    71807.120    71902.130    72041.840
   685:    72075.120    72704.120    72749.120    72844.640    72844.320
   690:    72844.330    72844.350    72844.240    72844.130    73094.220
   695:    73094.230    73094.250    73094.340    73194.120    73292.130
   700:    73366.120    73716.120    73816.130    74052.130    74210.120
   705:    74301.130    74535.130    74756.130    74891.120    74989.130
   710:    75099.120    75198.130    75299.120    75470.130    75568.120
   715:    75842.120    76212.130    76502.130    76641.120    76734.130
   720:    76738.740    77165.130    77261.540    77261.320    77261.330
   725:    77261.350    77261.240    77261.120    77511.220    77511.230
   730:    77511.250    77511.340    77737.130    77778.130    77794.840
   735:    77868.120    77914.120    78016.640    78016.320    78016.330
   740:    78016.350    78016.240    78016.130    78266.220    78266.230
   745:    78266.250    78266.340    78421.120    78515.130    78703.130
   750:    78781.120    78883.130    78978.120    79077.130    79179.120
   755:    79275.130    79593.130    79690.120    79785.130    79887.120
   760:    79975.120    80070.130    80269.130    80400.120    80498.130
   765:    80592.120    80691.130    80828.120    80921.130    81016.120
   770:    81215.120    81266.840    81312.640    81312.320    81312.330
   775:    81312.350    81312.240    81312.130    81562.220    81562.230
   780:    81562.250    81562.340    81677.120    81779.130    81819.130
   785:    82002.130    82119.120    82211.130    82368.120    82407.120
   790:    82452.120    82492.120    82600.130    82671.130    82754.120
   795:    82852.130    82952.120    83068.130    83355.130    83400.130
   800:    83563.120    83654.130    83755.120    83883.130    84000.120
   805:    84093.130    84229.120    84320.130    84418.120    84493.120
   810:    84598.130    84666.130    84742.120    84838.130    84977.120
   815:    85066.130    85162.840    85168.120    85268.640    85268.320
   820:    85268.330    85268.350    85268.240    85268.130    85518.220
   825:    85518.230    85518.250    85518.340    85612.120    85654.120
   830:    85718.840    85754.640    85754.320    85754.330    85754.350
   835:    85754.240    85754.130    86004.220    86004.230    86004.250
   840:    86004.340    86123.120    86165.120    86253.130    86288.130
   845:    86372.120    86464.130    86559.120    86652.130    86750.120
   850:    86844.130    86935.120    87096.120    87136.120    87183.120
   855:    87211.740    87282.130    87386.540    87386.320    87386.330
   860:    87386.350    87386.240    87386.120    87636.220    87636.230
   865:    87636.250    87636.340    87860.130    87894.130    87968.120
   870:    88062.130    88230.120    88276.120    88373.130    88619.120
   875:    88719.130    88809.120    88905.130    88947.130    89039.120
   880:    89130.130    89232.120    89326.130    89363.130    89719.130
   885:    89804.840    90029.120    90121.640    90121.320    90121.330
   890:    90121.350    90121.240    90121.130    90371.220    90371.230
   895:    90371.250    90371.340    90488.120    90700.120    90827.130
   900:    90959.120    91048.130    91144.120    91236.130    91307.130
   905:    91399.120    91520.130    91608.120    91701.130    91823.120
   910:    91913.130    92011.120    92056.120    92218.120    92353.130
   915:    92444.120    92537.130    92670.120    92760.130    93134.130
   920:    93299.120    93508.130    93604.120    93710.130    93888.130
   925:    93981.120    94072.130    94212.120    94310.130    94569.120
   930:    94679.130    94843.120    94880.120    94978.130    95079.120
   935:    95169.130    95306.120    95400.130    95438.130    95531.120
   940:    95620.130    95938.130    96081.120    96175.130    96271.120
   945:    96315.120    96409.130    96501.120    96596.130    96684.120
   950:    96861.130    96997.120    97035.120    97131.130    97227.120
   955:    97269.120    97361.130    97451.120    97546.130    97640.120
   960:    97683.120    97730.120    97770.120    97866.130    97995.120
   965:    98089.130    98332.120    98430.130    98525.120    98615.130
   970:    98755.120    98848.130    98921.120    99009.130    99227.130
   975:    99350.120    99390.120    99430.120    99474.120    99561.130
   980:    99692.120    99784.130    99871.120    99961.130   100063.120
   985:   100193.120   100236.740   100283.130   100387.540   100387.320
   990:   100387.330   100387.350   100387.240   100387.120   100637.220
   995:   100637.230   100637.250   100637.340   100827.130   100904.120
  1000:   100999.130   101093.120   101193.130   101292.120   101338.120
  1005:   101379.120   101482.130   101582.120   101677.130   101714.130
  1010:   101909.130   102007.120   102050.120   102147.130   102280.120
  1015:   102676.130   102901.120   102998.130   103089.120   103177.130
  1020:   103248.120   103293.120   103390.130   103482.120   103576.130
  1025:   103674.120   103842.130   104166.130   104311.130   104452.130
  1030:   104564.120   104656.130   104751.120   104845.130   104935.120
  1035:   105031.130   105127.120   105257.130   105291.130   105378.120
  1040:   105477.130   105900.120   106137.740   106165.540   106165.320
  1045:   106165.330   106165.350   106165.240   106165.120   106171.840
  1050:   106415.220   106415.230   106415.250   106415.340   106539.120
  1055:   106637.640   106637.320   106637.330   106637.350   106637.240
  1060:   106637.130   106887.220   106887.230   106887.250   106887.340
  1065:   107359.120   107435.120   107611.120   108004.120   108254.120
  1070:   108351.130   108435.120   108487.840   108531.640   108531.320
  1075:   108531.330   108531.350   108531.240   108531.130   108781.220
  1080:   108781.230   108781.250   108781.340   108969.130   109070.120
  1085:   109265.120   109304.120   109587.120   109677.130   109764.120
  1090:   109897.130   109965.120   110057.130   110144.120   110247.130
  1095:   110335.120   110374.120   110482.130   110567.120   110845.130
  1100:   110984.120   111218.130   111348.120   111516.120   111609.130
  1105:   111698.120   111791.130   111912.120   112006.130   112044.130
  1110:   112176.120   112267.130   112439.120   113339.120   113434.130
  1115:   113560.120   113656.130   113884.130   113970.120   114156.120
  1120:   114265.120   114305.120   114408.130   114493.120   114581.840
  1125:   114591.640   114591.320   114591.330   114591.350   114591.240
  1130:   114591.130   114841.220   114841.230   114841.250   114841.340
  1135:   114957.120   115044.130   115117.120   115213.130   115286.120
  1140:   115385.130   115462.120   115558.130   115726.130   115924.130
  1145:   116301.130   116635.120   116726.130   116861.120   116958.130
  1150:   117081.120   117201.130   117302.120   117552.120   117648.130
  1155:   117735.120   117815.740   117857.130   117947.540   117947.320
  1160:   117947.330   117947.350   117947.240   117947.120   118197.220
  1165:   118197.230   118197.250   118197.340   118357.120   118449.130
  1170:   118738.120   118892.120   118974.120   119190.120   119268.120
  1175:   119367.130   119435.120   119531.130   119600.120   119640.120
  1180:   119681.120   119774.130   119857.120   119954.130   119995.130
  1185:   120121.120   120213.130   120305.120   120516.120   120553.120
  1190:   120649.130   120865.130   120949.120   121095.130   121181.120
  1195:   121280.130   121475.120   121522.120   121622.130   121713.120
  1200:   122070.120   122277.120   122375.130   122506.120   122611.130
  1205:   122787.130   122881.120   122918.120   123019.130   123106.120
  1210:   123208.130   123288.120   123456.120   123499.120   123707.120
  1215:   123800.130   123894.120   124014.130   124183.130   124280.120
  1220:   124388.130   124467.120   124509.120   124606.130   124698.120
  1225:   124797.740   124823.130   124841.840   125105.640   125105.320
  1230:   125105.330   125105.350   125105.240   125105.130   125355.220
  1235:   125355.230   125355.250   125355.340   125480.540   125480.320
  1240:   125480.330   125480.350   125480.240   125480.120   125730.220
  1245:   125730.230   125730.250   125730.340   125924.120   126014.130
  1250:   126053.130   126261.130   126472.130   126568.120   126814.130
  1255:   126896.120   126939.120   127035.130   127055.840   127103.120
  1260:   127130.740   127197.640   127197.320   127197.330   127197.350
  1265:   127197.240   127197.130   127447.220   127447.230   127447.250
  1270:   127447.340   127538.540   127538.320   127538.330   127538.350
  1275:   127538.240   127538.120   127788.220   127788.230   127788.250
  1280:   127788.340   127962.130   128002.130   128075.120   128165.130
  1285:   128233.120   128270.120   128288.740   128364.130   128437.540
  1290:   128437.320   128437.330   128437.350   128437.240   128437.120
  1295:   128687.220   128687.230   128687.250   128687.340   128887.740
  1300:   128905.130   128993.540   128993.320   128993.330   128993.350
  1305:   128993.240   128993.120   129243.220   129243.230   129243.250
  1310:   129243.340   129420.130   129626.120   129674.120   129743.740
  1315:   129768.130   129838.540   129838.320   129838.330   129838.350
  1320:   129838.240   129838.120   130088.220   130088.230   130088.250
  1325:   130088.340   130717.130   130788.120   130888.130   130972.120
  1330:   131488.740   131930.130   132047.840   132047.130   132281.540
  1335:   132281.320   132281.330   132281.350   132281.240   132281.120
  1340:   132531.220   132531.230   132531.250   132531.340   132703.120
  1345:   132775.640   132775.320   132775.330   132775.350   132775.240
  1350:   132775.130   133025.220   133025.230   133025.250   133025.340
  1355:   133140.120   133179.120   133384.130   133472.120   133680.130
  1360:   133749.120   133791.120   133831.740   133884.130   133952.540
  1365:   133952.320   133952.330   133952.350   133952.240   133952.120
  1370:   134202.220   134202.230   134202.250   134202.340   134355.120
  1375:   134429.130   134495.130   134576.120   134618.120   134657.120
  1380:   134747.130   134817.120   134904.130   134988.120   135080.130
  1385:   135102.740   135145.540   135145.320   135145.330   135145.350
  1390:   135145.240   135145.120   135395.220   135395.230   135395.250
  1395:   135395.340   135508.120   135553.120   135660.130   135831.130
  1400:   135934.120   136020.130   136098.120   136191.130   136267.120
  1405:   136361.130   136438.120   136565.130   136646.120   136800.120
  1410:   136844.120   136957.130   137085.120   137179.130   137300.120
  1415:   137385.130   137480.120   137518.120   137610.130   137625.840
  1420:   137703.120   137828.640   137828.320   137828.330   137828.350
  1425:   137828.240   137828.130   138078.220   138078.230   138078.250
  1430:   138078.340   138157.120   138192.120   138281.130   138318.130
  1435:   138384.120   138508.130   138680.130   138861.130   139019.120
  1440:   139215.130   139306.120   139435.130   139537.120   139652.130
  1445:   139888.120   139929.120   139966.120   140004.120   140095.130
  1450:   140170.120   140258.130   140325.120   140457.130   140526.120
  1455:   140578.840   140653.640   140653.320   140653.330   140653.350
  1460:   140653.240   140653.130   140903.220   140903.230   140903.250
  1465:   140903.340   141136.130   141203.120   141238.120   141543.120
  1470:   141642.130   141675.130   141743.120   141870.130   141938.120
  1475:   142098.120   142191.130   142259.120   142891.130   142927.130
  1480:   142978.130   143082.120   143120.120   143206.130   143289.120
  1485:   143380.130   143510.120   143597.130   143720.120   143808.130
  1490:   143842.130   143930.120   144023.130   144129.120   144167.120
  1495:   144293.130   144332.130   144423.120   144527.130   144608.120
  1500:   144724.120   145075.130   145175.120   145301.130   145389.120
  1505:   145578.120   145684.130   145809.120   145949.130   146036.120
  1510:   146125.130   146318.130   146447.130   146574.120   146660.130
  1515:   146703.840   146758.120   146846.640   146846.320   146846.330
  1520:   146846.350   146846.240   146846.130   147096.220   147096.230
  1525:   147096.250   147096.340   147180.120   147216.120   147390.120
  1530:   147485.130   147567.120   147656.130   147746.120   147834.130
  1535:   147976.120   148062.130   148280.120   148364.130   148553.120
  1540:   148640.130   149136.120   149258.130   149341.120   149434.130
  1545:   149523.120   149610.130   149695.120   149815.130   149986.130
  1550:   150022.130   150103.120   150193.130   150288.120   150386.130
  1555:   150489.120   150531.120   150737.120   150831.130   151018.130
  1560:   151443.130   151557.120   151642.130   151828.130   151920.120
  1565:   151964.120   152007.120   152103.130   152201.120   152298.130
  1570:   152396.120   152489.130   152679.130   152795.120   152881.130
  1575:   152977.120   153068.130   153256.120   153352.130   153448.120
  1580:   153567.130   153986.120   154081.130   154166.120   154363.120
  1585:   154452.130   154554.120   154649.130   154695.740   154728.540
  1590:   154728.320   154728.330   154728.350   154728.240   154728.120
  1595:   154978.220   154978.230   154978.250   154978.340   155107.120
  1600:   155144.120   155218.130   155256.130   155323.120   155413.130
  1605:   155482.120   155571.130   155639.120   155680.120   155771.130
  1610:   155868.120   155998.130   156067.120   156110.120   156150.120
  1615:   156190.120   156282.130   156474.130   156559.120   156682.130
  1620:   156767.120   156962.120   157050.130   157134.120   157262.130
  1625:   157426.120   157466.120   157557.130   157649.120   157780.130
  1630:   157843.120   157957.120   158049.130   158083.130   158233.120
  1635:   158325.130   158422.120   158518.130   158611.120   158696.840
  1640:   158805.120   158902.640   158902.320   158902.330   158902.350
  1645:   158902.240   158902.130   159152.220   159152.230   159152.250
  1650:   159152.340   159255.120   159346.130   159352.840   159417.120
  1655:   159505.640   159505.320   159505.330   159505.350   159505.240
  1660:   159505.130   159755.220   159755.230   159755.250   159755.340
  1665:   159847.120   159880.120   160062.120   160154.130   160330.130
  1670:   160402.120   160496.130   160581.120   160664.130   160758.120
  1675:   160801.120   160926.130   161011.120   161099.130   161213.120
  1680:   161297.130   161624.130   161724.120   161764.120   161806.120
  1685:   161843.120   161882.120   161919.120   162013.130   162097.120
  1690:   162185.130   162256.120   162345.130   162386.130   162454.120
  1695:   162548.130   162671.120   162771.130   162855.840   162859.120
  1700:   162951.640   162951.320   162951.330   162951.350   162951.240
  1705:   162951.130   163201.220   163201.230   163201.250   163201.340
  1710:   163295.120   163331.120   163678.130   163771.120   163866.130
  1715:   163952.120   164039.130   164110.120   164201.130   164235.130
  1720:   164408.130   164474.120   164566.130   164647.120   164739.130
  1725:   164805.120   164904.130   164996.120   165091.130   165180.120
  1730:   165275.130   165360.120   165550.120   165654.130   166101.840
  1735:   166386.640   166386.320   166386.330   166386.350   166386.240
  1740:   166386.130   166636.220   166636.230   166636.250   166636.340
  1745:   166759.120   166848.130   166937.120   167035.130   167123.120
  1750:   167209.130   167294.120   167336.840   167426.640   167426.320
  1755:   167426.330   167426.350   167426.240   167426.130   167676.220
  1760:   167676.230   167676.250   167676.340   167796.120   167900.130
  1765:   168035.120   168075.120   168160.130   168196.130   168276.120
  1770:   168367.130   168564.130   168655.120   168776.130   168877.120
  1775:   168974.130   169068.120   169163.130   169176.840   169348.640
  1780:   169348.320   169348.330   169348.350   169348.240   169348.130
  1785:   169598.220   169598.230   169598.250   169598.340   169732.120
  1790:   169820.130   169895.130   169977.120   170063.130   170392.130
  1795:   170499.120   170583.130   170654.120   170698.840   170745.640
  1800:   170745.320   170745.330   170745.350   170745.240   170745.130
  1805:   170995.220   170995.230   170995.250   170995.340   171236.130
  1810:   171271.130   171345.120   171378.740   171441.130   171528.540
  1815:   171528.320   171528.330   171528.350   171528.240   171528.120
  1820:   171778.220   171778.230   171778.250   171778.340   171954.120
  1825:   172082.130   172113.130   172206.120   172302.130   172392.120
  1830:   172481.130   172523.130   172772.130   172847.130   172977.120
  1835:   173070.130   173142.120   173233.130   173301.120   173913.130
  1840:   174001.120   174091.130   174182.120   174268.130   174377.120
  1845:   174628.130   174773.120   174854.130   174928.120   175012.130
  1850:   175170.130   175248.120   175363.130   175427.120   175509.130
  1855:   175633.120   175718.130   175913.130   176003.120   176092.130
  1860:   176276.120   176312.120   176403.130   176493.120   176583.130
  1865:   176674.120   176759.130   177007.130   177131.120   177213.130
  1870:   177411.130   177721.130   177795.840   177899.120   177981.640
  1875:   177981.320   177981.330   177981.350   177981.240   177981.130
  1880:   178231.220   178231.230   178231.250   178231.340   178340.120
  1885:   178378.740   178427.130   178463.130   178526.540   178526.320
  1890:   178526.330   178526.350   178526.240   178526.120   178776.220
  1895:   178776.230   178776.250   178776.340   178943.130   179029.130
  1900:   179107.120   179190.130   179259.130   179333.120   179385.120
  1905:   179467.130   179538.120   179627.130   179694.120   179778.130
  1910:   179816.130   179941.120   180024.130   180231.840   180394.640
  1915:   180394.320   180394.330   180394.350   180394.240   180394.130
  1920:   180644.220   180644.230   180644.250   180644.340   180754.120
  1925:   180834.130   180915.120   180944.840   180994.640   180994.320
  1930:   180994.330   180994.350   180994.240   180994.130   181244.220
  1935:   181244.230   181244.250   181244.340   181358.120   181475.130
  1940:   181976.740   182057.130   182578.130   182668.540   182668.320
  1945:   182668.330   182668.350   182668.240   182668.120   182918.220
  1950:   182918.230   182918.250   182918.340   183162.130   183259.120
  1955:   183358.130   183448.120   183532.130   183758.130   183855.120
  1960:   183941.120   184037.130   184130.120   184216.130   184249.130
  1965:   184332.120   184425.130   184544.840   184596.640   184596.320
  1970:   184596.330   184596.350   184596.240   184596.130   184846.220
  1975:   184846.230   184846.250   184846.340   185163.130   185530.130
  1980:   185566.130   185618.740   185735.130   185773.130   185852.540
  1985:   185852.320   185852.330   185852.350   185852.240   185852.120
  1990:   186102.220   186102.230   186102.250   186102.340   186291.130
  1995:   186371.120   186453.130   186535.120   186620.130   186782.130
  2000:   186858.120   186945.130   187010.120   187097.130   187183.120
  2005:   187264.130   187341.120   187427.130   187502.120   187616.130
  2010:   187687.130   187746.840   187783.120   187913.640   187913.320
  2015:   187913.330   187913.350   187913.240   187913.130   188163.220
  2020:   188163.230   188163.250   188163.340   188346.120   188463.840
  2025:   188463.130   188618.120   188700.640   188700.320   188700.330
  2030:   188700.350   188700.240   188700.130   188950.220   188950.230
  2035:   188950.250   188950.340   189053.120   189089.120   189168.130
  2040:   189255.120   189367.130   189441.120   189592.120   189669.130
  2045:   189750.120   189827.130   189904.120   189981.130   190128.130
  2050:   190219.130   190375.120   190458.130   190608.130   191346.130
  2055:   191378.130   191558.130   191597.130   191706.120   191811.130
  2060:   191931.130   192127.130   192304.130   192441.120   192524.130
  2065:   192606.120   192687.130   192832.120   192915.130   193120.120
  2070:   193200.130   193368.120   193447.130   193594.120   193674.130
  2075:   193958.130   194137.130   194215.120   194296.130   194442.120
  2080:   194528.130   194698.130   194808.120   194888.130   194902.740
  2085:   194966.130   195126.540   195126.320   195126.330   195126.350
  2090:   195126.240   195126.120   195376.220   195376.230   195376.250
  2095:   195376.340   195492.120   195579.130   195700.120   195800.130
  2100:   195915.120   195950.840   196009.640   196009.320   196009.330
  2105:   196009.350   196009.240   196009.130   196259.220   196259.230
  2110:   196259.250   196259.340   196685.130   196832.130   196941.120
  2115:   197038.130   197126.120   197166.120   197287.130   197450.130
  2120:   197531.120   197559.840   197656.640   197656.320   197656.330
  2125:   197656.350   197656.240   197656.130   197906.220   197906.230
  2130:   197906.250   197906.340   198021.120   198117.130   198202.120
  2135:   198261.120   198276.740   198306.840   198357.640   198357.320
  2140:   198357.330   198357.350   198357.240   198357.130   198607.220
  2145:   198607.230   198607.250   198607.340   198931.540   198931.320
  2150:   198931.330   198931.350   198931.240   198931.120   199181.220
  2155:   199181.230   199181.250   199181.340   199936.130   200012.130
  2160:   200207.840   200251.640   200251.320   200251.330   200251.350
  2165:   200251.240   200251.130   200501.220   200501.230   200501.250
  2170:   200501.340   200862.130   200951.130   200992.130   201227.130
  2175:   201317.120   201400.130   201588.130   201791.130   201901.840
  2180:   202058.120   202142.640   202142.320   202142.330   202142.350
  2185:   202142.240   202142.130   202392.220   202392.230   202392.250
  2190:   202392.340   202581.130   202672.120   202753.130   202987.130
  2195:   203019.130   203136.130   203382.120   203466.130   203654.130
  2200:   203733.120   203844.130   204019.130   204160.130   204536.130
  2205:   204569.130   204685.120   204848.120   204892.840   204928.640
  2210:   204928.320   204928.330   204928.350   204928.240   204928.130
  2215:   205178.220   205178.230   205178.250   205178.340   205257.120
  2220:   205370.130   205450.120   205528.130   205561.130   205641.120
  2225:   205723.130   205757.130   205835.120   205916.130   206005.120
  2230:   206087.130   206198.130   206305.130   206556.120   206641.130
  2235:   206978.130   207224.120   207313.130   207403.120   207518.130
  2240:   207750.130   207789.130   207901.120   207987.130   208074.120
  2245:   208110.120   208200.130   208274.120   208315.120   208404.130
  2250:   208520.120   208611.130   208698.120   208786.130   208878.840
  2255:   209175.640   209175.320   209175.330   209175.350   209175.240
  2260:   209175.130   209425.220   209425.230   209425.250   209425.340
  2265:   209509.120   209592.130   209763.130   209952.130   210042.120
  2270:   210126.130   210294.130   210412.130   210555.120   210639.130
  2275:   210728.120   210781.740   210812.130   210936.540   210936.320
  2280:   210936.330   210936.350   210936.240   210936.120   211186.220
  2285:   211186.230   211186.250   211186.340   211403.130   211468.120
  2290:   211552.130   211616.120   211653.120   211740.130   211801.120
  2295:   211916.130   211974.120   212058.130   212180.120   212262.130
  2300:   212339.120   212452.130   212649.120   212733.130   212938.130
  2305:   213081.130   213112.130   213200.120   213288.130   213430.120
  2310:   213517.130   213634.130   213744.120   213831.130   213916.120
  2315:   213925.840   213986.740   213999.640   213999.320   213999.330
  2320:   213999.350   213999.240   213999.130   214249.220   214249.230
  2325:   214249.250   214249.340   214352.540   214352.320   214352.330
  2330:   214352.350   214352.240   214352.120   214602.220   214602.230
  2335:   214602.250   214602.340   214688.120   214758.130   214923.120
  2340:   215039.130   215105.120   215193.130   215272.120   215357.130
  2345:   215422.120   215462.120   215498.120   215587.130   215674.120
  2350:   215759.130   215934.120   216171.120   216207.120   216330.130
  2355:   216417.120   216501.130   216585.120   216670.130   216892.130
  2360:   216973.120   217010.120   217090.130   217300.130   217379.120
  2365:   217457.130   217578.120   217657.130   217749.840   218311.120
  2370:   218393.640   218393.320   218393.330   218393.350   218393.240
  2375:   218393.130   218643.220   218643.230   218643.250   218643.340
  2380:   218737.120   218828.130   218915.120   219008.130   219097.120
  2385:   219180.130   219275.120   219360.130   219469.120   219505.120
  2390:   219544.120   219580.120   219672.130   219704.130   219764.120
  2395:   219880.130   220029.130   220313.130   220460.120   220542.130
  2400:   220640.120   220730.130   220817.120   221079.120   221167.130
  2405:   221206.130   221315.120   221546.120   221663.130   221816.130
  2410:   221912.120   221997.130   222122.120   222159.120   222250.130
  2415:   222464.130   222560.120   222670.130   222803.120   222925.130
  2420:   223100.120   223175.120   223267.130   223349.120   223431.130
  2425:   223469.130   223621.120   223662.120   223743.130   223919.130
  2430:   224156.130   224331.120   224412.130   224505.120   224594.130
  2435:   224699.120   224784.130   224881.130   225146.120   225260.130
  2440:   225408.130   225589.130   225735.120   225832.130   226009.120
  2445:   226101.130   226166.120   226415.130   226570.130   226730.120
  2450:   226825.130   227033.130   227127.130   227273.130   227389.120
  2455:   227425.120   227526.130   227884.130   227969.120   228056.130
  2460:   228121.120   228160.120   228264.130   228324.120   228432.130
  2465:   228443.840   228644.640   228644.320   228644.330   228644.350
  2470:   228644.240   228644.130   228894.220   228894.230   228894.250
  2475:   228894.340   228994.840   229002.120   229085.640   229085.320
  2480:   229085.330   229085.350   229085.240   229085.130   229335.220
  2485:   229335.230   229335.250   229335.340   229510.120   229594.130
  2490:   229799.130   229880.120   229968.130   230033.120   230124.130
  2495:   230280.130   230362.120   230454.130   230677.120   230762.130
  2500:   230851.120   230932.130   231113.130   231202.120   231245.120
  2505:   231279.120   231360.130   231435.120   231521.130   231597.120
  2510:   231676.130   231789.120   231877.130   232032.130   232202.740
  2515:   232213.540   232213.320   232213.330   232213.350   232213.240
  2520:   232213.120   232463.220   232463.230   232463.250   232463.340
  2525:   232579.120   232620.120   232714.130   232782.120   232870.130
  2530:   232967.120   233005.120   233095.130   233161.120   233254.130
  2535:   233338.120   233425.130   233576.120   233661.130   233696.130
  2540:   233815.120   233974.130   234095.120   234181.130   234395.130
  2545:   234555.120   234599.120   234692.130   234727.130   234888.130
  2550:   235001.120   235130.130   235217.120   235235.840   235511.640
  2555:   235511.320   235511.330   235511.350   235511.240   235511.130
  2560:   235761.220   235761.230   235761.250   235761.340   235977.130
  2565:   236079.120   236161.840   236161.130   236252.120   236337.640
  2570:   236337.320   236337.330   236337.350   236337.240   236337.130
  2575:   236587.220   236587.230   236587.250   236587.340   236831.130
  2580:   236915.120   237001.130   237070.120   237155.130   237226.120
  2585:   237316.130   237400.120   237488.130   237526.130   237727.130
  2590:   237821.120   237936.130   238058.120   238151.130   238250.120
  2595:   238344.130   238378.130   238488.120   238531.120   238650.130
  2600:   238761.120   238787.840   238856.640   238856.320   238856.330
  2605:   238856.350   238856.240   238856.130   239106.220   239106.230
  2610:   239106.250   239106.340   239190.120   239206.840   239226.120
  2615:   239263.740   239313.640   239313.320   239313.330   239313.350
  2620:   239313.240   239313.130   239563.220   239563.230   239563.250
  2625:   239563.340   239752.540   239752.320   239752.330   239752.350
  2630:   239752.240   239752.120   240002.220   240002.230   240002.250
  2635:   240002.340   240338.130   240469.120   240554.130   240622.120
  2640:   240709.130   240793.120   240882.130   240962.120   241048.130
  2645:   241144.120   241197.120   241323.130   241402.120   241491.130
  2650:   241520.130   241785.120   241824.120   241865.120   241990.130
  2655:   242069.120   242160.130   242256.120   242347.130   242546.120
  2660:   242636.130   242783.130   242934.130   242963.840   243122.120
  2665:   243161.120   243260.640   243260.320   243260.330   243260.350
  2670:   243260.240   243260.130   243510.220   243510.230   243510.250
  2675:   243510.340   243631.120   243705.130   243744.130   243813.120
  2680:   243901.130   243967.120   244067.120   244163.130   244232.120
  2685:   244273.120   244311.120   244405.130   244498.120   244622.130
  2690:   244886.120   244926.120   245263.130   245440.120   245529.130
  2695:   245789.120   245882.130   246048.120   246133.130   246294.120
  2700:   246389.130   246622.130   246657.130   246782.120   246866.130
  2705:   246986.120   247078.130   247208.120   247256.120   247299.120
  2710:   247395.130   247431.130   247499.120   247589.130   247610.840
  2715:   247655.640   247655.320   247655.330   247655.350   247655.240
  2720:   247655.130   247902.740   247905.220   247905.230   247905.250
  2725:   247905.340   247992.540   247992.320   247992.330   247992.350
  2730:   247992.240   247992.120   248242.220   248242.230   248242.250
  2735:   248242.340   248420.130   248456.130   248523.120   248609.130
  2740:   248677.120   248719.120   248814.130   248885.120   248977.130
  2745:   249053.120   249149.130   249188.130   249253.120   249348.130
  2750:   249388.130   249536.120   249629.130   249697.120   249791.130
  2755:   249822.130   250021.120   250106.130   250295.130   250331.130
  2760:   250369.130   250493.120   250580.130   250642.740   250667.540
  2765:   250667.320   250667.330   250667.350   250667.240   250667.120
  2770:   250917.220   250917.230   250917.250   250917.340   251099.130
  2775:   251184.120   251226.120   251312.130   251396.120   251481.130
  2780:   251576.120   251661.130   251729.120   251824.130   251930.120
  2785:   252048.130   252117.120   252210.130   252279.120   252405.130
  2790:   252581.120   252672.130   252823.120   252863.120   252962.130
  2795:   253121.120   253158.120   253263.130   253300.130   253722.120
  2800:   253820.130   253853.130   253976.120   254070.130   254182.120
  2805:   254285.130   254317.130   254473.120   254560.130   254705.840
  2810:   254823.640   254823.320   254823.330   254823.350   254823.240
  2815:   254823.130   255073.220   255073.230   255073.250   255073.340
  2820:   255201.120   255295.130   255381.120   255469.130   255501.130
  2825:   255593.120   255684.130   255884.130   255990.120   256085.130
  2830:   256270.130   256307.130   256527.130   256564.130   256675.120
  2835:   256765.130   256952.120   256987.120   257079.130   257255.130
  2840:   257374.120   257550.130   257717.740   257756.130   257844.540
  2845:   257844.320   257844.330   257844.350   257844.240   257844.120
  2850:   258094.220   258094.230   258094.250   258094.340   258242.120
  2855:   258337.130   258425.120   258551.130   258619.120   258712.130
  2860:   258800.120   258924.130   259012.120   259101.130   259193.120
  2865:   259322.130   259496.130   259600.120   259717.130   259904.130
  2870:   260094.740   260104.540   260104.320   260104.330   260104.350
  2875:   260104.240   260104.120   260354.220   260354.230   260354.250
  2880:   260354.340   260567.120   260657.130   260730.120   260815.130
  2885:   260901.120   260991.130   261077.120   261116.120   261154.120
  2890:   261249.130   261282.130   261361.120   261456.130   261542.120
  2895:   261634.130   261743.120   261963.120   262053.130   262207.130
  2900:   262415.120   262507.130   262604.120   262650.120   262689.120
  2905:   262784.130   262953.130   263173.840   263268.640   263268.320
  2910:   263268.330   263268.350   263268.240   263268.130   263518.220
  2915:   263518.230   263518.250   263518.340   263623.120   263709.130
  2920:   263893.130   263977.120   264105.130   264194.120   264306.120
  2925:   264402.130   264418.840   264468.120   264554.640   264554.320
  2930:   264554.330   264554.350   264554.240   264554.130   264804.220
  2935:   264804.230   264804.250   264804.340   265108.120   265205.130
  2940:   265297.120   265390.130   265482.120   265570.130   265664.120
  2945:   265749.130   265917.130   266044.120   266139.130   266413.130
  2950:   266447.130   266574.120   266661.130   266748.120   266789.120
  2955:   266829.120   266920.130   267099.130   267194.120   267204.840
  2960:   267385.640   267385.320   267385.330   267385.350   267385.240
  2965:   267385.130   267635.220   267635.230   267635.250   267635.340
  2970:   267757.120   267845.130   267914.120   268008.130   268184.130
  2975:   268335.840   268340.120   268429.640   268429.320   268429.330
  2980:   268429.350   268429.240   268429.130   268679.220   268679.230
  2985:   268679.250   268679.340   268857.130   268962.120   269082.130
  2990:   269173.120   269266.130   269408.130   269565.130   269818.130
  2995:   269974.130   270013.130   270212.120   270568.120   270824.130
  3000:   270934.130   271000.130   271047.130   271269.120   271311.120
  3005:   271458.120   271689.130   271825.120   272096.130   272295.130
  3010:   272540.130   272761.120   272801.120   272897.130   272987.120
  3015:   273076.130   273197.120   273287.130   273434.120   273531.130
  3020:   273627.120   273718.130   273904.120   273991.130   274027.130
  3025:   274228.120   274310.130   274408.120   274498.130   274676.130
  3030:   274786.120   274873.130   275028.130   275275.120   275369.130
  3035:   275498.120   275585.130   275677.130   275796.130   275932.120
  3040:   276021.120   276063.120   276153.130   276221.120   276308.130
  3045:   276441.130   276627.130   276811.120   276901.130   277149.130
  3050:   277219.130   277254.130   277295.130   277330.130   277365.130
  3055:   277401.130   277447.130   277487.130   277595.120   277686.130
  3060:   277771.120   277864.130   277947.120   278038.130   278122.120
  3065:   278242.130   278334.120   278429.130   278730.130   278998.130
  3070:   279118.130   279307.130   279343.130   279458.120   279549.130
  3075:   279579.840   279756.640   279756.320   279756.330   279756.350
  3080:   279756.240   279756.130   280006.220   280006.230   280006.250
  3085:   280006.340   280130.120   280167.120   280257.130   280440.130
  3090:   280622.130   280655.130   280746.120   280835.130   280936.120
  3095:   281029.130   281152.120   281281.130   281432.120   281526.130
  3100:   281681.130   281839.120   281934.130   281972.130   282150.130
  3105:   282296.130   282410.120   282507.130   282681.130   282777.120
  3110:   282869.130   283109.120   283155.120   283248.130   283425.130
  3115:   283545.120   283630.130   283764.130   283869.130   283992.130
  3120:   284158.120   284255.130   284340.120   284463.130   284569.120
  3125:   284665.130   285043.130   285078.130   285117.130   285207.130
  3130:   285303.120   285423.130   285598.130   285984.120   286078.130
  3135:   286172.120   286256.130   286882.130   286919.130   286960.130
  3140:   287027.130   287120.120   287205.130   287334.120   287420.130
  3145:   287506.840   287519.120   287609.640   287609.320   287609.330
  3150:   287609.350   287609.240   287609.130   287859.220   287859.230
  3155:   287859.250   287859.340   288095.120   288181.130   288255.120
  3160:   288345.130   288442.120   288530.130   288566.130   288661.120
  3165:   288754.130   289082.130   289262.130   289346.120   289468.130
  3170:   289535.120   289626.130   289659.840   289713.120   289800.640
  3175:   289800.320   289800.330   289800.350   289800.240   289800.130
  3180:   290050.220   290050.230   290050.250   290050.340   290140.120
  3185:   290175.120   290246.130   290282.130   290368.120   290453.130
  3190:   290554.120   290644.130   290812.120   290934.130   291023.120
  3195:   291108.130   291266.130   291387.120   291474.130   291654.740
  3200:   291684.540   291684.320   291684.330   291684.350   291684.240
  3205:   291684.120   291934.220   291934.230   291934.250   291934.340
  3210:   292099.130   292182.120   292275.130   292361.120   292528.130
  3215:   292616.120   292708.130   292914.120   292953.120   293052.130
  3220:   293150.840   293209.640   293209.320   293209.330   293209.350
  3225:   293209.240   293209.130   293459.220   293459.230   293459.250
  3230:   293459.340   293559.840   293582.120   293704.640   293704.320
  3235:   293704.330   293704.350   293704.240   293704.130   293954.220
  3240:   293954.230   293954.250   293954.340   294075.120   294154.840
  3245:   294161.640   294161.320   294161.330   294161.350   294161.240
  3250:   294161.130   294411.220   294411.230   294411.250   294411.340
  3255:   294521.120   294591.120   294681.130   294752.120   294849.130
  3260:   294942.120   295031.130   295111.120   295261.130   295381.120
  3265:   295504.130   295593.120   295715.130   295868.130   296029.130
  3270:   296118.120   296207.130   296648.130   296684.130   296806.120
  3275:   296893.130   296976.120   297058.130   297271.130   297340.120
  3280:   297428.130   297464.130   297550.120   297637.130   297798.130
  3285:   297960.120   297999.120   298039.120   298136.130   298297.130
  3290:   298311.840   298554.640   298554.320   298554.330   298554.350
  3295:   298554.240   298554.130   298804.220   298804.230   298804.250
  3300:   298804.340   298911.120   298996.130   299129.120   299249.130
  3305:   299335.120   299421.130   299591.120   299676.130   299804.840
  3310:   299883.120   300020.640   300020.320   300020.330   300020.350
  3315:   300020.240   300020.130   300270.220   300270.230   300270.250
  3320:   300270.340   300353.120   300388.120   300470.130   300560.120
  3325:   300643.130   300737.120   300823.130   300870.840   300907.120
  3330:   300992.640   300992.320   300992.330   300992.350   300992.240
  3335:   300992.130   301242.220   301242.230   301242.250   301242.340
  3340:   301350.120   301387.120   301473.130   301842.840   302506.640
  3345:   302506.320   302506.330   302506.350   302506.240   302506.130
  3350:   302756.220   302756.230   302756.250   302756.340   302882.120
  3355:   302964.130   303085.130   303156.840   303224.640   303224.320
  3360:   303224.330   303224.350   303224.240   303224.130   303474.220
  3365:   303474.230   303474.250   303474.340   303591.120   303676.130
  3370:   303764.120   303846.130   304095.130   304215.130   304310.120
  3375:   304402.130   304495.120   304580.130   304668.120   304763.130
  3380:   304863.120   304946.130   305095.120   305181.130   305338.130
  3385:   305499.120   305587.130   305682.120   305767.130   305931.120
  3390:   306016.130   306223.130   306260.130   306361.120   306448.130
  3395:   306513.120   306552.120   306723.120   306805.130   306923.120
  3400:   307007.130   307138.130   307224.130   307317.120   307398.130
  3405:   307677.130   307712.130   307853.120   307938.130   308074.840
  3410:   308108.640   308108.320   308108.330   308108.350   308108.240
  3415:   308108.130   308234.740   308358.220   308358.230   308358.250
  3420:   308358.340   308463.540   308463.320   308463.330   308463.350
  3425:   308463.240   308463.120   308713.220   308713.230   308713.250
  3430:   308713.340   308858.840   309025.640   309025.320   309025.330
  3435:   309025.350   309025.240   309025.130   309275.220   309275.230
  3440:   309275.250   309275.340   309389.120   309431.120   309528.130
  3445:   309595.120   309664.130   309826.130   309911.120   309980.130
  3450:   310048.130   310140.130   310325.120   310367.120   310463.130
  3455:   310592.130   310631.130   310753.130   310943.130   311095.130
  3460:   311283.130   311393.120   311488.130   311728.130   311920.120
  3465:   312011.130   312050.130   312150.120   312239.130   312345.120
  3470:   312439.130   312610.120   312703.130   312894.120   313009.130
  3475:   313313.740   313329.540   313329.320   313329.330   313329.350
  3480:   313329.240   313329.120   313579.220   313579.230   313579.250
  3485:   313579.340   313698.120   313733.120   313822.130   313857.130
  3490:   313925.120   314010.130   314081.120   314168.130   314294.130
  3495:   314428.120   314517.130   314607.120   314644.120   314682.120
  3500:   314774.130   314842.120   314922.130   315079.740   315083.540
  3505:   315083.320   315083.330   315083.350   315083.240   315083.120
  3510:   315333.220   315333.230   315333.250   315333.340   315536.120
  3515:   315625.130   315698.120   315775.840   315788.640   315788.320
  3520:   315788.330   315788.350   315788.240   315788.130   316038.220
  3525:   316038.230   316038.250   316038.340   316223.130   316343.120
  3530:   316427.130   316515.120   316605.130   316709.130   316804.120
  3535:   316844.120   316934.130   317123.120   317158.120   317195.120
  3540:   317285.130   317437.120   317528.130   317593.130   317826.130
  3545:   318004.130   318101.120   318184.130   318371.130   318493.130
  3550:   318698.130   318733.130   318836.120   318921.130   319013.120
  3555:   319095.130   319201.120   319304.130   319340.130   319428.120
  3560:   319514.130   319677.120   319718.120   319818.130   319923.120
  3565:   320020.130   320056.130   320315.130   320447.120   320533.130
  3570:   320703.130   320819.120   320907.130   321068.120   321152.130
  3575:   321293.130   321366.130   321483.120   321570.130   321647.120
  3580:   321737.130   321921.130   322021.120   322114.130   322290.130
  3585:   322441.120   322526.130   322771.130   322809.130   322960.120
  3590:   323048.130   323166.120   323250.130   323316.120   323405.130
  3595:   323502.120   323592.130   323627.130   323729.120   323822.130
  3600:   324035.130   324237.130   324308.130   324436.120   324527.130
  3605:   324609.120   324695.130   324794.120   325030.120   325115.130
  3610:   325438.130   325597.120   326043.130   326233.130   326596.120
  3615:   326686.130   326771.120   326814.120   326902.130   326989.120
  3620:   327282.120   327370.130   327504.130   327607.120   327691.130
  3625:   327928.130   327962.130   328077.120   328163.130   328246.120
  3630:   328285.120   328416.130   328482.120   328640.130   328750.120
  3635:   328943.120   329042.130   329273.130   329365.130   329526.120
  3640:   329620.130   329707.120   329796.130   329971.120   330058.130
  3645:   330323.120   330361.120   330478.130   330516.130   330601.120
  3650:   330636.120   330724.130   330819.120   330902.130   331132.130
  3655:   331167.130   331283.120   331373.130   331433.740   331469.540
  3660:   331469.320   331469.330   331469.350   331469.240   331469.120
  3665:   331719.220   331719.230   331719.250   331719.340   331880.120
  3670:   331968.130   332001.130   332073.120   332110.120   332199.130
  3675:   332266.120   332357.130   332442.120   332537.130   332642.120
  3680:   332735.130   332836.120   332933.130   333076.120   333115.120
  3685:   333224.130   333259.130   333401.130   333433.130   333528.120
  3690:   333638.130   333819.130   333907.120   333994.130   334093.120
  3695:   334137.120   334233.130   334335.120   334425.130   334609.130
  3700:   334732.120   334824.130   334911.120   335003.130   335096.120
  3705:   335192.130   335510.130   335623.130   335657.130   335878.130
  3710:   336019.740   336069.130   336299.540   336299.320   336299.330
  3715:   336299.350   336299.240   336299.120   336549.220   336549.230
  3720:   336549.250   336549.340   336768.130   336878.120   336975.130
  3725:   337179.120   337268.130   337559.120   337648.130   337782.120
  3730:   337823.120   337948.130   338012.120   338107.130   338253.120
  3735:   338337.130   338537.120   338623.130   338744.120   338785.120
  3740:   338875.130   338969.120   339056.130   339204.130   339298.120
  3745:   339349.740   339477.130   339511.130   339638.840   339776.640
  3750:   339776.320   339776.330   339776.350   339776.240   339776.130
  3755:   340026.220   340026.230   340026.250   340026.340   340118.540
  3760:   340118.320   340118.330   340118.350   340118.240   340118.120
  3765:   340368.220   340368.230   340368.250   340368.340   340536.130
  3770:   340570.130   340652.120   340736.130   340894.120   340934.120
  3775:   341054.130   341140.120   341223.130   341259.130   341473.130
  3780:   341508.130   341619.130   341923.130   342123.120   342211.130
  3785:   342295.120   342420.130   342500.120   342599.130   342738.130
  3790:   342909.120   342948.120   342990.120   343031.120   343105.130
  3795:   343180.130   343300.120   343389.130   343484.120   343569.130
  3800:   343831.130   343975.120   344073.130   344157.120   344244.130
  3805:   344307.120   344349.120   344469.130   344545.120   344633.130
  3810:   344849.130   344886.130   344981.120   345067.130   345102.130
  3815:   345306.120   345392.130   345560.130   345595.130   345676.120
  3820:   345797.130   345929.120   345964.120   346060.130   346126.840
  3825:   346311.640   346311.320   346311.330   346311.350   346311.240
  3830:   346311.130   346561.220   346561.230   346561.250   346561.340
  3835:   346754.120   346851.130   346964.120   347167.120   347260.130
  3840:   347326.130   347419.120   347680.130   347810.120   347934.130
  3845:   348051.130   348308.130   348447.130   348570.120   348664.130
  3850:   348750.120   348872.130   348963.120   349047.130   349175.120
  3855:   349263.130   349422.120   349507.130   349687.120   349784.130
  3860:   350016.130   350361.840   350383.640   350383.320   350383.330
  3865:   350383.350   350383.240   350383.130   350633.220   350633.230
  3870:   350633.250   350633.340   350772.120   350843.120   350920.130
  3875:   350952.130   351126.130   351250.120   351342.130   351510.120
  3880:   351633.840   351655.640   351655.320   351655.330   351655.350
  3885:   351655.240   351655.130   351905.220   351905.230   351905.250
  3890:   351905.340   352027.120   352061.120   352154.130   352288.120
  3895:   352377.130   352458.120   352547.130   352699.130   352881.130
  3900:   353036.120   353128.130   353220.120   353257.120   353300.120
  3905:   353558.120   353643.130   353742.120   353826.130   353949.120
  3910:   354039.130   354076.130   354105.840   354225.640   354225.320
  3915:   354225.330   354225.350   354225.240   354225.130   354475.220
  3920:   354475.230   354475.250   354475.340   354561.120   354598.120
  3925:   354668.130   354760.120   354848.130   354942.120   355029.130
  3930:   355157.120   355312.130   355857.120   355975.130   356064.120
  3935:   356175.130   356394.130   356465.130   356673.130   356773.120
  3940:   356859.130   357046.130   357510.130   357628.130   357767.120
  3945:   357855.130   357891.130   358013.130   358192.130   358381.120
  3950:   358472.130   358568.740   358656.130   358689.130   358786.540
  3955:   358786.320   358786.330   358786.350   358786.240   358786.120
  3960:   359036.220   359036.230   359036.250   359036.340   359240.120
  3965:   359333.130   359438.120   359536.130   359626.120   359716.130
  3970:   359736.740   359914.130   360000.320   360000.330   360000.350
  3975:   360000.020
C:
     0:        0.000     1196.000     1491.000       43.000       85.000
     5:        0.000
D:
     0:        0.000        0.000
L:
     0:      111.000      111.000      111.000
M:
     0:      900.000      901.000      902.000      903.000      904.000
     5:      905.000      906.000      907.000      908.000      909.000
    10:      910.000      911.000      912.000      913.000      914.000
    15:      915.000      916.000      917.000      918.000      919.000
    20:      920.000      921.000      922.000      923.000      924.000
    25:      925.000      926.000      927.000      928.000      929.000
    30:      930.000      931.000      932.000      933.000      934.000
    35:      935.000      936.000      937.000      938.000      939.000
    40:      940.000      941.000      942.000      943.000      944.000
    45:      945.000      946.000      947.000      948.000      949.000
    50:      950.000      951.000      952.000      953.000      954.000
    55:      955.000      956.000      957.000      958.000      959.000
    60:      960.000      961.000      962.000      963.000      964.000
    65:      965.000      966.000      967.000      968.000      969.000
    70:      970.000      971.000      972.000      973.000      974.000
    75:      975.000      976.000      977.000      978.000      979.000
    80:      980.000      981.000      982.000      983.000      984.000
    85:      985.000      986.000      987.000      988.000      989.000
    90:      990.000      991.000      992.000      993.000      994.000
    95:      995.000      996.000      997.000      998.000      999.000
   100:     1000.000     1001.000     1002.000     1003.000     1004.000
   105:     1005.000     1006.000     1007.000     1008.000     1009.000
   110:     1010.000     1011.000     1012.000     1013.000     1014.000
   115:     1015.000     1016.000     1017.000     1018.000     1019.000
   120:     1020.000     1021.000     1022.000     1023.000     1024.000
   125:     1025.000     1026.000     1027.000     1028.000     1029.000
   130:     1030.000     1031.000     1032.000     1033.000     1034.000
   135:     1035.000     1036.000     1037.000     1038.000     1039.000
   140:     1040.000     1041.000     1042.000     1043.000     1044.000
   145:     1045.000     1046.000     1047.000     1048.000     1049.000
   150:     1050.000     1051.000     1052.000     1053.000     1054.000
   155:     1055.000     1056.000     1057.000     1058.000     1059.000
   160:     1060.000     1061.000     1062.000     1063.000     1064.000
   165:     1065.000     1066.000     1067.000     1068.000     1069.000
   170:     1070.000     1071.000     1072.000     1073.000     1074.000
   175:     1075.000     1076.000     1077.000     1078.000     1079.000
   180:     1080.000     1081.000     1082.000     1083.000     1084.000
   185:     1085.000     1086.000     1087.000     1088.000     1089.000
   190:     1090.000     1091.000     1092.000     1093.000     1094.000
   195:     1095.000     1096.000     1097.000     1098.000     1099.000
   200:     1100.000     1101.000     1102.000     1103.000     1104.000
   205:     1105.000     1106.000     1107.000     1108.000     1109.000
   210:     1110.000     1111.000     1112.000     1113.000     1114.000
   215:     1115.000     1116.000     1117.000     1118.000     1119.000
   220:     1120.000     1121.000     1122.000     1123.000     1124.000
   225:     1125.000     1126.000     1127.000     1128.000     1129.000
   230:     1130.000     1131.000     1132.000     1133.000     1134.000
   235:     1135.000     1136.000     1137.000     1138.000     1139.000
   240:     1140.000     1141.000     1142.000     1143.000     1144.000
   245:     1145.000     1146.000     1147.000     1148.000     1149.000
   250:     1150.000     1151.000     1152.000     1153.000     1154.000
   255:     1155.000     1156.000     1157.000     1158.000     1159.000
   260:     1160.000     1161.000     1162.000     1163.000     1164.000
   265:     1165.000     1166.000     1167.000     1168.000     1169.000
   270:     1170.000     1171.000     1172.000     1173.000     1174.000
   275:     1175.000     1176.000     1177.000     1178.000     1179.000
   280:     1180.000     1181.000     1182.000     1183.000     1184.000
   285:     1185.000     1186.000     1187.000     1188.000     1189.000
   290:     1190.000     1191.000     1192.000     1193.000     1194.000
   295:     1195.000     1196.000     1197.000     1198.000     1199.000
   300:     1200.000     1201.000     1202.000     1203.000     1204.000
   305:     1205.000     1206.000     1207.000     1208.000     1209.000
   310:     1210.000     1211.000     1212.000     1213.000     1214.000
   315:     1215.000     1216.000     1217.000     1218.000     1219.000
   320:     1220.000     1221.000     1222.000     1223.000     1224.000
   325:     1225.000     1226.000     1227.000     1228.000     1229.000
   330:     1230.000     1231.000     1232.000     1233.000     1234.000
   335:     1235.000     1236.000     1237.000     1238.000     1239.000
   340:     1240.000     1241.000     1242.000     1243.000     1244.000
   345:     1245.000     1246.000     1247.000     1248.000     1249.000
   350:     1250.000     1251.000     1252.000     1253.000     1254.000
   355:     1255.000     1256.000     1257.000     1258.000     1259.000
   360:     1260.000     1261.000     1262.000     1263.000     1264.000
   365:     1265.000     1266.000     1267.000     1268.000     1269.000
   370:     1270.000     1271.000     1272.000     1273.000     1274.000
   375:     1275.000     1276.000     1277.000     1278.000     1279.000
   380:     1280.000     1281.000     1282.000     1283.000     1284.000
   385:     1285.000     1286.000     1287.000     1288.000     1289.000
   390:     1290.000     1291.000     1292.000     1293.000     1294.000
   395:     1295.000     1296.000     1297.000     1298.000     1299.000
   400:     1300.000     1301.000     1302.000     1303.000     1304.000
   405:     1305.000     1306.000     1307.000     1308.000     1309.000
   410:     1310.000     1311.000     1312.000     1313.000     1314.000
   415:     1315.000     1316.000     1317.000     1318.000     1319.000
   420:     1320.000     1321.000     1322.000     1323.000     1324.000
   425:     1325.000     1326.000     1327.000     1328.000     1329.000
   430:     1330.000     1331.000     1332.000     1333.000     1334.000
   435:     1335.000     1336.000     1337.000     1338.000     1339.000
   440:     1340.000     1341.000     1342.000     1343.000     1344.000
   445:     1345.000     1346.000     1347.000     1348.000     1349.000
   450:     1350.000     1351.000     1352.000     1353.000     1354.000
   455:     1355.000     1356.000     1357.000     1358.000     1359.000
   460:     1360.000     1361.000     1362.000     1363.000     1364.000
   465:     1365.000     1366.000     1367.000     1368.000     1369.000
   470:     1370.000     1371.000     1372.000     1373.000     1374.000
   475:     1375.000     1376.000     1377.000     1378.000     1379.000
   480:     1380.000     1381.000     1382.000     1383.000     1384.000
   485:     1385.000     1386.000     1387.000     1388.000     1389.000
   490:     1390.000     1391.000     1392.000     1393.000     1394.000
   495:     1395.000     1396.000     1397.000     1398.000     1399.000
   500:     1400.000     1401.000     1402.000     1403.000     1404.000
   505:     1405.000     1406.000     1407.000     1408.000     1409.000
   510:     1410.000     1411.000     1412.000     1413.000     1414.000
   515:     1415.000     1416.000     1417.000     1418.000     1419.000
   520:     1420.000     1421.000     1422.000     1423.000     1424.000
   525:     1425.000     1426.000     1427.000     1428.000     1429.000
   530:     1430.000     1431.000     1432.000     1433.000     1434.000
   535:     1435.000     1436.000     1437.000     1438.000     1439.000
   540:     1440.000     1441.000     1442.000     1443.000     1444.000
   545:     1445.000     1446.000     1447.000     1448.000     1449.000
   550:     1450.000     1451.000     1452.000     1453.000     1454.000
   555:     1455.000     1456.000     1457.000     1458.000     1459.000
   560:     1460.000     1461.000     1462.000     1463.000     1464.000
   565:     1465.000     1466.000     1467.000     1468.000     1469.000
   570:     1470.000     1471.000     1472.000     1473.000     1474.000
   575:     1475.000     1476.000     1477.000     1478.000     1479.000
   580:     1480.000     1481.000     1482.000     1483.000     1484.000
   585:     1485.000     1486.000     1487.000     1488.000     1489.000
   590:     1490.000     1491.000     1492.000     1493.000     1494.000
   595:     1495.000     1496.000     1497.000     1498.000     1499.000
   600:     1500.000
N:
     0:     3300.000     3301.000     3302.000     3303.000     3304.000
     5:     3305.000     3306.000     3307.000     3308.000     3309.000
    10:     3310.000     3311.000     3312.000     3313.000     3314.000
    15:     3315.000     3316.000     3317.000     3318.000     3319.000
    20:     3320.000     3321.000     3322.000     3323.000     3324.000
    25:     3325.000     3326.000     3327.000     3328.000     3329.000
    30:     3330.000     3331.000     3332.000     3333.000     3334.000
    35:     3335.000     3336.000     3337.000     3338.000     3339.000
    40:     3340.000     3341.000     3342.000     3343.000     3344.000
    45:     3345.000     3346.000     3347.000     3348.000     3349.000
    50:     3350.000     3351.000     3352.000     3353.000     3354.000
    55:     3355.000     3356.000     3357.000     3358.000     3359.000
    60:     3360.000     3361.000     3362.000     3363.000     3364.000
    65:     3365.000     3366.000     3367.000     3368.000     3369.000
    70:     3370.000     3371.000     3372.000     3373.000     3374.000
    75:     3375.000     3376.000     3377.000     3378.000     3379.000
    80:     3380.000     3381.000     3382.000     3383.000     3384.000
    85:     3385.000     3386.000     3387.000     3388.000     3389.000
    90:     3390.000     3391.000     3392.000     3393.000     3394.000
    95:     3395.000     3396.000     3397.000     3398.000     3399.000
   100:     3400.000     3401.000     3402.000     3403.000     3404.000
   105:     3405.000     3406.000     3407.000     3408.000     3409.000
   110:     3410.000     3411.000     3412.000     3413.000     3414.000
   115:     3415.000     3416.000     3417.000     3418.000     3419.000
   120:     3420.000     3421.000     3422.000     3423.000     3424.000
   125:     3425.000     3426.000     3427.000     3428.000     3429.000
   130:     3430.000     3431.000     3432.000     3433.000     3434.000
   135:     3435.000     3436.000     3437.000     3438.000     3439.000
   140:     3440.000     3441.000     3442.000     3443.000     3444.000
   145:     3445.000     3446.000     3447.000     3448.000     3449.000
   150:     3450.000     3451.000     3452.000     3453.000     3454.000
   155:     3455.000     3456.000     3457.000     3458.000     3459.000
   160:     3460.000     3461.000     3462.000     3463.000     3464.000
   165:     3465.000     3466.000     3467.000     3468.000     3469.000
   170:     3470.000     3471.000     3472.000     3473.000     3474.000
   175:     3475.000     3476.000     3477.000     3478.000     3479.000
   180:     3480.000     3481.000     3482.000     3483.000     3484.000
   185:     3485.000     3486.000     3487.000     3488.000     3489.000
   190:     3490.000     3491.000     3492.000     3493.000     3494.000
   195:     3495.000     3496.000     3497.000     3498.000     3499.000
   200:     3500.000     3501.000     3502.000     3503.000     3504.000
   205:     3505.000     3506.000     3507.000     3508.000     3509.000
   210:     3510.000     3511.000     3512.000     3513.000     3514.000
   215:     3515.000     3516.000     3517.000     3518.000     3519.000
   220:     3520.000     3521.000     3522.000     3523.000     3524.000
   225:     3525.000     3526.000     3527.000     3528.000     3529.000
   230:     3530.000     3531.000     3532.000     3533.000     3534.000
   235:     3535.000     3536.000     3537.000     3538.000     3539.000
   240:     3540.000     3541.000     3542.000     3543.000     3544.000
   245:     3545.000     3546.000     3547.000     3548.000     3549.000
   250:     3550.000     3551.000     3552.000     3553.000     3554.000
   255:     3555.000     3556.000     3557.000     3558.000     3559.000
   260:     3560.000     3561.000     3562.000     3563.000     3564.000
   265:     3565.000     3566.000     3567.000     3568.000     3569.000
   270:     3570.000     3571.000     3572.000     3573.000     3574.000
   275:     3575.000     3576.000     3577.000     3578.000     3579.000
   280:     3580.000     3581.000     3582.000     3583.000     3584.000
   285:     3585.000     3586.000     3587.000     3588.000     3589.000
   290:     3590.000     3591.000     3592.000     3593.000     3594.000
   295:     3595.000     3596.000     3597.000     3598.000     3599.000
   300:     3600.000     3601.000     3602.000     3603.000     3604.000
   305:     3605.000     3606.000     3607.000     3608.000     3609.000
   310:     3610.000     3611.000     3612.000     3613.000     3614.000
   315:     3615.000     3616.000     3617.000     3618.000     3619.000
   320:     3620.000     3621.000     3622.000     3623.000     3624.000
   325:     3625.000     3626.000     3627.000     3628.000     3629.000
   330:     3630.000     3631.000     3632.000     3633.000     3634.000
   335:     3635.000     3636.000     3637.000     3638.000     3639.000
   340:     3640.000     3641.000     3642.000     3643.000     3644.000
   345:     3645.000     3646.000     3647.000     3648.000     3649.000
   350:     3650.000     3651.000     3652.000     3653.000     3654.000
   355:     3655.000     3656.000     3657.000     3658.000     3659.000
   360:     3660.000     3661.000     3662.000     3663.000     3664.000
   365:     3665.000     3666.000     3667.000     3668.000     3669.000
   370:     3670.000     3671.000     3672.000     3673.000     3674.000
   375:     3675.000     3676.000     3677.000     3678.000     3679.000
   380:     3680.000     3681.000     3682.000     3683.000     3684.000
   385:     3685.000     3686.000     3687.000     3688.000     3689.000
   390:     3690.000     3691.000     3692.000     3693.000     3694.000
   395:     3695.000     3696.000     3697.000     3698.000     3699.000
   400:     3700.000     3701.000     3702.000     3703.000     3704.000
   405:     3705.000     3706.000     3707.000     3708.000     3709.000
   410:     3710.000     3711.000     3712.000     3713.000     3714.000
   415:     3715.000     3716.000     3717.000     3718.000     3719.000
   420:     3720.000     3721.000     3722.000     3723.000     3724.000
   425:     3725.000     3726.000     3727.000     3728.000     3729.000
   430:     3730.000     3731.000     3732.000     3733.000     3734.000
   435:     3735.000     3736.000     3737.000     3738.000     3739.000
   440:     3740.000     3741.000     3742.000     3743.000     3744.000
   445:     3745.000     3746.000     3747.000     3748.000     3749.000
   450:     3750.000     3751.000     3752.000     3753.000     3754.000
   455:     3755.000     3756.000     3757.000     3758.000     3759.000
   460:     3760.000     3761.000     3762.000     3763.000     3764.000
   465:     3765.000     3766.000     3767.000     3768.000     3769.000
   470:     3770.000     3771.000     3772.000     3773.000     3774.000
   475:     3775.000     3776.000     3777.000     3778.000     3779.000
   480:     3780.000     3781.000     3782.000     3783.000     3784.000
   485:     3785.000     3786.000     3787.000     3788.000     3789.000
   490:     3790.000     3791.000     3792.000     3793.000     3794.000
   495:     3795.000     3796.000     3797.000     3798.000     3799.000
   500:     3800.000     3801.000     3802.000     3803.000     3804.000
   505:     3805.000     3806.000     3807.000     3808.000     3809.000
   510:     3810.000     3811.000     3812.000     3813.000     3814.000
   515:     3815.000     3816.000     3817.000     3818.000     3819.000
   520:     3820.000     3821.000     3822.000     3823.000     3824.000
   525:     3825.000     3826.000     3827.000     3828.000     3829.000
   530:     3830.000     3831.000     3832.000     3833.000     3834.000
   535:     3835.000     3836.000     3837.000     3838.000     3839.000
   540:     3840.000     3841.000     3842.000     3843.000     3844.000
   545:     3845.000     3846.000     3847.000     3848.000     3849.000
   550:     3850.000     3851.000     3852.000     3853.000     3854.000
   555:     3855.000     3856.000     3857.000     3858.000     3859.000
   560:     3860.000     3861.000     3862.000     3863.000     3864.000
   565:     3865.000     3866.000     3867.000     3868.000     3869.000
   570:     3870.000     3871.000     3872.000     3873.000     3874.000
   575:     3875.000     3876.000     3877.000     3878.000     3879.000
   580:     3880.000     3881.000     3882.000     3883.000     3884.000
   585:     3885.000     3886.000     3887.000     3888.000     3889.000
   590:     3890.000     3891.000     3892.000     3893.000     3894.000
   595:     3895.000     3896.000     3897.000     3898.000     3899.000
   600:     3900.000     3901.000     3902.000     3903.000     3904.000
   605:     3905.000     3906.000     3907.000     3908.000     3909.000
   610:     3910.000     3911.000     3912.000     3913.000     3914.000
   615:     3915.000     3916.000     3917.000     3918.000     3919.000
   620:     3920.000     3921.000     3922.000     3923.000     3924.000
   625:     3925.000     3926.000     3927.000     3928.000     3929.000
   630:     3930.000     3931.000     3932.000     3933.000     3934.000
   635:     3935.000     3936.000     3937.000     3938.000     3939.000
   640:     3940.000     3941.000     3942.000     3943.000     3944.000
   645:     3945.000     3946.000     3947.000     3948.000     3949.000
   650:     3950.000     3951.000     3952.000     3953.000     3954.000
   655:     3955.000     3956.000     3957.000     3958.000     3959.000
   660:     3960.000     3961.000     3962.000     3963.000     3964.000
   665:     3965.000     3966.000     3967.000     3968.000     3969.000
   670:     3970.000     3971.000     3972.000     3973.000     3974.000
   675:     3975.000     3976.000     3977.000     3978.000     3979.000
   680:     3980.000     3981.000     3982.000     3983.000     3984.000
   685:     3985.000     3986.000     3987.000     3988.000     3989.000
   690:     3990.000     3991.000     3992.000     3993.000     3994.000
   695:     3995.000     3996.000     3997.000     3998.000     3999.000
   700:     4000.000     4001.000     4002.000     4003.000     4004.000
   705:     4005.000     4006.000     4007.000     4008.000     4009.000
   710:     4010.000     4011.000     4012.000     4013.000     4014.000
   715:     4015.000     4016.000     4017.000     4018.000     4019.000
   720:     4020.000     4021.000     4022.000     4023.000     4024.000
   725:     4025.000     4026.000     4027.000     4028.000     4029.000
   730:     4030.000     4031.000     4032.000     4033.000     4034.000
   735:     4035.000     4036.000     4037.000     4038.000     4039.000
   740:     4040.000     4041.000     4042.000     4043.000     4044.000
   745:     4045.000     4046.000     4047.000     4048.000     4049.000
   750:     4050.000     4051.000     4052.000     4053.000     4054.000
   755:     4055.000     4056.000     4057.000     4058.000     4059.000
   760:     4060.000     4061.000     4062.000     4063.000     4064.000
   765:     4065.000     4066.000     4067.000     4068.000     4069.000
   770:     4070.000     4071.000     4072.000     4073.000     4074.000
   775:     4075.000     4076.000     4077.000     4078.000     4079.000
   780:     4080.000     4081.000     4082.000     4083.000     4084.000
   785:     4085.000     4086.000     4087.000     4088.000     4089.000
   790:     4090.000     4091.000     4092.000     4093.000     4094.000
   795:     4095.000     4096.000     4097.000     4098.000     4099.000
   800:     4100.000     4101.000     4102.000     4103.000     4104.000
   805:     4105.000     4106.000     4107.000     4108.000     4109.000
   810:     4110.000     4111.000     4112.000     4113.000     4114.000
   815:     4115.000     4116.000     4117.000     4118.000     4119.000
   820:     4120.000     4121.000     4122.000     4123.000     4124.000
   825:     4125.000     4126.000     4127.000     4128.000     4129.000
   830:     4130.000     4131.000     4132.000     4133.000     4134.000
   835:     4135.000     4136.000     4137.000     4138.000     4139.000
   840:     4140.000     4141.000     4142.000     4143.000     4144.000
   845:     4145.000     4146.000     4147.000     4148.000     4149.000
   850:     4150.000     4151.000     4152.000     4153.000     4154.000
   855:     4155.000     4156.000     4157.000     4158.000     4159.000
   860:     4160.000     4161.000     4162.000     4163.000     4164.000
   865:     4165.000     4166.000     4167.000     4168.000     4169.000
   870:     4170.000     4171.000     4172.000     4173.000     4174.000
   875:     4175.000     4176.000     4177.000     4178.000     4179.000
   880:     4180.000     4181.000     4182.000     4183.000     4184.000
   885:     4185.000     4186.000     4187.000     4188.000     4189.000
   890:     4190.000     4191.000     4192.000     4193.000     4194.000
   895:     4195.000     4196.000     4197.000     4198.000     4199.000
   900:     4200.000     4201.000     4202.000     4203.000     4204.000
   905:     4205.000     4206.000     4207.000     4208.000     4209.000
   910:     4210.000     4211.000     4212.000     4213.000     4214.000
   915:     4215.000     4216.000     4217.000     4218.000     4219.000
   920:     4220.000     4221.000     4222.000     4223.000     4224.000
   925:     4225.000     4226.000     4227.000     4228.000     4229.000
   930:     4230.000     4231.000     4232.000     4233.000     4234.000
   935:     4235.000     4236.000     4237.000     4238.000     4239.000
   940:     4240.000     4241.000     4242.000     4243.000     4244.000
   945:     4245.000     4246.000     4247.000     4248.000     4249.000
   950:     4250.000     4251.000     4252.000     4253.000     4254.000
   955:     4255.000     4256.000     4257.000     4258.000     4259.000
   960:     4260.000     4261.000     4262.000     4263.000     4264.000
   965:     4265.000     4266.000     4267.000     4268.000     4269.000
   970:     4270.000     4271.000     4272.000     4273.000     4274.000
   975:     4275.000     4276.000     4277.000     4278.000     4279.000
   980:     4280.000     4281.000     4282.000     4283.000     4284.000
   985:     4285.000     4286.000     4287.000     4288.000     4289.000
   990:     4290.000     4291.000     4292.000     4293.000     4294.000
   995:     4295.000     4296.000     4297.000     4298.000     4299.000
  1000:     4300.000     4301.000     4302.000     4303.000     4304.000
  1005:     4305.000     4306.000     4307.000     4308.000     4309.000
  1010:     4310.000     4311.000     4312.000     4313.000     4314.000
  1015:     4315.000     4316.000     4317.000     4318.000     4319.000
  1020:     4320.000     4321.000     4322.000     4323.000     4324.000
  1025:     4325.000     4326.000     4327.000     4328.000     4329.000
  1030:     4330.000     4331.000     4332.000     4333.000     4334.000
  1035:     4335.000     4336.000     4337.000     4338.000     4339.000
  1040:     4340.000     4341.000     4342.000     4343.000     4344.000
  1045:     4345.000     4346.000     4347.000     4348.000     4349.000
  1050:     4350.000     4351.000     4352.000     4353.000     4354.000
  1055:     4355.000     4356.000     4357.000     4358.000     4359.000
  1060:     4360.000     4361.000     4362.000     4363.000     4364.000
  1065:     4365.000     4366.000     4367.000     4368.000     4369.000
  1070:     4370.000     4371.000     4372.000     4373.000     4374.000
  1075:     4375.000     4376.000     4377.000     4378.000     4379.000
  1080:     4380.000     4381.000     4382.000     4383.000     4384.000
  1085:     4385.000     4386.000     4387.000     4388.000     4389.000
  1090:     4390.000     4391.000     4392.000     4393.000     4394.000
  1095:     4395.000     4396.000     4397.000     4398.000     4399.000
  1100:     4400.000     4401.000     4402.000     4403.000     4404.000
  1105:     4405.000     4406.000     4407.000     4408.000     4409.000
  1110:     4410.000     4411.000     4412.000     4413.000     4414.000
  1115:     4415.000     4416.000     4417.000     4418.000     4419.000
  1120:     4420.000     4421.000     4422.000     4423.000     4424.000
  1125:     4425.000     4426.000     4427.000     4428.000     4429.000
  1130:     4430.000     4431.000     4432.000     4433.000     4434.000
  1135:     4435.000     4436.000     4437.000     4438.000     4439.000
  1140:     4440.000     4441.000     4442.000     4443.000     4444.000
  1145:     4445.000     4446.000     4447.000     4448.000     4449.000
  1150:     4450.000     4451.000     4452.000     4453.000     4454.000
  1155:     4455.000     4456.000     4457.000     4458.000     4459.000
  1160:     4460.000     4461.000     4462.000     4463.000     4464.000
  1165:     4465.000     4466.000     4467.000     4468.000     4469.000
  1170:     4470.000     4471.000     4472.000     4473.000     4474.000
  1175:     4475.000     4476.000     4477.000     4478.000     4479.000
  1180:     4480.000     4481.000     4482.000     4483.000     4484.000
  1185:     4485.000     4486.000     4487.000     4488.000     4489.000
  1190:     4490.000     4491.000     4492.000     4493.000     4494.000
  1195:     4495.000     4496.000     4497.000     4498.000     4499.000
  1200:     4500.000
R:
     0:      333.000      333.000      333.000
V:
     0:     1384.000     3561.000
W:
     0:     1384.000     3561.000
