File: C:\MED-PC IV\DATA\p054_s05_japede


Start Date: 07/01/17
End Date: 07/01/17
Subject: p054
Experiment: 0
Group: 0
Box: 7
Start Time: 15:15:14
End Time: 16:15:48
MSN: japede_L_30_30_30_R_90_90_90
B:       0.000
E:    2321.000
F:       0.000
G:       0.000
H:       0.000
I:       1.000
J:       1.000
K:       0.000
O:       0.000
P:       0.000
Q:       0.000
S:  360000.000
T:  360000.000
U:       0.000
X:       0.000
Y:       0.000
Z:       0.000
A:
     0:        0.010        0.250        0.220        0.230      142.130
     5:      199.130      734.130     1232.120     1496.130     1766.130
    10:     4599.740     4878.130     4915.130     5321.130     6132.130
    15:     6458.540     6458.320     6458.330     6458.350     6458.240
    20:     6458.120     6708.220     6708.230     6708.250     6708.340
    25:     6881.120     6912.120     6950.120     7172.130     7215.130
    30:     7253.130     7363.120     7472.130     7798.130     8114.130
    35:     8148.130     8422.130     8461.130     8678.120     8766.130
    40:     9070.130     9358.130     9795.120     9893.130    10216.130
    45:    10255.130    10289.130    10482.120    10600.130    10638.130
    50:    10953.130    11447.120    11481.120    11517.120    11553.120
    55:    11666.120    11701.120    12232.130    12266.130    12556.130
    60:    12587.130    12618.130    12880.120    13018.130    13052.130
    65:    13314.130    13509.120    13550.120    13591.120    13623.120
    70:    13655.120    13708.740    13939.130    13979.130    14119.540
    75:    14119.320    14119.330    14119.350    14119.240    14119.120
    80:    14369.220    14369.230    14369.250    14369.340    14499.840
    85:    14558.120    14628.120    14667.120    14894.640    14894.320
    90:    14894.330    14894.350    14894.240    14894.130    15144.220
    95:    15144.230    15144.250    15144.340    15279.120    15418.120
   100:    15448.120    15480.120    15603.130    15641.130    15761.130
   105:    16048.120    16397.120    16516.130    16795.120    16925.130
   110:    17389.130    17585.120    17651.120    17729.130    17977.120
   115:    18025.120    18268.120    18436.130    19055.120    19157.130
   120:    19192.130    19627.130    19972.130    20254.130    20291.130
   125:    20327.130    20491.120    20604.130    21088.130    21122.130
   130:    21363.130    22089.130    22731.130    22804.130    22841.130
   135:    23238.130    23469.740    23660.540    23660.320    23660.330
   140:    23660.350    23660.240    23660.120    23910.220    23910.230
   145:    23910.250    23910.340    24061.120    24091.120    24124.120
   150:    24189.120    24396.130    25843.120    25877.120    25909.120
   155:    26560.120    26894.120    26969.120    27285.120    27433.130
   160:    27925.130    28010.740    28544.840    29624.640    29624.320
   165:    29624.330    29624.350    29624.240    29624.130    29874.220
   170:    29874.230    29874.250    29874.340    30132.540    30132.320
   175:    30132.330    30132.350    30132.240    30132.120    30382.220
   180:    30382.230    30382.250    30382.340    30568.120    30603.120
   185:    30771.130    30808.130    30847.130    31129.130    31473.130
   190:    31813.130    32916.130    33368.120    33460.130    34082.740
   195:    34468.130    34856.130    35180.130    35219.130    35675.130
   200:    35949.540    35949.320    35949.330    35949.350    35949.240
   205:    35949.120    36199.220    36199.230    36199.250    36199.340
   210:    36360.120    36426.120    36494.120    36580.130    36623.130
   215:    36827.130    37115.130    37474.840    37538.640    37538.320
   220:    37538.330    37538.350    37538.240    37538.130    37788.220
   225:    37788.230    37788.250    37788.340    37979.120    38016.120
   230:    38149.130    38192.130    38234.130    38442.130    38485.130
   235:    38844.130    39413.130    39453.130    39867.130    39909.130
   240:    40238.120    40999.130    41039.130    41495.130    41966.120
   245:    41998.120    42499.740    42588.130    42820.130    43023.130
   250:    45375.130    45412.130    45957.130    46406.130    46606.130
   255:    47359.130    47672.540    47672.320    47672.330    47672.350
   260:    47672.240    47672.120    47688.840    47922.220    47922.230
   265:    47922.250    47922.340    48028.640    48028.320    48028.330
   270:    48028.350    48028.240    48028.130    48278.220    48278.230
   275:    48278.250    48278.340    48408.120    48442.120    48557.120
   280:    48719.130    49095.130    49408.130    49747.130    50284.130
   285:    50771.120    50924.130    51122.740    51194.130    51713.130
   290:    52355.130    53623.130    54845.130    55179.130    55221.130
   295:    55696.540    55696.320    55696.330    55696.350    55696.240
   300:    55696.120    55946.220    55946.230    55946.250    55946.340
   305:    56089.120    56320.130    56380.130    56681.130    57702.130
   310:    58078.130    58340.120    58465.130    58750.130    59546.740
   315:    60188.130    60666.130    61719.130    62411.540    62411.320
   320:    62411.330    62411.350    62411.240    62411.120    62661.220
   325:    62661.230    62661.250    62661.340    62799.120    62865.120
   330:    62950.130    63185.120    63261.740    63268.130    64547.540
   335:    64547.320    64547.330    64547.350    64547.240    64547.120
   340:    64797.220    64797.230    64797.250    64797.340    65092.120
   345:    65124.120    65155.120    65297.130    65728.130    67204.130
   350:    67507.120    67605.130    68078.840    68155.120    68191.120
   355:    68735.120    68997.740    69103.540    69103.320    69103.330
   360:    69103.350    69103.240    69103.120    69353.220    69353.230
   365:    69353.250    69353.340    69508.120    69539.120    69571.120
   370:    69606.120    69640.120    69653.740    69855.540    69855.320
   375:    69855.330    69855.350    69855.240    69855.120    70105.220
   380:    70105.230    70105.250    70105.340    70277.120    70305.120
   385:    70333.120    70943.120    71995.640    71995.320    71995.330
   390:    71995.350    71995.240    71995.130    72245.220    72245.230
   395:    72245.250    72245.340    72491.120    72523.120    72608.130
   400:    72944.130    73361.130    73938.120    74032.130    74045.840
   405:    74805.740    75169.640    75169.320    75169.330    75169.350
   410:    75169.240    75169.130    75419.220    75419.230    75419.250
   415:    75419.340    75648.540    75648.320    75648.330    75648.350
   420:    75648.240    75648.120    75898.220    75898.230    75898.250
   425:    75898.340    76060.120    76092.120    76201.130    76557.130
   430:    77211.130    77605.130    78719.840    78780.640    78780.320
   435:    78780.330    78780.350    78780.240    78780.130    79030.220
   440:    79030.230    79030.250    79030.340    79345.130    80007.120
   445:    80086.130    80330.840    80632.640    80632.320    80632.330
   450:    80632.350    80632.240    80632.130    80882.220    80882.230
   455:    80882.250    80882.340    81015.130    81053.130    81092.130
   460:    81183.120    81303.130    81598.740    82192.130    82638.130
   465:    82693.130    82970.130    83352.130    83794.130    84378.540
   470:    84378.320    84378.330    84378.350    84378.240    84378.120
   475:    84628.220    84628.230    84628.250    84628.340    84921.130
   480:    84958.130    84993.130    85202.120    85329.130    85700.130
   485:    85928.740    86261.130    86680.540    86680.320    86680.330
   490:    86680.350    86680.240    86680.120    86930.220    86930.230
   495:    86930.250    86930.340    87053.120    87121.120    87184.120
   500:    87221.120    87252.120    87280.120    87430.740    87451.130
   505:    87636.130    87943.540    87943.320    87943.330    87943.350
   510:    87943.240    87943.120    88193.220    88193.230    88193.250
   515:    88193.340    88385.120    88413.120    88529.130    88867.130
   520:    89235.130    89282.840    89452.120    90129.120    90164.120
   525:    90236.640    90236.320    90236.330    90236.350    90236.240
   530:    90236.130    90486.220    90486.230    90486.250    90486.340
   535:    90719.120    90748.120    90782.120    90845.120    90882.120
   540:    90972.130    91198.120    91325.130    91544.120    92318.130
   545:    92715.130    92966.120    93051.130    93486.130    94286.840
   550:    95115.640    95115.320    95115.330    95115.350    95115.240
   555:    95115.130    95365.220    95365.230    95365.250    95365.340
   560:    95600.120    95632.120    95665.120    95788.130    96148.130
   565:    96826.130    97128.120    97227.130    97575.130    98312.120
   570:    98349.120    98444.130    99081.120    99218.130    99787.120
   575:    99893.740    99910.130   100934.130   103626.540   103626.320
   580:   103626.330   103626.350   103626.240   103626.120   103876.220
   585:   103876.230   103876.250   103876.340   104019.120   104055.120
   590:   104151.130   104391.130   104810.130   105507.130   106408.130
   595:   107376.740   107895.130   109626.130   109665.130   110309.130
   600:   110706.130   111373.540   111373.320   111373.330   111373.350
   605:   111373.240   111373.120   111623.220   111623.230   111623.250
   610:   111623.340   111772.120   111805.120   111940.130   111981.130
   615:   112242.120   112339.130   112639.130   112970.130   113401.130
   620:   114169.120   114204.120   114329.130   116156.120   116679.130
   625:   116723.740   116977.130   117849.130   118412.540   118412.320
   630:   118412.330   118412.350   118412.240   118412.120   118465.840
   635:   118662.220   118662.230   118662.250   118662.340   118797.640
   640:   118797.320   118797.330   118797.350   118797.240   118797.130
   645:   119047.220   119047.230   119047.250   119047.340   119242.120
   650:   119282.120   119377.130   119628.130   119872.130   120851.120
   655:   121414.120   121611.130   122013.120   122262.740   122426.130
   660:   123263.130   123874.130   124320.130   125126.540   125126.320
   665:   125126.330   125126.350   125126.240   125126.120   125376.220
   670:   125376.230   125376.250   125376.340   125596.120   125647.840
   675:   125686.640   125686.320   125686.330   125686.350   125686.240
   680:   125686.130   125936.220   125936.230   125936.250   125936.340
   685:   126105.120   126166.120   126196.120   126226.120   126288.120
   690:   126378.130   126618.120   126647.120   126768.130   126913.130
   695:   127131.120   127166.120   127241.130   128121.120   128636.840
   700:   128722.120   128804.640   128804.320   128804.330   128804.350
   705:   128804.240   128804.130   129054.220   129054.230   129054.250
   710:   129054.340   129196.120   129228.120   129256.120   129283.120
   715:   129400.130   129704.120   129738.120   129809.130   130461.120
   720:   130491.120   130567.120   130699.130   130736.130   131176.740
   725:   131283.540   131283.320   131283.330   131283.350   131283.240
   730:   131283.120   131533.220   131533.230   131533.250   131533.340
   735:   131703.120   131732.120   131765.120   131833.740   131849.130
   740:   132160.130   132197.130   132567.130   133068.540   133068.320
   745:   133068.330   133068.350   133068.240   133068.120   133318.220
   750:   133318.230   133318.250   133318.340   133442.120   133736.120
   755:   133771.120   133854.840   133899.640   133899.320   133899.330
   760:   133899.350   133899.240   133899.130   134149.220   134149.230
   765:   134149.250   134149.340   134557.120   134596.120   134678.130
   770:   134986.130   135284.130   135782.130   136146.130   137532.120
   775:   137566.120   137596.120   138072.120   138140.120   138341.120
   780:   138775.120   138818.740   139050.130   139896.130   140249.130
   785:   140898.540   140898.320   140898.330   140898.350   140898.240
   790:   140898.120   141148.220   141148.230   141148.250   141148.340
   795:   141294.130   141328.130   141539.130   141648.740   141786.130
   800:   142546.130   142854.130   143448.540   143448.320   143448.330
   805:   143448.350   143448.240   143448.120   143698.220   143698.230
   810:   143698.250   143698.340   144223.130   144589.130   144870.120
   815:   144901.120   144983.130   145226.120   145305.130   146155.130
   820:   146800.130   147197.120   147313.130   147485.120   147606.130
   825:   147969.120   149196.120   149297.130   149488.120   149575.130
   830:   149890.130   150549.840   151055.640   151055.320   151055.330
   835:   151055.350   151055.240   151055.130   151305.220   151305.230
   840:   151305.250   151305.340   151617.120   151738.130   153498.120
   845:   153623.130   154298.740   155299.540   155299.320   155299.330
   850:   155299.350   155299.240   155299.120   155549.220   155549.230
   855:   155549.250   155549.340   155750.120   155875.130   156251.130
   860:   156647.130   157846.120   158202.130   158649.740   158735.540
   865:   158735.320   158735.330   158735.350   158735.240   158735.120
   870:   158985.220   158985.230   158985.250   158985.340   159114.120
   875:   159145.120   159266.130   159502.120   159593.130   160478.120
   880:   160511.120   160600.130   160787.130   161039.120   161465.120
   885:   162305.840   162688.120   162985.740   162989.540   162989.320
   890:   162989.330   162989.350   162989.240   162989.120   163239.220
   895:   163239.230   163239.250   163239.340   163376.120   163412.120
   900:   163439.120   163503.120   163652.120   163720.120   163757.120
   905:   164433.640   164433.320   164433.330   164433.350   164433.240
   910:   164433.130   164683.220   164683.230   164683.250   164683.340
   915:   164856.130   164892.130   164923.130   165118.120   165152.120
   920:   165183.120   165213.120   165243.120   165281.120   165311.120
   925:   165347.120   165416.120   165541.130   165768.120   165855.130
   930:   166161.130   167145.120   167270.130   167309.130   167595.120
   935:   167627.120   167639.740   167658.540   167658.320   167658.330
   940:   167658.350   167658.240   167658.120   167908.220   167908.230
   945:   167908.250   167908.340   168148.120   168180.120   168205.120
   950:   168236.120   168332.130   168920.120   168955.120   169046.130
   955:   169352.120   169385.120   169679.120   169768.130   170077.120
   960:   170593.120   170627.120   170658.120   170708.740   170790.540
   965:   170790.320   170790.330   170790.350   170790.240   170790.120
   970:   171040.220   171040.230   171040.250   171040.340   171181.120
   975:   171237.120   171278.120   171343.120   171376.120   171574.120
   980:   171606.120   172217.120   172245.120   172395.130   172562.120
   985:   173386.120   173418.120   173448.120   173596.120   173894.120
   990:   174668.120   174891.120   175095.130   175340.740   176177.540
   995:   176177.320   176177.330   176177.350   176177.240   176177.120
  1000:   176427.220   176427.230   176427.250   176427.340   176564.130
  1005:   176597.130   176629.130   176660.130   176890.130   177149.120
  1010:   177707.120   177733.120   177894.120   178220.130   178775.120
  1015:   178827.740   178875.130   179208.540   179208.320   179208.330
  1020:   179208.350   179208.240   179208.120   179458.220   179458.230
  1025:   179458.250   179458.340   179639.120   179669.120   179820.130
  1030:   179851.130   180110.120   180462.130   180656.120   180688.120
  1035:   180780.130   181177.120   181256.130   181283.840   181848.120
  1040:   181882.120   181989.640   181989.320   181989.330   181989.350
  1045:   181989.240   181989.130   182239.220   182239.230   182239.250
  1050:   182239.340   182568.130   182680.120   182714.120   182797.130
  1055:   183011.120   183043.120   183406.120   183504.130   183958.740
  1060:   183960.130   184354.130   184738.540   184738.320   184738.330
  1065:   184738.350   184738.240   184738.120   184988.220   184988.230
  1070:   184988.250   184988.340   185182.120   185188.740   185215.540
  1075:   185215.320   185215.330   185215.350   185215.240   185215.120
  1080:   185465.220   185465.230   185465.250   185465.340   185704.120
  1085:   185734.120   185765.120   185845.130   186376.120   186665.740
  1090:   186858.130   187266.130   187807.130   188580.540   188580.320
  1095:   188580.330   188580.350   188580.240   188580.120   188830.220
  1100:   188830.230   188830.250   188830.340   188942.130   188980.130
  1105:   189016.130   189262.120   189358.130   190334.120   190365.120
  1110:   190785.130   191182.130   191794.120   192266.130   193281.130
  1115:   193702.120   193736.120   194130.740   194457.540   194457.320
  1120:   194457.330   194457.350   194457.240   194457.120   194707.220
  1125:   194707.230   194707.250   194707.340   194859.120   194890.120
  1130:   194921.120   194957.120   195077.120   195173.130   195707.740
  1135:   196553.540   196553.320   196553.330   196553.350   196553.240
  1140:   196553.120   196803.220   196803.230   196803.250   196803.340
  1145:   196946.120   196980.120   197021.120   197197.130   197709.120
  1150:   197812.130   198094.120   199048.120   199084.120   199237.130
  1155:   199403.740   199524.540   199524.320   199524.330   199524.350
  1160:   199524.240   199524.120   199774.220   199774.230   199774.250
  1165:   199774.340   199954.120   199987.120   200068.130   200393.130
  1170:   200433.130   200639.840   200828.120   200864.120   200894.120
  1175:   200979.640   200979.320   200979.330   200979.350   200979.240
  1180:   200979.130   201229.220   201229.230   201229.250   201229.340
  1185:   201359.130   201473.120   201552.130   202374.740   202595.540
  1190:   202595.320   202595.330   202595.350   202595.240   202595.120
  1195:   202845.220   202845.230   202845.250   202845.340   202996.120
  1200:   203057.120   203139.130   203864.120   204045.130   204426.120
  1205:   204454.120   204542.130   204581.130   204845.740   205064.130
  1210:   205742.540   205742.320   205742.330   205742.350   205742.240
  1215:   205742.120   205992.220   205992.230   205992.250   205992.340
  1220:   206122.120   206154.120   206183.120   206310.130   206348.130
  1225:   206680.120   206712.120   206729.840   206742.120   206817.120
  1230:   207092.740   207284.540   207284.320   207284.330   207284.350
  1235:   207284.240   207284.120   207534.220   207534.230   207534.250
  1240:   207534.340   207634.740   207891.540   207891.320   207891.330
  1245:   207891.350   207891.240   207891.120   208141.220   208141.230
  1250:   208141.250   208141.340   208268.120   208385.640   208385.320
  1255:   208385.330   208385.350   208385.240   208385.130   208635.220
  1260:   208635.230   208635.250   208635.340   208838.120   208869.120
  1265:   208992.130   209141.740   209396.540   209396.320   209396.330
  1270:   209396.350   209396.240   209396.120   209646.220   209646.230
  1275:   209646.250   209646.340   209746.740   209782.540   209782.320
  1280:   209782.330   209782.350   209782.240   209782.120   210032.220
  1285:   210032.230   210032.250   210032.340   210193.120   210223.120
  1290:   210252.120   210280.120   210401.130   210603.120   211040.120
  1295:   211132.740   211185.130   211310.540   211310.320   211310.330
  1300:   211310.350   211310.240   211310.120   211560.220   211560.230
  1305:   211560.250   211560.340   211679.120   211709.120   211795.130
  1310:   212042.120   212074.120   212157.130   212419.120   212450.120
  1315:   212562.130   212871.120   212901.120   212966.120   213211.120
  1320:   213643.120   213678.120   213710.120   213869.130   214223.120
  1325:   214259.120   214389.120   214425.120   214463.120   214805.130
  1330:   215238.120   215273.120   215493.120   215802.120   216151.120
  1335:   216185.120   216282.130   216641.120   216674.120   216835.840
  1340:   216973.120   217010.120   217290.120   217660.740   217777.540
  1345:   217777.320   217777.330   217777.350   217777.240   217777.120
  1350:   218027.220   218027.230   218027.250   218027.340   218183.120
  1355:   218213.120   218301.640   218301.320   218301.330   218301.350
  1360:   218301.240   218301.130   218551.220   218551.230   218551.250
  1365:   218551.340   218726.120   218758.120   218880.130   219550.130
  1370:   219975.120   220090.130   220645.120   220680.120   224504.120
  1375:   224579.120   224760.120   224792.120   225148.120   225184.120
  1380:   225251.120   225393.130   225628.130   225851.840   225976.120
  1385:   226204.640   226204.320   226204.330   226204.350   226204.240
  1390:   226204.130   226454.220   226454.230   226454.250   226454.340
  1395:   226577.120   226606.120   226672.120   226746.120   226880.130
  1400:   227219.120   227363.130   227787.120   227821.120   228010.130
  1405:   228243.130   228828.130   228927.740   229554.840   229597.540
  1410:   229597.320   229597.330   229597.350   229597.240   229597.120
  1415:   229847.220   229847.230   229847.250   229847.340   230129.640
  1420:   230129.320   230129.330   230129.350   230129.240   230129.130
  1425:   230379.220   230379.230   230379.250   230379.340   230603.120
  1430:   230689.130   230833.120   230948.130   230984.130   231294.130
  1435:   231982.130   232222.120   232256.120   232289.120   232679.840
  1440:   232747.740   232747.640   232747.320   232747.330   232747.350
  1445:   232747.240   232747.130   232997.220   232997.230   232997.250
  1450:   232997.340   233220.540   233220.320   233220.330   233220.350
  1455:   233220.240   233220.120   233470.220   233470.230   233470.250
  1460:   233470.340   233670.740   233678.540   233678.320   233678.330
  1465:   233678.350   233678.240   233678.120   233928.220   233928.230
  1470:   233928.250   233928.340   234096.120   234183.130   234242.130
  1475:   234625.130   234967.120   235060.130   235371.120   235496.130
  1480:   235532.130   236128.740   236463.130   236652.540   236652.320
  1485:   236652.330   236652.350   236652.240   236652.120   236902.220
  1490:   236902.230   236902.250   236902.340   237075.120   237256.120
  1495:   237340.130   237706.130   237954.120   238002.740   238980.130
  1500:   240229.540   240229.320   240229.330   240229.350   240229.240
  1505:   240229.120   240479.220   240479.230   240479.250   240479.340
  1510:   240618.120   240773.130   240996.120   241030.120   241115.130
  1515:   241510.130   241679.740   241871.130   242249.540   242249.320
  1520:   242249.330   242249.350   242249.240   242249.120   242499.220
  1525:   242499.230   242499.250   242499.340   242597.120   242627.120
  1530:   242658.120   242689.120   242772.130   242901.130   242989.120
  1535:   243074.130   243410.130   243773.130   243797.840   244023.120
  1540:   244370.120   244582.640   244582.320   244582.330   244582.350
  1545:   244582.240   244582.130   244799.740   244832.220   244832.230
  1550:   244832.250   244832.340   245016.540   245016.320   245016.330
  1555:   245016.350   245016.240   245016.120   245266.220   245266.230
  1560:   245266.250   245266.340   245505.120   245579.130   245782.120
  1565:   245817.120   245899.130   246151.120   246180.120   246279.130
  1570:   246533.120   246602.120   246946.130   247432.840   247437.120
  1575:   247466.740   247597.640   247597.320   247597.330   247597.350
  1580:   247597.240   247597.130   247847.220   247847.230   247847.250
  1585:   247847.340   247954.130   248073.540   248073.320   248073.330
  1590:   248073.350   248073.240   248073.120   248323.220   248323.230
  1595:   248323.250   248323.340   248469.120   248555.130   248595.130
  1600:   249032.130   249353.130   249463.120   249781.120   250336.130
  1605:   250511.120   250547.120   250577.120   250659.130   251147.840
  1610:   251684.640   251684.320   251684.330   251684.350   251684.240
  1615:   251684.130   251934.220   251934.230   251934.250   251934.340
  1620:   252091.120   252154.120   252237.130   252412.120   252527.130
  1625:   252823.740   253362.540   253362.320   253362.330   253362.350
  1630:   253362.240   253362.120   253612.220   253612.230   253612.250
  1635:   253612.340   253759.130   253795.130   253837.130   253932.120
  1640:   254167.130   254406.120   254785.120   254882.130   255822.130
  1645:   255867.130   256185.130   257825.120   257865.120   257903.120
  1650:   257936.120   258062.120   258098.120   258133.120   258172.120
  1655:   258279.130   258650.130   258859.120   258989.130   260012.120
  1660:   260046.120   260205.120   260544.130   261066.120   261263.120
  1665:   261805.120   261840.120   261916.120   262024.130   262281.120
  1670:   262421.120   263334.840   263508.120   263539.120   263612.740
  1675:   263615.540   263615.320   263615.330   263615.350   263615.240
  1680:   263615.120   263865.220   263865.230   263865.250   263865.340
  1685:   263983.120   264013.120   264044.120   264077.120   264110.120
  1690:   264137.120   264177.120   264306.640   264306.320   264306.330
  1695:   264306.350   264306.240   264306.130   264556.220   264556.230
  1700:   264556.250   264556.340   264782.120   264817.120   264848.120
  1705:   264880.120   264964.130   265087.130   265272.130   265480.120
  1710:   265514.120   265606.130   266065.740   266077.130   266367.540
  1715:   266367.320   266367.330   266367.350   266367.240   266367.120
  1720:   266617.220   266617.230   266617.250   266617.340   266746.120
  1725:   266913.130   266976.130   267184.130   267422.120   267457.120
  1730:   267561.130   267844.120   267937.130   268017.740   268356.840
  1735:   268521.640   268521.320   268521.330   268521.350   268521.240
  1740:   268521.130   268771.220   268771.230   268771.250   268771.340
  1745:   269059.540   269059.320   269059.330   269059.350   269059.240
  1750:   269059.120   269309.220   269309.230   269309.250   269309.340
  1755:   269486.130   269578.120   269813.130   270128.130   270368.120
  1760:   270498.130   270509.740   270739.540   270739.320   270739.330
  1765:   270739.350   270739.240   270739.120   270989.220   270989.230
  1770:   270989.250   270989.340   271147.130   271192.130   271307.120
  1775:   271439.130   272051.130   272972.120   273071.840   273348.120
  1780:   273485.640   273485.320   273485.330   273485.350   273485.240
  1785:   273485.130   273735.220   273735.230   273735.250   273735.340
  1790:   273895.120   274018.130   274262.120   274732.120   274767.120
  1795:   274858.130   275776.120   275810.120   276028.130   276573.130
  1800:   276612.130   276736.120   276827.130   277075.120   277195.130
  1805:   277821.120   277862.120   277889.740   277984.540   277984.320
  1810:   277984.330   277984.350   277984.240   277984.120   278234.220
  1815:   278234.230   278234.250   278234.340   278364.120   278398.120
  1820:   278429.120   278463.120   278495.120   278629.130   278676.130
  1825:   278853.120   278975.130   280001.120   280182.130   282214.120
  1830:   282364.120   282394.120   282425.120   282503.120   282532.120
  1835:   282568.120   282604.120   282637.120   282672.120   282703.120
  1840:   282741.120   282888.130   282993.120   283205.130   283519.130
  1845:   283793.130   284747.130   285134.120   285163.120   285434.740
  1850:   285960.540   285960.320   285960.330   285960.350   285960.240
  1855:   285960.120   286210.220   286210.230   286210.250   286210.340
  1860:   286336.130   286373.130   286410.130   286580.120   286638.120
  1865:   286668.120   286701.120   286785.130   287528.120   287564.120
  1870:   287630.120   287786.130   288021.130   288560.120   288697.120
  1875:   288728.120   288761.120   288793.120   288866.120   288975.120
  1880:   289043.120   289144.130   289940.120   290041.120   290067.120
  1885:   290435.840   290999.120   291614.120   291676.120   291777.120
  1890:   292462.120   292495.120   293092.120   293228.640   293228.320
  1895:   293228.330   293228.350   293228.240   293228.130   293478.220
  1900:   293478.230   293478.250   293478.340   293662.130   293699.130
  1905:   293846.120   293883.120   293962.130   294228.120   294340.130
  1910:   294510.740   295002.540   295002.320   295002.330   295002.350
  1915:   295002.240   295002.120   295252.220   295252.230   295252.250
  1920:   295252.340   295368.120   295423.120   295481.120   295605.130
  1925:   296215.120   296629.130   297012.130   297281.130   297693.120
  1930:   297837.130   298195.120   298820.120   298850.120   298878.120
  1935:   298908.120   298937.120   298971.120   299229.120   300353.120
  1940:   300449.120   300519.120   300548.120   300651.120   300761.130
  1945:   301052.740   301192.540   301192.320   301192.330   301192.350
  1950:   301192.240   301192.120   301442.220   301442.230   301442.250
  1955:   301442.340   301556.130   301586.130   301692.120   301722.120
  1960:   301799.130   302092.120   302122.120   302151.120   302238.120
  1965:   302350.130   303524.130   304026.120   304055.120   304378.840
  1970:   304680.120   304771.120   304802.120   304986.640   304986.320
  1975:   304986.330   304986.350   304986.240   304986.130   305236.220
  1980:   305236.230   305236.250   305236.340   305384.120   305412.120
  1985:   305578.130   305754.120   305867.130   306325.130   307070.120
  1990:   307739.120   308073.130   308287.130   308642.740   309250.130
  1995:   309752.130   310358.130   310639.540   310639.320   310639.330
  2000:   310639.350   310639.240   310639.120   310889.220   310889.230
  2005:   310889.250   310889.340   311056.120   311130.130   311159.130
  2010:   311459.120   311489.120   311517.120   311632.130   312109.130
  2015:   312651.130   313145.120   313278.130   313764.130   314189.740
  2020:   315033.130   315948.540   315948.320   315948.330   315948.350
  2025:   315948.240   315948.120   316198.220   316198.230   316198.250
  2030:   316198.340   316325.120   316454.130   316761.130   317915.130
  2035:   318225.120   318354.120   319131.120   319162.120   319393.130
  2040:   319576.120   319608.120   319688.130   320698.740   321350.130
  2045:   321970.540   321970.320   321970.330   321970.350   321970.240
  2050:   321970.120   322220.220   322220.230   322220.250   322220.340
  2055:   322481.130   322688.120   322788.130   323083.120   323162.130
  2060:   324397.120   324474.130   324984.120   325093.130   325341.120
  2065:   325432.130   325931.120   326175.130   326415.130   326720.740
  2070:   326968.540   326968.320   326968.330   326968.350   326968.240
  2075:   326968.120   327218.220   327218.230   327218.250   327218.340
  2080:   327435.130   327471.130   327581.120   327691.130   327818.740
  2085:   327924.540   327924.320   327924.330   327924.350   327924.240
  2090:   327924.120   328174.220   328174.230   328174.250   328174.340
  2095:   328638.130   329235.120   329264.120   329345.130   329660.120
  2100:   329743.130   329961.120   330400.130   330721.130   330863.120
  2105:   331243.130   331374.740   333136.840   333446.540   333446.320
  2110:   333446.330   333446.350   333446.240   333446.120   333696.220
  2115:   333696.230   333696.250   333696.340   334296.740   334906.540
  2120:   334906.320   334906.330   334906.350   334906.240   334906.120
  2125:   335156.220   335156.230   335156.250   335156.340   335256.740
  2130:   335333.540   335333.320   335333.330   335333.350   335333.240
  2135:   335333.120   335583.220   335583.230   335583.250   335583.340
  2140:   335783.740   335815.540   335815.320   335815.330   335815.350
  2145:   335815.240   335815.120   336065.220   336065.230   336065.250
  2150:   336065.340   336433.640   336433.320   336433.330   336433.350
  2155:   336433.240   336433.130   336683.220   336683.230   336683.250
  2160:   336683.340   337140.120   337518.120   337598.130   338414.120
  2165:   338687.120   339683.840   339695.120   340265.740   341496.540
  2170:   341496.320   341496.330   341496.350   341496.240   341496.120
  2175:   341746.220   341746.230   341746.250   341746.340   341842.120
  2180:   341871.120   341903.120   341930.120   341960.120   342053.640
  2185:   342053.320   342053.330   342053.350   342053.240   342053.130
  2190:   342303.220   342303.230   342303.250   342303.340   342435.130
  2195:   342581.120   342611.120   342644.120   342675.120   342756.130
  2200:   343057.120   343821.120   343846.740   343850.540   343850.320
  2205:   343850.330   343850.350   343850.240   343850.120   344100.220
  2210:   344100.230   344100.250   344100.340   344358.120   344394.120
  2215:   344603.840   344638.120   344818.120   345149.120   345938.120
  2220:   346025.640   346025.320   346025.330   346025.350   346025.240
  2225:   346025.130   346275.220   346275.230   346275.250   346275.340
  2230:   346950.120   347475.840   347747.640   347747.320   347747.330
  2235:   347747.350   347747.240   347747.130   347997.220   347997.230
  2240:   347997.250   347997.340   348292.120   348427.130   348537.120
  2245:   348597.840   348633.640   348633.320   348633.330   348633.350
  2250:   348633.240   348633.130   348700.740   348883.220   348883.230
  2255:   348883.250   348883.340   349136.540   349136.320   349136.330
  2260:   349136.350   349136.240   349136.120   349386.220   349386.230
  2265:   349386.250   349386.340   349576.120   349612.120   349703.130
  2270:   350072.120   350170.130   350922.130   351377.120   351499.130
  2275:   351683.840   352017.120   352049.120   352571.640   352571.320
  2280:   352571.330   352571.350   352571.240   352571.130   352821.220
  2285:   352821.230   352821.250   352821.340   353205.120   353331.130
  2290:   353958.120   354048.130   354476.130   354693.120   354786.130
  2295:   355527.130   355829.120   356344.130   357064.130   357421.840
  2300:   357452.120   357952.640   357952.320   357952.330   357952.350
  2305:   357952.240   357952.130   358202.220   358202.230   358202.250
  2310:   358202.340   358386.740   358741.130   358781.130   359273.130
  2315:   359620.130   360000.320   360000.330   360000.350   360000.020
C:
     0:        0.000      668.000      533.000       73.000       38.000
     5:        0.000
D:
     0:        0.000        0.000
L:
     0:      333.000      333.000      333.000
M:
     0:      900.000      901.000      902.000      903.000      904.000
     5:      905.000      906.000      907.000      908.000      909.000
    10:      910.000      911.000      912.000      913.000      914.000
    15:      915.000      916.000      917.000      918.000      919.000
    20:      920.000      921.000      922.000      923.000      924.000
    25:      925.000      926.000      927.000      928.000      929.000
    30:      930.000      931.000      932.000      933.000      934.000
    35:      935.000      936.000      937.000      938.000      939.000
    40:      940.000      941.000      942.000      943.000      944.000
    45:      945.000      946.000      947.000      948.000      949.000
    50:      950.000      951.000      952.000      953.000      954.000
    55:      955.000      956.000      957.000      958.000      959.000
    60:      960.000      961.000      962.000      963.000      964.000
    65:      965.000      966.000      967.000      968.000      969.000
    70:      970.000      971.000      972.000      973.000      974.000
    75:      975.000      976.000      977.000      978.000      979.000
    80:      980.000      981.000      982.000      983.000      984.000
    85:      985.000      986.000      987.000      988.000      989.000
    90:      990.000      991.000      992.000      993.000      994.000
    95:      995.000      996.000      997.000      998.000      999.000
   100:     1000.000     1001.000     1002.000     1003.000     1004.000
   105:     1005.000     1006.000     1007.000     1008.000     1009.000
   110:     1010.000     1011.000     1012.000     1013.000     1014.000
   115:     1015.000     1016.000     1017.000     1018.000     1019.000
   120:     1020.000     1021.000     1022.000     1023.000     1024.000
   125:     1025.000     1026.000     1027.000     1028.000     1029.000
   130:     1030.000     1031.000     1032.000     1033.000     1034.000
   135:     1035.000     1036.000     1037.000     1038.000     1039.000
   140:     1040.000     1041.000     1042.000     1043.000     1044.000
   145:     1045.000     1046.000     1047.000     1048.000     1049.000
   150:     1050.000     1051.000     1052.000     1053.000     1054.000
   155:     1055.000     1056.000     1057.000     1058.000     1059.000
   160:     1060.000     1061.000     1062.000     1063.000     1064.000
   165:     1065.000     1066.000     1067.000     1068.000     1069.000
   170:     1070.000     1071.000     1072.000     1073.000     1074.000
   175:     1075.000     1076.000     1077.000     1078.000     1079.000
   180:     1080.000     1081.000     1082.000     1083.000     1084.000
   185:     1085.000     1086.000     1087.000     1088.000     1089.000
   190:     1090.000     1091.000     1092.000     1093.000     1094.000
   195:     1095.000     1096.000     1097.000     1098.000     1099.000
   200:     1100.000     1101.000     1102.000     1103.000     1104.000
   205:     1105.000     1106.000     1107.000     1108.000     1109.000
   210:     1110.000     1111.000     1112.000     1113.000     1114.000
   215:     1115.000     1116.000     1117.000     1118.000     1119.000
   220:     1120.000     1121.000     1122.000     1123.000     1124.000
   225:     1125.000     1126.000     1127.000     1128.000     1129.000
   230:     1130.000     1131.000     1132.000     1133.000     1134.000
   235:     1135.000     1136.000     1137.000     1138.000     1139.000
   240:     1140.000     1141.000     1142.000     1143.000     1144.000
   245:     1145.000     1146.000     1147.000     1148.000     1149.000
   250:     1150.000     1151.000     1152.000     1153.000     1154.000
   255:     1155.000     1156.000     1157.000     1158.000     1159.000
   260:     1160.000     1161.000     1162.000     1163.000     1164.000
   265:     1165.000     1166.000     1167.000     1168.000     1169.000
   270:     1170.000     1171.000     1172.000     1173.000     1174.000
   275:     1175.000     1176.000     1177.000     1178.000     1179.000
   280:     1180.000     1181.000     1182.000     1183.000     1184.000
   285:     1185.000     1186.000     1187.000     1188.000     1189.000
   290:     1190.000     1191.000     1192.000     1193.000     1194.000
   295:     1195.000     1196.000     1197.000     1198.000     1199.000
   300:     1200.000     1201.000     1202.000     1203.000     1204.000
   305:     1205.000     1206.000     1207.000     1208.000     1209.000
   310:     1210.000     1211.000     1212.000     1213.000     1214.000
   315:     1215.000     1216.000     1217.000     1218.000     1219.000
   320:     1220.000     1221.000     1222.000     1223.000     1224.000
   325:     1225.000     1226.000     1227.000     1228.000     1229.000
   330:     1230.000     1231.000     1232.000     1233.000     1234.000
   335:     1235.000     1236.000     1237.000     1238.000     1239.000
   340:     1240.000     1241.000     1242.000     1243.000     1244.000
   345:     1245.000     1246.000     1247.000     1248.000     1249.000
   350:     1250.000     1251.000     1252.000     1253.000     1254.000
   355:     1255.000     1256.000     1257.000     1258.000     1259.000
   360:     1260.000     1261.000     1262.000     1263.000     1264.000
   365:     1265.000     1266.000     1267.000     1268.000     1269.000
   370:     1270.000     1271.000     1272.000     1273.000     1274.000
   375:     1275.000     1276.000     1277.000     1278.000     1279.000
   380:     1280.000     1281.000     1282.000     1283.000     1284.000
   385:     1285.000     1286.000     1287.000     1288.000     1289.000
   390:     1290.000     1291.000     1292.000     1293.000     1294.000
   395:     1295.000     1296.000     1297.000     1298.000     1299.000
   400:     1300.000     1301.000     1302.000     1303.000     1304.000
   405:     1305.000     1306.000     1307.000     1308.000     1309.000
   410:     1310.000     1311.000     1312.000     1313.000     1314.000
   415:     1315.000     1316.000     1317.000     1318.000     1319.000
   420:     1320.000     1321.000     1322.000     1323.000     1324.000
   425:     1325.000     1326.000     1327.000     1328.000     1329.000
   430:     1330.000     1331.000     1332.000     1333.000     1334.000
   435:     1335.000     1336.000     1337.000     1338.000     1339.000
   440:     1340.000     1341.000     1342.000     1343.000     1344.000
   445:     1345.000     1346.000     1347.000     1348.000     1349.000
   450:     1350.000     1351.000     1352.000     1353.000     1354.000
   455:     1355.000     1356.000     1357.000     1358.000     1359.000
   460:     1360.000     1361.000     1362.000     1363.000     1364.000
   465:     1365.000     1366.000     1367.000     1368.000     1369.000
   470:     1370.000     1371.000     1372.000     1373.000     1374.000
   475:     1375.000     1376.000     1377.000     1378.000     1379.000
   480:     1380.000     1381.000     1382.000     1383.000     1384.000
   485:     1385.000     1386.000     1387.000     1388.000     1389.000
   490:     1390.000     1391.000     1392.000     1393.000     1394.000
   495:     1395.000     1396.000     1397.000     1398.000     1399.000
   500:     1400.000     1401.000     1402.000     1403.000     1404.000
   505:     1405.000     1406.000     1407.000     1408.000     1409.000
   510:     1410.000     1411.000     1412.000     1413.000     1414.000
   515:     1415.000     1416.000     1417.000     1418.000     1419.000
   520:     1420.000     1421.000     1422.000     1423.000     1424.000
   525:     1425.000     1426.000     1427.000     1428.000     1429.000
   530:     1430.000     1431.000     1432.000     1433.000     1434.000
   535:     1435.000     1436.000     1437.000     1438.000     1439.000
   540:     1440.000     1441.000     1442.000     1443.000     1444.000
   545:     1445.000     1446.000     1447.000     1448.000     1449.000
   550:     1450.000     1451.000     1452.000     1453.000     1454.000
   555:     1455.000     1456.000     1457.000     1458.000     1459.000
   560:     1460.000     1461.000     1462.000     1463.000     1464.000
   565:     1465.000     1466.000     1467.000     1468.000     1469.000
   570:     1470.000     1471.000     1472.000     1473.000     1474.000
   575:     1475.000     1476.000     1477.000     1478.000     1479.000
   580:     1480.000     1481.000     1482.000     1483.000     1484.000
   585:     1485.000     1486.000     1487.000     1488.000     1489.000
   590:     1490.000     1491.000     1492.000     1493.000     1494.000
   595:     1495.000     1496.000     1497.000     1498.000     1499.000
   600:     1500.000     1501.000     1502.000     1503.000     1504.000
   605:     1505.000     1506.000     1507.000     1508.000     1509.000
   610:     1510.000     1511.000     1512.000     1513.000     1514.000
   615:     1515.000     1516.000     1517.000     1518.000     1519.000
   620:     1520.000     1521.000     1522.000     1523.000     1524.000
   625:     1525.000     1526.000     1527.000     1528.000     1529.000
   630:     1530.000     1531.000     1532.000     1533.000     1534.000
   635:     1535.000     1536.000     1537.000     1538.000     1539.000
   640:     1540.000     1541.000     1542.000     1543.000     1544.000
   645:     1545.000     1546.000     1547.000     1548.000     1549.000
   650:     1550.000     1551.000     1552.000     1553.000     1554.000
   655:     1555.000     1556.000     1557.000     1558.000     1559.000
   660:     1560.000     1561.000     1562.000     1563.000     1564.000
   665:     1565.000     1566.000     1567.000     1568.000     1569.000
   670:     1570.000     1571.000     1572.000     1573.000     1574.000
   675:     1575.000     1576.000     1577.000     1578.000     1579.000
   680:     1580.000     1581.000     1582.000     1583.000     1584.000
   685:     1585.000     1586.000     1587.000     1588.000     1589.000
   690:     1590.000     1591.000     1592.000     1593.000     1594.000
   695:     1595.000     1596.000     1597.000     1598.000     1599.000
   700:     1600.000     1601.000     1602.000     1603.000     1604.000
   705:     1605.000     1606.000     1607.000     1608.000     1609.000
   710:     1610.000     1611.000     1612.000     1613.000     1614.000
   715:     1615.000     1616.000     1617.000     1618.000     1619.000
   720:     1620.000     1621.000     1622.000     1623.000     1624.000
   725:     1625.000     1626.000     1627.000     1628.000     1629.000
   730:     1630.000     1631.000     1632.000     1633.000     1634.000
   735:     1635.000     1636.000     1637.000     1638.000     1639.000
   740:     1640.000     1641.000     1642.000     1643.000     1644.000
   745:     1645.000     1646.000     1647.000     1648.000     1649.000
   750:     1650.000     1651.000     1652.000     1653.000     1654.000
   755:     1655.000     1656.000     1657.000     1658.000     1659.000
   760:     1660.000     1661.000     1662.000     1663.000     1664.000
   765:     1665.000     1666.000     1667.000     1668.000     1669.000
   770:     1670.000     1671.000     1672.000     1673.000     1674.000
   775:     1675.000     1676.000     1677.000     1678.000     1679.000
   780:     1680.000     1681.000     1682.000     1683.000     1684.000
   785:     1685.000     1686.000     1687.000     1688.000     1689.000
   790:     1690.000     1691.000     1692.000     1693.000     1694.000
   795:     1695.000     1696.000     1697.000     1698.000     1699.000
   800:     1700.000     1701.000     1702.000     1703.000     1704.000
   805:     1705.000     1706.000     1707.000     1708.000     1709.000
   810:     1710.000     1711.000     1712.000     1713.000     1714.000
   815:     1715.000     1716.000     1717.000     1718.000     1719.000
   820:     1720.000     1721.000     1722.000     1723.000     1724.000
   825:     1725.000     1726.000     1727.000     1728.000     1729.000
   830:     1730.000     1731.000     1732.000     1733.000     1734.000
   835:     1735.000     1736.000     1737.000     1738.000     1739.000
   840:     1740.000     1741.000     1742.000     1743.000     1744.000
   845:     1745.000     1746.000     1747.000     1748.000     1749.000
   850:     1750.000     1751.000     1752.000     1753.000     1754.000
   855:     1755.000     1756.000     1757.000     1758.000     1759.000
   860:     1760.000     1761.000     1762.000     1763.000     1764.000
   865:     1765.000     1766.000     1767.000     1768.000     1769.000
   870:     1770.000     1771.000     1772.000     1773.000     1774.000
   875:     1775.000     1776.000     1777.000     1778.000     1779.000
   880:     1780.000     1781.000     1782.000     1783.000     1784.000
   885:     1785.000     1786.000     1787.000     1788.000     1789.000
   890:     1790.000     1791.000     1792.000     1793.000     1794.000
   895:     1795.000     1796.000     1797.000     1798.000     1799.000
   900:     1800.000     1801.000     1802.000     1803.000     1804.000
   905:     1805.000     1806.000     1807.000     1808.000     1809.000
   910:     1810.000     1811.000     1812.000     1813.000     1814.000
   915:     1815.000     1816.000     1817.000     1818.000     1819.000
   920:     1820.000     1821.000     1822.000     1823.000     1824.000
   925:     1825.000     1826.000     1827.000     1828.000     1829.000
   930:     1830.000     1831.000     1832.000     1833.000     1834.000
   935:     1835.000     1836.000     1837.000     1838.000     1839.000
   940:     1840.000     1841.000     1842.000     1843.000     1844.000
   945:     1845.000     1846.000     1847.000     1848.000     1849.000
   950:     1850.000     1851.000     1852.000     1853.000     1854.000
   955:     1855.000     1856.000     1857.000     1858.000     1859.000
   960:     1860.000     1861.000     1862.000     1863.000     1864.000
   965:     1865.000     1866.000     1867.000     1868.000     1869.000
   970:     1870.000     1871.000     1872.000     1873.000     1874.000
   975:     1875.000     1876.000     1877.000     1878.000     1879.000
   980:     1880.000     1881.000     1882.000     1883.000     1884.000
   985:     1885.000     1886.000     1887.000     1888.000     1889.000
   990:     1890.000     1891.000     1892.000     1893.000     1894.000
   995:     1895.000     1896.000     1897.000     1898.000     1899.000
  1000:     1900.000     1901.000     1902.000     1903.000     1904.000
  1005:     1905.000     1906.000     1907.000     1908.000     1909.000
  1010:     1910.000     1911.000     1912.000     1913.000     1914.000
  1015:     1915.000     1916.000     1917.000     1918.000     1919.000
  1020:     1920.000     1921.000     1922.000     1923.000     1924.000
  1025:     1925.000     1926.000     1927.000     1928.000     1929.000
  1030:     1930.000     1931.000     1932.000     1933.000     1934.000
  1035:     1935.000     1936.000     1937.000     1938.000     1939.000
  1040:     1940.000     1941.000     1942.000     1943.000     1944.000
  1045:     1945.000     1946.000     1947.000     1948.000     1949.000
  1050:     1950.000     1951.000     1952.000     1953.000     1954.000
  1055:     1955.000     1956.000     1957.000     1958.000     1959.000
  1060:     1960.000     1961.000     1962.000     1963.000     1964.000
  1065:     1965.000     1966.000     1967.000     1968.000     1969.000
  1070:     1970.000     1971.000     1972.000     1973.000     1974.000
  1075:     1975.000     1976.000     1977.000     1978.000     1979.000
  1080:     1980.000     1981.000     1982.000     1983.000     1984.000
  1085:     1985.000     1986.000     1987.000     1988.000     1989.000
  1090:     1990.000     1991.000     1992.000     1993.000     1994.000
  1095:     1995.000     1996.000     1997.000     1998.000     1999.000
  1100:     2000.000     2001.000     2002.000     2003.000     2004.000
  1105:     2005.000     2006.000     2007.000     2008.000     2009.000
  1110:     2010.000     2011.000     2012.000     2013.000     2014.000
  1115:     2015.000     2016.000     2017.000     2018.000     2019.000
  1120:     2020.000     2021.000     2022.000     2023.000     2024.000
  1125:     2025.000     2026.000     2027.000     2028.000     2029.000
  1130:     2030.000     2031.000     2032.000     2033.000     2034.000
  1135:     2035.000     2036.000     2037.000     2038.000     2039.000
  1140:     2040.000     2041.000     2042.000     2043.000     2044.000
  1145:     2045.000     2046.000     2047.000     2048.000     2049.000
  1150:     2050.000     2051.000     2052.000     2053.000     2054.000
  1155:     2055.000     2056.000     2057.000     2058.000     2059.000
  1160:     2060.000     2061.000     2062.000     2063.000     2064.000
  1165:     2065.000     2066.000     2067.000     2068.000     2069.000
  1170:     2070.000     2071.000     2072.000     2073.000     2074.000
  1175:     2075.000     2076.000     2077.000     2078.000     2079.000
  1180:     2080.000     2081.000     2082.000     2083.000     2084.000
  1185:     2085.000     2086.000     2087.000     2088.000     2089.000
  1190:     2090.000     2091.000     2092.000     2093.000     2094.000
  1195:     2095.000     2096.000     2097.000     2098.000     2099.000
  1200:     2100.000
N:
     0:     3300.000     3301.000     3302.000     3303.000     3304.000
     5:     3305.000     3306.000     3307.000     3308.000     3309.000
    10:     3310.000     3311.000     3312.000     3313.000     3314.000
    15:     3315.000     3316.000     3317.000     3318.000     3319.000
    20:     3320.000     3321.000     3322.000     3323.000     3324.000
    25:     3325.000     3326.000     3327.000     3328.000     3329.000
    30:     3330.000     3331.000     3332.000     3333.000     3334.000
    35:     3335.000     3336.000     3337.000     3338.000     3339.000
    40:     3340.000     3341.000     3342.000     3343.000     3344.000
    45:     3345.000     3346.000     3347.000     3348.000     3349.000
    50:     3350.000     3351.000     3352.000     3353.000     3354.000
    55:     3355.000     3356.000     3357.000     3358.000     3359.000
    60:     3360.000     3361.000     3362.000     3363.000     3364.000
    65:     3365.000     3366.000     3367.000     3368.000     3369.000
    70:     3370.000     3371.000     3372.000     3373.000     3374.000
    75:     3375.000     3376.000     3377.000     3378.000     3379.000
    80:     3380.000     3381.000     3382.000     3383.000     3384.000
    85:     3385.000     3386.000     3387.000     3388.000     3389.000
    90:     3390.000     3391.000     3392.000     3393.000     3394.000
    95:     3395.000     3396.000     3397.000     3398.000     3399.000
   100:     3400.000     3401.000     3402.000     3403.000     3404.000
   105:     3405.000     3406.000     3407.000     3408.000     3409.000
   110:     3410.000     3411.000     3412.000     3413.000     3414.000
   115:     3415.000     3416.000     3417.000     3418.000     3419.000
   120:     3420.000     3421.000     3422.000     3423.000     3424.000
   125:     3425.000     3426.000     3427.000     3428.000     3429.000
   130:     3430.000     3431.000     3432.000     3433.000     3434.000
   135:     3435.000     3436.000     3437.000     3438.000     3439.000
   140:     3440.000     3441.000     3442.000     3443.000     3444.000
   145:     3445.000     3446.000     3447.000     3448.000     3449.000
   150:     3450.000     3451.000     3452.000     3453.000     3454.000
   155:     3455.000     3456.000     3457.000     3458.000     3459.000
   160:     3460.000     3461.000     3462.000     3463.000     3464.000
   165:     3465.000     3466.000     3467.000     3468.000     3469.000
   170:     3470.000     3471.000     3472.000     3473.000     3474.000
   175:     3475.000     3476.000     3477.000     3478.000     3479.000
   180:     3480.000     3481.000     3482.000     3483.000     3484.000
   185:     3485.000     3486.000     3487.000     3488.000     3489.000
   190:     3490.000     3491.000     3492.000     3493.000     3494.000
   195:     3495.000     3496.000     3497.000     3498.000     3499.000
   200:     3500.000     3501.000     3502.000     3503.000     3504.000
   205:     3505.000     3506.000     3507.000     3508.000     3509.000
   210:     3510.000     3511.000     3512.000     3513.000     3514.000
   215:     3515.000     3516.000     3517.000     3518.000     3519.000
   220:     3520.000     3521.000     3522.000     3523.000     3524.000
   225:     3525.000     3526.000     3527.000     3528.000     3529.000
   230:     3530.000     3531.000     3532.000     3533.000     3534.000
   235:     3535.000     3536.000     3537.000     3538.000     3539.000
   240:     3540.000     3541.000     3542.000     3543.000     3544.000
   245:     3545.000     3546.000     3547.000     3548.000     3549.000
   250:     3550.000     3551.000     3552.000     3553.000     3554.000
   255:     3555.000     3556.000     3557.000     3558.000     3559.000
   260:     3560.000     3561.000     3562.000     3563.000     3564.000
   265:     3565.000     3566.000     3567.000     3568.000     3569.000
   270:     3570.000     3571.000     3572.000     3573.000     3574.000
   275:     3575.000     3576.000     3577.000     3578.000     3579.000
   280:     3580.000     3581.000     3582.000     3583.000     3584.000
   285:     3585.000     3586.000     3587.000     3588.000     3589.000
   290:     3590.000     3591.000     3592.000     3593.000     3594.000
   295:     3595.000     3596.000     3597.000     3598.000     3599.000
   300:     3600.000     3601.000     3602.000     3603.000     3604.000
   305:     3605.000     3606.000     3607.000     3608.000     3609.000
   310:     3610.000     3611.000     3612.000     3613.000     3614.000
   315:     3615.000     3616.000     3617.000     3618.000     3619.000
   320:     3620.000     3621.000     3622.000     3623.000     3624.000
   325:     3625.000     3626.000     3627.000     3628.000     3629.000
   330:     3630.000     3631.000     3632.000     3633.000     3634.000
   335:     3635.000     3636.000     3637.000     3638.000     3639.000
   340:     3640.000     3641.000     3642.000     3643.000     3644.000
   345:     3645.000     3646.000     3647.000     3648.000     3649.000
   350:     3650.000     3651.000     3652.000     3653.000     3654.000
   355:     3655.000     3656.000     3657.000     3658.000     3659.000
   360:     3660.000     3661.000     3662.000     3663.000     3664.000
   365:     3665.000     3666.000     3667.000     3668.000     3669.000
   370:     3670.000     3671.000     3672.000     3673.000     3674.000
   375:     3675.000     3676.000     3677.000     3678.000     3679.000
   380:     3680.000     3681.000     3682.000     3683.000     3684.000
   385:     3685.000     3686.000     3687.000     3688.000     3689.000
   390:     3690.000     3691.000     3692.000     3693.000     3694.000
   395:     3695.000     3696.000     3697.000     3698.000     3699.000
   400:     3700.000     3701.000     3702.000     3703.000     3704.000
   405:     3705.000     3706.000     3707.000     3708.000     3709.000
   410:     3710.000     3711.000     3712.000     3713.000     3714.000
   415:     3715.000     3716.000     3717.000     3718.000     3719.000
   420:     3720.000     3721.000     3722.000     3723.000     3724.000
   425:     3725.000     3726.000     3727.000     3728.000     3729.000
   430:     3730.000     3731.000     3732.000     3733.000     3734.000
   435:     3735.000     3736.000     3737.000     3738.000     3739.000
   440:     3740.000     3741.000     3742.000     3743.000     3744.000
   445:     3745.000     3746.000     3747.000     3748.000     3749.000
   450:     3750.000     3751.000     3752.000     3753.000     3754.000
   455:     3755.000     3756.000     3757.000     3758.000     3759.000
   460:     3760.000     3761.000     3762.000     3763.000     3764.000
   465:     3765.000     3766.000     3767.000     3768.000     3769.000
   470:     3770.000     3771.000     3772.000     3773.000     3774.000
   475:     3775.000     3776.000     3777.000     3778.000     3779.000
   480:     3780.000     3781.000     3782.000     3783.000     3784.000
   485:     3785.000     3786.000     3787.000     3788.000     3789.000
   490:     3790.000     3791.000     3792.000     3793.000     3794.000
   495:     3795.000     3796.000     3797.000     3798.000     3799.000
   500:     3800.000     3801.000     3802.000     3803.000     3804.000
   505:     3805.000     3806.000     3807.000     3808.000     3809.000
   510:     3810.000     3811.000     3812.000     3813.000     3814.000
   515:     3815.000     3816.000     3817.000     3818.000     3819.000
   520:     3820.000     3821.000     3822.000     3823.000     3824.000
   525:     3825.000     3826.000     3827.000     3828.000     3829.000
   530:     3830.000     3831.000     3832.000     3833.000     3834.000
   535:     3835.000     3836.000     3837.000     3838.000     3839.000
   540:     3840.000     3841.000     3842.000     3843.000     3844.000
   545:     3845.000     3846.000     3847.000     3848.000     3849.000
   550:     3850.000     3851.000     3852.000     3853.000     3854.000
   555:     3855.000     3856.000     3857.000     3858.000     3859.000
   560:     3860.000     3861.000     3862.000     3863.000     3864.000
   565:     3865.000     3866.000     3867.000     3868.000     3869.000
   570:     3870.000     3871.000     3872.000     3873.000     3874.000
   575:     3875.000     3876.000     3877.000     3878.000     3879.000
   580:     3880.000     3881.000     3882.000     3883.000     3884.000
   585:     3885.000     3886.000     3887.000     3888.000     3889.000
   590:     3890.000     3891.000     3892.000     3893.000     3894.000
   595:     3895.000     3896.000     3897.000     3898.000     3899.000
   600:     3900.000     3901.000     3902.000     3903.000     3904.000
   605:     3905.000     3906.000     3907.000     3908.000     3909.000
   610:     3910.000     3911.000     3912.000     3913.000     3914.000
   615:     3915.000     3916.000     3917.000     3918.000     3919.000
   620:     3920.000     3921.000     3922.000     3923.000     3924.000
   625:     3925.000     3926.000     3927.000     3928.000     3929.000
   630:     3930.000     3931.000     3932.000     3933.000     3934.000
   635:     3935.000     3936.000     3937.000     3938.000     3939.000
   640:     3940.000     3941.000     3942.000     3943.000     3944.000
   645:     3945.000     3946.000     3947.000     3948.000     3949.000
   650:     3950.000     3951.000     3952.000     3953.000     3954.000
   655:     3955.000     3956.000     3957.000     3958.000     3959.000
   660:     3960.000     3961.000     3962.000     3963.000     3964.000
   665:     3965.000     3966.000     3967.000     3968.000     3969.000
   670:     3970.000     3971.000     3972.000     3973.000     3974.000
   675:     3975.000     3976.000     3977.000     3978.000     3979.000
   680:     3980.000     3981.000     3982.000     3983.000     3984.000
   685:     3985.000     3986.000     3987.000     3988.000     3989.000
   690:     3990.000     3991.000     3992.000     3993.000     3994.000
   695:     3995.000     3996.000     3997.000     3998.000     3999.000
   700:     4000.000     4001.000     4002.000     4003.000     4004.000
   705:     4005.000     4006.000     4007.000     4008.000     4009.000
   710:     4010.000     4011.000     4012.000     4013.000     4014.000
   715:     4015.000     4016.000     4017.000     4018.000     4019.000
   720:     4020.000     4021.000     4022.000     4023.000     4024.000
   725:     4025.000     4026.000     4027.000     4028.000     4029.000
   730:     4030.000     4031.000     4032.000     4033.000     4034.000
   735:     4035.000     4036.000     4037.000     4038.000     4039.000
   740:     4040.000     4041.000     4042.000     4043.000     4044.000
   745:     4045.000     4046.000     4047.000     4048.000     4049.000
   750:     4050.000     4051.000     4052.000     4053.000     4054.000
   755:     4055.000     4056.000     4057.000     4058.000     4059.000
   760:     4060.000     4061.000     4062.000     4063.000     4064.000
   765:     4065.000     4066.000     4067.000     4068.000     4069.000
   770:     4070.000     4071.000     4072.000     4073.000     4074.000
   775:     4075.000     4076.000     4077.000     4078.000     4079.000
   780:     4080.000     4081.000     4082.000     4083.000     4084.000
   785:     4085.000     4086.000     4087.000     4088.000     4089.000
   790:     4090.000     4091.000     4092.000     4093.000     4094.000
   795:     4095.000     4096.000     4097.000     4098.000     4099.000
   800:     4100.000     4101.000     4102.000     4103.000     4104.000
   805:     4105.000     4106.000     4107.000     4108.000     4109.000
   810:     4110.000     4111.000     4112.000     4113.000     4114.000
   815:     4115.000     4116.000     4117.000     4118.000     4119.000
   820:     4120.000     4121.000     4122.000     4123.000     4124.000
   825:     4125.000     4126.000     4127.000     4128.000     4129.000
   830:     4130.000     4131.000     4132.000     4133.000     4134.000
   835:     4135.000     4136.000     4137.000     4138.000     4139.000
   840:     4140.000     4141.000     4142.000     4143.000     4144.000
   845:     4145.000     4146.000     4147.000     4148.000     4149.000
   850:     4150.000     4151.000     4152.000     4153.000     4154.000
   855:     4155.000     4156.000     4157.000     4158.000     4159.000
   860:     4160.000     4161.000     4162.000     4163.000     4164.000
   865:     4165.000     4166.000     4167.000     4168.000     4169.000
   870:     4170.000     4171.000     4172.000     4173.000     4174.000
   875:     4175.000     4176.000     4177.000     4178.000     4179.000
   880:     4180.000     4181.000     4182.000     4183.000     4184.000
   885:     4185.000     4186.000     4187.000     4188.000     4189.000
   890:     4190.000     4191.000     4192.000     4193.000     4194.000
   895:     4195.000     4196.000     4197.000     4198.000     4199.000
   900:     4200.000     4201.000     4202.000     4203.000     4204.000
   905:     4205.000     4206.000     4207.000     4208.000     4209.000
   910:     4210.000     4211.000     4212.000     4213.000     4214.000
   915:     4215.000     4216.000     4217.000     4218.000     4219.000
   920:     4220.000     4221.000     4222.000     4223.000     4224.000
   925:     4225.000     4226.000     4227.000     4228.000     4229.000
   930:     4230.000     4231.000     4232.000     4233.000     4234.000
   935:     4235.000     4236.000     4237.000     4238.000     4239.000
   940:     4240.000     4241.000     4242.000     4243.000     4244.000
   945:     4245.000     4246.000     4247.000     4248.000     4249.000
   950:     4250.000     4251.000     4252.000     4253.000     4254.000
   955:     4255.000     4256.000     4257.000     4258.000     4259.000
   960:     4260.000     4261.000     4262.000     4263.000     4264.000
   965:     4265.000     4266.000     4267.000     4268.000     4269.000
   970:     4270.000     4271.000     4272.000     4273.000     4274.000
   975:     4275.000     4276.000     4277.000     4278.000     4279.000
   980:     4280.000     4281.000     4282.000     4283.000     4284.000
   985:     4285.000     4286.000     4287.000     4288.000     4289.000
   990:     4290.000     4291.000     4292.000     4293.000     4294.000
   995:     4295.000     4296.000     4297.000     4298.000     4299.000
  1000:     4300.000     4301.000     4302.000     4303.000     4304.000
  1005:     4305.000     4306.000     4307.000     4308.000     4309.000
  1010:     4310.000     4311.000     4312.000     4313.000     4314.000
  1015:     4315.000     4316.000     4317.000     4318.000     4319.000
  1020:     4320.000     4321.000     4322.000     4323.000     4324.000
  1025:     4325.000     4326.000     4327.000     4328.000     4329.000
  1030:     4330.000     4331.000     4332.000     4333.000     4334.000
  1035:     4335.000     4336.000     4337.000     4338.000     4339.000
  1040:     4340.000     4341.000     4342.000     4343.000     4344.000
  1045:     4345.000     4346.000     4347.000     4348.000     4349.000
  1050:     4350.000     4351.000     4352.000     4353.000     4354.000
  1055:     4355.000     4356.000     4357.000     4358.000     4359.000
  1060:     4360.000     4361.000     4362.000     4363.000     4364.000
  1065:     4365.000     4366.000     4367.000     4368.000     4369.000
  1070:     4370.000     4371.000     4372.000     4373.000     4374.000
  1075:     4375.000     4376.000     4377.000     4378.000     4379.000
  1080:     4380.000     4381.000     4382.000     4383.000     4384.000
  1085:     4385.000     4386.000     4387.000     4388.000     4389.000
  1090:     4390.000     4391.000     4392.000     4393.000     4394.000
  1095:     4395.000     4396.000     4397.000     4398.000     4399.000
  1100:     4400.000     4401.000     4402.000     4403.000     4404.000
  1105:     4405.000     4406.000     4407.000     4408.000     4409.000
  1110:     4410.000     4411.000     4412.000     4413.000     4414.000
  1115:     4415.000     4416.000     4417.000     4418.000     4419.000
  1120:     4420.000     4421.000     4422.000     4423.000     4424.000
  1125:     4425.000     4426.000     4427.000     4428.000     4429.000
  1130:     4430.000     4431.000     4432.000     4433.000     4434.000
  1135:     4435.000     4436.000     4437.000     4438.000     4439.000
  1140:     4440.000     4441.000     4442.000     4443.000     4444.000
  1145:     4445.000     4446.000     4447.000     4448.000     4449.000
  1150:     4450.000     4451.000     4452.000     4453.000     4454.000
  1155:     4455.000     4456.000     4457.000     4458.000     4459.000
  1160:     4460.000     4461.000     4462.000     4463.000     4464.000
  1165:     4465.000     4466.000     4467.000     4468.000     4469.000
  1170:     4470.000     4471.000     4472.000     4473.000     4474.000
  1175:     4475.000     4476.000     4477.000     4478.000     4479.000
  1180:     4480.000     4481.000     4482.000     4483.000     4484.000
  1185:     4485.000     4486.000     4487.000     4488.000     4489.000
  1190:     4490.000     4491.000     4492.000     4493.000     4494.000
  1195:     4495.000     4496.000     4497.000     4498.000     4499.000
  1200:     4500.000
R:
     0:      111.000      111.000      111.000
V:
     0:     1154.000     3787.000
W:
     0:     1154.000     3787.000
