File: C:\MED-PC IV\DATA\p054_s22_japede


Start Date: 07/18/17
End Date: 07/18/17
Subject: p054
Experiment: 0
Group: 0
Box: 7
Start Time: 15:40:59
End Time: 16:41:37
MSN: japede_L_90_90_90_R_30_30_30
B:       0.000
E:    3452.000
F:       0.000
G:       0.000
H:       0.000
I:       1.000
J:       1.000
K:       0.000
O:       0.000
P:       0.000
Q:       0.000
S:  360000.000
T:  360000.000
U:       0.000
X:       0.000
Y:       0.000
Z:       0.000
A:
     0:        0.010        0.250        0.220        0.230      471.130
     5:      513.130     2083.130     2128.130     2177.130     2260.130
    10:     2377.130     2978.120     3104.120     3334.120     3525.120
    15:     3567.120     3665.120     3713.120     3863.120     3899.840
    20:     3908.120     4177.640     4177.320     4177.330     4177.350
    25:     4177.240     4177.130     4427.220     4427.230     4427.250
    30:     4427.340     4557.120     4598.120     4705.130     4747.130
    35:     4996.120     5048.120     5094.120     5189.130     5248.130
    40:     5468.130     5511.130     5924.130     5963.130     6206.130
    45:     6246.130     6529.130     6858.120     6940.130     7039.130
    50:     7207.120     7332.130     7594.130     7863.120     7959.130
    55:     8193.130     8819.120     8921.120     9041.130     9139.130
    60:     9178.130     9493.120     9653.130     9967.120    10100.130
    65:    10207.130    10452.120    10545.130    10788.130    10924.130
    70:    11372.120    11484.130    11550.130    11668.130    11882.130
    75:    12027.840    12481.120    12569.640    12569.320    12569.330
    80:    12569.350    12569.240    12569.130    12819.220    12819.230
    85:    12819.250    12819.340    12963.120    13163.130    13317.120
    90:    13414.130    13419.840    13475.640    13475.320    13475.330
    95:    13475.350    13475.240    13475.130    13725.220    13725.230
   100:    13725.250    13725.340    13840.120    13877.120    13917.120
   105:    14099.740    14135.130    14483.540    14483.320    14483.330
   110:    14483.350    14483.240    14483.120    14733.220    14733.230
   115:    14733.250    14733.340    14847.120    14880.120    14978.130
   120:    15018.130    15125.840    15127.640    15127.320    15127.330
   125:    15127.350    15127.240    15127.130    15377.220    15377.230
   130:    15377.250    15377.340    15489.120    15526.120    15624.130
   135:    15658.130    15764.130    15800.130    16041.120    16134.130
   140:    16173.130    16409.130    16477.840    16639.120    16719.640
   145:    16719.320    16719.330    16719.350    16719.240    16719.130
   150:    16969.220    16969.230    16969.250    16969.340    17083.120
   155:    17118.120    17200.130    17241.130    17276.130    17317.130
   160:    17472.130    17702.120    17742.120    17832.130    17933.130
   165:    18250.130    18289.130    19054.130    19094.130    19134.130
   170:    19275.120    19364.130    19578.130    19858.120    19961.130
   175:    20126.130    20216.130    20402.130    20618.120    20653.120
   180:    20761.130    21152.120    21188.120    21269.840    21281.640
   185:    21281.320    21281.330    21281.350    21281.240    21281.130
   190:    21531.220    21531.230    21531.250    21531.340    21631.840
   195:    21655.120    21760.640    21760.320    21760.330    21760.350
   200:    21760.240    21760.130    22010.220    22010.230    22010.250
   205:    22010.340    22127.120    22165.120    22235.130    22272.130
   210:    22374.130    22525.130    22711.120    22795.130    22832.130
   215:    22875.130    23260.120    23354.130    23569.120    23665.120
   220:    23784.130    23835.130    24026.120    24122.130    24163.130
   225:    24357.120    24391.120    24484.130    24527.130    24693.130
   230:    24698.130    24960.130    25316.120    25494.130    25656.120
   235:    25772.130    25938.120    26049.130    26133.130    26368.120
   240:    26451.130    26752.120    26873.130    26973.130    27433.120
   245:    27657.130    27917.130    28339.130    28725.120    28764.120
   250:    28910.130    29216.130    29673.120    29712.120    29755.120
   255:    29869.130    29914.130    29954.130    30179.130    30389.120
   260:    30472.130    30599.130    30804.120    30887.130    31161.120
   265:    31251.130    31454.120    31551.130    31944.120    31981.120
   270:    32021.120    32063.120    32182.130    32340.120    32377.120
   275:    32571.130    32878.120    32916.120    33010.120    33059.120
   280:    34114.120    34153.120    34236.130    34431.130    34670.130
   285:    35187.130    35446.120    35592.130    35900.120    36163.130
   290:    36372.120    36458.130    36688.120    36866.130    37105.120
   295:    37310.840    37397.640    37397.320    37397.330    37397.350
   300:    37397.240    37397.130    37647.220    37647.230    37647.250
   305:    37647.340    37776.120    37944.130    38050.130    38164.130
   310:    38288.120    38376.130    38669.130    38768.130    38955.120
   315:    39034.130    39161.120    39276.130    39407.120    39491.130
   320:    39647.840    39723.120    39764.120    39866.640    39866.320
   325:    39866.330    39866.350    39866.240    39866.130    40116.220
   330:    40116.230    40116.250    40116.340    40240.120    40276.120
   335:    40372.130    40613.130    40763.120    40816.840    40849.640
   340:    40849.320    40849.330    40849.350    40849.240    40849.130
   345:    41099.220    41099.230    41099.250    41099.340    41188.120
   350:    41222.120    41313.130    41423.120    41651.120    41742.130
   355:    41881.120    41917.120    42009.130    42178.120    42315.130
   360:    42358.130    42499.840    42707.640    42707.320    42707.330
   365:    42707.350    42707.240    42707.130    42957.220    42957.230
   370:    42957.250    42957.340    43060.120    43162.130    43299.120
   375:    43419.130    43527.130    43696.130    43903.120    44012.130
   380:    44344.130    44537.120    44832.120    44857.840    45283.120
   385:    45368.640    45368.320    45368.330    45368.350    45368.240
   390:    45368.130    45618.220    45618.230    45618.250    45618.340
   395:    45916.120    46023.130    46092.130    46238.120    46851.130
   400:    46892.130    47259.120    47392.130    47507.130    47554.130
   405:    47586.130    47818.840    47846.120    47945.640    47945.320
   410:    47945.330    47945.350    47945.240    47945.130    48195.220
   415:    48195.230    48195.250    48195.340    48355.120    48677.120
   420:    49024.130    49208.120    49348.130    49465.120    49559.120
   425:    49652.130    49762.130    49943.120    50052.130    50143.130
   430:    50493.120    50602.130    50638.130    50685.130    51121.120
   435:    51208.130    51352.120    51459.120    51500.120    51541.120
   440:    51640.130    51741.130    51942.120    52023.130    52144.120
   445:    52233.130    52531.130    52745.120    52829.130    52959.120
   450:    53350.130    53397.130    53590.120    53880.130    54110.120
   455:    54191.130    54495.840    54698.120    54827.640    54827.320
   460:    54827.330    54827.350    54827.240    54827.130    55077.220
   465:    55077.230    55077.250    55077.340    55277.840    55297.640
   470:    55297.320    55297.330    55297.350    55297.240    55297.130
   475:    55547.220    55547.230    55547.250    55547.340    55709.120
   480:    55820.130    55986.130    56062.130    56328.130    56347.840
   485:    56755.120    56982.640    56982.320    56982.330    56982.350
   490:    56982.240    56982.130    57232.220    57232.230    57232.250
   495:    57232.340    57379.120    57419.120    57552.130    57630.130
   500:    57633.740    57847.540    57847.320    57847.330    57847.350
   505:    57847.240    57847.120    58097.220    58097.230    58097.250
   510:    58097.340    58258.120    58522.130    58708.120    58837.130
   515:    59205.130    59432.840    59564.640    59564.320    59564.330
   520:    59564.350    59564.240    59564.130    59814.220    59814.230
   525:    59814.250    59814.340    60015.130    60124.130    60169.130
   530:    60314.840    60341.120    60387.120    60435.120    60576.640
   535:    60576.320    60576.330    60576.350    60576.240    60576.130
   540:    60826.220    60826.230    60826.250    60826.340    60952.120
   545:    60997.120    61109.130    61126.840    61227.640    61227.320
   550:    61227.330    61227.350    61227.240    61227.130    61477.220
   555:    61477.230    61477.250    61477.340    61620.120    61664.120
   560:    61763.130    61810.130    61877.840    61924.640    61924.320
   565:    61924.330    61924.350    61924.240    61924.130    62174.220
   570:    62174.230    62174.250    62174.340    62274.840    62306.120
   575:    62344.120    62449.640    62449.320    62449.330    62449.350
   580:    62449.240    62449.130    62699.220    62699.230    62699.250
   585:    62699.340    62831.120    62869.120    62978.130    63020.130
   590:    63068.130    63471.130    63621.120    63737.130    63782.130
   595:    63828.130    64033.120    64131.130    64231.130    64299.840
   600:    64727.640    64727.320    64727.330    64727.350    64727.240
   605:    64727.130    64977.220    64977.230    64977.250    64977.340
   610:    65126.130    65175.130    65407.120    65500.130    65695.130
   615:    65826.120    65877.840    65919.640    65919.320    65919.330
   620:    65919.350    65919.240    65919.130    66169.220    66169.230
   625:    66169.250    66169.340    66281.120    66378.130    66480.130
   630:    66524.130    66638.120    66734.130    66943.120    67028.120
   635:    67067.120    67165.130    67197.740    67207.130    67338.130
   640:    67597.130    67778.540    67778.320    67778.330    67778.350
   645:    67778.240    67778.120    68028.220    68028.230    68028.250
   650:    68028.340    68154.120    68193.120    68287.130    68433.130
   655:    68482.130    68569.840    68581.120    68709.640    68709.320
   660:    68709.330    68709.350    68709.240    68709.130    68959.220
   665:    68959.230    68959.250    68959.340    69076.120    69210.130
   670:    69417.120    69507.130    69652.130    69874.120    69912.120
   675:    69999.130    70274.120    70410.130    70580.120    70668.130
   680:    70767.130    70989.120    71082.130    71393.120    71476.130
   685:    71767.120    71834.120    71872.120    71934.120    72088.130
   690:    72314.120    72404.120    72501.130    72944.120    72984.120
   695:    73082.130    73131.130    73435.120    73567.130    73812.120
   700:    73852.120    73947.130    74092.120    74523.120    74614.130
   705:    74796.130    74997.120    75123.130    75355.120    75445.130
   710:    75709.120    75824.130    75874.130    76028.740    76195.540
   715:    76195.320    76195.330    76195.350    76195.240    76195.120
   720:    76445.220    76445.230    76445.250    76445.340    76666.120
   725:    76727.120    76830.130    76935.130    77127.120    77253.120
   730:    77254.120    77537.130    77726.120    77939.130    78054.130
   735:    78214.120    78305.130    78558.120    78648.130    78888.120
   740:    79031.130    79245.740    79304.540    79304.320    79304.330
   745:    79304.350    79304.240    79304.120    79554.220    79554.230
   750:    79554.250    79554.340    79691.120    79729.120    79770.120
   755:    79973.120    80012.120    80122.120    80160.120    80291.130
   760:    80539.120    80577.120    80674.130    80942.120    81056.120
   765:    81091.120    81190.130    81508.130    81680.120    81843.130
   770:    82132.120    82226.130    82259.840    82615.640    82615.320
   775:    82615.330    82615.350    82615.240    82615.130    82865.220
   780:    82865.230    82865.250    82865.340    82956.120    82993.120
   785:    83132.130    83242.120    83343.130    83467.130    83730.120
   790:    83901.130    84203.120    84338.130    84442.120    84524.120
   795:    84797.130    85181.120    85312.130    85640.120    85858.130
   800:    86061.120    86164.130    86443.130    86496.130    86855.120
   805:    86950.130    86954.740    87211.540    87211.320    87211.330
   810:    87211.350    87211.240    87211.120    87461.220    87461.230
   815:    87461.250    87461.340    87573.120    87673.130    87785.130
   820:    87965.840    88161.640    88161.320    88161.330    88161.350
   825:    88161.240    88161.130    88361.740    88411.220    88411.230
   830:    88411.250    88411.340    88538.540    88538.320    88538.330
   835:    88538.350    88538.240    88538.120    88611.840    88788.220
   840:    88788.230    88788.250    88788.340    88916.120    88958.120
   845:    89120.640    89120.320    89120.330    89120.350    89120.240
   850:    89120.130    89370.220    89370.230    89370.250    89370.340
   855:    89528.120    89622.130    89731.130    89933.120    89980.120
   860:    90084.130    90870.840    91141.120    91237.120    91330.640
   865:    91330.320    91330.330    91330.350    91330.240    91330.130
   870:    91580.220    91580.230    91580.250    91580.340    91689.120
   875:    91814.130    91854.130    91968.130    92582.120    92682.130
   880:    92785.130    92942.120    93035.130    93171.130    93280.840
   885:    93325.120    93416.640    93416.320    93416.330    93416.350
   890:    93416.240    93416.130    93666.220    93666.230    93666.250
   895:    93666.340    93775.120    94073.120    94173.130    94471.130
   900:    94605.120    94692.130    94795.130    95077.120    95173.130
   905:    95288.120    95556.130    95849.120    95935.130    96050.130
   910:    96281.120    96408.130    96449.130    96497.130    96694.120
   915:    96793.130    96985.120    97345.120    97366.840    97436.640
   920:    97436.320    97436.330    97436.350    97436.240    97436.130
   925:    97686.220    97686.230    97686.250    97686.340    97805.120
   930:    97884.130    97996.130    98188.740    98234.540    98234.320
   935:    98234.330    98234.350    98234.240    98234.120    98484.220
   940:    98484.230    98484.250    98484.340    98607.120    98642.120
   945:    98862.130    99052.120    99143.130    99417.120    99542.130
   950:    99663.130    99884.120    99967.130   100468.120   100605.130
   955:   100742.130   100952.120   100993.120   101098.130   101237.120
   960:   101344.130   101447.130   101672.120   101784.130   101834.130
   965:   101993.120   102184.740   102397.540   102397.320   102397.330
   970:   102397.350   102397.240   102397.120   102647.220   102647.230
   975:   102647.250   102647.340   102776.120   102817.120   102958.130
   980:   103003.130   103242.120   103282.120   103381.130   103974.130
   985:   104100.120   104199.130   104538.130   104586.840   104647.120
   990:   104746.640   104746.320   104746.330   104746.350   104746.240
   995:   104746.130   104996.220   104996.230   104996.250   104996.340
  1000:   105096.840   105132.120   105174.120   105304.640   105304.320
  1005:   105304.330   105304.350   105304.240   105304.130   105554.220
  1010:   105554.230   105554.250   105554.340   105698.120   105734.120
  1015:   105845.130   105947.740   105948.540   105948.320   105948.330
  1020:   105948.350   105948.240   105948.120   106154.840   106198.220
  1025:   106198.230   106198.250   106198.340   106375.120   106413.120
  1030:   106524.640   106524.320   106524.330   106524.350   106524.240
  1035:   106524.130   106774.220   106774.230   106774.250   106774.340
  1040:   106891.120   106937.120   107132.120   107337.120   107428.120
  1045:   107532.130   107633.130   107775.120   107872.130   108042.120
  1050:   108133.130   108174.840   108323.120   108420.640   108420.320
  1055:   108420.330   108420.350   108420.240   108420.130   108670.220
  1060:   108670.230   108670.250   108670.340   108784.120   108880.130
  1065:   109016.120   109103.130   109285.120   109374.130   109479.130
  1070:   109689.120   109782.130   110124.130   110428.120   110551.120
  1075:   110676.130   110773.130   110869.130   111124.120   111208.130
  1080:   111415.120   111512.120   111559.120   111669.130   111949.120
  1085:   111970.840   112076.640   112076.320   112076.330   112076.350
  1090:   112076.240   112076.130   112326.220   112326.230   112326.250
  1095:   112326.340   112473.120   112568.120   112663.130   112758.130
  1100:   113161.130   113272.130   113554.120   113676.130   114369.120
  1105:   114487.130   114676.120   114768.130   114983.120   115068.130
  1110:   115328.120   115422.130   115773.120   115867.130   116570.120
  1115:   116622.120   116792.130   116839.130   117314.120   117504.130
  1120:   117698.740   117825.540   117825.320   117825.330   117825.350
  1125:   117825.240   117825.120   118075.220   118075.230   118075.250
  1130:   118075.340   118191.120   118287.130   118394.120   118516.120
  1135:   118575.740   119179.130   119389.130   119464.130   119616.540
  1140:   119616.320   119616.330   119616.350   119616.240   119616.120
  1145:   119866.220   119866.230   119866.250   119866.340   119926.840
  1150:   119977.120   120069.640   120069.320   120069.330   120069.350
  1155:   120069.240   120069.130   120319.220   120319.230   120319.250
  1160:   120319.340   120429.120   120522.130   120719.840   120734.640
  1165:   120734.320   120734.330   120734.350   120734.240   120734.130
  1170:   120984.220   120984.230   120984.250   120984.340   121100.120
  1175:   121137.120   121184.840   121241.640   121241.320   121241.330
  1180:   121241.350   121241.240   121241.130   121491.220   121491.230
  1185:   121491.250   121491.340   121622.120   121656.120   121758.130
  1190:   121880.130   122003.120   122090.120   122191.130   122294.120
  1195:   122385.130   122526.120   122651.130   122836.120   123718.130
  1200:   123826.130   123955.120   124042.130   124184.120   124221.120
  1205:   124346.130   124491.840   124661.120   124742.640   124742.320
  1210:   124742.330   124742.350   124742.240   124742.130   124992.220
  1215:   124992.230   124992.250   124992.340   125109.120   125147.120
  1220:   125272.130   125397.130   125553.120   125640.130   125666.740
  1225:   125826.540   125826.320   125826.330   125826.350   125826.240
  1230:   125826.120   126076.220   126076.230   126076.250   126076.340
  1235:   126178.120   126272.130   126276.740   126376.540   126376.320
  1240:   126376.330   126376.350   126376.240   126376.120   126626.220
  1245:   126626.230   126626.250   126626.340   126734.120   126736.120
  1250:   126772.120   126874.130   126994.130   127454.130   127697.120
  1255:   127980.120   128065.130   128291.120   128380.130   128421.130
  1260:   128592.840   128613.120   128674.120   128762.640   128762.320
  1265:   128762.330   128762.350   128762.240   128762.130   129012.220
  1270:   129012.230   129012.250   129012.340   129122.120   129209.130
  1275:   129305.130   129424.120   129426.740   129819.540   129819.320
  1280:   129819.330   129819.350   129819.240   129819.120   129912.840
  1285:   130069.220   130069.230   130069.250   130069.340   130177.120
  1290:   130276.640   130276.320   130276.330   130276.350   130276.240
  1295:   130276.130   130526.220   130526.230   130526.250   130526.340
  1300:   130650.120   130757.130   130798.130   130962.120   131100.130
  1305:   131192.130   131374.120   131457.130   131652.120   131998.120
  1310:   132088.130   132354.120   132426.840   132437.640   132437.320
  1315:   132437.330   132437.350   132437.240   132437.130   132687.220
  1320:   132687.230   132687.250   132687.340   132803.120   132845.120
  1325:   132920.130   132987.840   133010.640   133010.320   133010.330
  1330:   133010.350   133010.240   133010.130   133260.220   133260.230
  1335:   133260.250   133260.340   133385.120   133425.120   133517.130
  1340:   133649.130   133660.840   133857.120   133943.640   133943.320
  1345:   133943.330   133943.350   133943.240   133943.130   134193.220
  1350:   134193.230   134193.250   134193.340   134312.120   134348.120
  1355:   134447.130   134544.130   134724.120   134812.120   134906.130
  1360:   135188.120   135406.120   135518.130   135693.840   135900.120
  1365:   136295.120   136388.120   136496.640   136496.320   136496.330
  1370:   136496.350   136496.240   136496.130   136746.220   136746.230
  1375:   136746.250   136746.340   136916.120   137242.120   137437.130
  1380:   137549.130   137715.120   137820.130   137962.130   138114.120
  1385:   138487.130   139219.130   139374.120   139423.120   139535.130
  1390:   139578.130   139680.120   139780.130   139993.120   140103.130
  1395:   140246.840   140335.640   140335.320   140335.330   140335.350
  1400:   140335.240   140335.130   140585.220   140585.230   140585.250
  1405:   140585.340   140696.120   140737.120   140848.130   140951.130
  1410:   141073.120   141170.130   141334.120   141446.120   141620.130
  1415:   141764.120   141852.130   142039.120   142122.130   142362.120
  1420:   142581.120   142885.840   143363.120   143718.120   144357.120
  1425:   144447.640   144447.320   144447.330   144447.350   144447.240
  1430:   144447.130   144697.220   144697.230   144697.250   144697.340
  1435:   144811.120   144934.130   145023.130   145191.130   145329.120
  1440:   145414.130   145715.120   145802.130   146029.120   146097.840
  1445:   146116.640   146116.320   146116.330   146116.350   146116.240
  1450:   146116.130   146366.220   146366.230   146366.250   146366.340
  1455:   146478.120   146513.120   146612.130   146714.130   146864.120
  1460:   146965.130   147175.120   147247.130   147347.130   147395.130
  1465:   147570.120   147657.130   147857.120   147942.130   148261.120
  1470:   148309.120   148398.130   148440.130   148608.120   148696.130
  1475:   149014.120   149102.130   149273.120   149360.130   149627.120
  1480:   149756.130   149847.130   150136.120   150227.130   150524.120
  1485:   150598.130   150810.120   150899.120   150995.130   151274.120
  1490:   151364.130   151613.120   151700.130   151925.120   152663.120
  1495:   152786.130   152833.130   152966.840   153269.640   153269.320
  1500:   153269.330   153269.350   153269.240   153269.130   153519.220
  1505:   153519.230   153519.250   153519.340   153643.130   153775.120
  1510:   153864.130   154092.120   154292.120   154572.130   154834.130
  1515:   154984.120   155080.120   155186.130   155288.130   155549.120
  1520:   155637.130   155927.120   156284.120   156344.120   156387.120
  1525:   156494.130   156861.130   157004.130   157219.840   157283.120
  1530:   157325.120   157428.640   157428.320   157428.330   157428.350
  1535:   157428.240   157428.130   157678.220   157678.230   157678.250
  1540:   157678.340   157775.120   157813.120   157911.130   158167.120
  1545:   158264.120   158359.130   158453.130   158600.120   158672.130
  1550:   158978.840   158982.120   159076.640   159076.320   159076.330
  1555:   159076.350   159076.240   159076.130   159326.220   159326.230
  1560:   159326.250   159326.340   159438.120   159709.120   159779.130
  1565:   159867.130   160460.120   161069.120   161182.130   161291.130
  1570:   161525.120   161623.130   161753.130   161938.120   162070.130
  1575:   162169.740   162304.540   162304.320   162304.330   162304.350
  1580:   162304.240   162304.120   162554.220   162554.230   162554.250
  1585:   162554.340   162662.120   162760.130   163036.120   163160.130
  1590:   163207.130   163226.840   163645.120   163731.640   163731.320
  1595:   163731.330   163731.350   163731.240   163731.130   163981.220
  1600:   163981.230   163981.250   163981.340   164096.120   164135.120
  1605:   164233.130   164327.130   164571.120   164657.130   164766.120
  1610:   164855.130   165604.120   165735.130   165996.130   166148.120
  1615:   166154.740   166231.130   166426.540   166426.320   166426.330
  1620:   166426.350   166426.240   166426.120   166676.220   166676.230
  1625:   166676.250   166676.340   166781.840   166817.120   166919.640
  1630:   166919.320   166919.330   166919.350   166919.240   166919.130
  1635:   167169.220   167169.230   167169.250   167169.340   167289.120
  1640:   167324.120   167539.120   167641.120   167753.120   167861.130
  1645:   167968.130   168100.130   168340.130   168521.120   168775.120
  1650:   169071.120   169159.130   169367.130   169532.120   169657.130
  1655:   169779.120   169875.130   170362.120   170448.130   170641.130
  1660:   171001.120   171133.130   171592.120   171868.120   171970.130
  1665:   172069.840   172369.120   172498.640   172498.320   172498.330
  1670:   172498.350   172498.240   172498.130   172748.220   172748.230
  1675:   172748.250   172748.340   172858.120   172953.130   173054.130
  1680:   173313.120   173413.130   173548.840   173753.120   173855.120
  1685:   173952.120   174058.640   174058.320   174058.330   174058.350
  1690:   174058.240   174058.130   174308.220   174308.230   174308.250
  1695:   174308.340   174429.120   174526.130   174700.130   174866.120
  1700:   174957.130   175089.120   175183.130   175411.120   175503.130
  1705:   175764.120   175862.130   176019.130   176468.120   176572.130
  1710:   176941.120   177029.130   177121.130   177366.120   177439.130
  1715:   177532.130   177687.120   177908.130   178070.120   178166.130
  1720:   178486.120   178521.120   178619.130   178995.130   179410.120
  1725:   179558.120   179608.840   179958.120   180149.640   180149.320
  1730:   180149.330   180149.350   180149.240   180149.130   180276.740
  1735:   180399.220   180399.230   180399.250   180399.340   180586.130
  1740:   180885.540   180885.320   180885.330   180885.350   180885.240
  1745:   180885.120   181135.220   181135.230   181135.250   181135.340
  1750:   181237.120   181324.130   181543.120   181634.130   181771.120
  1755:   181869.130   181988.120   182102.130   182292.120   182378.130
  1760:   182573.120   182659.130   182893.120   183234.120   183569.120
  1765:   183653.130   183856.120   183993.130   184206.120   184309.120
  1770:   184533.130   184619.130   185073.130   185264.120   185443.130
  1775:   185743.120   185799.120   185890.130   185979.130   186132.120
  1780:   186239.130   186453.120   186648.130   186684.130   186799.120
  1785:   186886.130   187135.120   187220.120   187321.120   187353.120
  1790:   187450.130   187568.120   187656.130   187748.130   188999.840
  1795:   190244.120   190388.640   190388.320   190388.330   190388.350
  1800:   190388.240   190388.130   190435.740   190638.220   190638.230
  1805:   190638.250   190638.340   190745.540   190745.320   190745.330
  1810:   190745.350   190745.240   190745.120   190995.220   190995.230
  1815:   190995.250   190995.340   191096.120   191129.120   191227.130
  1820:   191336.130   191452.120   191522.120   191617.130   192283.120
  1825:   192469.120   192558.130   192709.120   192789.130   192970.120
  1830:   193052.130   193333.130   193523.120   193578.120   193913.120
  1835:   194061.130   194230.120   194566.120   194649.130   194914.130
  1840:   195151.120   195238.840   195238.130   195302.640   195302.320
  1845:   195302.330   195302.350   195302.240   195302.130   195552.220
  1850:   195552.230   195552.250   195552.340   195660.120   195692.120
  1855:   195784.130   195827.130   195946.120   196008.120   196099.130
  1860:   196263.130   196493.120   196573.130   196905.120   197060.130
  1865:   197272.120   197364.130   197482.130   197714.120   197804.130
  1870:   198164.120   198204.120   198402.130   198493.120   198590.120
  1875:   198712.130   198838.130   199034.120   199104.120   199138.120
  1880:   199229.130   199295.740   199432.540   199432.320   199432.330
  1885:   199432.350   199432.240   199432.120   199682.220   199682.230
  1890:   199682.250   199682.340   199779.120   199814.120   199907.130
  1895:   200015.130   200139.120   200152.840   200227.640   200227.320
  1900:   200227.330   200227.350   200227.240   200227.130   200477.220
  1905:   200477.230   200477.250   200477.340   200595.120   200628.120
  1910:   200730.130   200854.130   201027.130   201146.120   201236.120
  1915:   201321.130   201525.120   201607.130   201695.130   201777.840
  1920:   201850.120   201937.640   201937.320   201937.330   201937.350
  1925:   201937.240   201937.130   202187.220   202187.230   202187.250
  1930:   202187.340   202316.120   202350.120   202437.130   202670.130
  1935:   202813.120   202877.120   203190.120   203278.130   203704.120
  1940:   203791.130   204108.130   204349.120   204440.130   204537.130
  1945:   204573.130   204881.130   205187.840   205217.120   205316.640
  1950:   205316.320   205316.330   205316.350   205316.240   205316.130
  1955:   205566.220   205566.230   205566.250   205566.340   205670.120
  1960:   205907.130   206035.120   206080.120   206193.130   206336.120
  1965:   206664.130   208058.130   208264.130   208463.130   208619.120
  1970:   208766.120   208848.130   209003.120   209102.130   209472.120
  1975:   209576.130   209620.130   209903.130   210180.120   210264.130
  1980:   210766.840   211072.120   211152.640   211152.320   211152.330
  1985:   211152.350   211152.240   211152.130   211402.220   211402.230
  1990:   211402.250   211402.340   211606.130   211646.130   211772.120
  1995:   211975.130   212062.130   212338.130   212535.120   212662.120
  2000:   212753.130   212835.130   212962.120   213002.840   213337.120
  2005:   213423.640   213423.320   213423.330   213423.350   213423.240
  2010:   213423.130   213673.220   213673.230   213673.250   213673.340
  2015:   213783.120   213823.120   213895.130   214002.120   214073.840
  2020:   214091.640   214091.320   214091.330   214091.350   214091.240
  2025:   214091.130   214341.220   214341.230   214341.250   214341.340
  2030:   214382.740   214430.540   214430.320   214430.330   214430.350
  2035:   214430.240   214430.120   214680.220   214680.230   214680.250
  2040:   214680.340   214808.120   214909.130   215065.120   215175.130
  2045:   215727.130   216082.130   216241.130   216353.120   216732.130
  2050:   217074.120   217080.740   217157.130   217247.130   217341.840
  2055:   217698.640   217698.320   217698.330   217698.350   217698.240
  2060:   217698.130   217948.220   217948.230   217948.250   217948.340
  2065:   218046.540   218046.320   218046.330   218046.350   218046.240
  2070:   218046.120   218296.220   218296.230   218296.250   218296.340
  2075:   218419.120   218523.120   218557.120   218984.130   219322.120
  2080:   219409.130   219727.120   219863.130   219934.130   220133.120
  2085:   220210.130   220518.120   220619.130   220708.130   220932.120
  2090:   220997.120   221040.120   221125.130   221330.120   221411.130
  2095:   221618.120   221701.130   221965.120   222051.130   222272.120
  2100:   222362.130   222448.840   222755.640   222755.320   222755.330
  2105:   222755.350   222755.240   222755.130   223005.220   223005.230
  2110:   223005.250   223005.340   223103.120   223139.120   223231.130
  2115:   223272.130   223394.120   223475.130   223518.130   223965.120
  2120:   224005.840   224044.640   224044.320   224044.330   224044.350
  2125:   224044.240   224044.130   224294.220   224294.230   224294.250
  2130:   224294.340   224398.120   224431.120   224517.130   224616.120
  2135:   224651.120   224836.130   225177.130   225294.840   225535.120
  2140:   225739.640   225739.320   225739.330   225739.350   225739.240
  2145:   225739.130   225896.740   225989.220   225989.230   225989.250
  2150:   225989.340   226143.540   226143.320   226143.330   226143.350
  2155:   226143.240   226143.120   226393.220   226393.230   226393.250
  2160:   226393.340   226508.120   226588.130   226652.130   226787.120
  2165:   226910.130   226989.840   227108.120   227567.640   227567.320
  2170:   227567.330   227567.350   227567.240   227567.130   227817.220
  2175:   227817.230   227817.250   227817.340   228022.130   228093.740
  2180:   228352.130   228439.130   228701.540   228701.320   228701.330
  2185:   228701.350   228701.240   228701.120   228951.220   228951.230
  2190:   228951.250   228951.340   229056.120   229090.120   229173.130
  2195:   229253.130   229452.120   229870.130   230250.130   230825.130
  2200:   230920.130   231175.130   231408.120   231653.130   231920.120
  2205:   231960.120   232052.130   232344.120   233007.120   233104.130
  2210:   233202.130   233596.130   233922.130   233963.130   234297.120
  2215:   234390.130   234611.120   234696.130   234911.120   235017.840
  2220:   235305.640   235305.320   235305.330   235305.350   235305.240
  2225:   235305.130   235555.220   235555.230   235555.250   235555.340
  2230:   235651.120   235849.130   236046.120   236143.130   236477.130
  2235:   236755.840   236842.120   236924.640   236924.320   236924.330
  2240:   236924.350   236924.240   236924.130   237174.220   237174.230
  2245:   237174.250   237174.340   237282.120   237314.120   237407.130
  2250:   237498.130   237631.120   237819.130   238062.120   238141.130
  2255:   238376.120   238798.120   238866.120   238953.130   239051.130
  2260:   239178.130   239723.130   240294.130   240525.120   240607.130
  2265:   240712.130   241026.120   241110.130   241574.130   242081.120
  2270:   242162.130   242439.120   242483.120   242550.120   242646.130
  2275:   242651.740   242900.540   242900.320   242900.330   242900.350
  2280:   242900.240   242900.120   243150.220   243150.230   243150.250
  2285:   243150.340   243345.120   243374.840   243474.640   243474.320
  2290:   243474.330   243474.350   243474.240   243474.130   243724.220
  2295:   243724.230   243724.250   243724.340   243841.120   243874.120
  2300:   245292.120   245324.840   245387.640   245387.320   245387.330
  2305:   245387.350   245387.240   245387.130   245637.220   245637.230
  2310:   245637.250   245637.340   245836.130   245924.130   246068.130
  2315:   246234.120   246314.130   246404.130   246894.120   246974.130
  2320:   247442.120   247526.120   247617.130   248194.120   248288.130
  2325:   248375.130   248509.120   248581.130   248745.130   248988.130
  2330:   249184.120   249237.840   249494.120   249571.640   249571.320
  2335:   249571.330   249571.350   249571.240   249571.130   249821.220
  2340:   249821.230   249821.250   249821.340   249926.120   249960.120
  2345:   250051.130   250142.130   250150.740   250284.540   250284.320
  2350:   250284.330   250284.350   250284.240   250284.120   250534.220
  2355:   250534.230   250534.250   250534.340   250668.120   250700.120
  2360:   250786.130   250879.130   250998.120   251179.130   251527.120
  2365:   251605.130   251779.120   251898.130   252094.120   252178.130
  2370:   252410.120   252491.130   252651.130   252832.120   252947.130
  2375:   253179.120   253377.120   253464.130   253837.120   253920.130
  2380:   253934.740   254277.130   254321.840   254435.540   254435.320
  2385:   254435.330   254435.350   254435.240   254435.120   254685.220
  2390:   254685.230   254685.250   254685.340   254785.120   254819.120
  2395:   254914.640   254914.320   254914.330   254914.350   254914.240
  2400:   254914.130   255164.220   255164.230   255164.250   255164.340
  2405:   255264.120   255298.120   255383.130   255488.130   255577.120
  2410:   255647.120   255664.840   255684.120   255729.120   255767.120
  2415:   256041.640   256041.320   256041.330   256041.350   256041.240
  2420:   256041.130   256291.220   256291.230   256291.250   256291.340
  2425:   256381.120   256412.120   256452.120   256537.130   256644.130
  2430:   256739.120   256828.130   257028.120   257137.130   257312.120
  2435:   257394.130   257603.120   257681.130   257936.120   258014.130
  2440:   258059.130   258205.130   258425.130   258550.120   258639.120
  2445:   258729.130   258825.130   259165.130   259417.130   259706.120
  2450:   260096.120   260191.120   260305.120   260448.130   260572.120
  2455:   260609.120   260704.130   260801.130   260981.120   261068.130
  2460:   261611.120   261729.130   262191.840   262191.120   262700.120
  2465:   262797.640   262797.320   262797.330   262797.350   262797.240
  2470:   262797.130   263047.220   263047.230   263047.250   263047.340
  2475:   263162.120   263200.120   263292.130   263395.130   263678.120
  2480:   263742.120   263780.120   264035.120   264071.120   264198.130
  2485:   264397.120   264480.130   264672.120   264768.130   264931.120
  2490:   265205.130   265247.840   265651.120   265739.640   265739.320
  2495:   265739.330   265739.350   265739.240   265739.130   265989.220
  2500:   265989.230   265989.250   265989.340   266092.120   266128.120
  2505:   266231.130   266377.130   266638.130   266689.840   266848.120
  2510:   267158.120   267243.640   267243.320   267243.330   267243.350
  2515:   267243.240   267243.130   267493.220   267493.230   267493.250
  2520:   267493.340   267609.120   267644.120   267693.840   267739.640
  2525:   267739.320   267739.330   267739.350   267739.240   267739.130
  2530:   267989.220   267989.230   267989.250   267989.340   268105.120
  2535:   268200.130   268332.120   268421.130   268581.130   268806.120
  2540:   269082.120   269169.130   269411.120   269482.120   269599.130
  2545:   269689.840   269738.120   269823.640   269823.320   269823.330
  2550:   269823.350   269823.240   269823.130   270073.220   270073.230
  2555:   270073.250   270073.340   270186.120   270222.120   270318.130
  2560:   270421.130   270553.120   270644.130   270884.120   270971.130
  2565:   271266.120   271367.130   271593.120   271709.130   271935.120
  2570:   272017.130   272369.130   272510.120   272581.120   272680.130
  2575:   273033.120   273122.130   273216.130   273517.120   273592.130
  2580:   273838.120   273959.130   274003.130   274140.120   274238.130
  2585:   274288.130   274580.120   274666.130   274673.840   274964.120
  2590:   275033.640   275033.320   275033.330   275033.350   275033.240
  2595:   275033.130   275283.220   275283.230   275283.250   275283.340
  2600:   275383.840   275391.120   275487.120   275614.640   275614.320
  2605:   275614.330   275614.350   275614.240   275614.130   275864.220
  2610:   275864.230   275864.250   275864.340   275985.120   276029.120
  2615:   276098.120   276200.130   276239.130   276281.130   276375.130
  2620:   276587.120   276674.130   276928.130   277148.120   277680.120
  2625:   277765.130   277843.130   278062.130   278432.120   278524.120
  2630:   278614.130   279095.130   279136.130   279564.840   279598.120
  2635:   279682.640   279682.320   279682.330   279682.350   279682.240
  2640:   279682.130   279932.220   279932.230   279932.250   279932.340
  2645:   280034.120   280070.120   280164.130   280232.840   280270.640
  2650:   280270.320   280270.330   280270.350   280270.240   280270.130
  2655:   280520.220   280520.230   280520.250   280520.340   280640.120
  2660:   280676.120   280713.120   280750.120   280847.130   281001.120
  2665:   281092.130   281196.130   281459.120   281542.130   281837.120
  2670:   281923.130   282244.120   282320.840   282326.640   282326.320
  2675:   282326.330   282326.350   282326.240   282326.130   282576.220
  2680:   282576.230   282576.250   282576.340   282691.120   282728.120
  2685:   282822.130   282918.130   283219.120   283292.130   283569.120
  2690:   283692.130   283976.840   284068.120   284159.640   284159.320
  2695:   284159.330   284159.350   284159.240   284159.130   284409.220
  2700:   284409.230   284409.250   284409.340   284614.130   284733.130
  2705:   285260.120   285396.130   285438.130   285649.120   285744.130
  2710:   285838.130   286264.120   286335.130   286433.130   286814.120
  2715:   286910.130   287209.840   287384.120   287474.640   287474.320
  2720:   287474.330   287474.350   287474.240   287474.130   287724.220
  2725:   287724.230   287724.250   287724.340   287831.120   287868.120
  2730:   287962.130   288057.130   288124.840   288146.640   288146.320
  2735:   288146.330   288146.350   288146.240   288146.130   288396.220
  2740:   288396.230   288396.250   288396.340   288529.120   288798.120
  2745:   288890.130   289107.120   289194.130   289366.120   289462.120
  2750:   289561.130   289713.130   290102.120   290232.130   290596.840
  2755:   290635.120   290797.640   290797.320   290797.330   290797.350
  2760:   290797.240   290797.130   290985.740   291047.220   291047.230
  2765:   291047.250   291047.340   291146.540   291146.320   291146.330
  2770:   291146.350   291146.240   291146.120   291396.220   291396.230
  2775:   291396.250   291396.340   291519.120   291554.120   291591.120
  2780:   291702.130   291739.130   291877.130   291927.130   292056.120
  2785:   292398.120   292489.130   292973.120   293097.130   293267.130
  2790:   293950.120   294113.130   294221.130   294488.130   294728.120
  2795:   294816.130   294906.130   294947.840   295047.120   295580.120
  2800:   295666.640   295666.320   295666.330   295666.350   295666.240
  2805:   295666.130   295916.220   295916.230   295916.250   295916.340
  2810:   296026.120   296066.120   296167.130   296302.130   296402.130
  2815:   296638.120   296749.130   297133.120   297232.130   297416.840
  2820:   297757.120   297843.640   297843.320   297843.330   297843.350
  2825:   297843.240   297843.130   298093.220   298093.230   298093.250
  2830:   298093.340   298203.120   298243.120   298338.130   298383.130
  2835:   298459.130   298501.130   298547.130   298943.120   299062.130
  2840:   299514.120   299634.130   300142.120   300317.130   300781.120
  2845:   300796.740   300871.130   301273.540   301273.320   301273.330
  2850:   301273.350   301273.240   301273.120   301523.220   301523.230
  2855:   301523.250   301523.340   301641.120   301731.130   301833.130
  2860:   302165.120   302353.130   302421.130   302423.740   302647.540
  2865:   302647.320   302647.330   302647.350   302647.240   302647.120
  2870:   302897.220   302897.230   302897.250   302897.340   302999.120
  2875:   303039.120   303134.130   303346.120   303431.130   303686.120
  2880:   303777.130   304025.120   304093.840   304104.640   304104.320
  2885:   304104.330   304104.350   304104.240   304104.130   304354.220
  2890:   304354.230   304354.250   304354.340   304479.120   304571.130
  2895:   304677.130   304925.120   305154.120   305556.120   305651.130
  2900:   305895.120   305994.130   306308.120   306413.130   306654.840
  2905:   306832.640   306832.320   306832.330   306832.350   306832.240
  2910:   306832.130   307082.220   307082.230   307082.250   307082.340
  2915:   307191.120   307227.120   307336.130   307433.120   307471.120
  2920:   307579.130   307697.740   307697.120   307801.130   307877.130
  2925:   308124.540   308124.320   308124.330   308124.350   308124.240
  2930:   308124.120   308374.220   308374.230   308374.250   308374.340
  2935:   308482.840   308486.120   308522.120   308646.640   308646.320
  2940:   308646.330   308646.350   308646.240   308646.130   308896.220
  2945:   308896.230   308896.250   308896.340   309016.120   309049.120
  2950:   309147.130   309241.120   309336.130   309632.130   309823.120
  2955:   309920.130   310229.120   310319.130   310974.740   311019.130
  2960:   311441.540   311441.320   311441.330   311441.350   311441.240
  2965:   311441.120   311691.220   311691.230   311691.250   311691.340
  2970:   311801.120   311944.130   312032.130   312195.130   312336.120
  2975:   312428.130   312893.120   313054.130   313103.130   313642.120
  2980:   313727.130   314320.130   314412.130   315000.120   315108.130
  2985:   315444.120   315532.130   315654.130   315777.120   315864.130
  2990:   316178.120   316491.740   316515.540   316515.320   316515.330
  2995:   316515.350   316515.240   316515.120   316696.840   316765.220
  3000:   316765.230   316765.250   316765.340   316926.120   316963.120
  3005:   317054.640   317054.320   317054.330   317054.350   317054.240
  3010:   317054.130   317304.220   317304.230   317304.250   317304.340
  3015:   317473.120   317509.120   317637.130   317748.120   317852.120
  3020:   317894.120   318009.130   318174.130   318306.120   318421.130
  3025:   318504.840   318768.120   318856.640   318856.320   318856.330
  3030:   318856.350   318856.240   318856.130   319106.220   319106.230
  3035:   319106.250   319106.340   319213.120   319250.120   319494.120
  3040:   319530.120   319630.130   319878.120   319906.840   319946.120
  3045:   320361.640   320361.320   320361.330   320361.350   320361.240
  3050:   320361.130   320611.220   320611.230   320611.250   320611.340
  3055:   320718.120   320758.120   320799.120   320902.130   321143.120
  3060:   321236.130   321425.120   321518.130   321817.130   322019.120
  3065:   322106.130   322535.120   322611.840   322668.640   322668.320
  3070:   322668.330   322668.350   322668.240   322668.130   322918.220
  3075:   322918.230   322918.250   322918.340   323029.120   323067.120
  3080:   323161.130   323218.840   323282.640   323282.320   323282.330
  3085:   323282.350   323282.240   323282.130   323532.220   323532.230
  3090:   323532.250   323532.340   323632.840   323672.120   323711.120
  3095:   323805.640   323805.320   323805.330   323805.350   323805.240
  3100:   323805.130   324055.220   324055.230   324055.250   324055.340
  3105:   324165.740   324169.540   324169.320   324169.330   324169.350
  3110:   324169.240   324169.120   324419.220   324419.230   324419.250
  3115:   324419.340   324551.120   324587.120   324686.130   324783.130
  3120:   324922.120   325224.130   325403.120   325489.130   325775.120
  3125:   326038.120   326086.120   326178.130   326409.120   326497.130
  3130:   326751.120   326832.130   327201.120   327321.130   327455.840
  3135:   327664.120   327751.640   327751.320   327751.330   327751.350
  3140:   327751.240   327751.130   328001.220   328001.230   328001.250
  3145:   328001.340   328116.120   328153.120   328248.130   328291.130
  3150:   328389.130   328964.120   329070.130   329116.130   329119.740
  3155:   329788.540   329788.320   329788.330   329788.350   329788.240
  3160:   329788.120   330038.220   330038.230   330038.250   330038.340
  3165:   330171.120   330275.130   330394.120   330490.130   330752.120
  3170:   330801.120   330845.120   331576.120   331672.130   331905.130
  3175:   332207.120   332276.130   332433.120   332518.120   332611.130
  3180:   332791.120   332877.130   333118.120   333206.130   333624.120
  3185:   333711.130   334183.120   334259.130   334401.840   334618.120
  3190:   334765.640   334765.320   334765.330   334765.350   334765.240
  3195:   334765.130   335015.220   335015.230   335015.250   335015.340
  3200:   335121.120   335162.120   335273.130   335314.130   335456.130
  3205:   335499.130   335915.120   336008.130   336242.120   336344.130
  3210:   336601.120   336687.130   336991.120   337056.130   337345.120
  3215:   337436.130   337745.120   337841.130   338312.130   338538.740
  3220:   338609.540   338609.320   338609.330   338609.350   338609.240
  3225:   338609.120   338615.840   338859.220   338859.230   338859.250
  3230:   338859.340   338983.120   339083.640   339083.320   339083.330
  3235:   339083.350   339083.240   339083.130   339333.220   339333.230
  3240:   339333.250   339333.340   339502.120   339542.120   339643.130
  3245:   339791.130   340022.120   340506.120   340602.130   340698.130
  3250:   340945.120   341297.120   341753.130   341846.130   342166.130
  3255:   342482.120   342579.130   342949.120   343037.130   343233.840
  3260:   343282.120   343326.120   343416.640   343416.320   343416.330
  3265:   343416.350   343416.240   343416.130   343666.220   343666.230
  3270:   343666.250   343666.340   343812.120   343854.120   343897.120
  3275:   344003.130   344445.120   344511.130   344596.130   344666.840
  3280:   345090.120   345178.640   345178.320   345178.330   345178.350
  3285:   345178.240   345178.130   345428.220   345428.230   345428.250
  3290:   345428.340   345539.120   345645.130   346155.120   346250.130
  3295:   346643.120   346766.130   347143.120   347233.130   347328.840
  3300:   347524.120   347620.640   347620.320   347620.330   347620.350
  3305:   347620.240   347620.130   347870.220   347870.230   347870.250
  3310:   347870.340   347991.120   348027.120   348126.130   348381.120
  3315:   348512.130   348570.840   349011.120   349103.640   349103.320
  3320:   349103.330   349103.350   349103.240   349103.130   349353.220
  3325:   349353.230   349353.250   349353.340   349479.120   349578.130
  3330:   349630.130   349848.120   349939.130   350253.840   350320.120
  3335:   350438.640   350438.320   350438.330   350438.350   350438.240
  3340:   350438.130   350688.220   350688.230   350688.250   350688.340
  3345:   350820.120   350862.120   350953.130   351286.120   351386.130
  3350:   351615.120   352084.120   352238.130   352716.120   352805.130
  3355:   353259.740   353280.540   353280.320   353280.330   353280.350
  3360:   353280.240   353280.120   353530.220   353530.230   353530.250
  3365:   353530.340   353788.840   353794.120   353837.120   353933.640
  3370:   353933.320   353933.330   353933.350   353933.240   353933.130
  3375:   354183.220   354183.230   354183.250   354183.340   354296.120
  3380:   354332.120   354370.120   354412.120   354513.130   355197.120
  3385:   355290.130   355401.130   355483.840   355573.640   355573.320
  3390:   355573.330   355573.350   355573.240   355573.130   355823.220
  3395:   355823.230   355823.250   355823.340   355937.120   355973.120
  3400:   356009.120   356113.130   356214.130   356400.120   356503.130
  3405:   356623.840   356708.120   356797.640   356797.320   356797.330
  3410:   356797.350   356797.240   356797.130   357047.220   357047.230
  3415:   357047.250   357047.340   357176.120   357212.120   357312.130
  3420:   357445.120   357539.130   357781.120   357816.120   357901.130
  3425:   358099.120   358180.130   358373.120   358462.130   358709.120
  3430:   358794.130   359036.120   359122.130   359130.740   359407.540
  3435:   359407.320   359407.330   359407.350   359407.240   359407.120
  3440:   359657.220   359657.230   359657.250   359657.340   359794.120
  3445:   359887.130   359990.130   360000.320   360000.330   360000.350
  3450:   360000.020
C:
     0:        0.000      950.000      993.000       38.000      112.000
     5:        0.000
D:
     0:        0.000        0.000
L:
     0:      111.000      111.000      111.000
M:
     0:      900.000      901.000      902.000      903.000      904.000
     5:      905.000      906.000      907.000      908.000      909.000
    10:      910.000      911.000      912.000      913.000      914.000
    15:      915.000      916.000      917.000      918.000      919.000
    20:      920.000      921.000      922.000      923.000      924.000
    25:      925.000      926.000      927.000      928.000      929.000
    30:      930.000      931.000      932.000      933.000      934.000
    35:      935.000      936.000      937.000      938.000      939.000
    40:      940.000      941.000      942.000      943.000      944.000
    45:      945.000      946.000      947.000      948.000      949.000
    50:      950.000      951.000      952.000      953.000      954.000
    55:      955.000      956.000      957.000      958.000      959.000
    60:      960.000      961.000      962.000      963.000      964.000
    65:      965.000      966.000      967.000      968.000      969.000
    70:      970.000      971.000      972.000      973.000      974.000
    75:      975.000      976.000      977.000      978.000      979.000
    80:      980.000      981.000      982.000      983.000      984.000
    85:      985.000      986.000      987.000      988.000      989.000
    90:      990.000      991.000      992.000      993.000      994.000
    95:      995.000      996.000      997.000      998.000      999.000
   100:     1000.000     1001.000     1002.000     1003.000     1004.000
   105:     1005.000     1006.000     1007.000     1008.000     1009.000
   110:     1010.000     1011.000     1012.000     1013.000     1014.000
   115:     1015.000     1016.000     1017.000     1018.000     1019.000
   120:     1020.000     1021.000     1022.000     1023.000     1024.000
   125:     1025.000     1026.000     1027.000     1028.000     1029.000
   130:     1030.000     1031.000     1032.000     1033.000     1034.000
   135:     1035.000     1036.000     1037.000     1038.000     1039.000
   140:     1040.000     1041.000     1042.000     1043.000     1044.000
   145:     1045.000     1046.000     1047.000     1048.000     1049.000
   150:     1050.000     1051.000     1052.000     1053.000     1054.000
   155:     1055.000     1056.000     1057.000     1058.000     1059.000
   160:     1060.000     1061.000     1062.000     1063.000     1064.000
   165:     1065.000     1066.000     1067.000     1068.000     1069.000
   170:     1070.000     1071.000     1072.000     1073.000     1074.000
   175:     1075.000     1076.000     1077.000     1078.000     1079.000
   180:     1080.000     1081.000     1082.000     1083.000     1084.000
   185:     1085.000     1086.000     1087.000     1088.000     1089.000
   190:     1090.000     1091.000     1092.000     1093.000     1094.000
   195:     1095.000     1096.000     1097.000     1098.000     1099.000
   200:     1100.000     1101.000     1102.000     1103.000     1104.000
   205:     1105.000     1106.000     1107.000     1108.000     1109.000
   210:     1110.000     1111.000     1112.000     1113.000     1114.000
   215:     1115.000     1116.000     1117.000     1118.000     1119.000
   220:     1120.000     1121.000     1122.000     1123.000     1124.000
   225:     1125.000     1126.000     1127.000     1128.000     1129.000
   230:     1130.000     1131.000     1132.000     1133.000     1134.000
   235:     1135.000     1136.000     1137.000     1138.000     1139.000
   240:     1140.000     1141.000     1142.000     1143.000     1144.000
   245:     1145.000     1146.000     1147.000     1148.000     1149.000
   250:     1150.000     1151.000     1152.000     1153.000     1154.000
   255:     1155.000     1156.000     1157.000     1158.000     1159.000
   260:     1160.000     1161.000     1162.000     1163.000     1164.000
   265:     1165.000     1166.000     1167.000     1168.000     1169.000
   270:     1170.000     1171.000     1172.000     1173.000     1174.000
   275:     1175.000     1176.000     1177.000     1178.000     1179.000
   280:     1180.000     1181.000     1182.000     1183.000     1184.000
   285:     1185.000     1186.000     1187.000     1188.000     1189.000
   290:     1190.000     1191.000     1192.000     1193.000     1194.000
   295:     1195.000     1196.000     1197.000     1198.000     1199.000
   300:     1200.000     1201.000     1202.000     1203.000     1204.000
   305:     1205.000     1206.000     1207.000     1208.000     1209.000
   310:     1210.000     1211.000     1212.000     1213.000     1214.000
   315:     1215.000     1216.000     1217.000     1218.000     1219.000
   320:     1220.000     1221.000     1222.000     1223.000     1224.000
   325:     1225.000     1226.000     1227.000     1228.000     1229.000
   330:     1230.000     1231.000     1232.000     1233.000     1234.000
   335:     1235.000     1236.000     1237.000     1238.000     1239.000
   340:     1240.000     1241.000     1242.000     1243.000     1244.000
   345:     1245.000     1246.000     1247.000     1248.000     1249.000
   350:     1250.000     1251.000     1252.000     1253.000     1254.000
   355:     1255.000     1256.000     1257.000     1258.000     1259.000
   360:     1260.000     1261.000     1262.000     1263.000     1264.000
   365:     1265.000     1266.000     1267.000     1268.000     1269.000
   370:     1270.000     1271.000     1272.000     1273.000     1274.000
   375:     1275.000     1276.000     1277.000     1278.000     1279.000
   380:     1280.000     1281.000     1282.000     1283.000     1284.000
   385:     1285.000     1286.000     1287.000     1288.000     1289.000
   390:     1290.000     1291.000     1292.000     1293.000     1294.000
   395:     1295.000     1296.000     1297.000     1298.000     1299.000
   400:     1300.000     1301.000     1302.000     1303.000     1304.000
   405:     1305.000     1306.000     1307.000     1308.000     1309.000
   410:     1310.000     1311.000     1312.000     1313.000     1314.000
   415:     1315.000     1316.000     1317.000     1318.000     1319.000
   420:     1320.000     1321.000     1322.000     1323.000     1324.000
   425:     1325.000     1326.000     1327.000     1328.000     1329.000
   430:     1330.000     1331.000     1332.000     1333.000     1334.000
   435:     1335.000     1336.000     1337.000     1338.000     1339.000
   440:     1340.000     1341.000     1342.000     1343.000     1344.000
   445:     1345.000     1346.000     1347.000     1348.000     1349.000
   450:     1350.000     1351.000     1352.000     1353.000     1354.000
   455:     1355.000     1356.000     1357.000     1358.000     1359.000
   460:     1360.000     1361.000     1362.000     1363.000     1364.000
   465:     1365.000     1366.000     1367.000     1368.000     1369.000
   470:     1370.000     1371.000     1372.000     1373.000     1374.000
   475:     1375.000     1376.000     1377.000     1378.000     1379.000
   480:     1380.000     1381.000     1382.000     1383.000     1384.000
   485:     1385.000     1386.000     1387.000     1388.000     1389.000
   490:     1390.000     1391.000     1392.000     1393.000     1394.000
   495:     1395.000     1396.000     1397.000     1398.000     1399.000
   500:     1400.000     1401.000     1402.000     1403.000     1404.000
   505:     1405.000     1406.000     1407.000     1408.000     1409.000
   510:     1410.000     1411.000     1412.000     1413.000     1414.000
   515:     1415.000     1416.000     1417.000     1418.000     1419.000
   520:     1420.000     1421.000     1422.000     1423.000     1424.000
   525:     1425.000     1426.000     1427.000     1428.000     1429.000
   530:     1430.000     1431.000     1432.000     1433.000     1434.000
   535:     1435.000     1436.000     1437.000     1438.000     1439.000
   540:     1440.000     1441.000     1442.000     1443.000     1444.000
   545:     1445.000     1446.000     1447.000     1448.000     1449.000
   550:     1450.000     1451.000     1452.000     1453.000     1454.000
   555:     1455.000     1456.000     1457.000     1458.000     1459.000
   560:     1460.000     1461.000     1462.000     1463.000     1464.000
   565:     1465.000     1466.000     1467.000     1468.000     1469.000
   570:     1470.000     1471.000     1472.000     1473.000     1474.000
   575:     1475.000     1476.000     1477.000     1478.000     1479.000
   580:     1480.000     1481.000     1482.000     1483.000     1484.000
   585:     1485.000     1486.000     1487.000     1488.000     1489.000
   590:     1490.000     1491.000     1492.000     1493.000     1494.000
   595:     1495.000     1496.000     1497.000     1498.000     1499.000
   600:     1500.000
N:
     0:     3300.000     3301.000     3302.000     3303.000     3304.000
     5:     3305.000     3306.000     3307.000     3308.000     3309.000
    10:     3310.000     3311.000     3312.000     3313.000     3314.000
    15:     3315.000     3316.000     3317.000     3318.000     3319.000
    20:     3320.000     3321.000     3322.000     3323.000     3324.000
    25:     3325.000     3326.000     3327.000     3328.000     3329.000
    30:     3330.000     3331.000     3332.000     3333.000     3334.000
    35:     3335.000     3336.000     3337.000     3338.000     3339.000
    40:     3340.000     3341.000     3342.000     3343.000     3344.000
    45:     3345.000     3346.000     3347.000     3348.000     3349.000
    50:     3350.000     3351.000     3352.000     3353.000     3354.000
    55:     3355.000     3356.000     3357.000     3358.000     3359.000
    60:     3360.000     3361.000     3362.000     3363.000     3364.000
    65:     3365.000     3366.000     3367.000     3368.000     3369.000
    70:     3370.000     3371.000     3372.000     3373.000     3374.000
    75:     3375.000     3376.000     3377.000     3378.000     3379.000
    80:     3380.000     3381.000     3382.000     3383.000     3384.000
    85:     3385.000     3386.000     3387.000     3388.000     3389.000
    90:     3390.000     3391.000     3392.000     3393.000     3394.000
    95:     3395.000     3396.000     3397.000     3398.000     3399.000
   100:     3400.000     3401.000     3402.000     3403.000     3404.000
   105:     3405.000     3406.000     3407.000     3408.000     3409.000
   110:     3410.000     3411.000     3412.000     3413.000     3414.000
   115:     3415.000     3416.000     3417.000     3418.000     3419.000
   120:     3420.000     3421.000     3422.000     3423.000     3424.000
   125:     3425.000     3426.000     3427.000     3428.000     3429.000
   130:     3430.000     3431.000     3432.000     3433.000     3434.000
   135:     3435.000     3436.000     3437.000     3438.000     3439.000
   140:     3440.000     3441.000     3442.000     3443.000     3444.000
   145:     3445.000     3446.000     3447.000     3448.000     3449.000
   150:     3450.000     3451.000     3452.000     3453.000     3454.000
   155:     3455.000     3456.000     3457.000     3458.000     3459.000
   160:     3460.000     3461.000     3462.000     3463.000     3464.000
   165:     3465.000     3466.000     3467.000     3468.000     3469.000
   170:     3470.000     3471.000     3472.000     3473.000     3474.000
   175:     3475.000     3476.000     3477.000     3478.000     3479.000
   180:     3480.000     3481.000     3482.000     3483.000     3484.000
   185:     3485.000     3486.000     3487.000     3488.000     3489.000
   190:     3490.000     3491.000     3492.000     3493.000     3494.000
   195:     3495.000     3496.000     3497.000     3498.000     3499.000
   200:     3500.000     3501.000     3502.000     3503.000     3504.000
   205:     3505.000     3506.000     3507.000     3508.000     3509.000
   210:     3510.000     3511.000     3512.000     3513.000     3514.000
   215:     3515.000     3516.000     3517.000     3518.000     3519.000
   220:     3520.000     3521.000     3522.000     3523.000     3524.000
   225:     3525.000     3526.000     3527.000     3528.000     3529.000
   230:     3530.000     3531.000     3532.000     3533.000     3534.000
   235:     3535.000     3536.000     3537.000     3538.000     3539.000
   240:     3540.000     3541.000     3542.000     3543.000     3544.000
   245:     3545.000     3546.000     3547.000     3548.000     3549.000
   250:     3550.000     3551.000     3552.000     3553.000     3554.000
   255:     3555.000     3556.000     3557.000     3558.000     3559.000
   260:     3560.000     3561.000     3562.000     3563.000     3564.000
   265:     3565.000     3566.000     3567.000     3568.000     3569.000
   270:     3570.000     3571.000     3572.000     3573.000     3574.000
   275:     3575.000     3576.000     3577.000     3578.000     3579.000
   280:     3580.000     3581.000     3582.000     3583.000     3584.000
   285:     3585.000     3586.000     3587.000     3588.000     3589.000
   290:     3590.000     3591.000     3592.000     3593.000     3594.000
   295:     3595.000     3596.000     3597.000     3598.000     3599.000
   300:     3600.000     3601.000     3602.000     3603.000     3604.000
   305:     3605.000     3606.000     3607.000     3608.000     3609.000
   310:     3610.000     3611.000     3612.000     3613.000     3614.000
   315:     3615.000     3616.000     3617.000     3618.000     3619.000
   320:     3620.000     3621.000     3622.000     3623.000     3624.000
   325:     3625.000     3626.000     3627.000     3628.000     3629.000
   330:     3630.000     3631.000     3632.000     3633.000     3634.000
   335:     3635.000     3636.000     3637.000     3638.000     3639.000
   340:     3640.000     3641.000     3642.000     3643.000     3644.000
   345:     3645.000     3646.000     3647.000     3648.000     3649.000
   350:     3650.000     3651.000     3652.000     3653.000     3654.000
   355:     3655.000     3656.000     3657.000     3658.000     3659.000
   360:     3660.000     3661.000     3662.000     3663.000     3664.000
   365:     3665.000     3666.000     3667.000     3668.000     3669.000
   370:     3670.000     3671.000     3672.000     3673.000     3674.000
   375:     3675.000     3676.000     3677.000     3678.000     3679.000
   380:     3680.000     3681.000     3682.000     3683.000     3684.000
   385:     3685.000     3686.000     3687.000     3688.000     3689.000
   390:     3690.000     3691.000     3692.000     3693.000     3694.000
   395:     3695.000     3696.000     3697.000     3698.000     3699.000
   400:     3700.000     3701.000     3702.000     3703.000     3704.000
   405:     3705.000     3706.000     3707.000     3708.000     3709.000
   410:     3710.000     3711.000     3712.000     3713.000     3714.000
   415:     3715.000     3716.000     3717.000     3718.000     3719.000
   420:     3720.000     3721.000     3722.000     3723.000     3724.000
   425:     3725.000     3726.000     3727.000     3728.000     3729.000
   430:     3730.000     3731.000     3732.000     3733.000     3734.000
   435:     3735.000     3736.000     3737.000     3738.000     3739.000
   440:     3740.000     3741.000     3742.000     3743.000     3744.000
   445:     3745.000     3746.000     3747.000     3748.000     3749.000
   450:     3750.000     3751.000     3752.000     3753.000     3754.000
   455:     3755.000     3756.000     3757.000     3758.000     3759.000
   460:     3760.000     3761.000     3762.000     3763.000     3764.000
   465:     3765.000     3766.000     3767.000     3768.000     3769.000
   470:     3770.000     3771.000     3772.000     3773.000     3774.000
   475:     3775.000     3776.000     3777.000     3778.000     3779.000
   480:     3780.000     3781.000     3782.000     3783.000     3784.000
   485:     3785.000     3786.000     3787.000     3788.000     3789.000
   490:     3790.000     3791.000     3792.000     3793.000     3794.000
   495:     3795.000     3796.000     3797.000     3798.000     3799.000
   500:     3800.000     3801.000     3802.000     3803.000     3804.000
   505:     3805.000     3806.000     3807.000     3808.000     3809.000
   510:     3810.000     3811.000     3812.000     3813.000     3814.000
   515:     3815.000     3816.000     3817.000     3818.000     3819.000
   520:     3820.000     3821.000     3822.000     3823.000     3824.000
   525:     3825.000     3826.000     3827.000     3828.000     3829.000
   530:     3830.000     3831.000     3832.000     3833.000     3834.000
   535:     3835.000     3836.000     3837.000     3838.000     3839.000
   540:     3840.000     3841.000     3842.000     3843.000     3844.000
   545:     3845.000     3846.000     3847.000     3848.000     3849.000
   550:     3850.000     3851.000     3852.000     3853.000     3854.000
   555:     3855.000     3856.000     3857.000     3858.000     3859.000
   560:     3860.000     3861.000     3862.000     3863.000     3864.000
   565:     3865.000     3866.000     3867.000     3868.000     3869.000
   570:     3870.000     3871.000     3872.000     3873.000     3874.000
   575:     3875.000     3876.000     3877.000     3878.000     3879.000
   580:     3880.000     3881.000     3882.000     3883.000     3884.000
   585:     3885.000     3886.000     3887.000     3888.000     3889.000
   590:     3890.000     3891.000     3892.000     3893.000     3894.000
   595:     3895.000     3896.000     3897.000     3898.000     3899.000
   600:     3900.000     3901.000     3902.000     3903.000     3904.000
   605:     3905.000     3906.000     3907.000     3908.000     3909.000
   610:     3910.000     3911.000     3912.000     3913.000     3914.000
   615:     3915.000     3916.000     3917.000     3918.000     3919.000
   620:     3920.000     3921.000     3922.000     3923.000     3924.000
   625:     3925.000     3926.000     3927.000     3928.000     3929.000
   630:     3930.000     3931.000     3932.000     3933.000     3934.000
   635:     3935.000     3936.000     3937.000     3938.000     3939.000
   640:     3940.000     3941.000     3942.000     3943.000     3944.000
   645:     3945.000     3946.000     3947.000     3948.000     3949.000
   650:     3950.000     3951.000     3952.000     3953.000     3954.000
   655:     3955.000     3956.000     3957.000     3958.000     3959.000
   660:     3960.000     3961.000     3962.000     3963.000     3964.000
   665:     3965.000     3966.000     3967.000     3968.000     3969.000
   670:     3970.000     3971.000     3972.000     3973.000     3974.000
   675:     3975.000     3976.000     3977.000     3978.000     3979.000
   680:     3980.000     3981.000     3982.000     3983.000     3984.000
   685:     3985.000     3986.000     3987.000     3988.000     3989.000
   690:     3990.000     3991.000     3992.000     3993.000     3994.000
   695:     3995.000     3996.000     3997.000     3998.000     3999.000
   700:     4000.000     4001.000     4002.000     4003.000     4004.000
   705:     4005.000     4006.000     4007.000     4008.000     4009.000
   710:     4010.000     4011.000     4012.000     4013.000     4014.000
   715:     4015.000     4016.000     4017.000     4018.000     4019.000
   720:     4020.000     4021.000     4022.000     4023.000     4024.000
   725:     4025.000     4026.000     4027.000     4028.000     4029.000
   730:     4030.000     4031.000     4032.000     4033.000     4034.000
   735:     4035.000     4036.000     4037.000     4038.000     4039.000
   740:     4040.000     4041.000     4042.000     4043.000     4044.000
   745:     4045.000     4046.000     4047.000     4048.000     4049.000
   750:     4050.000     4051.000     4052.000     4053.000     4054.000
   755:     4055.000     4056.000     4057.000     4058.000     4059.000
   760:     4060.000     4061.000     4062.000     4063.000     4064.000
   765:     4065.000     4066.000     4067.000     4068.000     4069.000
   770:     4070.000     4071.000     4072.000     4073.000     4074.000
   775:     4075.000     4076.000     4077.000     4078.000     4079.000
   780:     4080.000     4081.000     4082.000     4083.000     4084.000
   785:     4085.000     4086.000     4087.000     4088.000     4089.000
   790:     4090.000     4091.000     4092.000     4093.000     4094.000
   795:     4095.000     4096.000     4097.000     4098.000     4099.000
   800:     4100.000     4101.000     4102.000     4103.000     4104.000
   805:     4105.000     4106.000     4107.000     4108.000     4109.000
   810:     4110.000     4111.000     4112.000     4113.000     4114.000
   815:     4115.000     4116.000     4117.000     4118.000     4119.000
   820:     4120.000     4121.000     4122.000     4123.000     4124.000
   825:     4125.000     4126.000     4127.000     4128.000     4129.000
   830:     4130.000     4131.000     4132.000     4133.000     4134.000
   835:     4135.000     4136.000     4137.000     4138.000     4139.000
   840:     4140.000     4141.000     4142.000     4143.000     4144.000
   845:     4145.000     4146.000     4147.000     4148.000     4149.000
   850:     4150.000     4151.000     4152.000     4153.000     4154.000
   855:     4155.000     4156.000     4157.000     4158.000     4159.000
   860:     4160.000     4161.000     4162.000     4163.000     4164.000
   865:     4165.000     4166.000     4167.000     4168.000     4169.000
   870:     4170.000     4171.000     4172.000     4173.000     4174.000
   875:     4175.000     4176.000     4177.000     4178.000     4179.000
   880:     4180.000     4181.000     4182.000     4183.000     4184.000
   885:     4185.000     4186.000     4187.000     4188.000     4189.000
   890:     4190.000     4191.000     4192.000     4193.000     4194.000
   895:     4195.000     4196.000     4197.000     4198.000     4199.000
   900:     4200.000     4201.000     4202.000     4203.000     4204.000
   905:     4205.000     4206.000     4207.000     4208.000     4209.000
   910:     4210.000     4211.000     4212.000     4213.000     4214.000
   915:     4215.000     4216.000     4217.000     4218.000     4219.000
   920:     4220.000     4221.000     4222.000     4223.000     4224.000
   925:     4225.000     4226.000     4227.000     4228.000     4229.000
   930:     4230.000     4231.000     4232.000     4233.000     4234.000
   935:     4235.000     4236.000     4237.000     4238.000     4239.000
   940:     4240.000     4241.000     4242.000     4243.000     4244.000
   945:     4245.000     4246.000     4247.000     4248.000     4249.000
   950:     4250.000     4251.000     4252.000     4253.000     4254.000
   955:     4255.000     4256.000     4257.000     4258.000     4259.000
   960:     4260.000     4261.000     4262.000     4263.000     4264.000
   965:     4265.000     4266.000     4267.000     4268.000     4269.000
   970:     4270.000     4271.000     4272.000     4273.000     4274.000
   975:     4275.000     4276.000     4277.000     4278.000     4279.000
   980:     4280.000     4281.000     4282.000     4283.000     4284.000
   985:     4285.000     4286.000     4287.000     4288.000     4289.000
   990:     4290.000     4291.000     4292.000     4293.000     4294.000
   995:     4295.000     4296.000     4297.000     4298.000     4299.000
  1000:     4300.000     4301.000     4302.000     4303.000     4304.000
  1005:     4305.000     4306.000     4307.000     4308.000     4309.000
  1010:     4310.000     4311.000     4312.000     4313.000     4314.000
  1015:     4315.000     4316.000     4317.000     4318.000     4319.000
  1020:     4320.000     4321.000     4322.000     4323.000     4324.000
  1025:     4325.000     4326.000     4327.000     4328.000     4329.000
  1030:     4330.000     4331.000     4332.000     4333.000     4334.000
  1035:     4335.000     4336.000     4337.000     4338.000     4339.000
  1040:     4340.000     4341.000     4342.000     4343.000     4344.000
  1045:     4345.000     4346.000     4347.000     4348.000     4349.000
  1050:     4350.000     4351.000     4352.000     4353.000     4354.000
  1055:     4355.000     4356.000     4357.000     4358.000     4359.000
  1060:     4360.000     4361.000     4362.000     4363.000     4364.000
  1065:     4365.000     4366.000     4367.000     4368.000     4369.000
  1070:     4370.000     4371.000     4372.000     4373.000     4374.000
  1075:     4375.000     4376.000     4377.000     4378.000     4379.000
  1080:     4380.000     4381.000     4382.000     4383.000     4384.000
  1085:     4385.000     4386.000     4387.000     4388.000     4389.000
  1090:     4390.000     4391.000     4392.000     4393.000     4394.000
  1095:     4395.000     4396.000     4397.000     4398.000     4399.000
  1100:     4400.000     4401.000     4402.000     4403.000     4404.000
  1105:     4405.000     4406.000     4407.000     4408.000     4409.000
  1110:     4410.000     4411.000     4412.000     4413.000     4414.000
  1115:     4415.000     4416.000     4417.000     4418.000     4419.000
  1120:     4420.000     4421.000     4422.000     4423.000     4424.000
  1125:     4425.000     4426.000     4427.000     4428.000     4429.000
  1130:     4430.000     4431.000     4432.000     4433.000     4434.000
  1135:     4435.000     4436.000     4437.000     4438.000     4439.000
  1140:     4440.000     4441.000     4442.000     4443.000     4444.000
  1145:     4445.000     4446.000     4447.000     4448.000     4449.000
  1150:     4450.000     4451.000     4452.000     4453.000     4454.000
  1155:     4455.000     4456.000     4457.000     4458.000     4459.000
  1160:     4460.000     4461.000     4462.000     4463.000     4464.000
  1165:     4465.000     4466.000     4467.000     4468.000     4469.000
  1170:     4470.000     4471.000     4472.000     4473.000     4474.000
  1175:     4475.000     4476.000     4477.000     4478.000     4479.000
  1180:     4480.000     4481.000     4482.000     4483.000     4484.000
  1185:     4485.000     4486.000     4487.000     4488.000     4489.000
  1190:     4490.000     4491.000     4492.000     4493.000     4494.000
  1195:     4495.000     4496.000     4497.000     4498.000     4499.000
  1200:     4500.000
R:
     0:      333.000      333.000      333.000
V:
     0:     1439.000     3652.000
W:
     0:     1439.000     3652.000
