File: C:\MED-PC IV\DATA\p054_s46_japede


Start Date: 08/12/17
End Date: 08/12/17
Subject: p054
Experiment: 0
Group: 0
Box: 7
Start Time: 17:50:08
End Time: 18:51:21
MSN: japede_L_90_90_90_R_30_30_30
B:       0.000
E:    4066.000
F:       0.000
G:       0.000
H:       0.000
I:       1.000
J:       1.000
K:       0.000
O:       0.000
P:       0.000
Q:       0.000
S:  360000.000
T:  360000.000
U:       0.000
X:       0.000
Y:       0.000
Z:       0.000
A:
     0:        0.010        0.250        0.220        0.230       60.120
     5:      101.120      203.130      372.130      488.130      769.130
    10:     1107.130     1150.130     1315.120     1427.130     1643.130
    15:     1689.130     1737.130     1791.130     2005.130     2185.130
    20:     2307.130     2597.120     2683.130     2699.840     2724.640
    25:     2724.320     2724.330     2724.350     2724.240     2724.130
    30:     2974.220     2974.230     2974.250     2974.340     3293.130
    35:     3645.120     3771.130     3995.130     4032.130     4134.130
    40:     4174.130     4319.130     5384.120     5426.120     5465.120
    45:     5575.130     5616.130     5745.130     6010.120     6099.740
    50:     6101.130     6139.130     6497.130     6540.130     6657.130
    55:     7032.540     7032.320     7032.330     7032.350     7032.240
    60:     7032.120     7282.220     7282.230     7282.250     7282.340
    65:     7467.130     7612.120     7743.130     7937.130     8039.130
    70:     8192.120     8327.130     8361.130     8482.120     8574.130
    75:     8675.120     8772.130     8813.130     8849.130     8952.120
    80:     9038.130     9138.130     9323.130     9479.120     9571.130
    85:     9606.130     9726.120     9818.130     9853.130     9980.120
    90:    10070.130    10107.130    10330.130    10443.120    10567.130
    95:    10639.130    10761.120    10857.130    10882.740    10953.540
   100:    10953.320    10953.330    10953.350    10953.240    10953.120
   105:    11074.840    11203.220    11203.230    11203.250    11203.340
   110:    11423.120    11513.640    11513.320    11513.330    11513.350
   115:    11513.240    11513.130    11763.220    11763.230    11763.250
   120:    11763.340    12057.120    12148.130    12183.130    12316.120
   125:    12406.130    12502.120    12563.840    12590.640    12590.320
   130:    12590.330    12590.350    12590.240    12590.130    12840.220
   135:    12840.230    12840.250    12840.340    13127.130    13225.120
   140:    13456.120    13688.120    13785.130    13874.120    14027.130
   145:    14130.120    14213.130    14312.120    14390.130    14481.120
   150:    14569.130    14688.120    14740.840    14775.640    14775.320
   155:    14775.330    14775.350    14775.240    14775.130    15025.220
   160:    15025.230    15025.250    15025.340    15172.130    15284.120
   165:    15378.130    15470.120    15555.130    15673.120    15758.130
   170:    15923.120    16009.130    16128.130    16160.130    16264.120
   175:    16340.130    16433.130    16610.130    16700.130    17005.120
   180:    17091.130    17247.120    17347.130    17388.130    17483.130
   185:    17577.120    17661.130    18102.130    18140.130    18225.840
   190:    18259.120    18300.120    18397.640    18397.320    18397.330
   195:    18397.350    18397.240    18397.130    18647.220    18647.230
   200:    18647.250    18647.340    18767.120    18804.120    18927.130
   205:    18963.130    19071.120    19172.130    19313.130    19349.130
   210:    19468.120    19581.130    19619.130    19737.120    19859.130
   215:    19893.130    20015.120    20104.130    20446.130    20517.130
   220:    20555.130    20650.120    20703.740    20736.130    20773.130
   225:    20847.840    20904.540    20904.320    20904.330    20904.350
   230:    20904.240    20904.120    21154.220    21154.230    21154.250
   235:    21154.340    21329.640    21329.320    21329.330    21329.350
   240:    21329.240    21329.130    21579.220    21579.230    21579.250
   245:    21579.340    21681.120    21778.130    21873.120    21959.130
   250:    21997.130    22091.120    22207.130    22252.130    22377.120
   255:    22489.130    22561.130    22643.120    22725.130    22866.130
   260:    23035.130    23125.120    23206.130    23234.130    23347.120
   265:    23442.130    23568.120    23650.130    23794.130    23991.120
   270:    24073.130    24107.130    24210.120    24294.130    24380.120
   275:    24599.130    24638.130    24706.130    24799.120    24882.130
   280:    24918.130    25035.130    25143.120    25225.130    25254.740
   285:    25360.540    25360.320    25360.330    25360.350    25360.240
   290:    25360.120    25610.220    25610.230    25610.250    25610.340
   295:    25772.130    25869.120    25933.130    25968.130    26056.120
   300:    26146.130    26184.130    26259.120    26379.130    26464.120
   305:    26548.130    26665.130    26783.130    26875.120    26879.840
   310:    26960.640    26960.320    26960.330    26960.350    26960.240
   315:    26960.130    27210.220    27210.230    27210.250    27210.340
   320:    27353.130    27437.120    27521.130    27555.130    27658.120
   325:    27743.130    27843.130    27934.130    28056.120    28136.130
   330:    28226.120    28304.130    28340.130    28430.120    28516.130
   335:    28546.130    28582.130    28672.120    28756.130    28998.120
   340:    29088.130    29123.130    29209.120    29289.130    29388.120
   345:    29497.130    29585.120    29667.130    29758.120    29837.130
   350:    29957.120    30074.130    30193.120    30458.130    30586.130
   355:    30725.120    30842.130    30936.120    31046.130    31214.120
   360:    31261.120    31294.120    31430.130    31464.130    31552.120
   365:    31641.130    31673.130    31763.120    31852.130    32025.130
   370:    32149.120    32267.130    32398.130    32491.120    32557.130
   375:    32810.840    32841.640    32841.320    32841.330    32841.350
   380:    32841.240    32841.130    33091.220    33091.230    33091.250
   385:    33091.340    33269.130    33355.120    33434.130    33535.130
   390:    33627.120    33739.130    33925.120    34010.130    34047.130
   395:    34326.130    34363.130    34443.120    34504.120    34574.130
   400:    34659.120    35025.130    35116.120    35201.130    35286.120
   405:    35370.130    35567.130    35683.120    35766.130    35855.130
   410:    36075.130    36290.120    36370.130    36404.130    36569.130
   415:    36692.120    36807.130    37065.120    37152.130    37188.130
   420:    37278.120    37354.130    37460.130    37575.120    37663.130
   425:    37769.120    37893.130    37985.120    38256.130    38293.130
   430:    38392.120    38491.840    38505.640    38505.320    38505.330
   435:    38505.350    38505.240    38505.130    38755.220    38755.230
   440:    38755.250    38755.340    38862.120    38950.130    39113.130
   445:    39208.130    39379.130    39472.130    39607.130    39728.120
   450:    39807.130    39916.130    40125.120    40218.130    40323.130
   455:    40430.120    40522.130    40671.120    40765.130    40862.120
   460:    40955.840    40971.640    40971.320    40971.330    40971.350
   465:    40971.240    40971.130    41221.220    41221.230    41221.250
   470:    41221.340    41307.120    41396.130    41421.840    41535.120
   475:    41616.640    41616.320    41616.330    41616.350    41616.240
   480:    41616.130    41866.220    41866.230    41866.250    41866.340
   485:    41992.120    42073.130    42236.130    42324.130    42491.130
   490:    42608.130    42751.130    42972.120    43058.130    43185.130
   495:    43349.120    43436.130    43529.120    43608.130    43735.120
   500:    43819.130    43977.120    44060.130    44213.130    44419.120
   505:    44507.130    44634.120    44756.130    44794.130    44966.840
   510:    44993.120    45081.640    45081.320    45081.330    45081.350
   515:    45081.240    45081.130    45331.220    45331.230    45331.250
   520:    45331.340    45429.120    45519.130    45636.130    45790.120
   525:    45867.130    46018.120    46097.130    46131.130    46254.120
   530:    46369.130    46431.840    46433.640    46433.320    46433.330
   535:    46433.350    46433.240    46433.130    46683.220    46683.230
   540:    46683.250    46683.340    46894.130    47010.120    47089.130
   545:    47214.130    47311.130    47483.840    47487.640    47487.320
   550:    47487.330    47487.350    47487.240    47487.130    47737.220
   555:    47737.230    47737.250    47737.340    47840.120    47925.130
   560:    47966.130    48053.130    48169.120    48252.130    48286.130
   565:    48467.130    48646.130    48678.130    48854.130    48890.130
   570:    48992.120    49072.130    49105.130    49137.840    49282.640
   575:    49282.320    49282.330    49282.350    49282.240    49282.130
   580:    49532.220    49532.230    49532.250    49532.340    49653.120
   585:    49736.130    49771.130    49865.130    49954.130    50048.130
   590:    50140.120    50223.130    50254.130    50367.130    50398.130
   595:    50514.120    50591.130    50625.130    50761.130    51077.120
   600:    51205.130    51238.130    51323.120    51490.120    51578.130
   605:    51668.120    51753.130    51832.840    51896.640    51896.320
   610:    51896.330    51896.350    51896.240    51896.130    52146.220
   615:    52146.230    52146.250    52146.340    52277.120    52368.130
   620:    52471.120    52596.130    52663.130    52833.130    52974.130
   625:    53007.130    53097.120    53177.130    53296.130    53400.120
   630:    53481.130    53630.130    53743.120    53825.130    53967.120
   635:    54048.130    54147.120    54237.130    54523.130    54557.130
   640:    54656.120    54739.130    54773.130    54865.120    54982.130
   645:    55112.120    55205.130    55308.120    55395.130    55494.130
   650:    55681.120    55766.130    55944.120    56036.130    56064.130
   655:    56099.130    56213.120    56306.130    56344.130    56346.840
   660:    56470.120    56553.640    56553.320    56553.330    56553.350
   665:    56553.240    56553.130    56803.220    56803.230    56803.250
   670:    56803.340    56913.120    57005.130    57044.130    57149.120
   675:    57203.840    57226.640    57226.320    57226.330    57226.350
   680:    57226.240    57226.130    57476.220    57476.230    57476.250
   685:    57476.340    57588.120    57673.130    57791.130    57942.130
   690:    58031.120    58107.130    58142.130    58255.120    58327.130
   695:    58501.130    58535.130    58686.120    58767.130    58950.130
   700:    59129.120    59212.130    59249.130    59334.120    59424.130
   705:    59452.130    59543.120    59631.130    59782.130    60376.840
   710:    60637.120    60670.120    60706.120    60795.640    60795.320
   715:    60795.330    60795.350    60795.240    60795.130    61045.220
   720:    61045.230    61045.250    61045.340    61230.130    61268.130
   725:    61353.120    61432.130    61468.130    61585.120    61668.130
   730:    61796.130    61940.130    62084.120    62164.130    62195.130
   735:    62397.120    62477.130    62619.120    62699.130    62710.740
   740:    62931.540    62931.320    62931.330    62931.350    62931.240
   745:    62931.120    63181.220    63181.230    63181.250    63181.340
   750:    63292.120    63356.130    63449.120    63529.130    63643.130
   755:    63767.120    63886.130    63925.130    64017.120    64096.130
   760:    64214.120    64298.130    64397.120    64482.130    64514.130
   765:    64763.120    64875.130    64881.740    65357.540    65357.320
   770:    65357.330    65357.350    65357.240    65357.120    65607.220
   775:    65607.230    65607.250    65607.340    65645.840    66361.120
   780:    66400.120    66495.640    66495.320    66495.330    66495.350
   785:    66495.240    66495.130    66745.220    66745.230    66745.250
   790:    66745.340    66913.130    67014.120    67099.130    67137.130
   795:    67226.120    67313.130    67346.130    67430.120    67515.130
   800:    67690.130    67726.130    67816.120    67928.130    68130.120
   805:    68208.130    68466.120    68757.120    68837.130    68991.120
   810:    69071.130    69275.120    69416.130    69509.120    69592.130
   815:    69806.130    70129.120    70213.130    70247.130    70339.120
   820:    70446.130    70556.120    70624.130    70885.120    70969.130
   825:    71396.120    71436.120    71505.130    71570.130    71660.120
   830:    71735.130    71928.120    72004.130    72177.120    72261.130
   835:    72429.120    72517.130    72663.120    72741.130    72915.120
   840:    72994.130    73207.120    73290.130    73443.130    73705.120
   845:    73741.120    73863.130    73961.120    74045.130    74364.120
   850:    74398.120    74494.130    74598.120    74679.130    74780.120
   855:    74871.130    75216.120    75286.120    75412.130    75502.120
   860:    75586.130    75759.130    75973.120    76057.130    76234.120
   865:    76318.130    76345.840    76490.120    76570.640    76570.320
   870:    76570.330    76570.350    76570.240    76570.130    76820.220
   875:    76820.230    76820.250    76820.340    76985.130    77072.120
   880:    77162.130    77306.130    77451.130    77662.120    77781.130
   885:    77873.120    77957.130    77990.130    78118.130    78265.120
   890:    78353.130    78407.740    78605.540    78605.320    78605.330
   895:    78605.350    78605.240    78605.120    78855.220    78855.230
   900:    78855.250    78855.340    79015.130    79136.130    79228.120
   905:    79319.130    79410.120    79420.840    79500.640    79500.320
   910:    79500.330    79500.350    79500.240    79500.130    79750.220
   915:    79750.230    79750.250    79750.340    79978.130    80068.120
   920:    80155.130    80190.130    80291.120    80409.130    80495.120
   925:    80584.130    80650.840    80701.640    80701.320    80701.330
   930:    80701.350    80701.240    80701.130    80951.220    80951.230
   935:    80951.250    80951.340    81085.120    81171.130    81321.120
   940:    81409.130    81498.130    81591.120    81673.130    81706.130
   945:    81856.120    81944.130    82138.120    82203.130    82408.120
   950:    82498.130    82732.120    82821.130    82998.120    83142.120
   955:    83181.120    83254.130    83342.120    83426.130    83577.130
   960:    83790.120    83869.130    84030.120    84108.130    84287.120
   965:    84334.120    84351.840    84402.640    84402.320    84402.330
   970:    84402.350    84402.240    84402.130    84652.220    84652.230
   975:    84652.250    84652.340    84757.120    84837.130    84952.840
   980:    84961.120    85051.640    85051.320    85051.330    85051.350
   985:    85051.240    85051.130    85255.740    85301.220    85301.230
   990:    85301.250    85301.340    85438.540    85438.320    85438.330
   995:    85438.350    85438.240    85438.120    85688.220    85688.230
  1000:    85688.250    85688.340    85800.120    85894.130    86001.840
  1005:    86071.640    86071.320    86071.330    86071.350    86071.240
  1010:    86071.130    86321.220    86321.230    86321.250    86321.340
  1015:    86503.130    86627.130    86742.120    86827.130    86924.130
  1020:    86964.130    87056.120    87145.130    87181.130    87292.120
  1025:    87384.130    87565.130    87656.120    87738.130    87862.120
  1030:    87953.130    88052.120    88139.130    88221.840    88338.640
  1035:    88338.320    88338.330    88338.350    88338.240    88338.130
  1040:    88588.220    88588.230    88588.250    88588.340    88692.120
  1045:    88781.130    88868.120    88956.130    88988.840    89046.120
  1050:    89130.640    89130.320    89130.330    89130.350    89130.240
  1055:    89130.130    89380.220    89380.230    89380.250    89380.340
  1060:    89571.130    89658.120    89736.130    89826.120    89907.130
  1065:    89996.120    90077.130    90217.130    90301.120    90385.130
  1070:    90494.130    90688.120    90771.130    90868.120    90976.130
  1075:    91268.120    91354.130    91504.120    91587.130    91683.120
  1080:    91797.130    92040.120    92122.130    92163.130    92240.120
  1085:    92322.130    92544.120    92626.130    92714.130    92845.120
  1090:    92928.130    93083.130    93580.840    93592.120    93686.640
  1095:    93686.320    93686.330    93686.350    93686.240    93686.130
  1100:    93936.220    93936.230    93936.250    93936.340    94027.120
  1105:    94113.130    94203.120    94289.130    94336.840    94392.120
  1110:    94458.640    94458.320    94458.330    94458.350    94458.240
  1115:    94458.130    94708.220    94708.230    94708.250    94708.340
  1120:    94794.120    94881.130    94967.120    95052.130    95139.130
  1125:    95261.130    95376.130    95467.120    95548.130    95672.130
  1130:    95708.840    95908.120    96021.640    96021.320    96021.330
  1135:    96021.350    96021.240    96021.130    96271.220    96271.230
  1140:    96271.250    96271.340    96357.120    96445.130    96533.120
  1145:    96647.130    96760.120    96845.130    96959.130    97139.120
  1150:    97294.130    97371.840    97660.120    97747.640    97747.320
  1155:    97747.330    97747.350    97747.240    97747.130    97997.220
  1160:    97997.230    97997.250    97997.340    98095.120    98161.130
  1165:    98245.120    98325.130    98415.120    98497.130    98670.130
  1170:    98782.130    98928.120    99007.130    99301.130    99338.130
  1175:    99457.120    99544.130    99731.120    99819.130    99931.130
  1180:   100112.120   100198.130   100542.120   100639.130   100754.120
  1185:   100841.130   101039.130   101125.120   101210.130   101407.120
  1190:   101499.130   101619.120   101706.130   101821.120   101915.130
  1195:   102059.130   102298.120   102379.130   102604.120   102668.120
  1200:   102751.130   103059.120   103126.130   103260.120   103344.130
  1205:   103397.840   103705.120   103834.640   103834.320   103834.330
  1210:   103834.350   103834.240   103834.130   104084.220   104084.230
  1215:   104084.250   104084.340   104185.120   104270.130   104353.120
  1220:   104436.130   104469.130   104557.120   104640.130   104806.130
  1225:   104966.130   105002.130   105086.120   105172.130   105316.130
  1230:   105490.130   105582.130   105674.120   105736.120   105828.130
  1235:   105914.120   105999.130   106115.120   106209.130   106317.120
  1240:   106408.130   106506.120   106587.130   106703.120   106790.130
  1245:   107039.120   107126.130   107317.120   107405.130   107657.120
  1250:   107736.130   107944.120   108044.130   108159.120   108247.130
  1255:   108279.130   108496.120   108579.130   108684.840   108696.120
  1260:   108786.640   108786.320   108786.330   108786.350   108786.240
  1265:   108786.130   109036.220   109036.230   109036.250   109036.340
  1270:   109143.120   109231.130   109341.120   109425.130   109567.130
  1275:   109599.130   109688.740   109746.130   109925.130   110390.130
  1280:   110481.540   110481.320   110481.330   110481.350   110481.240
  1285:   110481.120   110731.220   110731.230   110731.250   110731.340
  1290:   110925.130   111014.120   111099.130   111182.120   111265.130
  1295:   111357.120   111441.130   111536.120   111603.130   111782.130
  1300:   111949.130   112251.130   112287.130   112373.120   112432.120
  1305:   112520.130   112646.130   112740.120   112852.120   112938.130
  1310:   113239.130   113328.130   113416.120   113498.130   113589.120
  1315:   113636.840   113672.640   113672.320   113672.330   113672.350
  1320:   113672.240   113672.130   113922.220   113922.230   113922.250
  1325:   113922.340   114138.120   114176.120   114273.130   114331.740
  1330:   114363.540   114363.320   114363.330   114363.350   114363.240
  1335:   114363.120   114613.220   114613.230   114613.250   114613.340
  1340:   114727.120   114818.130   114822.840   114910.640   114910.320
  1345:   114910.330   114910.350   114910.240   114910.130   115160.220
  1350:   115160.230   115160.250   115160.340   115251.120   115340.130
  1355:   115431.120   115512.130   115602.120   115684.130   115813.740
  1360:   116171.540   116171.320   116171.330   116171.350   116171.240
  1365:   116171.120   116421.220   116421.230   116421.250   116421.340
  1370:   116531.120   116618.130   116709.120   116747.120   116836.130
  1375:   116923.120   117008.130   117041.130   117129.120   117215.130
  1380:   117304.120   117419.130   117550.120   117670.130   117852.130
  1385:   117941.120   118023.130   118054.130   118139.120   118226.130
  1390:   118314.130   118480.130   118579.120   118667.130   118755.130
  1395:   118902.120   118986.130   119168.120   119254.130   119391.120
  1400:   119479.130   119514.130   119607.120   119692.130   119776.120
  1405:   120126.120   120213.130   120251.130   120345.120   120453.130
  1410:   120538.120   120681.130   121011.120   121043.120   121157.130
  1415:   121241.120   121394.120   121484.130   121591.120   121660.840
  1420:   121685.640   121685.320   121685.330   121685.350   121685.240
  1425:   121685.130   121935.220   121935.230   121935.250   121935.340
  1430:   122044.120   122137.130   122270.120   122361.130   122421.740
  1435:   122461.540   122461.320   122461.330   122461.350   122461.240
  1440:   122461.120   122711.220   122711.230   122711.250   122711.340
  1445:   122796.120   122924.130   123012.120   123103.130   123193.120
  1450:   123281.130   123374.120   123464.130   123578.130   123616.130
  1455:   123741.120   123829.130   123972.130   124092.130   124199.120
  1460:   124285.130   124687.120   124786.130   124874.120   124966.130
  1465:   125262.120   125359.130   125541.120   125637.130   125757.120
  1470:   125844.130   126024.130   126202.120   126237.120   126331.130
  1475:   126423.120   126510.130   126721.120   126801.130   127079.120
  1480:   127121.120   127215.130   127337.120   127485.130   127533.130
  1485:   127641.130   127731.120   127810.130   127848.130   127954.120
  1490:   128041.130   128125.120   128544.120   128643.130   128744.120
  1495:   128859.130   129165.130   129421.120   129515.130   129629.120
  1500:   129717.120   129810.130   130068.120   130150.130   130330.120
  1505:   130384.120   130457.130   130656.130   130801.120   130901.130
  1510:   131020.120   131112.130   131342.120   131424.130   131521.120
  1515:   131648.130   131916.120   132028.130   132035.840   132379.120
  1520:   132465.640   132465.320   132465.330   132465.350   132465.240
  1525:   132465.130   132715.220   132715.230   132715.250   132715.340
  1530:   132837.120   132931.130   133019.120   133114.130   133264.130
  1535:   133378.130   133492.120   133575.130   133694.130   133905.120
  1540:   133988.130   134111.740   134138.540   134138.320   134138.330
  1545:   134138.350   134138.240   134138.120   134388.220   134388.230
  1550:   134388.250   134388.340   134530.120   134619.130   134737.120
  1555:   134829.130   134922.130   135098.130   135192.120   135273.130
  1560:   135409.130   135502.120   135588.130   135836.120   135922.130
  1565:   136070.120   136160.130   136373.120   136465.130   136692.120
  1570:   136781.130   136942.120   136980.120   137050.130   137115.840
  1575:   137240.120   137327.640   137327.320   137327.330   137327.350
  1580:   137327.240   137327.130   137577.220   137577.230   137577.250
  1585:   137577.340   137682.120   137774.130   137894.120   137981.130
  1590:   138131.130   138225.120   138311.130   138459.130   138760.120
  1595:   138831.130   138930.120   139015.130   139328.120   139411.130
  1600:   139523.120   139773.130   139873.120   139963.130   140250.130
  1605:   140421.120   140509.130   140679.120   140764.130   141001.120
  1610:   141074.130   141177.840   141267.120   141347.640   141347.320
  1615:   141347.330   141347.350   141347.240   141347.130   141597.220
  1620:   141597.230   141597.250   141597.340   141699.120   141792.130
  1625:   141905.120   141994.130   142134.130   142222.120   142304.130
  1630:   142487.120   142563.130   142741.120   142779.120   142884.130
  1635:   143024.130   143178.120   143266.130   143397.840   143502.120
  1640:   143567.120   143605.120   143688.740   143694.640   143694.320
  1645:   143694.330   143694.350   143694.240   143694.130   143944.220
  1650:   143944.230   143944.250   143944.340   144051.540   144051.320
  1655:   144051.330   144051.350   144051.240   144051.120   144244.840
  1660:   144301.220   144301.230   144301.250   144301.340   144414.120
  1665:   144502.640   144502.320   144502.330   144502.350   144502.240
  1670:   144502.130   144752.220   144752.230   144752.250   144752.340
  1675:   144932.130   145019.120   145106.130   145141.130   145216.130
  1680:   145302.120   145369.130   145455.120   145536.130   145628.120
  1685:   145713.130   145804.120   145900.130   146101.130   146252.130
  1690:   146399.120   146482.130   146515.130   146654.120   146698.120
  1695:   146770.130   146861.130   147044.120   147148.130   147184.130
  1700:   147294.120   147373.130   147588.120   147702.130   147815.120
  1705:   147868.120   147950.130   148188.120   148276.130   148352.840
  1710:   148464.120   148548.640   148548.320   148548.330   148548.350
  1715:   148548.240   148548.130   148798.220   148798.230   148798.250
  1720:   148798.340   148901.120   148937.120   149021.130   149111.130
  1725:   149196.120   149282.130   149375.120   149462.130   149578.130
  1730:   149713.120   149748.120   150244.120   150283.120   150318.120
  1735:   150408.130   150443.130   150534.120   150650.130   150796.120
  1740:   150881.130   151035.120   151119.130   151263.120   151298.840
  1745:   151350.640   151350.320   151350.330   151350.350   151350.240
  1750:   151350.130   151600.220   151600.230   151600.250   151600.340
  1755:   151706.120   151795.130   151900.120   152015.130   152100.840
  1760:   152115.120   152200.640   152200.320   152200.330   152200.350
  1765:   152200.240   152200.130   152450.220   152450.230   152450.250
  1770:   152450.340   152553.120   152591.120   152682.130   152771.120
  1775:   152887.130   152973.120   153056.130   153149.120   153228.130
  1780:   153262.130   153373.130   153464.120   153547.130   153657.120
  1785:   153739.130   153911.130   154088.120   154202.130   154311.120
  1790:   154400.120   154523.130   154668.120   154752.130   154907.120
  1795:   155021.130   155216.120   155305.130   155470.120   155547.130
  1800:   155791.120   155871.130   156033.120   156128.130   156321.120
  1805:   156407.130   156560.120   156646.130   156799.120   156874.130
  1810:   157132.130   157303.120   157385.130   157541.120   157620.130
  1815:   157940.130   158145.130   158178.130   158399.120   158484.130
  1820:   158701.740   158764.540   158764.320   158764.330   158764.350
  1825:   158764.240   158764.120   159014.220   159014.230   159014.250
  1830:   159014.340   159117.120   159190.130   159343.130   159440.120
  1835:   159512.130   159625.130   159718.120   159936.130   160030.130
  1840:   160197.120   160282.130   160406.120   160489.130   160841.120
  1845:   160917.130   161091.120   161183.130   161213.130   161321.120
  1850:   161406.130   161434.130   161616.120   161704.130   162053.120
  1855:   162144.130   162777.120   162819.120   162913.130   162950.840
  1860:   163029.120   163120.640   163120.320   163120.330   163120.350
  1865:   163120.240   163120.130   163370.220   163370.230   163370.250
  1870:   163370.340   163479.120   163574.130   163666.120   163751.130
  1875:   163873.130   163964.120   164052.130   164070.840   164169.120
  1880:   164260.640   164260.320   164260.330   164260.350   164260.240
  1885:   164260.130   164414.740   164510.220   164510.230   164510.250
  1890:   164510.340   164601.540   164601.320   164601.330   164601.350
  1895:   164601.240   164601.120   164851.220   164851.230   164851.250
  1900:   164851.340   164956.120   165045.130   165137.120   165215.130
  1905:   165250.130   165346.130   165429.120   165543.130   165578.130
  1910:   165680.120   165794.130   165886.120   165972.130   166084.120
  1915:   166166.130   166318.120   166406.130   166655.120   166755.130
  1920:   166960.130   167153.120   167219.120   167313.130   167590.120
  1925:   167679.130   167858.130   168093.130   168270.120   168315.120
  1930:   168355.120   168524.130   168680.120   168769.130   168896.120
  1935:   168982.130   169181.120   169269.130   169485.120   169565.130
  1940:   169710.120   169791.120   169825.120   169867.120   169906.120
  1945:   169999.130   170098.120   170184.130   170450.120   170486.120
  1950:   170522.120   170566.120   170637.130   170732.120   170799.130
  1955:   170982.130   171010.840   171130.640   171130.320   171130.330
  1960:   171130.350   171130.240   171130.130   171380.220   171380.230
  1965:   171380.250   171380.340   171469.120   171565.130   171664.130
  1970:   171763.120   171845.130   171943.120   172030.130   172155.130
  1975:   172292.120   172378.130   172563.120   172650.130   172792.120
  1980:   172876.130   173070.120   173157.130   173338.120   173418.130
  1985:   173605.120   173697.130   173877.130   174134.120   174224.130
  1990:   174524.130   174795.120   174833.120   174929.130   175083.130
  1995:   175349.120   175433.130   175819.130   175910.120   175995.130
  2000:   176242.120   176331.130   176695.120   176782.130   176822.130
  2005:   177148.120   177222.130   177389.120   177481.130   177764.120
  2010:   178047.120   178130.130   178164.130   178335.120   178422.130
  2015:   178739.130   178846.120   178880.840   178935.640   178935.320
  2020:   178935.330   178935.350   178935.240   178935.130   179185.220
  2025:   179185.230   179185.250   179185.340   179293.120   179330.120
  2030:   179422.130   179511.120   179593.130   179766.130   179936.130
  2035:   179985.840   180082.640   180082.320   180082.330   180082.350
  2040:   180082.240   180082.130   180332.220   180332.230   180332.250
  2045:   180332.340   180442.120   180604.130   180721.120   180812.130
  2050:   180927.120   180984.120   181074.130   181183.120   181271.130
  2055:   181332.840   181416.640   181416.320   181416.330   181416.350
  2060:   181416.240   181416.130   181666.220   181666.230   181666.250
  2065:   181666.340   181773.120   181872.130   181998.120   182084.130
  2070:   182204.120   182292.130   182382.120   182471.130   182565.130
  2075:   182770.130   182879.120   182966.130   183140.120   183231.130
  2080:   183442.130   183481.130   183635.120   183719.130   183758.130
  2085:   183883.120   183969.130   184254.130   184266.840   184519.640
  2090:   184519.320   184519.330   184519.350   184519.240   184519.130
  2095:   184769.220   184769.230   184769.250   184769.340   184908.120
  2100:   185000.130   185129.120   185219.130   185369.130   185460.130
  2105:   185550.120   185624.130   185773.130   186028.120   186064.120
  2110:   186186.130   186299.130   186393.120   186477.130   186609.120
  2115:   186695.130   186832.130   187022.120   187104.130   187169.840
  2120:   187195.640   187195.320   187195.330   187195.350   187195.240
  2125:   187195.130   187445.220   187445.230   187445.250   187445.340
  2130:   187530.120   187566.120   187658.130   187745.840   187756.120
  2135:   187849.640   187849.320   187849.330   187849.350   187849.240
  2140:   187849.130   188099.220   188099.230   188099.250   188099.340
  2145:   188186.120   188252.130   188338.130   188431.120   188513.130
  2150:   188604.130   188693.120   188814.130   188937.130   189083.130
  2155:   189228.130   189264.130   189382.120   189468.130   189642.120
  2160:   189729.130   190032.130   190199.840   190271.120   190353.640
  2165:   190353.320   190353.330   190353.350   190353.240   190353.130
  2170:   190603.220   190603.230   190603.250   190603.340   190796.130
  2175:   190893.120   190961.130   191048.130   191140.130   191203.840
  2180:   191228.120   191299.640   191299.320   191299.330   191299.350
  2185:   191299.240   191299.130   191549.220   191549.230   191549.250
  2190:   191549.340   191639.120   191723.130   191830.120   191913.130
  2195:   192016.120   192086.130   192179.130   192282.120   192364.130
  2200:   192508.130   192696.120   192778.130   192900.120   192989.130
  2205:   193254.120   193335.130   193714.130   193863.120   193948.130
  2210:   194270.130   194349.840   194532.120   194600.640   194600.320
  2215:   194600.330   194600.350   194600.240   194600.130   194850.220
  2220:   194850.230   194850.250   194850.340   194954.120   195041.130
  2225:   195131.130   195229.120   195306.130   195483.130   195574.130
  2230:   195757.130   195903.130   196047.130   196196.130   196385.120
  2235:   196548.130   196550.840   196637.640   196637.320   196637.330
  2240:   196637.350   196637.240   196637.130   196887.220   196887.230
  2245:   196887.250   196887.340   196995.120   197096.130   197198.130
  2250:   197311.120   197437.130   197540.130   197681.130   197830.130
  2255:   198051.740   198099.540   198099.320   198099.330   198099.350
  2260:   198099.240   198099.120   198349.220   198349.230   198349.250
  2265:   198349.340   198471.120   198547.130   198637.120   198703.130
  2270:   198793.120   198874.130   199016.130   199113.130   199239.120
  2275:   199322.130   199433.120   199525.130   199802.120   199885.130
  2280:   200119.120   200204.130   200452.120   200519.130   200635.120
  2285:   200707.130   200904.120   200998.130   201157.130   201192.130
  2290:   201438.120   201530.130   201767.130   202030.120   202120.130
  2295:   202158.130   202408.130   202606.120   202687.130   202944.120
  2300:   203026.130   203212.120   203309.130   203424.120   203460.120
  2305:   203562.130   203752.130   203987.130   204075.120   204163.130
  2310:   204346.120   204433.130   204765.120   204808.120   204904.130
  2315:   205123.130   205153.130   205274.120   205366.130   205542.120
  2320:   205625.130   205735.120   205822.130   206169.130   206270.120
  2325:   206361.130   206483.120   206574.130   206851.120   206948.130
  2330:   207208.120   207312.130   207341.130   207451.120   207540.130
  2335:   207726.120   207819.130   208003.120   208082.130   208202.120
  2340:   208291.130   208463.120   208551.130   208779.120   208869.130
  2345:   209144.130   209439.120   209521.130   209646.120   209741.130
  2350:   209973.120   210073.130   210292.120   210376.130   210487.840
  2355:   210604.640   210604.320   210604.330   210604.350   210604.240
  2360:   210604.130   210854.220   210854.230   210854.250   210854.340
  2365:   210965.120   211057.130   211208.130   211499.130   211593.120
  2370:   211686.130   211940.120   212023.130   212268.120   212331.130
  2375:   212599.120   212683.130   212814.130   212903.120   212991.130
  2380:   213202.120   213286.130   213543.120   213625.130   213830.120
  2385:   213908.130   214076.120   214155.130   214299.120   214414.130
  2390:   214447.130   214569.120   214656.130   214992.120   215061.130
  2395:   215256.120   215337.130   215649.120   215737.130   216008.120
  2400:   216089.130   216233.120   216254.840   216321.640   216321.320
  2405:   216321.330   216321.350   216321.240   216321.130   216571.220
  2410:   216571.230   216571.250   216571.340   216675.120   216757.130
  2415:   216890.130   216991.130   217098.120   217186.130   217312.130
  2420:   217563.120   217647.130   217844.120   217879.120   217921.120
  2425:   218028.130   218139.130   218478.120   218567.130   218712.120
  2430:   218747.120   218842.130   218993.130   219078.130   219183.120
  2435:   219267.130   219451.120   219536.130   219565.130   219599.130
  2440:   219886.120   219979.130   220049.740   220171.840   220324.540
  2445:   220324.320   220324.330   220324.350   220324.240   220324.120
  2450:   220574.220   220574.230   220574.250   220574.340   220680.120
  2455:   220747.640   220747.320   220747.330   220747.350   220747.240
  2460:   220747.130   220997.220   220997.230   220997.250   220997.340
  2465:   221234.130   221326.130   221418.120   221512.130   221658.120
  2470:   221742.130   221846.120   221935.130   222027.120   222234.130
  2475:   222312.120   222401.130   222527.120   222612.130   222697.840
  2480:   222744.120   222830.640   222830.320   222830.330   222830.350
  2485:   222830.240   222830.130   223080.220   223080.230   223080.250
  2490:   223080.340   223223.120   223312.130   223430.120   223515.130
  2495:   223553.130   223643.120   223680.840   223729.640   223729.320
  2500:   223729.330   223729.350   223729.240   223729.130   223979.220
  2505:   223979.230   223979.250   223979.340   224103.120   224187.130
  2510:   224288.130   224459.130   224552.130   224643.130   224731.120
  2515:   224820.130   224851.130   225033.130   225123.130   225219.120
  2520:   225310.130   225426.120   225544.130   225724.130   225846.120
  2525:   225934.130   226046.120   226139.130   226174.740   226368.540
  2530:   226368.320   226368.330   226368.350   226368.240   226368.120
  2535:   226618.220   226618.230   226618.250   226618.340   226725.120
  2540:   226760.120   226853.130   226944.120   227030.130   227124.130
  2545:   227226.120   227279.840   227311.640   227311.320   227311.330
  2550:   227311.350   227311.240   227311.130   227561.220   227561.230
  2555:   227561.250   227561.340   227667.120   227755.130   227894.120
  2560:   227978.130   228069.130   228158.120   228223.120   228319.130
  2565:   228445.120   228535.130   228726.130   228855.130   229037.120
  2570:   229121.130   229374.120   229473.130   229506.130   229605.120
  2575:   229691.130   230099.120   230180.130   230261.840   230326.120
  2580:   230368.120   230466.640   230466.320   230466.330   230466.350
  2585:   230466.240   230466.130   230716.220   230716.230   230716.250
  2590:   230716.340   230806.120   230841.120   230877.120   230964.130
  2595:   231054.120   231144.130   231261.130   231377.120   231418.120
  2600:   231508.130   231632.120   231721.130   231833.120   231921.130
  2605:   232106.130   232226.120   232330.130   232443.120   232481.120
  2610:   232568.130   232682.120   232719.120   232813.130   233200.120
  2615:   233311.130   233414.120   233498.130   233664.120   233756.130
  2620:   234020.120   234103.130   234405.120   234650.120   234689.120
  2625:   234782.130   234987.120   235026.120   235109.130   235146.130
  2630:   235282.120   235321.120   235363.120   235412.120   235416.840
  2635:   235450.120   235558.640   235558.320   235558.330   235558.350
  2640:   235558.240   235558.130   235808.220   235808.230   235808.250
  2645:   235808.340   235911.120   236004.130   236137.120   236173.120
  2650:   236266.130   236306.130   236421.120   236504.130   236595.120
  2655:   236684.130   236778.120   236871.130   237170.120   237262.130
  2660:   237294.130   237472.130   237504.130   237611.120   237694.130
  2665:   237848.120   237928.130   238113.120   238153.120   238239.130
  2670:   238619.120   238707.130   238922.120   239005.130   239118.740
  2675:   239456.540   239456.320   239456.330   239456.350   239456.240
  2680:   239456.120   239706.220   239706.230   239706.250   239706.340
  2685:   239890.120   239975.130   240083.130   240182.120   240208.840
  2690:   240282.640   240282.320   240282.330   240282.350   240282.240
  2695:   240282.130   240532.220   240532.230   240532.250   240532.340
  2700:   240649.120   240685.120   240718.120   240802.130   240893.130
  2705:   241062.120   241152.130   241325.130   241448.120   241532.840
  2710:   241664.120   241752.640   241752.320   241752.330   241752.350
  2715:   241752.240   241752.130   242002.220   242002.230   242002.250
  2720:   242002.340   242105.120   242197.130   242289.120   242374.130
  2725:   242470.120   242557.130   242677.120   242755.130   242926.130
  2730:   242960.130   243069.120   243154.130   243245.130   243360.120
  2735:   243445.130   243668.120   243760.130   244015.120   244099.130
  2740:   244375.120   244457.130   244745.130   244785.130   244929.130
  2745:   245096.120   245136.120   245226.130   245491.120   245579.130
  2750:   245853.130   246079.120   246154.130   246323.120   246407.130
  2755:   246701.120   246736.120   246805.130   246921.130   247118.120
  2760:   247200.130   247575.120   247659.130   247786.120   247806.740
  2765:   247856.130   247991.130   248226.540   248226.320   248226.330
  2770:   248226.350   248226.240   248226.120   248476.220   248476.230
  2775:   248476.250   248476.340   248565.120   248656.130   248780.130
  2780:   248867.120   248943.130   249044.120   249135.130   249346.120
  2785:   249402.840   249644.120   249726.640   249726.320   249726.330
  2790:   249726.350   249726.240   249726.130   249976.220   249976.230
  2795:   249976.250   249976.340   250064.120   250155.130   250251.120
  2800:   250315.130   250356.130   250530.130   250617.130   250786.120
  2805:   250890.130   251100.130   251283.120   251377.130   251822.120
  2810:   251909.130   252018.120   252103.130   252295.120   252329.120
  2815:   252420.130   252642.120   252726.130   252920.120   253003.130
  2820:   253076.740   253162.540   253162.320   253162.330   253162.350
  2825:   253162.240   253162.120   253412.220   253412.230   253412.250
  2830:   253412.340   253476.840   253509.120   253599.640   253599.320
  2835:   253599.330   253599.350   253599.240   253599.130   253849.220
  2840:   253849.230   253849.250   253849.340   253958.120   254049.130
  2845:   254141.130   254265.120   254381.130   254449.840   254493.120
  2850:   254575.640   254575.320   254575.330   254575.350   254575.240
  2855:   254575.130   254825.220   254825.230   254825.250   254825.340
  2860:   254927.120   255016.130   255109.120   255177.130   255270.120
  2865:   255350.130   255521.120   255604.130   255753.120   255789.120
  2870:   255860.130   256122.120   256201.130   256239.130   256503.120
  2875:   256587.130   256803.120   256891.130   257128.120   257187.120
  2880:   257222.120   257314.130   257613.120   257702.130   257812.740
  2885:   257835.540   257835.320   257835.330   257835.350   257835.240
  2890:   257835.120   258085.220   258085.230   258085.250   258085.340
  2895:   258195.120   258290.130   258444.130   258562.120   258654.130
  2900:   258791.130   258912.120   258979.120   259019.120   259058.120
  2905:   259103.120   259139.120   259233.130   259388.130   259425.840
  2910:   259532.120   259626.640   259626.320   259626.330   259626.350
  2915:   259626.240   259626.130   259876.220   259876.230   259876.250
  2920:   259876.340   259980.120   260066.130   260143.130   260263.120
  2925:   260276.840   260383.640   260383.320   260383.330   260383.350
  2930:   260383.240   260383.130   260633.220   260633.230   260633.250
  2935:   260633.340   260740.120   260828.130   260918.130   261019.130
  2940:   261118.120   261205.130   261350.130   261475.120   261585.130
  2945:   261719.120   261806.130   261840.130   261990.120   262056.130
  2950:   262089.130   262276.120   262362.130   262562.120   262649.130
  2955:   262919.120   262997.130   263275.120   263362.130   263542.120
  2960:   263630.130   263772.120   263859.130   263890.130   264142.130
  2965:   264370.130   264677.120   264759.130   264878.120   264885.740
  2970:   265029.130   265183.540   265183.320   265183.330   265183.350
  2975:   265183.240   265183.120   265433.220   265433.230   265433.250
  2980:   265433.340   265542.120   265577.120   265671.130   265840.120
  2985:   265895.120   265931.120   266047.130   266168.120   266275.130
  2990:   266333.840   266396.120   266431.120   266474.120   266512.120
  2995:   266636.640   266636.320   266636.330   266636.350   266636.240
  3000:   266636.130   266886.220   266886.230   266886.250   266886.340
  3005:   266986.840   266989.120   267031.120   267115.640   267115.320
  3010:   267115.330   267115.350   267115.240   267115.130   267365.220
  3015:   267365.230   267365.250   267365.340   267464.120   267553.130
  3020:   267657.120   267763.130   267797.130   267916.120   268000.130
  3025:   268094.130   268212.120   268298.130   268381.130   268504.130
  3030:   268619.120   268688.130   268948.120   269042.130   269330.120
  3035:   269419.130   269596.120   269713.130   269873.120   269975.130
  3040:   270162.130   270315.120   270402.130   270542.120   270579.120
  3045:   270672.130   270762.120   271020.120   271100.130   271135.130
  3050:   271249.120   271340.130   271460.120   271547.130   271701.120
  3055:   271787.130   271950.120   272038.130   272233.120   272322.130
  3060:   272444.120   272535.130   272686.120   272770.130   272909.120
  3065:   273061.130   273242.120   273326.130   273511.120   273592.130
  3070:   273623.130   273790.120   273905.130   274084.120   274162.130
  3075:   274200.130   274552.120   274592.120   274666.120   274748.130
  3080:   274784.130   274962.120   275010.120   275097.130   275275.130
  3085:   275522.120   275614.130   275802.120   275846.120   275913.130
  3090:   276062.120   276202.130   276341.120   276426.130   276585.120
  3095:   276674.130   276801.120   276888.130   276918.130   277064.120
  3100:   277149.130   277260.120   277426.130   277459.130   277615.120
  3105:   277701.130   277734.130   277765.840   277952.120   278041.640
  3110:   278041.320   278041.330   278041.350   278041.240   278041.130
  3115:   278291.220   278291.230   278291.250   278291.340   278402.120
  3120:   278492.130   278588.130   278626.130   278690.130   278726.130
  3125:   278820.120   278899.130   278933.740   279020.130   279056.130
  3130:   279091.130   279205.540   279205.320   279205.330   279205.350
  3135:   279205.240   279205.120   279455.220   279455.230   279455.250
  3140:   279455.340   279603.120   279691.840   279790.120   279874.640
  3145:   279874.320   279874.330   279874.350   279874.240   279874.130
  3150:   280124.220   280124.230   280124.250   280124.340   280236.120
  3155:   280272.120   280361.130   280454.130   280545.120   280628.130
  3160:   280724.130   280812.120   280897.130   281048.130   281257.130
  3165:   281423.120   281460.120   281547.130   281708.120   281780.130
  3170:   281818.130   281855.130   281953.120   282036.130   282252.120
  3175:   282334.130   282399.130   282507.120   282578.130   282687.120
  3180:   282724.120   282762.120   282880.130   282969.120   283009.120
  3185:   283139.130   283361.120   283478.130   283514.130   283675.120
  3190:   283760.130   283930.120   284005.130   284162.120   284252.130
  3195:   284379.120   284463.130   284741.120   284809.120   284895.130
  3200:   285091.130   285474.130   285514.130   285550.130   285662.120
  3205:   285754.130   285904.130   286055.740   286130.540   286130.320
  3210:   286130.330   286130.350   286130.240   286130.120   286380.220
  3215:   286380.230   286380.250   286380.340   286487.120   286532.120
  3220:   286658.130   286758.130   286877.120   286968.130   287078.130
  3225:   287380.740   287437.540   287437.320   287437.330   287437.350
  3230:   287437.240   287437.120   287687.220   287687.230   287687.250
  3235:   287687.340   287897.130   288013.120   288100.130   288164.130
  3240:   288270.120   288358.130   288473.120   288561.130   288680.120
  3245:   288769.130   288937.130   288974.130   289079.130   289198.120
  3250:   289286.130   289422.120   289511.130   289995.120   290031.120
  3255:   290124.130   290234.120   290321.130   290479.130   290705.120
  3260:   290740.120   290827.130   291077.120   291354.120   291439.130
  3265:   291587.740   291627.540   291627.320   291627.330   291627.350
  3270:   291627.240   291627.120   291877.220   291877.230   291877.250
  3275:   291877.340   291964.120   292046.130   292172.120   292264.130
  3280:   292372.120   292424.840   292455.640   292455.320   292455.330
  3285:   292455.350   292455.240   292455.130   292705.220   292705.230
  3290:   292705.250   292705.340   292795.120   292886.130   292982.120
  3295:   293060.130   293189.120   293277.130   293396.120   293486.130
  3300:   293505.840   293669.640   293669.320   293669.330   293669.350
  3305:   293669.240   293669.130   293919.220   293919.230   293919.250
  3310:   293919.340   294027.120   294117.130   294229.120   294312.130
  3315:   294347.130   294502.120   294587.130   294767.120   294846.130
  3320:   294961.120   295048.130   295232.120   295313.130   295351.130
  3325:   295546.120   295640.130   295747.120   295847.130   295963.130
  3330:   296216.120   296305.130   296519.840   296533.120   296571.120
  3335:   296959.120   297049.640   297049.320   297049.330   297049.350
  3340:   297049.240   297049.130   297299.220   297299.230   297299.250
  3345:   297299.340   297421.120   297505.130   297602.130   297708.120
  3350:   297789.130   297985.130   298096.120   298155.120   298199.840
  3355:   298245.640   298245.320   298245.330   298245.350   298245.240
  3360:   298245.130   298495.220   298495.230   298495.250   298495.340
  3365:   298618.120   298711.130   298823.120   298894.130   299025.120
  3370:   299065.120   299166.130   299318.120   299412.130   299502.120
  3375:   299725.130   299759.130   299886.120   299979.130   299995.840
  3380:   300189.120   300277.640   300277.320   300277.330   300277.350
  3385:   300277.240   300277.130   300527.220   300527.230   300527.250
  3390:   300527.340   300630.120   300752.130   300845.120   300926.130
  3395:   301019.120   301102.130   301137.130   301231.130   301425.120
  3400:   301527.840   301552.640   301552.320   301552.330   301552.350
  3405:   301552.240   301552.130   301802.220   301802.230   301802.250
  3410:   301802.340   301923.120   302019.130   302114.130   302292.130
  3415:   302445.120   302532.130   302645.120   302732.130   302847.120
  3420:   302930.130   303085.120   303169.130   303204.130   303320.120
  3425:   303409.130   303602.840   303655.120   303696.120   303769.640
  3430:   303769.320   303769.330   303769.350   303769.240   303769.130
  3435:   304019.220   304019.230   304019.250   304019.340   304133.120
  3440:   304226.130   304318.130   304431.120   304514.130   304548.130
  3445:   304665.120   304778.130   304895.120   304981.130   305073.120
  3450:   305163.130   305275.120   305358.130   305518.120   305558.120
  3455:   305648.130   305776.120   305866.130   306016.120   306102.130
  3460:   306335.120   306424.130   306758.120   306912.130   307074.120
  3465:   307077.740   307162.130   307321.540   307321.320   307321.330
  3470:   307321.350   307321.240   307321.120   307571.220   307571.230
  3475:   307571.250   307571.340   307683.120   307775.130   307866.120
  3480:   307955.130   308063.120   308156.130   308247.120   308339.130
  3485:   308475.120   308593.130   308760.120   308850.130   308972.120
  3490:   309060.130   309302.130   309339.130   309531.120   309598.120
  3495:   309637.120   309674.120   309766.130   309935.120   310028.130
  3500:   310215.120   310310.130   310519.120   310555.120   310647.130
  3505:   310795.120   310880.130   310914.130   311068.120   311160.130
  3510:   311317.130   311352.130   311619.840   311874.120   312005.640
  3515:   312005.320   312005.330   312005.350   312005.240   312005.130
  3520:   312255.220   312255.230   312255.250   312255.340   312396.120
  3525:   312481.130   312634.120   312727.130   312826.130   312928.120
  3530:   313010.130   313306.130   313344.130   313548.130   313751.120
  3535:   313805.120   313907.130   314118.120   314206.130   314333.120
  3540:   314425.130   314553.120   314643.130   314829.120   314922.130
  3545:   315071.120   315161.130   315315.130   315550.120   315638.130
  3550:   315674.130   315771.740   315774.540   315774.320   315774.330
  3555:   315774.350   315774.240   315774.120   316024.220   316024.230
  3560:   316024.250   316024.340   316127.120   316218.130   316328.130
  3565:   316500.130   316621.130   316655.130   316809.130   316958.130
  3570:   317071.120   317167.130   317321.120   317410.130   317648.120
  3575:   317734.130   317853.120   317946.130   318098.130   318226.120
  3580:   318317.130   318489.120   318524.120   318573.120   318613.120
  3585:   318685.130   318745.130   318914.120   318955.840   319001.640
  3590:   319001.320   319001.330   319001.350   319001.240   319001.130
  3595:   319251.220   319251.230   319251.250   319251.340   319380.120
  3600:   319468.130   319559.130   319694.120   319784.130   319851.840
  3605:   319935.640   319935.320   319935.330   319935.350   319935.240
  3610:   319935.130   320185.220   320185.230   320185.250   320185.340
  3615:   320318.120   320405.130   320626.130   320775.130   320912.120
  3620:   320955.120   320996.120   321096.130   321124.740   321183.130
  3625:   321310.540   321310.320   321310.330   321310.350   321310.240
  3630:   321310.120   321560.220   321560.230   321560.250   321560.340
  3635:   321696.120   321739.120   321831.130   321869.130   321965.120
  3640:   322052.130   322145.130   322239.120   322331.130   322422.120
  3645:   322516.130   322632.120   322717.130   322925.120   323015.130
  3650:   323134.120   323227.130   323347.120   323434.130   323624.130
  3655:   323738.120   323834.130   323936.130   324031.120   324100.120
  3660:   324195.130   324386.130   324513.120   324600.130   324634.130
  3665:   324746.120   324862.130   324989.120   325080.130   325211.120
  3670:   325285.840   325298.640   325298.320   325298.330   325298.350
  3675:   325298.240   325298.130   325548.220   325548.230   325548.250
  3680:   325548.340   325659.120   325764.130   325860.130   325959.120
  3685:   326045.130   326141.120   326240.130   326335.130   326348.840
  3690:   326488.640   326488.320   326488.330   326488.350   326488.240
  3695:   326488.130   326738.220   326738.230   326738.250   326738.340
  3700:   326846.120   326945.130   326979.130   327087.130   327209.120
  3705:   327306.130   327401.120   327495.130   327594.130   327705.120
  3710:   327790.130   328061.120   328178.130   328246.130   328380.120
  3715:   328423.120   328516.130   328699.120   328791.130   328899.120
  3720:   328940.120   329042.130   329220.120   329307.130   329582.120
  3725:   329672.130   329787.120   329877.130   329908.130   330017.120
  3730:   330104.130   330222.120   330238.840   330311.640   330311.320
  3735:   330311.330   330311.350   330311.240   330311.130   330561.220
  3740:   330561.230   330561.250   330561.340   330686.120   330789.130
  3745:   330894.130   331013.120   331107.130   331203.120   331290.130
  3750:   331407.120   331461.840   331500.640   331500.320   331500.330
  3755:   331500.350   331500.240   331500.130   331750.220   331750.230
  3760:   331750.250   331750.340   331860.120   331989.130   332100.120
  3765:   332193.130   332287.120   332374.130   332484.120   332573.130
  3770:   332668.130   332780.120   332864.130   333018.120   333145.130
  3775:   333299.130   333448.130   333540.120   333635.130   333748.120
  3780:   333848.130   333889.130   334001.120   334086.130   334243.130
  3785:   334342.120   334427.130   334543.120   334629.130   334835.130
  3790:   335028.120   335239.120   335346.130   335391.130   335522.120
  3795:   335612.130   335733.120   335823.130   335936.120   336036.130
  3800:   336170.120   336258.130   336410.120   336452.120   336489.120
  3805:   336657.130   336919.130   336953.130   337049.120   337136.130
  3810:   337235.120   337325.130   337418.120   337512.130   337620.120
  3815:   337734.130   337940.130   338005.130   338104.120   338192.130
  3820:   338353.120   338417.120   338510.130   338673.120   338760.130
  3825:   338983.130   339222.130   339256.130   339287.130   339418.120
  3830:   339508.130   339720.130   339929.120   340017.130   340135.120
  3835:   340223.130   340338.120   340434.130   340536.120   340628.130
  3840:   340751.120   340842.130   340974.120   341094.120   341194.130
  3845:   341296.130   341448.120   341534.130   341623.120   341752.120
  3850:   341849.130   341999.120   342100.130   342382.130   342499.120
  3855:   342591.130   342870.120   342939.130   343091.120   343239.130
  3860:   343370.120   343455.130   343673.120   343754.130   343946.120
  3865:   344028.130   344150.840   344159.120   344243.640   344243.320
  3870:   344243.330   344243.350   344243.240   344243.130   344493.220
  3875:   344493.230   344493.250   344493.340   344587.120   344685.130
  3880:   344807.130   344906.120   344974.130   345101.120   345186.130
  3885:   345338.130   345459.120   345549.130   345582.130   345793.840
  3890:   345941.120   345985.120   346060.640   346060.320   346060.330
  3895:   346060.350   346060.240   346060.130   346310.220   346310.230
  3900:   346310.250   346310.340   346422.120   346513.130   346672.130
  3905:   346710.840   346876.640   346876.320   346876.330   346876.350
  3910:   346876.240   346876.130   347126.220   347126.230   347126.250
  3915:   347126.340   347363.130   347480.120   347554.130   347560.740
  3920:   347712.130   347997.130   348034.130   348131.540   348131.320
  3925:   348131.330   348131.350   348131.240   348131.120   348381.220
  3930:   348381.230   348381.250   348381.340   348489.120   348590.130
  3935:   348701.120   348793.130   348906.120   349028.130   349142.120
  3940:   349233.130   349384.130   349478.120   349572.130   349684.120
  3945:   349772.130   349927.130   350108.130   350148.130   350281.740
  3950:   350309.130   351035.540   351035.320   351035.330   351035.350
  3955:   351035.240   351035.120   351285.220   351285.230   351285.250
  3960:   351285.340   351396.120   351493.130   351609.120   351699.130
  3965:   351883.130   352076.120   352165.130   352292.120   352380.130
  3970:   352539.130   352584.130   352757.130   352882.130   352926.840
  3975:   353093.120   353173.640   353173.320   353173.330   353173.350
  3980:   353173.240   353173.130   353423.220   353423.230   353423.250
  3985:   353423.340   353542.120   353632.130   353753.130   353866.120
  3990:   353948.130   353987.130   354093.120   354164.130   354262.130
  3995:   354721.120   354754.120   354853.130   354941.120   355026.130
  4000:   355171.130   355345.120   355427.130   355523.840   355554.120
  4005:   355647.640   355647.320   355647.330   355647.350   355647.240
  4010:   355647.130   355897.220   355897.230   355897.250   355897.340
  4015:   356001.120   356097.130   356187.120   356223.120   356324.130
  4020:   356415.120   356507.130   356589.120   356768.120   356895.130
  4025:   356992.120   357031.120   357079.120   357115.120   357240.120
  4030:   357274.120   357372.130   357484.120   357577.130   357751.120
  4035:   357840.130   357885.740   357991.540   357991.320   357991.330
  4040:   357991.350   357991.240   357991.120   358241.220   358241.230
  4045:   358241.250   358241.340   358597.840   358649.120   358683.120
  4050:   358850.640   358850.320   358850.330   358850.350   358850.240
  4055:   358850.130   359100.220   359100.230   359100.250   359100.340
  4060:   359541.740   360000.320   360000.330   360000.350   360000.020
C:
     0:        0.000     1182.000     1564.000       34.000       97.000
     5:        0.000
D:
     0:        0.000        0.000
L:
     0:      111.000      111.000      111.000
M:
     0:      900.000      901.000      902.000      903.000      904.000
     5:      905.000      906.000      907.000      908.000      909.000
    10:      910.000      911.000      912.000      913.000      914.000
    15:      915.000      916.000      917.000      918.000      919.000
    20:      920.000      921.000      922.000      923.000      924.000
    25:      925.000      926.000      927.000      928.000      929.000
    30:      930.000      931.000      932.000      933.000      934.000
    35:      935.000      936.000      937.000      938.000      939.000
    40:      940.000      941.000      942.000      943.000      944.000
    45:      945.000      946.000      947.000      948.000      949.000
    50:      950.000      951.000      952.000      953.000      954.000
    55:      955.000      956.000      957.000      958.000      959.000
    60:      960.000      961.000      962.000      963.000      964.000
    65:      965.000      966.000      967.000      968.000      969.000
    70:      970.000      971.000      972.000      973.000      974.000
    75:      975.000      976.000      977.000      978.000      979.000
    80:      980.000      981.000      982.000      983.000      984.000
    85:      985.000      986.000      987.000      988.000      989.000
    90:      990.000      991.000      992.000      993.000      994.000
    95:      995.000      996.000      997.000      998.000      999.000
   100:     1000.000     1001.000     1002.000     1003.000     1004.000
   105:     1005.000     1006.000     1007.000     1008.000     1009.000
   110:     1010.000     1011.000     1012.000     1013.000     1014.000
   115:     1015.000     1016.000     1017.000     1018.000     1019.000
   120:     1020.000     1021.000     1022.000     1023.000     1024.000
   125:     1025.000     1026.000     1027.000     1028.000     1029.000
   130:     1030.000     1031.000     1032.000     1033.000     1034.000
   135:     1035.000     1036.000     1037.000     1038.000     1039.000
   140:     1040.000     1041.000     1042.000     1043.000     1044.000
   145:     1045.000     1046.000     1047.000     1048.000     1049.000
   150:     1050.000     1051.000     1052.000     1053.000     1054.000
   155:     1055.000     1056.000     1057.000     1058.000     1059.000
   160:     1060.000     1061.000     1062.000     1063.000     1064.000
   165:     1065.000     1066.000     1067.000     1068.000     1069.000
   170:     1070.000     1071.000     1072.000     1073.000     1074.000
   175:     1075.000     1076.000     1077.000     1078.000     1079.000
   180:     1080.000     1081.000     1082.000     1083.000     1084.000
   185:     1085.000     1086.000     1087.000     1088.000     1089.000
   190:     1090.000     1091.000     1092.000     1093.000     1094.000
   195:     1095.000     1096.000     1097.000     1098.000     1099.000
   200:     1100.000     1101.000     1102.000     1103.000     1104.000
   205:     1105.000     1106.000     1107.000     1108.000     1109.000
   210:     1110.000     1111.000     1112.000     1113.000     1114.000
   215:     1115.000     1116.000     1117.000     1118.000     1119.000
   220:     1120.000     1121.000     1122.000     1123.000     1124.000
   225:     1125.000     1126.000     1127.000     1128.000     1129.000
   230:     1130.000     1131.000     1132.000     1133.000     1134.000
   235:     1135.000     1136.000     1137.000     1138.000     1139.000
   240:     1140.000     1141.000     1142.000     1143.000     1144.000
   245:     1145.000     1146.000     1147.000     1148.000     1149.000
   250:     1150.000     1151.000     1152.000     1153.000     1154.000
   255:     1155.000     1156.000     1157.000     1158.000     1159.000
   260:     1160.000     1161.000     1162.000     1163.000     1164.000
   265:     1165.000     1166.000     1167.000     1168.000     1169.000
   270:     1170.000     1171.000     1172.000     1173.000     1174.000
   275:     1175.000     1176.000     1177.000     1178.000     1179.000
   280:     1180.000     1181.000     1182.000     1183.000     1184.000
   285:     1185.000     1186.000     1187.000     1188.000     1189.000
   290:     1190.000     1191.000     1192.000     1193.000     1194.000
   295:     1195.000     1196.000     1197.000     1198.000     1199.000
   300:     1200.000     1201.000     1202.000     1203.000     1204.000
   305:     1205.000     1206.000     1207.000     1208.000     1209.000
   310:     1210.000     1211.000     1212.000     1213.000     1214.000
   315:     1215.000     1216.000     1217.000     1218.000     1219.000
   320:     1220.000     1221.000     1222.000     1223.000     1224.000
   325:     1225.000     1226.000     1227.000     1228.000     1229.000
   330:     1230.000     1231.000     1232.000     1233.000     1234.000
   335:     1235.000     1236.000     1237.000     1238.000     1239.000
   340:     1240.000     1241.000     1242.000     1243.000     1244.000
   345:     1245.000     1246.000     1247.000     1248.000     1249.000
   350:     1250.000     1251.000     1252.000     1253.000     1254.000
   355:     1255.000     1256.000     1257.000     1258.000     1259.000
   360:     1260.000     1261.000     1262.000     1263.000     1264.000
   365:     1265.000     1266.000     1267.000     1268.000     1269.000
   370:     1270.000     1271.000     1272.000     1273.000     1274.000
   375:     1275.000     1276.000     1277.000     1278.000     1279.000
   380:     1280.000     1281.000     1282.000     1283.000     1284.000
   385:     1285.000     1286.000     1287.000     1288.000     1289.000
   390:     1290.000     1291.000     1292.000     1293.000     1294.000
   395:     1295.000     1296.000     1297.000     1298.000     1299.000
   400:     1300.000     1301.000     1302.000     1303.000     1304.000
   405:     1305.000     1306.000     1307.000     1308.000     1309.000
   410:     1310.000     1311.000     1312.000     1313.000     1314.000
   415:     1315.000     1316.000     1317.000     1318.000     1319.000
   420:     1320.000     1321.000     1322.000     1323.000     1324.000
   425:     1325.000     1326.000     1327.000     1328.000     1329.000
   430:     1330.000     1331.000     1332.000     1333.000     1334.000
   435:     1335.000     1336.000     1337.000     1338.000     1339.000
   440:     1340.000     1341.000     1342.000     1343.000     1344.000
   445:     1345.000     1346.000     1347.000     1348.000     1349.000
   450:     1350.000     1351.000     1352.000     1353.000     1354.000
   455:     1355.000     1356.000     1357.000     1358.000     1359.000
   460:     1360.000     1361.000     1362.000     1363.000     1364.000
   465:     1365.000     1366.000     1367.000     1368.000     1369.000
   470:     1370.000     1371.000     1372.000     1373.000     1374.000
   475:     1375.000     1376.000     1377.000     1378.000     1379.000
   480:     1380.000     1381.000     1382.000     1383.000     1384.000
   485:     1385.000     1386.000     1387.000     1388.000     1389.000
   490:     1390.000     1391.000     1392.000     1393.000     1394.000
   495:     1395.000     1396.000     1397.000     1398.000     1399.000
   500:     1400.000     1401.000     1402.000     1403.000     1404.000
   505:     1405.000     1406.000     1407.000     1408.000     1409.000
   510:     1410.000     1411.000     1412.000     1413.000     1414.000
   515:     1415.000     1416.000     1417.000     1418.000     1419.000
   520:     1420.000     1421.000     1422.000     1423.000     1424.000
   525:     1425.000     1426.000     1427.000     1428.000     1429.000
   530:     1430.000     1431.000     1432.000     1433.000     1434.000
   535:     1435.000     1436.000     1437.000     1438.000     1439.000
   540:     1440.000     1441.000     1442.000     1443.000     1444.000
   545:     1445.000     1446.000     1447.000     1448.000     1449.000
   550:     1450.000     1451.000     1452.000     1453.000     1454.000
   555:     1455.000     1456.000     1457.000     1458.000     1459.000
   560:     1460.000     1461.000     1462.000     1463.000     1464.000
   565:     1465.000     1466.000     1467.000     1468.000     1469.000
   570:     1470.000     1471.000     1472.000     1473.000     1474.000
   575:     1475.000     1476.000     1477.000     1478.000     1479.000
   580:     1480.000     1481.000     1482.000     1483.000     1484.000
   585:     1485.000     1486.000     1487.000     1488.000     1489.000
   590:     1490.000     1491.000     1492.000     1493.000     1494.000
   595:     1495.000     1496.000     1497.000     1498.000     1499.000
   600:     1500.000
N:
     0:     3300.000     3301.000     3302.000     3303.000     3304.000
     5:     3305.000     3306.000     3307.000     3308.000     3309.000
    10:     3310.000     3311.000     3312.000     3313.000     3314.000
    15:     3315.000     3316.000     3317.000     3318.000     3319.000
    20:     3320.000     3321.000     3322.000     3323.000     3324.000
    25:     3325.000     3326.000     3327.000     3328.000     3329.000
    30:     3330.000     3331.000     3332.000     3333.000     3334.000
    35:     3335.000     3336.000     3337.000     3338.000     3339.000
    40:     3340.000     3341.000     3342.000     3343.000     3344.000
    45:     3345.000     3346.000     3347.000     3348.000     3349.000
    50:     3350.000     3351.000     3352.000     3353.000     3354.000
    55:     3355.000     3356.000     3357.000     3358.000     3359.000
    60:     3360.000     3361.000     3362.000     3363.000     3364.000
    65:     3365.000     3366.000     3367.000     3368.000     3369.000
    70:     3370.000     3371.000     3372.000     3373.000     3374.000
    75:     3375.000     3376.000     3377.000     3378.000     3379.000
    80:     3380.000     3381.000     3382.000     3383.000     3384.000
    85:     3385.000     3386.000     3387.000     3388.000     3389.000
    90:     3390.000     3391.000     3392.000     3393.000     3394.000
    95:     3395.000     3396.000     3397.000     3398.000     3399.000
   100:     3400.000     3401.000     3402.000     3403.000     3404.000
   105:     3405.000     3406.000     3407.000     3408.000     3409.000
   110:     3410.000     3411.000     3412.000     3413.000     3414.000
   115:     3415.000     3416.000     3417.000     3418.000     3419.000
   120:     3420.000     3421.000     3422.000     3423.000     3424.000
   125:     3425.000     3426.000     3427.000     3428.000     3429.000
   130:     3430.000     3431.000     3432.000     3433.000     3434.000
   135:     3435.000     3436.000     3437.000     3438.000     3439.000
   140:     3440.000     3441.000     3442.000     3443.000     3444.000
   145:     3445.000     3446.000     3447.000     3448.000     3449.000
   150:     3450.000     3451.000     3452.000     3453.000     3454.000
   155:     3455.000     3456.000     3457.000     3458.000     3459.000
   160:     3460.000     3461.000     3462.000     3463.000     3464.000
   165:     3465.000     3466.000     3467.000     3468.000     3469.000
   170:     3470.000     3471.000     3472.000     3473.000     3474.000
   175:     3475.000     3476.000     3477.000     3478.000     3479.000
   180:     3480.000     3481.000     3482.000     3483.000     3484.000
   185:     3485.000     3486.000     3487.000     3488.000     3489.000
   190:     3490.000     3491.000     3492.000     3493.000     3494.000
   195:     3495.000     3496.000     3497.000     3498.000     3499.000
   200:     3500.000     3501.000     3502.000     3503.000     3504.000
   205:     3505.000     3506.000     3507.000     3508.000     3509.000
   210:     3510.000     3511.000     3512.000     3513.000     3514.000
   215:     3515.000     3516.000     3517.000     3518.000     3519.000
   220:     3520.000     3521.000     3522.000     3523.000     3524.000
   225:     3525.000     3526.000     3527.000     3528.000     3529.000
   230:     3530.000     3531.000     3532.000     3533.000     3534.000
   235:     3535.000     3536.000     3537.000     3538.000     3539.000
   240:     3540.000     3541.000     3542.000     3543.000     3544.000
   245:     3545.000     3546.000     3547.000     3548.000     3549.000
   250:     3550.000     3551.000     3552.000     3553.000     3554.000
   255:     3555.000     3556.000     3557.000     3558.000     3559.000
   260:     3560.000     3561.000     3562.000     3563.000     3564.000
   265:     3565.000     3566.000     3567.000     3568.000     3569.000
   270:     3570.000     3571.000     3572.000     3573.000     3574.000
   275:     3575.000     3576.000     3577.000     3578.000     3579.000
   280:     3580.000     3581.000     3582.000     3583.000     3584.000
   285:     3585.000     3586.000     3587.000     3588.000     3589.000
   290:     3590.000     3591.000     3592.000     3593.000     3594.000
   295:     3595.000     3596.000     3597.000     3598.000     3599.000
   300:     3600.000     3601.000     3602.000     3603.000     3604.000
   305:     3605.000     3606.000     3607.000     3608.000     3609.000
   310:     3610.000     3611.000     3612.000     3613.000     3614.000
   315:     3615.000     3616.000     3617.000     3618.000     3619.000
   320:     3620.000     3621.000     3622.000     3623.000     3624.000
   325:     3625.000     3626.000     3627.000     3628.000     3629.000
   330:     3630.000     3631.000     3632.000     3633.000     3634.000
   335:     3635.000     3636.000     3637.000     3638.000     3639.000
   340:     3640.000     3641.000     3642.000     3643.000     3644.000
   345:     3645.000     3646.000     3647.000     3648.000     3649.000
   350:     3650.000     3651.000     3652.000     3653.000     3654.000
   355:     3655.000     3656.000     3657.000     3658.000     3659.000
   360:     3660.000     3661.000     3662.000     3663.000     3664.000
   365:     3665.000     3666.000     3667.000     3668.000     3669.000
   370:     3670.000     3671.000     3672.000     3673.000     3674.000
   375:     3675.000     3676.000     3677.000     3678.000     3679.000
   380:     3680.000     3681.000     3682.000     3683.000     3684.000
   385:     3685.000     3686.000     3687.000     3688.000     3689.000
   390:     3690.000     3691.000     3692.000     3693.000     3694.000
   395:     3695.000     3696.000     3697.000     3698.000     3699.000
   400:     3700.000     3701.000     3702.000     3703.000     3704.000
   405:     3705.000     3706.000     3707.000     3708.000     3709.000
   410:     3710.000     3711.000     3712.000     3713.000     3714.000
   415:     3715.000     3716.000     3717.000     3718.000     3719.000
   420:     3720.000     3721.000     3722.000     3723.000     3724.000
   425:     3725.000     3726.000     3727.000     3728.000     3729.000
   430:     3730.000     3731.000     3732.000     3733.000     3734.000
   435:     3735.000     3736.000     3737.000     3738.000     3739.000
   440:     3740.000     3741.000     3742.000     3743.000     3744.000
   445:     3745.000     3746.000     3747.000     3748.000     3749.000
   450:     3750.000     3751.000     3752.000     3753.000     3754.000
   455:     3755.000     3756.000     3757.000     3758.000     3759.000
   460:     3760.000     3761.000     3762.000     3763.000     3764.000
   465:     3765.000     3766.000     3767.000     3768.000     3769.000
   470:     3770.000     3771.000     3772.000     3773.000     3774.000
   475:     3775.000     3776.000     3777.000     3778.000     3779.000
   480:     3780.000     3781.000     3782.000     3783.000     3784.000
   485:     3785.000     3786.000     3787.000     3788.000     3789.000
   490:     3790.000     3791.000     3792.000     3793.000     3794.000
   495:     3795.000     3796.000     3797.000     3798.000     3799.000
   500:     3800.000     3801.000     3802.000     3803.000     3804.000
   505:     3805.000     3806.000     3807.000     3808.000     3809.000
   510:     3810.000     3811.000     3812.000     3813.000     3814.000
   515:     3815.000     3816.000     3817.000     3818.000     3819.000
   520:     3820.000     3821.000     3822.000     3823.000     3824.000
   525:     3825.000     3826.000     3827.000     3828.000     3829.000
   530:     3830.000     3831.000     3832.000     3833.000     3834.000
   535:     3835.000     3836.000     3837.000     3838.000     3839.000
   540:     3840.000     3841.000     3842.000     3843.000     3844.000
   545:     3845.000     3846.000     3847.000     3848.000     3849.000
   550:     3850.000     3851.000     3852.000     3853.000     3854.000
   555:     3855.000     3856.000     3857.000     3858.000     3859.000
   560:     3860.000     3861.000     3862.000     3863.000     3864.000
   565:     3865.000     3866.000     3867.000     3868.000     3869.000
   570:     3870.000     3871.000     3872.000     3873.000     3874.000
   575:     3875.000     3876.000     3877.000     3878.000     3879.000
   580:     3880.000     3881.000     3882.000     3883.000     3884.000
   585:     3885.000     3886.000     3887.000     3888.000     3889.000
   590:     3890.000     3891.000     3892.000     3893.000     3894.000
   595:     3895.000     3896.000     3897.000     3898.000     3899.000
   600:     3900.000     3901.000     3902.000     3903.000     3904.000
   605:     3905.000     3906.000     3907.000     3908.000     3909.000
   610:     3910.000     3911.000     3912.000     3913.000     3914.000
   615:     3915.000     3916.000     3917.000     3918.000     3919.000
   620:     3920.000     3921.000     3922.000     3923.000     3924.000
   625:     3925.000     3926.000     3927.000     3928.000     3929.000
   630:     3930.000     3931.000     3932.000     3933.000     3934.000
   635:     3935.000     3936.000     3937.000     3938.000     3939.000
   640:     3940.000     3941.000     3942.000     3943.000     3944.000
   645:     3945.000     3946.000     3947.000     3948.000     3949.000
   650:     3950.000     3951.000     3952.000     3953.000     3954.000
   655:     3955.000     3956.000     3957.000     3958.000     3959.000
   660:     3960.000     3961.000     3962.000     3963.000     3964.000
   665:     3965.000     3966.000     3967.000     3968.000     3969.000
   670:     3970.000     3971.000     3972.000     3973.000     3974.000
   675:     3975.000     3976.000     3977.000     3978.000     3979.000
   680:     3980.000     3981.000     3982.000     3983.000     3984.000
   685:     3985.000     3986.000     3987.000     3988.000     3989.000
   690:     3990.000     3991.000     3992.000     3993.000     3994.000
   695:     3995.000     3996.000     3997.000     3998.000     3999.000
   700:     4000.000     4001.000     4002.000     4003.000     4004.000
   705:     4005.000     4006.000     4007.000     4008.000     4009.000
   710:     4010.000     4011.000     4012.000     4013.000     4014.000
   715:     4015.000     4016.000     4017.000     4018.000     4019.000
   720:     4020.000     4021.000     4022.000     4023.000     4024.000
   725:     4025.000     4026.000     4027.000     4028.000     4029.000
   730:     4030.000     4031.000     4032.000     4033.000     4034.000
   735:     4035.000     4036.000     4037.000     4038.000     4039.000
   740:     4040.000     4041.000     4042.000     4043.000     4044.000
   745:     4045.000     4046.000     4047.000     4048.000     4049.000
   750:     4050.000     4051.000     4052.000     4053.000     4054.000
   755:     4055.000     4056.000     4057.000     4058.000     4059.000
   760:     4060.000     4061.000     4062.000     4063.000     4064.000
   765:     4065.000     4066.000     4067.000     4068.000     4069.000
   770:     4070.000     4071.000     4072.000     4073.000     4074.000
   775:     4075.000     4076.000     4077.000     4078.000     4079.000
   780:     4080.000     4081.000     4082.000     4083.000     4084.000
   785:     4085.000     4086.000     4087.000     4088.000     4089.000
   790:     4090.000     4091.000     4092.000     4093.000     4094.000
   795:     4095.000     4096.000     4097.000     4098.000     4099.000
   800:     4100.000     4101.000     4102.000     4103.000     4104.000
   805:     4105.000     4106.000     4107.000     4108.000     4109.000
   810:     4110.000     4111.000     4112.000     4113.000     4114.000
   815:     4115.000     4116.000     4117.000     4118.000     4119.000
   820:     4120.000     4121.000     4122.000     4123.000     4124.000
   825:     4125.000     4126.000     4127.000     4128.000     4129.000
   830:     4130.000     4131.000     4132.000     4133.000     4134.000
   835:     4135.000     4136.000     4137.000     4138.000     4139.000
   840:     4140.000     4141.000     4142.000     4143.000     4144.000
   845:     4145.000     4146.000     4147.000     4148.000     4149.000
   850:     4150.000     4151.000     4152.000     4153.000     4154.000
   855:     4155.000     4156.000     4157.000     4158.000     4159.000
   860:     4160.000     4161.000     4162.000     4163.000     4164.000
   865:     4165.000     4166.000     4167.000     4168.000     4169.000
   870:     4170.000     4171.000     4172.000     4173.000     4174.000
   875:     4175.000     4176.000     4177.000     4178.000     4179.000
   880:     4180.000     4181.000     4182.000     4183.000     4184.000
   885:     4185.000     4186.000     4187.000     4188.000     4189.000
   890:     4190.000     4191.000     4192.000     4193.000     4194.000
   895:     4195.000     4196.000     4197.000     4198.000     4199.000
   900:     4200.000     4201.000     4202.000     4203.000     4204.000
   905:     4205.000     4206.000     4207.000     4208.000     4209.000
   910:     4210.000     4211.000     4212.000     4213.000     4214.000
   915:     4215.000     4216.000     4217.000     4218.000     4219.000
   920:     4220.000     4221.000     4222.000     4223.000     4224.000
   925:     4225.000     4226.000     4227.000     4228.000     4229.000
   930:     4230.000     4231.000     4232.000     4233.000     4234.000
   935:     4235.000     4236.000     4237.000     4238.000     4239.000
   940:     4240.000     4241.000     4242.000     4243.000     4244.000
   945:     4245.000     4246.000     4247.000     4248.000     4249.000
   950:     4250.000     4251.000     4252.000     4253.000     4254.000
   955:     4255.000     4256.000     4257.000     4258.000     4259.000
   960:     4260.000     4261.000     4262.000     4263.000     4264.000
   965:     4265.000     4266.000     4267.000     4268.000     4269.000
   970:     4270.000     4271.000     4272.000     4273.000     4274.000
   975:     4275.000     4276.000     4277.000     4278.000     4279.000
   980:     4280.000     4281.000     4282.000     4283.000     4284.000
   985:     4285.000     4286.000     4287.000     4288.000     4289.000
   990:     4290.000     4291.000     4292.000     4293.000     4294.000
   995:     4295.000     4296.000     4297.000     4298.000     4299.000
  1000:     4300.000     4301.000     4302.000     4303.000     4304.000
  1005:     4305.000     4306.000     4307.000     4308.000     4309.000
  1010:     4310.000     4311.000     4312.000     4313.000     4314.000
  1015:     4315.000     4316.000     4317.000     4318.000     4319.000
  1020:     4320.000     4321.000     4322.000     4323.000     4324.000
  1025:     4325.000     4326.000     4327.000     4328.000     4329.000
  1030:     4330.000     4331.000     4332.000     4333.000     4334.000
  1035:     4335.000     4336.000     4337.000     4338.000     4339.000
  1040:     4340.000     4341.000     4342.000     4343.000     4344.000
  1045:     4345.000     4346.000     4347.000     4348.000     4349.000
  1050:     4350.000     4351.000     4352.000     4353.000     4354.000
  1055:     4355.000     4356.000     4357.000     4358.000     4359.000
  1060:     4360.000     4361.000     4362.000     4363.000     4364.000
  1065:     4365.000     4366.000     4367.000     4368.000     4369.000
  1070:     4370.000     4371.000     4372.000     4373.000     4374.000
  1075:     4375.000     4376.000     4377.000     4378.000     4379.000
  1080:     4380.000     4381.000     4382.000     4383.000     4384.000
  1085:     4385.000     4386.000     4387.000     4388.000     4389.000
  1090:     4390.000     4391.000     4392.000     4393.000     4394.000
  1095:     4395.000     4396.000     4397.000     4398.000     4399.000
  1100:     4400.000     4401.000     4402.000     4403.000     4404.000
  1105:     4405.000     4406.000     4407.000     4408.000     4409.000
  1110:     4410.000     4411.000     4412.000     4413.000     4414.000
  1115:     4415.000     4416.000     4417.000     4418.000     4419.000
  1120:     4420.000     4421.000     4422.000     4423.000     4424.000
  1125:     4425.000     4426.000     4427.000     4428.000     4429.000
  1130:     4430.000     4431.000     4432.000     4433.000     4434.000
  1135:     4435.000     4436.000     4437.000     4438.000     4439.000
  1140:     4440.000     4441.000     4442.000     4443.000     4444.000
  1145:     4445.000     4446.000     4447.000     4448.000     4449.000
  1150:     4450.000     4451.000     4452.000     4453.000     4454.000
  1155:     4455.000     4456.000     4457.000     4458.000     4459.000
  1160:     4460.000     4461.000     4462.000     4463.000     4464.000
  1165:     4465.000     4466.000     4467.000     4468.000     4469.000
  1170:     4470.000     4471.000     4472.000     4473.000     4474.000
  1175:     4475.000     4476.000     4477.000     4478.000     4479.000
  1180:     4480.000     4481.000     4482.000     4483.000     4484.000
  1185:     4485.000     4486.000     4487.000     4488.000     4489.000
  1190:     4490.000     4491.000     4492.000     4493.000     4494.000
  1195:     4495.000     4496.000     4497.000     4498.000     4499.000
  1200:     4500.000
R:
     0:      333.000      333.000      333.000
V:
     0:     1371.000     3651.000
W:
     0:     1371.000     3651.000
