File: C:\MED-PC IV\DATA\p054_s161_japede


Start Date: 12/07/17
End Date: 12/07/17
Subject: p054
Experiment: 0
Group: 0
Box: 7
Start Time: 12:57:03
End Time: 13:57:54
MSN: japede_L_24_24_24_R_360_360_360
B:       0.000
E:    2843.000
F:       0.000
G:       0.000
H:       0.000
I:       2.000
J:       2.000
K:       0.000
O:       0.000
P:       0.000
Q:       0.000
S:  360000.000
T:  360000.000
U:       0.000
X:       0.000
Y:       0.000
Z:       0.000
A:
     0:        0.010        0.250        0.220        0.230      399.740
     5:     2532.130     2576.130     2620.130     3047.130     3089.130
    10:     3129.130     3424.540     3424.320     3424.330     3424.350
    15:     3424.240     3424.120     3674.220     3674.230     3674.250
    20:     3674.340     4096.120     4148.120     4285.120     4474.740
    25:     4603.130     4872.540     4872.320     4872.330     4872.350
    30:     4872.240     4872.120     5122.220     5122.230     5122.250
    35:     5122.340     5395.120     5463.120     5686.120     6039.130
    40:     6336.120     6527.120     6571.120     6766.120     7154.130
    45:     7191.130     7226.130     7448.120     7489.120     7707.130
    50:     7938.120     8599.130     8622.740     8874.130     8943.130
    55:     8993.130     9538.130     9577.130     9714.540     9714.320
    60:     9714.330     9714.350     9714.240     9714.120     9964.220
    65:     9964.230     9964.250     9964.340    10488.120    10831.120
    70:    11340.130    11473.120    11513.120    11624.120    11761.130
    75:    11873.120    12064.740    12275.540    12275.320    12275.330
    80:    12275.350    12275.240    12275.120    12525.220    12525.230
    85:    12525.250    12525.340    12737.120    14157.130    14198.130
    90:    14225.740    14401.540    14401.320    14401.330    14401.350
    95:    14401.240    14401.120    14651.220    14651.230    14651.250
   100:    14651.340    14922.120    14965.120    15108.120    15241.120
   105:    15406.120    15569.120    15851.120    15985.120    16022.120
   110:    16592.120    16631.120    16674.120    16793.130    16878.130
   115:    16988.120    18117.130    18251.740    18299.540    18299.320
   120:    18299.330    18299.350    18299.240    18299.120    18549.220
   125:    18549.230    18549.250    18549.340    18808.120    19154.120
   130:    19276.120    19876.120    19922.120    20135.120    20244.120
   135:    20574.130    20608.130    20648.130    20749.740    20958.540
   140:    20958.320    20958.330    20958.350    20958.240    20958.120
   145:    21208.220    21208.230    21208.250    21208.340    21487.120
   150:    21605.120    21729.120    21852.120    21976.120    22254.130
   155:    22408.740    22462.130    22497.130    22614.540    22614.320
   160:    22614.330    22614.350    22614.240    22614.120    22864.220
   165:    22864.230    22864.250    22864.340    23234.120    23273.120
   170:    23374.120    23548.120    23673.120    23712.120    23832.120
   175:    23957.120    24087.120    24220.130    24293.130    24333.130
   180:    24378.130    24421.130    24523.120    24559.120    24664.120
   185:    24764.740    24782.540    24782.320    24782.330    24782.350
   190:    24782.240    24782.120    25032.220    25032.230    25032.250
   195:    25032.340    25243.120    25607.130    25644.130    25697.130
   200:    25835.120    26010.130    26053.130    26196.120    26527.130
   205:    26662.120    26906.120    26944.120    27080.120    27232.120
   210:    27333.130    27535.130    27571.130    27724.120    27863.130
   215:    27932.740    27964.540    27964.320    27964.330    27964.350
   220:    27964.240    27964.120    28214.220    28214.230    28214.250
   225:    28214.340    28384.120    28522.120    28730.130    28831.120
   230:    28866.120    28980.120    29845.120    29883.120    30000.120
   235:    30162.130    30255.120    30290.120    30431.120    30573.120
   240:    30816.120    30988.120    31127.120    31165.120    31308.120
   245:    31314.740    31420.130    31623.130    31768.540    31768.320
   250:    31768.330    31768.350    31768.240    31768.120    32018.220
   255:    32018.230    32018.250    32018.340    32328.120    32408.120
   260:    32563.120    32708.120    33045.120    33122.120    33275.120
   265:    33312.120    33413.120    33445.120    33575.130    33665.120
   270:    33697.120    33832.120    34026.130    34063.130    34097.130
   275:    34209.120    34244.120    34345.120    34475.120    34583.130
   280:    34681.130    34717.130    35047.130    35211.120    35218.740
   285:    35368.540    35368.320    35368.330    35368.350    35368.240
   290:    35368.120    35618.220    35618.230    35618.250    35618.340
   295:    35928.120    36049.120    36184.120    36355.130    36404.130
   300:    36607.120    36642.120    36752.120    37018.740    37032.540
   305:    37032.320    37032.330    37032.350    37032.240    37032.120
   310:    37282.220    37282.230    37282.250    37282.340    37424.120
   315:    37466.120    37508.120    37608.120    37747.130    37842.120
   320:    37881.120    37986.120    38023.120    38082.740    38166.540
   325:    38166.320    38166.330    38166.350    38166.240    38166.120
   330:    38416.220    38416.230    38416.250    38416.340    38539.120
   335:    38587.120    38696.120    38869.120    39056.120    39090.120
   340:    39316.130    39360.130    39493.120    39560.120    39670.120
   345:    39707.120    39716.740    39811.130    39908.540    39908.320
   350:    39908.330    39908.350    39908.240    39908.120    40158.220
   355:    40158.230    40158.250    40158.340    40358.740    41380.540
   360:    41380.320    41380.330    41380.350    41380.240    41380.120
   365:    41630.220    41630.230    41630.250    41630.340    41812.120
   370:    41920.120    42071.130    42169.120    42204.120    42365.120
   375:    42496.120    42683.130    42722.130    42851.120    42890.120
   380:    43016.120    43161.120    43267.130    43367.120    43406.120
   385:    43513.130    43603.120    44329.120    44362.120    44493.130
   390:    44581.120    44618.120    44720.120    44884.130    44919.130
   395:    45030.740    45045.540    45045.320    45045.330    45045.350
   400:    45045.240    45045.120    45295.220    45295.230    45295.250
   405:    45295.340    45826.120    45868.120    45964.120    46198.130
   410:    46231.130    46346.120    46495.740    46514.130    46599.540
   415:    46599.320    46599.330    46599.350    46599.240    46599.120
   420:    46849.220    46849.230    46849.250    46849.340    47216.120
   425:    47315.120    47449.740    47474.130    47555.540    47555.320
   430:    47555.330    47555.350    47555.240    47555.120    47805.220
   435:    47805.230    47805.250    47805.340    47970.120    48114.120
   440:    48313.130    48348.130    48467.120    48500.120    48610.120
   445:    48754.120    48876.130    48961.120    48993.120    49287.130
   450:    49332.130    49501.120    49534.120    49631.120    49760.120
   455:    49921.130    49958.130    50053.120    50092.120    50186.120
   460:    50335.120    50458.120    50622.120    50662.120    50837.120
   465:    50882.120    50979.120    51105.740    51237.540    51237.320
   470:    51237.330    51237.350    51237.240    51237.120    51487.220
   475:    51487.230    51487.250    51487.340    51610.120    51650.120
   480:    51778.130    51863.120    51899.120    52065.120    52174.120
   485:    52287.740    52331.130    52365.130    52495.540    52495.320
   490:    52495.330    52495.350    52495.240    52495.120    52745.220
   495:    52745.230    52745.250    52745.340    52886.120    53075.130
   500:    53171.120    53208.120    53357.120    53513.120    53553.120
   505:    53742.120    53894.130    53984.120    54395.120    54439.120
   510:    54560.120    54734.120    54861.130    54954.120    55206.130
   515:    55299.120    55654.130    55691.130    55825.120    55862.120
   520:    55932.120    56069.130    56161.120    56195.120    56245.740
   525:    56290.540    56290.320    56290.330    56290.350    56290.240
   530:    56290.120    56540.220    56540.230    56540.250    56540.340
   535:    56713.120    57040.740    57085.130    57132.130    57238.540
   540:    57238.320    57238.330    57238.350    57238.240    57238.120
   545:    57488.220    57488.230    57488.250    57488.340    58231.120
   550:    58343.120    58488.130    58581.120    58889.120    59016.130
   555:    59052.130    59141.120    59377.130    59577.120    59679.120
   560:    59823.130    59896.130    60121.130    60156.130    60196.130
   565:    60292.120    60457.120    60611.120    60805.130    60840.130
   570:    60974.120    61378.130    61417.130    61544.120    61683.130
   575:    61727.130    61815.130    61917.120    62074.120    62174.120
   580:    62455.130    62496.130    62592.120    62627.120    62737.130
   585:    62772.130    62871.120    62996.130    63100.120    63188.740
   590:    63284.540    63284.320    63284.330    63284.350    63284.240
   595:    63284.120    63534.220    63534.230    63534.250    63534.340
   600:    63850.120    63949.120    64068.130    64165.120    64460.130
   605:    64498.130    64667.120    64773.120    64878.130    64955.120
   610:    64989.120    65113.120    65219.130    65297.120    65463.120
   615:    65691.130    65726.130    65895.120    66337.120    66447.120
   620:    66557.120    66849.120    67080.120    67434.740    68030.130
   625:    68064.130    68105.130    68115.130    68252.540    68252.320
   630:    68252.330    68252.350    68252.240    68252.120    68502.220
   635:    68502.230    68502.250    68502.340    68710.120    68849.120
   640:    69026.120    69202.740    69436.540    69436.320    69436.330
   645:    69436.350    69436.240    69436.120    69686.220    69686.230
   650:    69686.250    69686.340    70013.120    70163.130    70286.740
   655:    70306.540    70306.320    70306.330    70306.350    70306.240
   660:    70306.120    70556.220    70556.230    70556.250    70556.340
   665:    70851.120    70994.120    71151.120    71347.120    71397.120
   670:    71456.740    71620.540    71620.320    71620.330    71620.350
   675:    71620.240    71620.120    71870.220    71870.230    71870.250
   680:    71870.340    72032.120    72891.120    72925.120    73039.120
   685:    73279.120    73336.120    73622.120    73663.120    73865.120
   690:    73903.120    74170.740    74213.540    74213.320    74213.330
   695:    74213.350    74213.240    74213.120    74463.220    74463.230
   700:    74463.250    74463.340    74563.740    74757.540    74757.320
   705:    74757.330    74757.350    74757.240    74757.120    75007.220
   710:    75007.230    75007.250    75007.340    75295.120    75514.120
   715:    75675.120    75854.130    75891.130    75924.130    76007.740
   720:    76075.540    76075.320    76075.330    76075.350    76075.240
   725:    76075.120    76325.220    76325.230    76325.250    76325.340
   730:    76500.120    76613.130    76825.120    77195.120    77230.120
   735:    77342.120    77425.740    77537.540    77537.320    77537.330
   740:    77537.350    77537.240    77537.120    77787.220    77787.230
   745:    77787.250    77787.340    78064.120    78105.120    78182.120
   750:    78294.120    78329.120    78473.120    78510.120    78642.120
   755:    78821.120    78950.120    79507.120    79598.120    79898.120
   760:    80047.120    80271.130    80303.130    80425.120    80462.120
   765:    80608.130    80704.120    80836.120    80899.120    81104.120
   770:    81297.120    81501.120    81674.120    81987.740    82008.540
   775:    82008.320    82008.330    82008.350    82008.240    82008.120
   780:    82258.220    82258.230    82258.250    82258.340    82465.120
   785:    82703.120    82836.120    82935.120    83155.130    83284.120
   790:    83321.120    83389.120    83509.120    83634.120    83771.120
   795:    83806.120    84184.120    84355.120    84425.120    84541.120
   800:    84785.130    84816.130    84853.130    84992.120    85029.120
   805:    85182.120    85279.130    85358.740    85370.540    85370.320
   810:    85370.330    85370.350    85370.240    85370.120    85620.220
   815:    85620.230    85620.250    85620.340    85750.120    85876.130
   820:    85962.130    86053.120    86090.120    86241.120    86405.120
   825:    86612.120    86851.120    87233.120    87378.120    87520.740
   830:    87553.130    87587.130    87706.540    87706.320    87706.330
   835:    87706.350    87706.240    87706.120    87956.220    87956.230
   840:    87956.250    87956.340    88294.130    88464.120    88502.120
   845:    88602.120    88639.120    88927.120    88966.120    89585.130
   850:    89623.130    89656.740    89705.540    89705.320    89705.330
   855:    89705.350    89705.240    89705.120    89799.840    89955.220
   860:    89955.230    89955.250    89955.340    90055.740    90141.540
   865:    90141.320    90141.330    90141.350    90141.240    90141.120
   870:    90391.220    90391.230    90391.250    90391.340    90534.120
   875:    90582.120    90709.120    90833.120    91124.120    91192.120
   880:    91395.120    91466.120    91606.640    91606.320    91606.330
   885:    91606.350    91606.240    91606.130    91856.220    91856.230
   890:    91856.250    91856.340    92012.120    92190.120    92191.740
   895:    92341.540    92341.320    92341.330    92341.350    92341.240
   900:    92341.120    92591.220    92591.230    92591.250    92591.340
   905:    92730.120    92857.120    92989.120    93140.130    93555.120
   910:    93598.120    93717.120    94005.120    94169.120    94291.740
   915:    94617.130    94674.130    94843.540    94843.320    94843.330
   920:    94843.350    94843.240    94843.120    95093.220    95093.230
   925:    95093.250    95093.340    95222.120    95259.120    95380.130
   930:    95468.120    95500.120    95642.120    95675.120    95840.120
   935:    95878.120    96010.130    96043.130    96135.120    96170.120
   940:    96625.120    96818.120    96988.120    97065.120    97232.120
   945:    97265.120    97426.130    97601.120    97719.130    97821.120
   950:    98025.120    98282.120    98326.120    98502.120    98694.120
   955:    98895.120    99034.120    99274.130    99403.120    99443.120
   960:    99573.120    99656.840    99875.120    99893.740   100105.540
   965:   100105.320   100105.330   100105.350   100105.240   100105.120
   970:   100355.220   100355.230   100355.250   100355.340   100524.120
   975:   100655.740   100673.540   100673.320   100673.330   100673.350
   980:   100673.240   100673.120   100923.220   100923.230   100923.250
   985:   100923.340   101106.120   101144.120   101350.120   101647.120
   990:   101837.120   102028.640   102028.320   102028.330   102028.350
   995:   102028.240   102028.130   102278.220   102278.230   102278.250
  1000:   102278.340   102609.120   102778.120   103202.120   103305.120
  1005:   103422.120   103993.120   104298.130   104323.740   104336.130
  1010:   104435.540   104435.320   104435.330   104435.350   104435.240
  1015:   104435.120   104685.220   104685.230   104685.250   104685.340
  1020:   104830.120   105047.120   105084.120   105199.120   105236.120
  1025:   105350.130   105562.120   105727.130   105879.120   106017.120
  1030:   106322.120   106499.120   106909.130   106944.130   106985.130
  1035:   107096.120   107131.120   107263.120   107278.840   107568.120
  1040:   108022.640   108022.320   108022.330   108022.350   108022.240
  1045:   108022.130   108272.220   108272.230   108272.250   108272.340
  1050:   108375.120   108450.120   108556.130   108596.130   108685.740
  1055:   108733.540   108733.320   108733.330   108733.350   108733.240
  1060:   108733.120   108983.220   108983.230   108983.250   108983.340
  1065:   109139.120   109271.120   109503.130   109537.130   109624.120
  1070:   109662.120   109932.120   110397.130   110430.130   110465.130
  1075:   110612.120   110783.740   110832.540   110832.320   110832.330
  1080:   110832.350   110832.240   110832.120   111082.220   111082.230
  1085:   111082.250   111082.340   111386.130   111489.120   111582.740
  1090:   111790.540   111790.320   111790.330   111790.350   111790.240
  1095:   111790.120   112040.220   112040.230   112040.250   112040.340
  1100:   112266.120   112423.120   112736.120   112896.120   113052.130
  1105:   113094.130   113130.130   113229.130   113347.120   113688.120
  1110:   114293.120   114329.120   114477.130   114515.130   114606.120
  1115:   114644.120   115032.120   115140.740   115199.540   115199.320
  1120:   115199.330   115199.350   115199.240   115199.120   115449.220
  1125:   115449.230   115449.250   115449.340   115643.120   115758.120
  1130:   115933.120   116140.120   116231.130   116271.130   116352.120
  1135:   116839.120   116877.120   117375.120   117416.120   117520.120
  1140:   117555.120   117717.130   117752.130   117789.130   117886.120
  1145:   117952.120   118357.120   118534.120   118935.120   119045.120
  1150:   119083.120   119278.130   119437.120   119549.740   119644.540
  1155:   119644.320   119644.330   119644.350   119644.240   119644.120
  1160:   119894.220   119894.230   119894.250   119894.340   120023.120
  1165:   120355.120   120994.130   121094.120   121350.120   121614.120
  1170:   121974.130   122096.120   122305.120   122526.120   122569.120
  1175:   122832.120   122876.120   123030.130   123135.120   123739.120
  1180:   123795.120   124135.120   124384.120   124814.120   125017.120
  1185:   125270.130   125300.130   125400.120   126006.120   126394.740
  1190:   126714.540   126714.320   126714.330   126714.350   126714.240
  1195:   126714.120   126964.220   126964.230   126964.250   126964.340
  1200:   127064.740   127127.540   127127.320   127127.330   127127.350
  1205:   127127.240   127127.120   127377.220   127377.230   127377.250
  1210:   127377.340   127680.120   127994.130   128102.120   128277.740
  1215:   128383.540   128383.320   128383.330   128383.350   128383.240
  1220:   128383.120   128633.220   128633.230   128633.250   128633.340
  1225:   128764.120   129239.120   129962.120   130118.120   130615.120
  1230:   130726.120   130974.130   131010.130   131110.120   131277.120
  1235:   131394.130   131443.130   131541.120   131696.130   132183.120
  1240:   132311.130   132408.120   132668.120   132800.120   133022.120
  1245:   133192.130   133233.130   133305.120   133340.120   133485.120
  1250:   133826.120   133833.740   134087.540   134087.320   134087.330
  1255:   134087.350   134087.240   134087.120   134337.220   134337.230
  1260:   134337.250   134337.340   134530.120   134718.120   135120.130
  1265:   135289.120   135450.120   135619.130   135718.120   135765.120
  1270:   135885.120   136037.740   136261.540   136261.320   136261.330
  1275:   136261.350   136261.240   136261.120   136511.220   136511.230
  1280:   136511.250   136511.340   136689.120   136834.120   136999.120
  1285:   137341.120   137566.120   137816.120   138011.740   138239.540
  1290:   138239.320   138239.330   138239.350   138239.240   138239.120
  1295:   138489.220   138489.230   138489.250   138489.340   138649.120
  1300:   138817.120   139020.120   139288.130   139458.120   139649.120
  1305:   139930.120   140045.120   140152.130   140252.120   140571.120
  1310:   140589.740   140800.540   140800.320   140800.330   140800.350
  1315:   140800.240   140800.120   141050.220   141050.230   141050.250
  1320:   141050.340   141219.120   141419.120   141693.130   141776.130
  1325:   142002.120   142220.120   142976.120   143016.120   143050.740
  1330:   143173.540   143173.320   143173.330   143173.350   143173.240
  1335:   143173.120   143423.220   143423.230   143423.250   143423.340
  1340:   143657.120   143723.740   143825.540   143825.320   143825.330
  1345:   143825.350   143825.240   143825.120   144075.220   144075.230
  1350:   144075.250   144075.340   144211.120   144275.740   144374.540
  1355:   144374.320   144374.330   144374.350   144374.240   144374.120
  1360:   144624.220   144624.230   144624.250   144624.340   145051.120
  1365:   145092.120   145280.130   145349.130   145928.120   145972.840
  1370:   146038.640   146038.320   146038.330   146038.350   146038.240
  1375:   146038.130   146288.220   146288.230   146288.250   146288.340
  1380:   146424.740   146889.540   146889.320   146889.330   146889.350
  1385:   146889.240   146889.120   147139.220   147139.230   147139.250
  1390:   147139.340   147355.120   147536.130   147578.130   147679.120
  1395:   147725.120   147889.130   147994.120   148182.120   148445.120
  1400:   148488.120   148670.120   148888.120   149306.120   149550.120
  1405:   149739.740   149760.540   149760.320   149760.330   149760.350
  1410:   149760.240   149760.120   149764.120   150010.220   150010.230
  1415:   150010.250   150010.340   150416.120   150477.120   150661.120
  1420:   150993.130   151032.130   151074.130   151224.120   151261.120
  1425:   151371.130   151554.120   151696.130   151793.120   151832.120
  1430:   151942.120   152183.120   152329.120   152507.120   152553.120
  1435:   152883.120   153028.130   153132.120   153174.120   153316.130
  1440:   153416.120   153691.120   153910.120   154081.120   154259.120
  1445:   154865.120   154918.120   155031.120   155210.120   155249.120
  1450:   155536.120   155710.120   155901.120   156468.120   157063.130
  1455:   157198.120   157210.740   157693.540   157693.320   157693.330
  1460:   157693.350   157693.240   157693.120   157943.220   157943.230
  1465:   157943.250   157943.340   158143.740   158154.540   158154.320
  1470:   158154.330   158154.350   158154.240   158154.120   158404.220
  1475:   158404.230   158404.250   158404.340   158632.120   158786.130
  1480:   159103.120   159136.120   159204.740   159409.540   159409.320
  1485:   159409.330   159409.350   159409.240   159409.120   159659.220
  1490:   159659.230   159659.250   159659.340   159983.120   160118.130
  1495:   160159.740   160210.540   160210.320   160210.330   160210.350
  1500:   160210.240   160210.120   160460.220   160460.230   160460.250
  1505:   160460.340   160757.120   160809.120   160977.130   161016.130
  1510:   161114.120   161159.120   161245.120   161451.120   161794.120
  1515:   161848.120   162055.120   162193.130   162288.120   162375.120
  1520:   162619.120   162882.120   163357.120   163404.120   163656.120
  1525:   163823.120   163860.740   164507.540   164507.320   164507.330
  1530:   164507.350   164507.240   164507.120   164757.220   164757.230
  1535:   164757.250   164757.340   164929.120   165101.120   165357.740
  1540:   165526.540   165526.320   165526.330   165526.350   165526.240
  1545:   165526.120   165776.220   165776.230   165776.250   165776.340
  1550:   166050.120   166091.120   166234.130   166327.120   166478.120
  1555:   166778.120   167015.120   167279.120   167774.120   168039.130
  1560:   168077.130   168258.120   168429.120   168986.120   169373.120
  1565:   169660.120   169923.130   170002.130   170154.120   170307.120
  1570:   170431.130   170518.130   170597.120   170765.120   170886.120
  1575:   170991.130   171092.120   171265.120   172103.120   172146.120
  1580:   172379.120   172939.120   173187.130   173307.120   173433.120
  1585:   173587.120   174035.120   174305.120   174437.120   174855.120
  1590:   175104.130   175257.120   175276.740   175395.540   175395.320
  1595:   175395.330   175395.350   175395.240   175395.120   175645.220
  1600:   175645.230   175645.250   175645.340   175828.120   175947.130
  1605:   176084.120   176397.120   176985.120   177086.120   177186.130
  1610:   177315.120   177453.120   177708.120   178217.130   178318.120
  1615:   178574.130   178668.120   178832.120   179445.740   179525.540
  1620:   179525.320   179525.330   179525.350   179525.240   179525.120
  1625:   179775.220   179775.230   179775.250   179775.340   179879.120
  1630:   179928.120   180074.120   181055.120   181191.130   181295.120
  1635:   181418.130   181521.120   181753.120   181876.130   182013.120
  1640:   182075.740   182179.130   182215.130   182568.130   182608.130
  1645:   182789.540   182789.320   182789.330   182789.350   182789.240
  1650:   182789.120   183039.220   183039.230   183039.250   183039.340
  1655:   183179.120   183328.130   183372.130   183460.120   183593.120
  1660:   183865.120   184065.120   184223.130   184324.120   184441.130
  1665:   184690.120   184839.740   184886.540   184886.320   184886.330
  1670:   184886.350   184886.240   184886.120   185136.220   185136.230
  1675:   185136.250   185136.340   185356.120   185467.130   185609.120
  1680:   185781.120   185965.120   186470.120   186603.130   186988.130
  1685:   187027.130   187217.120   187336.740   187402.130   187937.130
  1690:   187974.130   188013.130   188141.540   188141.320   188141.330
  1695:   188141.350   188141.240   188141.120   188391.220   188391.230
  1700:   188391.250   188391.340   188646.120   188760.130   188866.120
  1705:   189130.120   189435.130   189637.120   189775.120   190126.120
  1710:   190167.120   190437.120   190562.120   190904.120   191449.130
  1715:   191967.130   192008.130   192111.120   192333.130   192658.120
  1720:   192914.120   193632.120   193747.130   193791.740   193891.540
  1725:   193891.320   193891.330   193891.350   193891.240   193891.120
  1730:   194141.220   194141.230   194141.250   194141.340   194241.740
  1735:   194408.540   194408.320   194408.330   194408.350   194408.240
  1740:   194408.120   194658.220   194658.230   194658.250   194658.340
  1745:   194948.120   195090.120   195253.120   195874.130   196014.120
  1750:   196058.740   196216.540   196216.320   196216.330   196216.350
  1755:   196216.240   196216.120   196466.220   196466.230   196466.250
  1760:   196466.340   196628.120   196917.120   196962.120   197132.120
  1765:   197326.120   198030.130   198124.120   198246.120   198470.120
  1770:   198599.120   198764.120   198808.120   200466.740   200586.540
  1775:   200586.320   200586.330   200586.350   200586.240   200586.120
  1780:   200836.220   200836.230   200836.250   200836.340   201059.120
  1785:   201190.120   201829.120   202182.120   202336.740   202452.540
  1790:   202452.320   202452.330   202452.350   202452.240   202452.120
  1795:   202702.220   202702.230   202702.250   202702.340   202880.120
  1800:   203027.120   203335.120   203514.120   203686.130   203842.120
  1805:   204106.120   204146.120   204327.130   204445.120   204663.120
  1810:   204700.120   204899.120   205099.120   207002.740   208226.540
  1815:   208226.320   208226.330   208226.350   208226.240   208226.120
  1820:   208476.220   208476.230   208476.250   208476.340   208636.120
  1825:   208799.120   209161.120   209428.120   209616.130   209985.120
  1830:   210125.120   210516.130   210576.740   211359.540   211359.320
  1835:   211359.330   211359.350   211359.240   211359.120   211609.220
  1840:   211609.230   211609.250   211609.340   211794.120   211992.120
  1845:   213162.120   213325.130   213491.120   213709.740   213835.130
  1850:   213874.130   213971.540   213971.320   213971.330   213971.350
  1855:   213971.240   213971.120   214221.220   214221.230   214221.250
  1860:   214221.340   214413.120   214591.120   215141.120   215182.120
  1865:   215734.120   215936.120   216005.120   216345.130   216486.120
  1870:   216611.120   216824.120   216974.120   217225.130   217365.120
  1875:   217415.120   217491.120   217733.120   217913.120   217955.120
  1880:   218117.120   218221.740   218240.540   218240.320   218240.330
  1885:   218240.350   218240.240   218240.120   218490.220   218490.230
  1890:   218490.250   218490.340   218671.120   218835.120   218896.120
  1895:   218982.120   219115.120   219167.120   219400.130   219518.120
  1900:   219558.120   219794.120   219929.120   220056.120   220690.740
  1905:   220708.540   220708.320   220708.330   220708.350   220708.240
  1910:   220708.120   220958.220   220958.230   220958.250   220958.340
  1915:   221271.120   221424.120   221583.120   221840.120   222060.120
  1920:   222262.130   222311.130   222506.120   222693.130   222749.130
  1925:   222758.740   222853.540   222853.320   222853.330   222853.350
  1930:   222853.240   222853.120   223103.220   223103.230   223103.250
  1935:   223103.340   223203.740   223287.540   223287.320   223287.330
  1940:   223287.350   223287.240   223287.120   223537.220   223537.230
  1945:   223537.250   223537.340   223637.740   223785.540   223785.320
  1950:   223785.330   223785.350   223785.240   223785.120   224035.220
  1955:   224035.230   224035.250   224035.340   224604.120   225060.120
  1960:   225177.130   225235.740   225299.540   225299.320   225299.330
  1965:   225299.350   225299.240   225299.120   225549.220   225549.230
  1970:   225549.250   225549.340   225708.120   225760.120   225812.120
  1975:   225968.120   226401.120   226775.120   226972.130   227084.120
  1980:   227125.120   227393.120   227430.120   227620.120   227897.120
  1985:   228098.120   228204.120   228448.120   228683.120   228728.120
  1990:   228849.740   228953.540   228953.320   228953.330   228953.350
  1995:   228953.240   228953.120   229203.220   229203.230   229203.250
  2000:   229203.340   230010.120   230105.120   230343.120   230620.120
  2005:   230703.740   230865.130   230905.130   231008.540   231008.320
  2010:   231008.330   231008.350   231008.240   231008.120   231258.220
  2015:   231258.230   231258.250   231258.340   231410.120   231459.120
  2020:   231517.120   231830.120   232045.120   232451.120   232491.120
  2025:   232589.120   232804.120   232990.130   233101.120   233221.120
  2030:   233646.120   233858.740   233875.540   233875.320   233875.330
  2035:   233875.350   233875.240   233875.120   234125.220   234125.230
  2040:   234125.250   234125.340   234337.120   234731.120   234925.740
  2045:   235392.130   235540.130   235742.540   235742.320   235742.330
  2050:   235742.350   235742.240   235742.120   235992.220   235992.230
  2055:   235992.250   235992.340   236292.740   236394.540   236394.320
  2060:   236394.330   236394.350   236394.240   236394.120   236644.220
  2065:   236644.230   236644.250   236644.340   236982.120   237274.120
  2070:   238012.130   238053.130   238137.120   238269.120   238543.120
  2075:   238812.120   238889.120   239493.120   239543.120   239707.130
  2080:   239936.120   240561.130   240866.120   241044.740   241276.130
  2085:   243914.130   244284.540   244284.320   244284.330   244284.350
  2090:   244284.240   244284.120   244534.220   244534.230   244534.250
  2095:   244534.340   244845.120   245572.120   245726.130   245830.120
  2100:   246007.120   246192.120   246418.120   246549.130   246911.130
  2105:   246956.130   247091.120   247339.130   247604.120   247753.130
  2110:   247858.120   248166.120   248385.130   248434.130   248537.120
  2115:   248634.740   249017.130   249061.130   249179.540   249179.320
  2120:   249179.330   249179.350   249179.240   249179.120   249429.220
  2125:   249429.230   249429.250   249429.340   249717.120   250271.130
  2130:   250372.120   250788.120   251129.740   252123.130   252289.540
  2135:   252289.320   252289.330   252289.350   252289.240   252289.120
  2140:   252539.220   252539.230   252539.250   252539.340   252868.130
  2145:   252907.130   253010.120   253489.130   253637.120   254247.130
  2150:   254284.130   254321.130   254539.740   254742.540   254742.320
  2155:   254742.330   254742.350   254742.240   254742.120   254992.220
  2160:   254992.230   254992.250   254992.340   255162.120   255213.120
  2165:   255382.120   255864.120   256044.130   256164.120   256576.120
  2170:   256747.130   256915.120   257147.130   257197.130   257374.120
  2175:   257699.120   257861.120   258124.130   258243.120   258893.120
  2180:   261737.130   261829.120   262360.120   262514.130   262879.130
  2185:   262892.740   263037.540   263037.320   263037.330   263037.350
  2190:   263037.240   263037.120   263287.220   263287.230   263287.250
  2195:   263287.340   263836.120   264129.120   264287.740   264726.540
  2200:   264726.320   264726.330   264726.350   264726.240   264726.120
  2205:   264976.220   264976.230   264976.250   264976.340   265504.130
  2210:   265637.120   265676.740   265779.540   265779.320   265779.330
  2215:   265779.350   265779.240   265779.120   266029.220   266029.230
  2220:   266029.250   266029.340   266166.120   266534.120   266704.120
  2225:   266903.120   266929.740   267067.130   267163.540   267163.320
  2230:   267163.330   267163.350   267163.240   267163.120   267413.220
  2235:   267413.230   267413.250   267413.340   267587.120   267720.120
  2240:   267871.130   267982.120   268196.120   268725.120   268877.130
  2245:   268981.120   269196.130   269298.120   269513.740   269605.540
  2250:   269605.320   269605.330   269605.350   269605.240   269605.120
  2255:   269855.220   269855.230   269855.250   269855.340   269984.120
  2260:   270031.120   270088.840   270355.740   270361.540   270361.320
  2265:   270361.330   270361.350   270361.240   270361.120   270611.220
  2270:   270611.230   270611.250   270611.340   270781.120   270977.120
  2275:   271112.120   271273.120   271471.120   271511.740   271782.540
  2280:   271782.320   271782.330   271782.350   271782.240   271782.120
  2285:   272032.220   272032.230   272032.250   272032.340   272396.120
  2290:   272432.740   273242.640   273242.320   273242.330   273242.350
  2295:   273242.240   273242.130   273492.220   273492.230   273492.250
  2300:   273492.340   273728.540   273728.320   273728.330   273728.350
  2305:   273728.240   273728.120   273978.220   273978.230   273978.250
  2310:   273978.340   274172.120   274820.130   274858.130   274966.120
  2315:   275106.120   275445.120   275578.130   275767.120   275778.740
  2320:   275887.130   276060.540   276060.320   276060.330   276060.350
  2325:   276060.240   276060.120   276310.220   276310.230   276310.250
  2330:   276310.340   276510.740   276510.120   276829.540   276829.320
  2335:   276829.330   276829.350   276829.240   276829.120   277079.220
  2340:   277079.230   277079.250   277079.340   277229.120   277365.120
  2345:   277547.120   277761.120   277939.120   278425.120   278700.130
  2350:   278796.120   279068.120   279251.120   279503.120   279605.130
  2355:   279708.120   279887.120   279993.120   280145.120   280386.120
  2360:   280457.120   280602.120   280962.130   280997.130   281043.130
  2365:   281230.120   281365.120   281638.120   282244.120   282402.130
  2370:   282536.120   283079.740   283807.130   283851.130   284029.540
  2375:   284029.320   284029.330   284029.350   284029.240   284029.120
  2380:   284279.220   284279.230   284279.250   284279.340   284653.120
  2385:   284700.120   285549.120   285636.130   285979.740   286108.130
  2390:   286147.130   286312.540   286312.320   286312.330   286312.350
  2395:   286312.240   286312.120   286562.220   286562.230   286562.250
  2400:   286562.340   286875.130   286910.130   287956.120   287992.840
  2405:   288102.120   288282.120   288584.640   288584.320   288584.330
  2410:   288584.350   288584.240   288584.130   288834.220   288834.230
  2415:   288834.250   288834.340   288962.120   289781.130   289815.130
  2420:   289890.130   289960.130   290055.120   290186.120   290416.130
  2425:   290455.130   290555.120   290863.120   291008.120   291408.130
  2430:   291472.130   291639.120   292195.130   292230.130   292268.130
  2435:   292361.120   292740.130   292773.130   292887.120   293672.130
  2440:   293714.130   293762.740   294093.540   294093.320   294093.330
  2445:   294093.350   294093.240   294093.120   294343.220   294343.230
  2450:   294343.250   294343.340   294601.120   294830.120   295146.120
  2455:   295321.130   295641.130   295678.130   295716.130   295818.120
  2460:   295945.120   296129.120   296505.130   296552.130   296822.120
  2465:   297802.120   298150.130   298562.120   299109.130   299216.120
  2470:   299356.120   299558.120   300342.120   300638.130   300834.840
  2475:   301043.740   301454.540   301454.320   301454.330   301454.350
  2480:   301454.240   301454.120   301704.220   301704.230   301704.250
  2485:   301704.340   302204.740   302414.540   302414.320   302414.330
  2490:   302414.350   302414.240   302414.120   302664.220   302664.230
  2495:   302664.250   302664.340   302841.120   303422.120   304464.740
  2500:   304735.540   304735.320   304735.330   304735.350   304735.240
  2505:   304735.120   304985.220   304985.230   304985.250   304985.340
  2510:   305167.120   305310.120   305677.120   305929.640   305929.320
  2515:   305929.330   305929.350   305929.240   305929.130   305985.740
  2520:   306179.220   306179.230   306179.250   306179.340   306358.540
  2525:   306358.320   306358.330   306358.350   306358.240   306358.120
  2530:   306608.220   306608.230   306608.250   306608.340   306708.740
  2535:   306818.540   306818.320   306818.330   306818.350   306818.240
  2540:   306818.120   307068.220   307068.230   307068.250   307068.340
  2545:   307366.120   307544.120   307834.120   308403.130   308438.130
  2550:   308532.120   308634.120   309768.740   312681.130   312788.540
  2555:   312788.320   312788.330   312788.350   312788.240   312788.120
  2560:   313038.220   313038.230   313038.250   313038.340   313271.120
  2565:   313599.120   314015.120   314338.740   314569.540   314569.320
  2570:   314569.330   314569.350   314569.240   314569.120   314819.220
  2575:   314819.230   314819.250   314819.340   314950.120   314990.120
  2580:   315161.120   315413.120   315419.740   315627.540   315627.320
  2585:   315627.330   315627.350   315627.240   315627.120   315877.220
  2590:   315877.230   315877.250   315877.340   316004.120   316046.120
  2595:   317253.120   317680.120   317863.120   318478.120   318677.740
  2600:   319103.130   319273.540   319273.320   319273.330   319273.350
  2605:   319273.240   319273.120   319523.220   319523.230   319523.250
  2610:   319523.340   319765.120   319811.120   319990.120   320756.130
  2615:   320796.130   320963.120   321330.120   321526.130   322384.120
  2620:   322713.120   322867.120   322879.840   323042.120   323166.120
  2625:   323335.120   323423.740   323503.640   323503.320   323503.330
  2630:   323503.350   323503.240   323503.130   323753.220   323753.230
  2635:   323753.250   323753.340   324201.540   324201.320   324201.330
  2640:   324201.350   324201.240   324201.120   324451.220   324451.230
  2645:   324451.250   324451.340   324641.120   324799.120   324951.740
  2650:   325588.130   325624.130   325766.540   325766.320   325766.330
  2655:   325766.350   325766.240   325766.120   326016.220   326016.230
  2660:   326016.250   326016.340   326196.120   326333.120   326576.130
  2665:   326621.130   326720.120   327216.740   327479.540   327479.320
  2670:   327479.330   327479.350   327479.240   327479.120   327729.220
  2675:   327729.230   327729.250   327729.340   327958.120   327998.120
  2680:   328134.120   328229.740   328394.540   328394.320   328394.330
  2685:   328394.350   328394.240   328394.120   328644.220   328644.230
  2690:   328644.250   328644.340   328778.120   328822.120   328933.120
  2695:   329103.120   329670.130   329706.130   329813.120   329855.120
  2700:   330031.130   330124.120   330404.120   330446.120   331985.120
  2705:   332144.740   332277.130   332391.540   332391.320   332391.330
  2710:   332391.350   332391.240   332391.120   332641.220   332641.230
  2715:   332641.250   332641.340   332988.120   333416.120   333525.120
  2720:   334042.120   334466.120   335260.130   335301.130   335354.130
  2725:   335500.120   335956.120   336252.130   336297.130   336419.120
  2730:   337036.130   337084.130   337188.120   337347.120   337715.130
  2735:   337764.130   337877.120   338005.120   338508.130   338546.130
  2740:   338672.120   338806.120   339617.120   339904.120   340038.120
  2745:   340041.740   340199.540   340199.320   340199.330   340199.350
  2750:   340199.240   340199.120   340449.220   340449.230   340449.250
  2755:   340449.340   340949.740   340982.540   340982.320   340982.330
  2760:   340982.350   340982.240   340982.120   341232.220   341232.230
  2765:   341232.250   341232.340   341413.120   342126.120   342608.120
  2770:   343853.120   344002.120   344246.120   344435.130   344548.120
  2775:   344889.130   344931.130   345013.130   345139.120   346532.740
  2780:   346971.540   346971.320   346971.330   346971.350   346971.240
  2785:   346971.120   347221.220   347221.230   347221.250   347221.340
  2790:   347991.120   348221.740   349251.130   349293.130   349400.540
  2795:   349400.320   349400.330   349400.350   349400.240   349400.120
  2800:   349650.220   349650.230   349650.250   349650.340   349912.120
  2805:   350422.120   350560.120   350842.130   350953.840   351285.120
  2810:   351700.120   352386.120   352557.120   355897.120   356149.640
  2815:   356149.320   356149.330   356149.350   356149.240   356149.130
  2820:   356399.220   356399.230   356399.250   356399.340   356615.120
  2825:   356650.740   357464.540   357464.320   357464.330   357464.350
  2830:   357464.240   357464.120   357714.220   357714.230   357714.250
  2835:   357714.340   358641.120   359911.120   360000.320   360000.330
  2840:   360000.350   360000.020
C:
     0:        0.000     1090.000      404.000      125.000        9.000
     5:        0.000
D:
     0:        0.000        0.000
L:
     0:      416.000      416.000      416.000
M:
     0:     1200.000     1201.000     1202.000     1203.000     1204.000
     5:     1205.000     1206.000     1207.000     1208.000     1209.000
    10:     1210.000     1211.000     1212.000     1213.000     1214.000
    15:     1215.000     1216.000     1217.000     1218.000     1219.000
    20:     1220.000     1221.000     1222.000     1223.000     1224.000
    25:     1225.000     1226.000     1227.000     1228.000     1229.000
    30:     1230.000     1231.000     1232.000     1233.000     1234.000
    35:     1235.000     1236.000     1237.000     1238.000     1239.000
    40:     1240.000     1241.000     1242.000     1243.000     1244.000
    45:     1245.000     1246.000     1247.000     1248.000     1249.000
    50:     1250.000     1251.000     1252.000     1253.000     1254.000
    55:     1255.000     1256.000     1257.000     1258.000     1259.000
    60:     1260.000     1261.000     1262.000     1263.000     1264.000
    65:     1265.000     1266.000     1267.000     1268.000     1269.000
    70:     1270.000     1271.000     1272.000     1273.000     1274.000
    75:     1275.000     1276.000     1277.000     1278.000     1279.000
    80:     1280.000     1281.000     1282.000     1283.000     1284.000
    85:     1285.000     1286.000     1287.000     1288.000     1289.000
    90:     1290.000     1291.000     1292.000     1293.000     1294.000
    95:     1295.000     1296.000     1297.000     1298.000     1299.000
   100:     1300.000     1301.000     1302.000     1303.000     1304.000
   105:     1305.000     1306.000     1307.000     1308.000     1309.000
   110:     1310.000     1311.000     1312.000     1313.000     1314.000
   115:     1315.000     1316.000     1317.000     1318.000     1319.000
   120:     1320.000     1321.000     1322.000     1323.000     1324.000
   125:     1325.000     1326.000     1327.000     1328.000     1329.000
   130:     1330.000     1331.000     1332.000     1333.000     1334.000
   135:     1335.000     1336.000     1337.000     1338.000     1339.000
   140:     1340.000     1341.000     1342.000     1343.000     1344.000
   145:     1345.000     1346.000     1347.000     1348.000     1349.000
   150:     1350.000     1351.000     1352.000     1353.000     1354.000
   155:     1355.000     1356.000     1357.000     1358.000     1359.000
   160:     1360.000     1361.000     1362.000     1363.000     1364.000
   165:     1365.000     1366.000     1367.000     1368.000     1369.000
   170:     1370.000     1371.000     1372.000     1373.000     1374.000
   175:     1375.000     1376.000     1377.000     1378.000     1379.000
   180:     1380.000     1381.000     1382.000     1383.000     1384.000
   185:     1385.000     1386.000     1387.000     1388.000     1389.000
   190:     1390.000     1391.000     1392.000     1393.000     1394.000
   195:     1395.000     1396.000     1397.000     1398.000     1399.000
   200:     1400.000     1401.000     1402.000     1403.000     1404.000
   205:     1405.000     1406.000     1407.000     1408.000     1409.000
   210:     1410.000     1411.000     1412.000     1413.000     1414.000
   215:     1415.000     1416.000     1417.000     1418.000     1419.000
   220:     1420.000     1421.000     1422.000     1423.000     1424.000
   225:     1425.000     1426.000     1427.000     1428.000     1429.000
   230:     1430.000     1431.000     1432.000     1433.000     1434.000
   235:     1435.000     1436.000     1437.000     1438.000     1439.000
   240:     1440.000     1441.000     1442.000     1443.000     1444.000
   245:     1445.000     1446.000     1447.000     1448.000     1449.000
   250:     1450.000     1451.000     1452.000     1453.000     1454.000
   255:     1455.000     1456.000     1457.000     1458.000     1459.000
   260:     1460.000     1461.000     1462.000     1463.000     1464.000
   265:     1465.000     1466.000     1467.000     1468.000     1469.000
   270:     1470.000     1471.000     1472.000     1473.000     1474.000
   275:     1475.000     1476.000     1477.000     1478.000     1479.000
   280:     1480.000     1481.000     1482.000     1483.000     1484.000
   285:     1485.000     1486.000     1487.000     1488.000     1489.000
   290:     1490.000     1491.000     1492.000     1493.000     1494.000
   295:     1495.000     1496.000     1497.000     1498.000     1499.000
   300:     1500.000     1501.000     1502.000     1503.000     1504.000
   305:     1505.000     1506.000     1507.000     1508.000     1509.000
   310:     1510.000     1511.000     1512.000     1513.000     1514.000
   315:     1515.000     1516.000     1517.000     1518.000     1519.000
   320:     1520.000     1521.000     1522.000     1523.000     1524.000
   325:     1525.000     1526.000     1527.000     1528.000     1529.000
   330:     1530.000     1531.000     1532.000     1533.000     1534.000
   335:     1535.000     1536.000     1537.000     1538.000     1539.000
   340:     1540.000     1541.000     1542.000     1543.000     1544.000
   345:     1545.000     1546.000     1547.000     1548.000     1549.000
   350:     1550.000     1551.000     1552.000     1553.000     1554.000
   355:     1555.000     1556.000     1557.000     1558.000     1559.000
   360:     1560.000     1561.000     1562.000     1563.000     1564.000
   365:     1565.000     1566.000     1567.000     1568.000     1569.000
   370:     1570.000     1571.000     1572.000     1573.000     1574.000
   375:     1575.000     1576.000     1577.000     1578.000     1579.000
   380:     1580.000     1581.000     1582.000     1583.000     1584.000
   385:     1585.000     1586.000     1587.000     1588.000     1589.000
   390:     1590.000     1591.000     1592.000     1593.000     1594.000
   395:     1595.000     1596.000     1597.000     1598.000     1599.000
   400:     1600.000     1601.000     1602.000     1603.000     1604.000
   405:     1605.000     1606.000     1607.000     1608.000     1609.000
   410:     1610.000     1611.000     1612.000     1613.000     1614.000
   415:     1615.000     1616.000     1617.000     1618.000     1619.000
   420:     1620.000     1621.000     1622.000     1623.000     1624.000
   425:     1625.000     1626.000     1627.000     1628.000     1629.000
   430:     1630.000     1631.000     1632.000     1633.000     1634.000
   435:     1635.000     1636.000     1637.000     1638.000     1639.000
   440:     1640.000     1641.000     1642.000     1643.000     1644.000
   445:     1645.000     1646.000     1647.000     1648.000     1649.000
   450:     1650.000     1651.000     1652.000     1653.000     1654.000
   455:     1655.000     1656.000     1657.000     1658.000     1659.000
   460:     1660.000     1661.000     1662.000     1663.000     1664.000
   465:     1665.000     1666.000     1667.000     1668.000     1669.000
   470:     1670.000     1671.000     1672.000     1673.000     1674.000
   475:     1675.000     1676.000     1677.000     1678.000     1679.000
   480:     1680.000     1681.000     1682.000     1683.000     1684.000
   485:     1685.000     1686.000     1687.000     1688.000     1689.000
   490:     1690.000     1691.000     1692.000     1693.000     1694.000
   495:     1695.000     1696.000     1697.000     1698.000     1699.000
   500:     1700.000     1701.000     1702.000     1703.000     1704.000
   505:     1705.000     1706.000     1707.000     1708.000     1709.000
   510:     1710.000     1711.000     1712.000     1713.000     1714.000
   515:     1715.000     1716.000     1717.000     1718.000     1719.000
   520:     1720.000     1721.000     1722.000     1723.000     1724.000
   525:     1725.000     1726.000     1727.000     1728.000     1729.000
   530:     1730.000     1731.000     1732.000     1733.000     1734.000
   535:     1735.000     1736.000     1737.000     1738.000     1739.000
   540:     1740.000     1741.000     1742.000     1743.000     1744.000
   545:     1745.000     1746.000     1747.000     1748.000     1749.000
   550:     1750.000     1751.000     1752.000     1753.000     1754.000
   555:     1755.000     1756.000     1757.000     1758.000     1759.000
   560:     1760.000     1761.000     1762.000     1763.000     1764.000
   565:     1765.000     1766.000     1767.000     1768.000     1769.000
   570:     1770.000     1771.000     1772.000     1773.000     1774.000
   575:     1775.000     1776.000     1777.000     1778.000     1779.000
   580:     1780.000     1781.000     1782.000     1783.000     1784.000
   585:     1785.000     1786.000     1787.000     1788.000     1789.000
   590:     1790.000     1791.000     1792.000     1793.000     1794.000
   595:     1795.000     1796.000     1797.000     1798.000     1799.000
   600:     1800.000     1801.000     1802.000     1803.000     1804.000
   605:     1805.000     1806.000     1807.000     1808.000     1809.000
   610:     1810.000     1811.000     1812.000     1813.000     1814.000
   615:     1815.000     1816.000     1817.000     1818.000     1819.000
   620:     1820.000     1821.000     1822.000     1823.000     1824.000
   625:     1825.000     1826.000     1827.000     1828.000     1829.000
   630:     1830.000     1831.000     1832.000     1833.000     1834.000
   635:     1835.000     1836.000     1837.000     1838.000     1839.000
   640:     1840.000     1841.000     1842.000     1843.000     1844.000
   645:     1845.000     1846.000     1847.000     1848.000     1849.000
   650:     1850.000     1851.000     1852.000     1853.000     1854.000
   655:     1855.000     1856.000     1857.000     1858.000     1859.000
   660:     1860.000     1861.000     1862.000     1863.000     1864.000
   665:     1865.000     1866.000     1867.000     1868.000     1869.000
   670:     1870.000     1871.000     1872.000     1873.000     1874.000
   675:     1875.000     1876.000     1877.000     1878.000     1879.000
   680:     1880.000     1881.000     1882.000     1883.000     1884.000
   685:     1885.000     1886.000     1887.000     1888.000     1889.000
   690:     1890.000     1891.000     1892.000     1893.000     1894.000
   695:     1895.000     1896.000     1897.000     1898.000     1899.000
   700:     1900.000     1901.000     1902.000     1903.000     1904.000
   705:     1905.000     1906.000     1907.000     1908.000     1909.000
   710:     1910.000     1911.000     1912.000     1913.000     1914.000
   715:     1915.000     1916.000     1917.000     1918.000     1919.000
   720:     1920.000     1921.000     1922.000     1923.000     1924.000
   725:     1925.000     1926.000     1927.000     1928.000     1929.000
   730:     1930.000     1931.000     1932.000     1933.000     1934.000
   735:     1935.000     1936.000     1937.000     1938.000     1939.000
   740:     1940.000     1941.000     1942.000     1943.000     1944.000
   745:     1945.000     1946.000     1947.000     1948.000     1949.000
   750:     1950.000     1951.000     1952.000     1953.000     1954.000
   755:     1955.000     1956.000     1957.000     1958.000     1959.000
   760:     1960.000     1961.000     1962.000     1963.000     1964.000
   765:     1965.000     1966.000     1967.000     1968.000     1969.000
   770:     1970.000     1971.000     1972.000     1973.000     1974.000
   775:     1975.000     1976.000     1977.000     1978.000     1979.000
   780:     1980.000     1981.000     1982.000     1983.000     1984.000
   785:     1985.000     1986.000     1987.000     1988.000     1989.000
   790:     1990.000     1991.000     1992.000     1993.000     1994.000
   795:     1995.000     1996.000     1997.000     1998.000     1999.000
   800:     2000.000     2001.000     2002.000     2003.000     2004.000
   805:     2005.000     2006.000     2007.000     2008.000     2009.000
   810:     2010.000     2011.000     2012.000     2013.000     2014.000
   815:     2015.000     2016.000     2017.000     2018.000     2019.000
   820:     2020.000     2021.000     2022.000     2023.000     2024.000
   825:     2025.000     2026.000     2027.000     2028.000     2029.000
   830:     2030.000     2031.000     2032.000     2033.000     2034.000
   835:     2035.000     2036.000     2037.000     2038.000     2039.000
   840:     2040.000     2041.000     2042.000     2043.000     2044.000
   845:     2045.000     2046.000     2047.000     2048.000     2049.000
   850:     2050.000     2051.000     2052.000     2053.000     2054.000
   855:     2055.000     2056.000     2057.000     2058.000     2059.000
   860:     2060.000     2061.000     2062.000     2063.000     2064.000
   865:     2065.000     2066.000     2067.000     2068.000     2069.000
   870:     2070.000     2071.000     2072.000     2073.000     2074.000
   875:     2075.000     2076.000     2077.000     2078.000     2079.000
   880:     2080.000     2081.000     2082.000     2083.000     2084.000
   885:     2085.000     2086.000     2087.000     2088.000     2089.000
   890:     2090.000     2091.000     2092.000     2093.000     2094.000
   895:     2095.000     2096.000     2097.000     2098.000     2099.000
   900:     2100.000     2101.000     2102.000     2103.000     2104.000
   905:     2105.000     2106.000     2107.000     2108.000     2109.000
   910:     2110.000     2111.000     2112.000     2113.000     2114.000
   915:     2115.000     2116.000     2117.000     2118.000     2119.000
   920:     2120.000     2121.000     2122.000     2123.000     2124.000
   925:     2125.000     2126.000     2127.000     2128.000     2129.000
   930:     2130.000     2131.000     2132.000     2133.000     2134.000
   935:     2135.000     2136.000     2137.000     2138.000     2139.000
   940:     2140.000     2141.000     2142.000     2143.000     2144.000
   945:     2145.000     2146.000     2147.000     2148.000     2149.000
   950:     2150.000     2151.000     2152.000     2153.000     2154.000
   955:     2155.000     2156.000     2157.000     2158.000     2159.000
   960:     2160.000     2161.000     2162.000     2163.000     2164.000
   965:     2165.000     2166.000     2167.000     2168.000     2169.000
   970:     2170.000     2171.000     2172.000     2173.000     2174.000
   975:     2175.000     2176.000     2177.000     2178.000     2179.000
   980:     2180.000     2181.000     2182.000     2183.000     2184.000
   985:     2185.000     2186.000     2187.000     2188.000     2189.000
   990:     2190.000     2191.000     2192.000     2193.000     2194.000
   995:     2195.000     2196.000     2197.000     2198.000     2199.000
  1000:     2200.000     2201.000     2202.000     2203.000     2204.000
  1005:     2205.000     2206.000     2207.000     2208.000     2209.000
  1010:     2210.000     2211.000     2212.000     2213.000     2214.000
  1015:     2215.000     2216.000     2217.000     2218.000     2219.000
  1020:     2220.000     2221.000     2222.000     2223.000     2224.000
  1025:     2225.000     2226.000     2227.000     2228.000     2229.000
  1030:     2230.000     2231.000     2232.000     2233.000     2234.000
  1035:     2235.000     2236.000     2237.000     2238.000     2239.000
  1040:     2240.000     2241.000     2242.000     2243.000     2244.000
  1045:     2245.000     2246.000     2247.000     2248.000     2249.000
  1050:     2250.000     2251.000     2252.000     2253.000     2254.000
  1055:     2255.000     2256.000     2257.000     2258.000     2259.000
  1060:     2260.000     2261.000     2262.000     2263.000     2264.000
  1065:     2265.000     2266.000     2267.000     2268.000     2269.000
  1070:     2270.000     2271.000     2272.000     2273.000     2274.000
  1075:     2275.000     2276.000     2277.000     2278.000     2279.000
  1080:     2280.000     2281.000     2282.000     2283.000     2284.000
  1085:     2285.000     2286.000     2287.000     2288.000     2289.000
  1090:     2290.000     2291.000     2292.000     2293.000     2294.000
  1095:     2295.000     2296.000     2297.000     2298.000     2299.000
  1100:     2300.000     2301.000     2302.000     2303.000     2304.000
  1105:     2305.000     2306.000     2307.000     2308.000     2309.000
  1110:     2310.000     2311.000     2312.000     2313.000     2314.000
  1115:     2315.000     2316.000     2317.000     2318.000     2319.000
  1120:     2320.000     2321.000     2322.000     2323.000     2324.000
  1125:     2325.000     2326.000     2327.000     2328.000     2329.000
  1130:     2330.000     2331.000     2332.000     2333.000     2334.000
  1135:     2335.000     2336.000     2337.000     2338.000     2339.000
  1140:     2340.000     2341.000     2342.000     2343.000     2344.000
  1145:     2345.000     2346.000     2347.000     2348.000     2349.000
  1150:     2350.000     2351.000     2352.000     2353.000     2354.000
  1155:     2355.000     2356.000     2357.000     2358.000     2359.000
  1160:     2360.000     2361.000     2362.000     2363.000     2364.000
  1165:     2365.000     2366.000     2367.000     2368.000     2369.000
  1170:     2370.000     2371.000     2372.000     2373.000     2374.000
  1175:     2375.000     2376.000     2377.000     2378.000     2379.000
  1180:     2380.000     2381.000     2382.000     2383.000     2384.000
  1185:     2385.000     2386.000     2387.000     2388.000     2389.000
  1190:     2390.000     2391.000     2392.000     2393.000     2394.000
  1195:     2395.000     2396.000     2397.000     2398.000     2399.000
  1200:     2400.000
N:
     0:     2700.000     2701.000     2702.000     2703.000     2704.000
     5:     2705.000     2706.000     2707.000     2708.000     2709.000
    10:     2710.000     2711.000     2712.000     2713.000     2714.000
    15:     2715.000     2716.000     2717.000     2718.000     2719.000
    20:     2720.000     2721.000     2722.000     2723.000     2724.000
    25:     2725.000     2726.000     2727.000     2728.000     2729.000
    30:     2730.000     2731.000     2732.000     2733.000     2734.000
    35:     2735.000     2736.000     2737.000     2738.000     2739.000
    40:     2740.000     2741.000     2742.000     2743.000     2744.000
    45:     2745.000     2746.000     2747.000     2748.000     2749.000
    50:     2750.000     2751.000     2752.000     2753.000     2754.000
    55:     2755.000     2756.000     2757.000     2758.000     2759.000
    60:     2760.000     2761.000     2762.000     2763.000     2764.000
    65:     2765.000     2766.000     2767.000     2768.000     2769.000
    70:     2770.000     2771.000     2772.000     2773.000     2774.000
    75:     2775.000     2776.000     2777.000     2778.000     2779.000
    80:     2780.000     2781.000     2782.000     2783.000     2784.000
    85:     2785.000     2786.000     2787.000     2788.000     2789.000
    90:     2790.000     2791.000     2792.000     2793.000     2794.000
    95:     2795.000     2796.000     2797.000     2798.000     2799.000
   100:     2800.000     2801.000     2802.000     2803.000     2804.000
   105:     2805.000     2806.000     2807.000     2808.000     2809.000
   110:     2810.000     2811.000     2812.000     2813.000     2814.000
   115:     2815.000     2816.000     2817.000     2818.000     2819.000
   120:     2820.000     2821.000     2822.000     2823.000     2824.000
   125:     2825.000     2826.000     2827.000     2828.000     2829.000
   130:     2830.000     2831.000     2832.000     2833.000     2834.000
   135:     2835.000     2836.000     2837.000     2838.000     2839.000
   140:     2840.000     2841.000     2842.000     2843.000     2844.000
   145:     2845.000     2846.000     2847.000     2848.000     2849.000
   150:     2850.000     2851.000     2852.000     2853.000     2854.000
   155:     2855.000     2856.000     2857.000     2858.000     2859.000
   160:     2860.000     2861.000     2862.000     2863.000     2864.000
   165:     2865.000     2866.000     2867.000     2868.000     2869.000
   170:     2870.000     2871.000     2872.000     2873.000     2874.000
   175:     2875.000     2876.000     2877.000     2878.000     2879.000
   180:     2880.000     2881.000     2882.000     2883.000     2884.000
   185:     2885.000     2886.000     2887.000     2888.000     2889.000
   190:     2890.000     2891.000     2892.000     2893.000     2894.000
   195:     2895.000     2896.000     2897.000     2898.000     2899.000
   200:     2900.000     2901.000     2902.000     2903.000     2904.000
   205:     2905.000     2906.000     2907.000     2908.000     2909.000
   210:     2910.000     2911.000     2912.000     2913.000     2914.000
   215:     2915.000     2916.000     2917.000     2918.000     2919.000
   220:     2920.000     2921.000     2922.000     2923.000     2924.000
   225:     2925.000     2926.000     2927.000     2928.000     2929.000
   230:     2930.000     2931.000     2932.000     2933.000     2934.000
   235:     2935.000     2936.000     2937.000     2938.000     2939.000
   240:     2940.000     2941.000     2942.000     2943.000     2944.000
   245:     2945.000     2946.000     2947.000     2948.000     2949.000
   250:     2950.000     2951.000     2952.000     2953.000     2954.000
   255:     2955.000     2956.000     2957.000     2958.000     2959.000
   260:     2960.000     2961.000     2962.000     2963.000     2964.000
   265:     2965.000     2966.000     2967.000     2968.000     2969.000
   270:     2970.000     2971.000     2972.000     2973.000     2974.000
   275:     2975.000     2976.000     2977.000     2978.000     2979.000
   280:     2980.000     2981.000     2982.000     2983.000     2984.000
   285:     2985.000     2986.000     2987.000     2988.000     2989.000
   290:     2990.000     2991.000     2992.000     2993.000     2994.000
   295:     2995.000     2996.000     2997.000     2998.000     2999.000
   300:     3000.000
R:
     0:       27.000       27.000       27.000
V:
     0:     1795.000     2965.000
W:
     0:     1795.000     2965.000
