File: C:\MED-PC IV\DATA\p054_s59_japede


Start Date: 08/25/17
End Date: 08/25/17
Subject: p054
Experiment: 0
Group: 0
Box: 7
Start Time: 14:53:30
End Time: 15:53:43
MSN: japede_L_30_30_30_R_90_90_90
B:       0.000
E:    3823.000
F:       0.000
G:       0.000
H:       0.000
I:       2.000
J:       2.000
K:       0.000
O:       0.000
P:       0.000
Q:       0.000
S:  360000.000
T:  360000.000
U:       0.000
X:       0.000
Y:       0.000
Z:       0.000
A:
     0:        0.010        0.250        0.220        0.230      351.120
     5:      476.120      532.120      578.120      724.130     1099.740
    10:     1244.540     1244.320     1244.330     1244.350     1244.240
    15:     1244.120     1494.220     1494.230     1494.250     1494.340
    20:     1664.120     1823.130     1965.120     2199.120     2532.120
    25:     2572.120     2594.740     2704.130     2746.130     2872.540
    30:     2872.320     2872.330     2872.350     2872.240     2872.120
    35:     3122.220     3122.230     3122.250     3122.340     3299.840
    40:     3336.120     3377.120     3498.640     3498.320     3498.330
    45:     3498.350     3498.240     3498.130     3748.220     3748.230
    50:     3748.250     3748.340     3869.120     3968.130     4063.120
    55:     4185.120     4285.130     4383.120     4627.120     4738.130
    60:     4874.120     4983.120     5201.120     5417.120     5508.130
    65:     5962.120     6002.120     6126.130     6165.130     6259.120
    70:     6422.740     6426.130     6459.130     6555.540     6555.320
    75:     6555.330     6555.350     6555.240     6555.120     6805.220
    80:     6805.230     6805.250     6805.340     6952.120     7171.120
    85:     7392.120     7740.120     7975.120     8140.120     8227.130
    90:     8325.120     8421.130     8519.120     8553.120     8641.130
    95:     9007.120     9047.120     9140.130     9303.120     9348.840
   100:    10028.120    10062.120    10098.120    10105.740    10136.540
   105:    10136.320    10136.330    10136.350    10136.240    10136.120
   110:    10386.220    10386.230    10386.250    10386.340    10536.120
   115:    10586.740    10635.640    10635.320    10635.330    10635.350
   120:    10635.240    10635.130    10885.220    10885.230    10885.250
   125:    10885.340    11036.540    11036.320    11036.330    11036.350
   130:    11036.240    11036.120    11286.220    11286.230    11286.250
   135:    11286.340    11494.120    11629.120    11834.130    11927.120
   140:    12146.120    12186.740    12239.130    12362.540    12362.320
   145:    12362.330    12362.350    12362.240    12362.120    12612.220
   150:    12612.230    12612.250    12612.340    12730.120    12834.130
   155:    12964.120    13072.130    13112.740    13162.540    13162.320
   160:    13162.330    13162.350    13162.240    13162.120    13412.220
   165:    13412.230    13412.250    13412.340    13561.120    13832.120
   170:    13868.120    13958.130    14041.120    14592.120    14681.130
   175:    14790.120    14820.120    14908.130    14997.130    15082.120
   180:    15267.120    15448.120    15712.740    15754.540    15754.320
   185:    15754.330    15754.350    15754.240    15754.120    15785.840
   190:    16004.220    16004.230    16004.250    16004.340    16103.120
   195:    16142.120    16233.640    16233.320    16233.330    16233.350
   200:    16233.240    16233.130    16483.220    16483.230    16483.250
   205:    16483.340    16582.120    16702.130    16782.120    16817.120
   210:    16959.130    17139.120    17174.120    17219.120    17258.120
   215:    17402.130    17446.130    17555.130    17737.120    17768.120
   220:    17902.130    17941.130    18027.120    18061.120    18183.840
   225:    18259.120    18291.120    18410.120    18494.640    18494.320
   230:    18494.330    18494.350    18494.240    18494.130    18744.220
   235:    18744.230    18744.250    18744.340    18862.120    18974.130
   240:    19082.120    19328.120    19366.120    19745.120    19778.120
   245:    19876.130    19944.840    19986.120    20197.120    20231.120
   250:    20333.640    20333.320    20333.330    20333.350    20333.240
   255:    20333.130    20583.220    20583.230    20583.250    20583.340
   260:    20685.120    20776.130    20862.120    21259.120    21325.130
   265:    21415.120    21448.120    21565.130    21649.120    21936.120
   270:    21971.120    22004.120    22242.120    22319.130    22427.120
   275:    22655.130    22783.120    23026.120    23060.120    23188.130
   280:    23473.120    23558.130    23650.120    23804.740    23999.130
   285:    24196.540    24196.320    24196.330    24196.350    24196.240
   290:    24196.120    24446.220    24446.230    24446.250    24446.340
   295:    24540.120    24635.130    24674.130    24724.130    24991.120
   300:    25083.130    25193.120    25294.130    25441.120    25473.120
   305:    25856.120    25888.120    25977.130    26010.130    26331.120
   310:    26718.120    26805.130    26838.130    26927.120    27018.130
   315:    27101.120    27186.130    27276.120    27504.120    27536.120
   320:    27689.120    27720.120    27859.130    27947.120    28127.130
   325:    28214.120    28546.740    28721.540    28721.320    28721.330
   330:    28721.350    28721.240    28721.120    28971.220    28971.230
   335:    28971.250    28971.340    29083.120    29176.130    29261.120
   340:    29446.120    29478.120    29748.130    29870.120    29902.120
   345:    30060.130    30142.120    30171.120    30200.120    30287.130
   350:    30374.120    30608.120    30671.740    30701.130    30785.540
   355:    30785.320    30785.330    30785.350    30785.240    30785.120
   360:    31035.220    31035.230    31035.250    31035.340    31142.120
   365:    31310.120    31396.130    31505.120    31595.130    31930.120
   370:    31967.120    32069.130    32174.120    32346.120    32378.120
   375:    32472.130    32568.120    32768.120    32863.130    32950.120
   380:    33159.120    33192.120    33615.120    33802.120    34039.120
   385:    34684.120    34916.120    34935.740    34955.540    34955.320
   390:    34955.330    34955.350    34955.240    34955.120    35205.220
   395:    35205.230    35205.250    35205.340    35378.120    35528.130
   400:    35604.120    35770.120    35920.120    35949.120    36045.130
   405:    36131.120    36161.120    36194.120    36315.120    36409.130
   410:    36492.120    36616.120    36737.130    36813.120    36964.120
   415:    37051.130    37267.130    37380.120    37464.130    37770.120
   420:    37803.120    37974.120    39183.840    39251.120    39284.120
   425:    39407.640    39407.320    39407.330    39407.350    39407.240
   430:    39407.130    39657.220    39657.230    39657.250    39657.340
   435:    39768.120    39860.130    39945.120    39983.120    40019.120
   440:    40101.130    40191.120    40278.130    40513.120    40596.130
   445:    40627.130    40734.120    40940.120    40980.120    41444.120
   450:    41529.130    41605.740    41787.540    41787.320    41787.330
   455:    41787.350    41787.240    41787.120    42037.220    42037.230
   460:    42037.250    42037.340    42224.130    42315.120    42415.130
   465:    42617.120    42648.120    42853.120    42947.130    43155.120
   470:    43238.130    43358.120    43452.130    43598.120    43822.120
   475:    43853.120    43940.130    43974.130    44076.120    44166.130
   480:    44249.120    44604.130    44937.740    45249.540    45249.320
   485:    45249.330    45249.350    45249.240    45249.120    45499.220
   490:    45499.230    45499.250    45499.340    45599.740    45625.540
   495:    45625.320    45625.330    45625.350    45625.240    45625.120
   500:    45875.220    45875.230    45875.250    45875.340    46056.130
   505:    46228.120    46307.130    46545.130    46777.130    46812.130
   510:    46860.130    46953.120    47071.130    47148.130    47233.120
   515:    47335.130    47422.120    47602.120    47688.130    47772.120
   520:    47775.740    48078.540    48078.320    48078.330    48078.350
   525:    48078.240    48078.120    48328.220    48328.230    48328.250
   530:    48328.340    48520.120    48639.130    48675.130    48787.120
   535:    48865.130    48955.120    48985.120    49028.740    49074.130
   540:    49113.130    49180.540    49180.320    49180.330    49180.350
   545:    49180.240    49180.120    49430.220    49430.230    49430.250
   550:    49430.340    49572.120    49657.130    49923.130    49959.130
   555:    49996.130    50081.120    50114.120    50421.120    50510.130
   560:    50598.120    50986.130    51023.130    51107.120    51143.120
   565:    51309.130    51345.130    51417.120    51606.130    51690.120
   570:    51808.130    52010.130    52047.130    52130.740    52138.540
   575:    52138.320    52138.330    52138.350    52138.240    52138.120
   580:    52388.220    52388.230    52388.250    52388.340    52499.120
   585:    52580.130    52662.120    52906.130    53063.120    53171.120
   590:    53287.130    53375.120    53457.840    53490.120    53588.740
   595:    53869.540    53869.320    53869.330    53869.350    53869.240
   600:    53869.120    54119.220    54119.230    54119.250    54119.340
   605:    54228.120    54315.640    54315.320    54315.330    54315.350
   610:    54315.240    54315.130    54565.220    54565.230    54565.250
   615:    54565.340    54691.120    54719.740    54796.130    54890.540
   620:    54890.320    54890.330    54890.350    54890.240    54890.120
   625:    55140.220    55140.230    55140.250    55140.340    55250.120
   630:    55350.130    55436.120    55532.130    55619.120    55890.120
   635:    55978.130    56064.120    56285.120    56478.120    56566.130
   640:    56657.120    56912.120    56998.130    57195.120    57580.120
   645:    57640.740    57685.130    57772.540    57772.320    57772.330
   650:    57772.350    57772.240    57772.120    58022.220    58022.230
   655:    58022.250    58022.340    58147.120    58242.130    58426.130
   660:    58516.120    58704.120    58793.130    59056.130    59149.120
   665:    59362.120    59549.120    59766.120    59802.120    60036.120
   670:    60207.120    60466.120    60503.120    60627.130    60716.120
   675:    61101.120    61210.130    61300.120    61470.120    61508.120
   680:    61614.120    61622.740    61710.130    61797.540    61797.320
   685:    61797.330    61797.350    61797.240    61797.120    62047.220
   690:    62047.230    62047.250    62047.340    62181.120    62222.120
   695:    62322.130    62361.130    62400.130    62483.120    62634.120
   700:    62897.130    62986.120    63110.130    63247.740    63333.540
   705:    63333.320    63333.330    63333.350    63333.240    63333.120
   710:    63583.220    63583.230    63583.250    63583.340    63665.840
   715:    63676.120    63770.640    63770.320    63770.330    63770.350
   720:    63770.240    63770.130    64020.220    64020.230    64020.250
   725:    64020.340    64120.840    64132.120    64170.120    64253.120
   730:    64343.640    64343.320    64343.330    64343.350    64343.240
   735:    64343.130    64593.220    64593.230    64593.250    64593.340
   740:    64691.120    64731.120    64830.130    64899.120    64933.120
   745:    65034.130    65104.120    65194.130    65284.120    65420.120
   750:    65736.120    65829.130    65892.130    65926.130    66012.120
   755:    66146.120    66247.120    66341.130    66589.120    66704.130
   760:    66740.130    66826.120    66956.130    66983.740    66990.130
   765:    67107.540    67107.320    67107.330    67107.350    67107.240
   770:    67107.120    67357.220    67357.230    67357.250    67357.340
   775:    67470.120    67515.120    67602.130    67689.120    67810.130
   780:    67905.120    67993.840    68029.640    68029.320    68029.330
   785:    68029.350    68029.240    68029.130    68279.220    68279.230
   790:    68279.250    68279.340    68421.120    68515.130    68601.120
   795:    68811.120    68914.130    69008.120    69043.120    69087.120
   800:    69258.130    69351.120    69386.120    69600.120    69696.130
   805:    69788.120    69965.120    70094.130    70220.120    70257.740
   810:    70436.540    70436.320    70436.330    70436.350    70436.240
   815:    70436.120    70686.220    70686.230    70686.250    70686.340
   820:    70798.120    70836.120    70932.130    70971.130    71058.120
   825:    71217.120    71475.120    71564.130    71601.130    71642.130
   830:    71748.120    71783.120    72003.120    72129.130    72249.120
   835:    72630.120    72671.120    72766.130    72808.130    72893.120
   840:    72926.120    73024.130    73060.130    73133.120    73223.130
   845:    73339.120    73434.130    73519.120    74486.740    75343.540
   850:    75343.320    75343.330    75343.350    75343.240    75343.120
   855:    75593.220    75593.230    75593.250    75593.340    75709.120
   860:    75793.740    75802.130    75893.540    75893.320    75893.330
   865:    75893.350    75893.240    75893.120    76143.220    76143.230
   870:    76143.250    76143.340    76266.120    76306.120    76398.130
   875:    77090.120    77143.740    77216.130    77274.130    77370.540
   880:    77370.320    77370.330    77370.350    77370.240    77370.120
   885:    77620.220    77620.230    77620.250    77620.340    77753.120
   890:    77779.840    77855.640    77855.320    77855.330    77855.350
   895:    77855.240    77855.130    78105.220    78105.230    78105.250
   900:    78105.340    78227.120    78447.120    78485.120    78582.130
   905:    78632.130    78758.120    78961.120    79082.120    79315.130
   910:    79401.120    79596.120    79825.120    80023.120    80214.120
   915:    80305.130    80345.130    80433.120    80464.120    80580.130
   920:    80670.120    80835.120    81014.120    81326.120    81419.130
   925:    81512.120    81684.120    81777.130    81867.120    82103.120
   930:    82323.120    82355.120    82448.120    82620.740    82680.540
   935:    82680.320    82680.330    82680.350    82680.240    82680.120
   940:    82930.220    82930.230    82930.250    82930.340    83037.120
   945:    83171.130    83264.120    83492.120    83583.130    83624.130
   950:    83709.120    83741.120    83897.120    83988.130    84176.120
   955:    84270.130    84362.130    84447.120    84530.740    84607.540
   960:    84607.320    84607.330    84607.350    84607.240    84607.120
   965:    84857.220    84857.230    84857.250    84857.340    84949.120
   970:    85043.130    85166.120    85413.120    85544.120    85743.130
   975:    85836.120    86072.130    86236.120    86267.120    86369.130
   980:    86586.120    86739.120    86858.130    86947.120    87157.120
   985:    87354.120    87387.120    87581.130    87660.120    87700.120
   990:    87794.130    87893.120    87930.120    88323.120    88358.120
   995:    88458.130    88492.130    88699.120    88818.120    89071.120
  1000:    89267.120    89468.120    89504.120    89548.120    89665.130
  1005:    89759.120    89825.120    89925.130    89969.130    90060.120
  1010:    90153.120    90308.120    90357.740    90405.130    90491.540
  1015:    90491.320    90491.330    90491.350    90491.240    90491.120
  1020:    90741.220    90741.230    90741.250    90741.340    90844.120
  1025:    90949.130    91038.120    91041.740    91232.540    91232.320
  1030:    91232.330    91232.350    91232.240    91232.120    91482.220
  1035:    91482.230    91482.250    91482.340    91629.120    91667.120
  1040:    91702.120    91751.120    91799.120    91991.130    92033.130
  1045:    92142.120    92182.120    92328.120    92548.120    92653.130
  1050:    92691.130    92885.130    93181.120    93215.120    94038.130
  1055:    94123.120    94217.120    94308.130    94389.120    94535.130
  1060:    94664.120    94703.120    94971.120    95010.120    95186.120
  1065:    95225.120    95350.130    95482.740    95539.130    95726.540
  1070:    95726.320    95726.330    95726.350    95726.240    95726.120
  1075:    95976.220    95976.230    95976.250    95976.340    96097.120
  1080:    96194.130    96279.120    96412.130    96498.120    96664.120
  1085:    96753.130    96834.120    96952.120    96993.120    97087.130
  1090:    97168.120    97205.120    97454.120    97642.120    97678.120
  1095:    97781.130    97977.120    98111.130    98261.120    98369.130
  1100:    98456.120    98476.740    98726.540    98726.320    98726.330
  1105:    98726.350    98726.240    98726.120    98976.220    98976.230
  1110:    98976.250    98976.340    99103.120    99192.130    99281.120
  1115:    99477.120    99517.120    99728.130    99815.120   100121.130
  1120:   100216.120   100276.740   100692.540   100692.320   100692.330
  1125:   100692.350   100692.240   100692.120   100942.220   100942.230
  1130:   100942.250   100942.340   101087.120   101174.130   101250.120
  1135:   101375.120   101442.740   101471.130   101558.540   101558.320
  1140:   101558.330   101558.350   101558.240   101558.120   101808.220
  1145:   101808.230   101808.250   101808.340   101944.120   102039.130
  1150:   102108.120   102200.130   102208.740   102283.540   102283.320
  1155:   102283.330   102283.350   102283.240   102283.120   102533.220
  1160:   102533.230   102533.250   102533.340   102633.740   102657.540
  1165:   102657.320   102657.330   102657.350   102657.240   102657.120
  1170:   102907.220   102907.230   102907.250   102907.340   103007.740
  1175:   103028.540   103028.320   103028.330   103028.350   103028.240
  1180:   103028.120   103278.220   103278.230   103278.250   103278.340
  1185:   103852.120   103893.120   104696.120   104809.130   104908.120
  1190:   105704.120   105745.120   105898.120   106059.130   106392.120
  1195:   106629.120   106778.740   106869.540   106869.320   106869.330
  1200:   106869.350   106869.240   106869.120   107119.220   107119.230
  1205:   107119.250   107119.340   107239.120   107530.120   107725.120
  1210:   107914.120   108113.120   108329.120   108522.120   108616.130
  1215:   108767.120   108986.120   109084.130   109231.120   109404.120
  1220:   109791.120   109995.120   110094.130   110217.120   110313.130
  1225:   110443.120   110754.120   110847.130   111075.120   111207.120
  1230:   111370.120   111419.740   111477.540   111477.320   111477.330
  1235:   111477.350   111477.240   111477.120   111727.220   111727.230
  1240:   111727.250   111727.340   112027.740   112816.540   112816.320
  1245:   112816.330   112816.350   112816.240   112816.120   113066.220
  1250:   113066.230   113066.250   113066.340   113348.120   113388.120
  1255:   113466.740   113540.130   113630.540   113630.320   113630.330
  1260:   113630.350   113630.240   113630.120   113880.220   113880.230
  1265:   113880.250   113880.340   114058.120   114178.130   114510.120
  1270:   114598.130   114858.120   115066.120   115160.130   115282.120
  1275:   115410.120   115624.130   115692.120   115802.120   115934.130
  1280:   116001.120   116374.120   116710.120   116829.120   116865.120
  1285:   116917.120   117041.130   117126.130   117220.120   117259.120
  1290:   117449.120   118784.120   118819.120   118888.130   118972.120
  1295:   119131.120   119265.120   119303.120   119503.120   119920.130
  1300:   119980.740   120209.540   120209.320   120209.330   120209.350
  1305:   120209.240   120209.120   120459.220   120459.230   120459.250
  1310:   120459.340   120582.120   120684.130   120770.120   120870.130
  1315:   120962.120   121149.120   121542.120   121630.130   121722.120
  1320:   121876.120   122066.120   122259.120   122482.130   122522.130
  1325:   122609.120   122735.120   122960.130   122997.130   123088.120
  1330:   123262.130   123465.120   123564.130   123687.120   123943.120
  1335:   124032.130   124289.130   124571.120   124764.120   124805.840
  1340:   124916.120   125156.640   125156.320   125156.330   125156.350
  1345:   125156.240   125156.130   125406.220   125406.230   125406.250
  1350:   125406.340   125459.740   125532.540   125532.320   125532.330
  1355:   125532.350   125532.240   125532.120   125782.220   125782.230
  1360:   125782.250   125782.340   125889.120   125906.840   126144.640
  1365:   126144.320   126144.330   126144.350   126144.240   126144.130
  1370:   126394.220   126394.230   126394.250   126394.340   126512.120
  1375:   126642.130   126733.120   126895.130   126985.120   127213.130
  1380:   127251.130   127323.120   127356.120   127549.120   127799.120
  1385:   127885.130   127994.840   127997.120   128263.120   128455.120
  1390:   128731.120   128817.640   128817.320   128817.330   128817.350
  1395:   128817.240   128817.130   128982.740   129067.220   129067.230
  1400:   129067.250   129067.340   129173.540   129173.320   129173.330
  1405:   129173.350   129173.240   129173.120   129423.220   129423.230
  1410:   129423.250   129423.340   129516.120   129594.130   129677.120
  1415:   129766.130   129883.120   130160.130   130288.120   130383.130
  1420:   130420.130   130573.120   130666.130   130667.840   130873.640
  1425:   130873.320   130873.330   130873.350   130873.240   130873.130
  1430:   131123.220   131123.230   131123.250   131123.340   131263.120
  1435:   131351.130   131436.120   131600.120   131685.130   131773.120
  1440:   132002.120   132123.740   132425.540   132425.320   132425.330
  1445:   132425.350   132425.240   132425.120   132675.220   132675.230
  1450:   132675.250   132675.340   132761.120   132800.120   132883.130
  1455:   133018.120   133275.740   133291.130   133474.540   133474.320
  1460:   133474.330   133474.350   133474.240   133474.120   133724.220
  1465:   133724.230   133724.250   133724.340   133816.120   133824.740
  1470:   133906.130   133943.130   134009.540   134009.320   134009.330
  1475:   134009.350   134009.240   134009.120   134259.220   134259.230
  1480:   134259.250   134259.340   134379.120   134471.130   134579.120
  1485:   134669.130   134740.120   134900.120   134990.130   135059.740
  1490:   135074.540   135074.320   135074.330   135074.350   135074.240
  1495:   135074.120   135324.220   135324.230   135324.250   135324.340
  1500:   135424.740   135525.540   135525.320   135525.330   135525.350
  1505:   135525.240   135525.120   135775.220   135775.230   135775.250
  1510:   135775.340   135985.120   136022.120   136090.120   136228.130
  1515:   136267.130   136356.120   136551.120   136639.130   136815.120
  1520:   136896.130   136984.120   137071.130   137161.120   137343.120
  1525:   137422.130   137462.130   138264.120   138349.130   138423.840
  1530:   138442.120   138526.640   138526.320   138526.330   138526.350
  1535:   138526.240   138526.130   138776.220   138776.230   138776.250
  1540:   138776.340   138886.120   138983.130   139122.120   139346.120
  1545:   139528.120   139720.120   139898.120   139986.130   140115.120
  1550:   140343.120   140440.130   140477.130   140563.120   140654.130
  1555:   140766.120   140804.120   140969.130   141012.130   141095.120
  1560:   141134.120   141227.130   141350.120   141441.130   141736.120
  1565:   141824.130   141981.120   142067.130   142075.740   142226.540
  1570:   142226.320   142226.330   142226.350   142226.240   142226.120
  1575:   142476.220   142476.230   142476.250   142476.340   142593.120
  1580:   142629.120   142722.130   142762.130   142835.120   142866.120
  1585:   142952.130   143276.740   143399.130   143492.540   143492.320
  1590:   143492.330   143492.350   143492.240   143492.120   143742.220
  1595:   143742.230   143742.250   143742.340   143835.120   143960.130
  1600:   143998.130   144081.120   144115.120   144197.130   144281.120
  1605:   144567.120   144645.130   144729.120   145519.120   145609.130
  1610:   145693.120   145785.130   145867.120   146056.120   146190.130
  1615:   146273.120   146364.130   146490.120   146730.130   146906.130
  1620:   146994.120   147081.130   147259.120   147345.130   147825.120
  1625:   148043.120   148355.120   148469.130   148503.130   148587.120
  1630:   148742.740   148884.130   148977.540   148977.320   148977.330
  1635:   148977.350   148977.240   148977.120   149227.220   149227.230
  1640:   149227.250   149227.340   149652.120   149744.130   149832.120
  1645:   150029.120   150432.120   150576.840   150621.120   150849.120
  1650:   150927.740   150935.640   150935.320   150935.330   150935.350
  1655:   150935.240   150935.130   151185.220   151185.230   151185.250
  1660:   151185.340   151288.540   151288.320   151288.330   151288.350
  1665:   151288.240   151288.120   151538.220   151538.230   151538.250
  1670:   151538.340   151638.740   151694.540   151694.320   151694.330
  1675:   151694.350   151694.240   151694.120   151944.220   151944.230
  1680:   151944.250   151944.340   152058.120   152154.130   152245.120
  1685:   152396.120   152599.120   152686.130   152770.120   152918.120
  1690:   153005.130   153089.120   153239.120   153414.120   153510.130
  1695:   153601.120   153781.120   153971.120   154044.740   154215.540
  1700:   154215.320   154215.330   154215.350   154215.240   154215.120
  1705:   154465.220   154465.230   154465.250   154465.340   154589.120
  1710:   154665.120   154771.130   154853.120   155044.120   155190.120
  1715:   155285.130   155372.120   155926.130   156016.120   156133.130
  1720:   156218.120   156265.740   156311.130   156531.130   156614.540
  1725:   156614.320   156614.330   156614.350   156614.240   156614.120
  1730:   156864.220   156864.230   156864.250   156864.340   156965.120
  1735:   157074.130   157153.120   157241.130   157327.120   157507.120
  1740:   157599.130   157686.120   157711.120   157927.120   158100.120
  1745:   158247.120   158430.120   158521.130   158608.120   158791.120
  1750:   158872.130   158967.120   159144.120   159294.120   159384.130
  1755:   159424.130   159543.120   159584.120   159781.120   159958.120
  1760:   160142.130   160241.120   160336.130   160508.120   160592.130
  1765:   160710.120   161257.120   161440.120   162235.120   162273.120
  1770:   162361.130   162426.120   162527.120   162629.130   162717.120
  1775:   162884.120   162914.120   163008.130   163273.120   163362.130
  1780:   163485.840   163581.120   163892.640   163892.320   163892.330
  1785:   163892.350   163892.240   163892.130   164142.220   164142.230
  1790:   164142.250   164142.340   164306.120   164397.130   164485.120
  1795:   164638.130   164751.120   164898.120   165042.120   165202.120
  1800:   165379.120   165624.120   165777.130   165863.120   165864.740
  1805:   165950.130   166228.540   166228.320   166228.330   166228.350
  1810:   166228.240   166228.120   166478.220   166478.230   166478.250
  1815:   166478.340   166562.120   166600.120   166682.130   166799.120
  1820:   166954.130   167039.120   167281.120   167366.130   167455.120
  1825:   167574.130   167711.120   167753.120   167876.130   167923.130
  1830:   168262.130   168406.120   168502.130   168819.120   168905.130
  1835:   169042.840   169240.120   169620.640   169620.320   169620.330
  1840:   169620.350   169620.240   169620.130   169870.220   169870.230
  1845:   169870.250   169870.340   170029.120   170106.130   170176.120
  1850:   170265.130   170372.120   170576.120   170666.130   170750.120
  1855:   170929.120   171130.120   171312.120   171402.130   171499.120
  1860:   172122.120   172165.120   172261.130   172461.130   172625.130
  1865:   172708.130   172798.120   173239.130   173329.120   173419.130
  1870:   173553.130   173651.120   173835.120   173865.120   173878.740
  1875:   174142.540   174142.320   174142.330   174142.350   174142.240
  1880:   174142.120   174370.840   174392.220   174392.230   174392.250
  1885:   174392.340   174535.120   174579.120   174676.640   174676.320
  1890:   174676.330   174676.350   174676.240   174676.130   174926.220
  1895:   174926.230   174926.250   174926.340   175050.120   175142.130
  1900:   175228.120   175353.130   175438.120   175585.120   175765.120
  1905:   175943.120   176115.130   176201.120   176418.120   176505.130
  1910:   176545.130   176690.120   176773.130   176869.120   177024.130
  1915:   177107.120   177329.120   177984.120   178072.130   178163.120
  1920:   178569.130   178655.120   178831.120   178920.130   179009.120
  1925:   179132.120   179168.120   179363.130   179392.740   179552.130
  1930:   179700.540   179700.320   179700.330   179700.350   179700.240
  1935:   179700.120   179950.220   179950.230   179950.250   179950.340
  1940:   180026.840   180152.120   180250.640   180250.320   180250.330
  1945:   180250.350   180250.240   180250.130   180500.220   180500.230
  1950:   180500.250   180500.340   180628.120   180664.120   180757.130
  1955:   180841.120   181019.120   181212.120   181250.740   181700.540
  1960:   181700.320   181700.330   181700.350   181700.240   181700.120
  1965:   181950.220   181950.230   181950.250   181950.340   182037.120
  1970:   182075.120   182157.130   182196.130   182319.120   182494.120
  1975:   182711.130   182865.120   182984.130   183076.120   183271.130
  1980:   183358.120   183446.130   183592.120   183826.120   183911.130
  1985:   183945.130   184032.120   184249.120   184600.120   184688.130
  1990:   184778.120   184866.130   184953.120   185192.120   185417.120
  1995:   185500.130   185655.120   185726.130   185815.120   186088.120
  2000:   186209.130   186550.740   186701.540   186701.320   186701.330
  2005:   186701.350   186701.240   186701.120   186951.220   186951.230
  2010:   186951.250   186951.340   187094.120   187177.130   187248.120
  2015:   187347.130   187387.130   187424.130   187514.120   187664.120
  2020:   187755.130   187855.120   188115.130   188150.130   188229.120
  2025:   188451.740   188480.540   188480.320   188480.330   188480.350
  2030:   188480.240   188480.120   188730.220   188730.230   188730.250
  2035:   188730.340   188834.120   188919.130   188985.120   189071.130
  2040:   189344.120   189429.130   189558.120   189769.120   189938.120
  2045:   190162.120   190248.130   190406.130   190490.120   190734.120
  2050:   190811.130   191128.120   191218.130   191535.120   191771.120
  2055:   191854.130   192012.120   192256.120   192334.130   192431.120
  2060:   192520.130   193041.130   193136.120   193259.130   193347.120
  2065:   193817.120   193924.130   194015.120   194309.120   194400.130
  2070:   194604.130   194638.130   194732.120   194829.130   194912.120
  2075:   195653.120   195826.120   195914.130   196388.120   196479.130
  2080:   196574.120   196849.120   197040.120   197130.130   197380.120
  2085:   197467.130   197500.840   197724.120   197817.640   197817.320
  2090:   197817.330   197817.350   197817.240   197817.130   198067.220
  2095:   198067.230   198067.250   198067.340   198216.120   198312.130
  2100:   198392.120   198677.120   198767.130   198802.130   198890.120
  2105:   199071.120   199259.120   199348.130   199442.120   199552.130
  2110:   199653.120   199901.120   199988.130   200235.120   200319.130
  2115:   200467.840   201021.640   201021.320   201021.330   201021.350
  2120:   201021.240   201021.130   201271.220   201271.230   201271.250
  2125:   201271.340   201379.120   201504.130   201599.120   201776.120
  2130:   201932.120   202048.130   202135.120   202279.120   202397.130
  2135:   202659.120   202745.130   203025.130   203204.120   203287.130
  2140:   203486.120   203567.130   203748.120   204215.120   204327.130
  2145:   204365.130   204445.120   204689.120   205262.130   205355.120
  2150:   205592.120   205678.130   205823.120   205936.130   206029.120
  2155:   206030.740   206063.540   206063.320   206063.330   206063.350
  2160:   206063.240   206063.120   206313.220   206313.230   206313.250
  2165:   206313.340   206425.120   206464.120   206638.130   206707.120
  2170:   206743.120   206832.130   207237.120   207325.130   207419.120
  2175:   207508.130   207659.120   207860.120   207886.120   207974.130
  2180:   208137.120   208221.130   208314.120   208357.120   208506.130
  2185:   208536.130   208633.120   208713.740   208752.540   208752.320
  2190:   208752.330   208752.350   208752.240   208752.120   209002.220
  2195:   209002.230   209002.250   209002.340   209128.120   209165.120
  2200:   209256.130   209326.120   209487.130   209569.120   209781.120
  2205:   209931.120   210187.130   210252.120   210360.120   210655.130
  2210:   210871.120   210959.130   211112.120   211200.130   211317.120
  2215:   211406.130   211490.120   211502.740   211582.130   211957.130
  2220:   212315.130   212430.540   212430.320   212430.330   212430.350
  2225:   212430.240   212430.120   212680.220   212680.230   212680.250
  2230:   212680.340   212795.120   212883.130   212965.120   213055.130
  2235:   213216.120   213336.130   213418.120   213507.130   213631.120
  2240:   213680.740   213758.540   213758.320   213758.330   213758.350
  2245:   213758.240   213758.120   214008.220   214008.230   214008.250
  2250:   214008.340   214118.120   214208.740   214209.130   214391.130
  2255:   214488.540   214488.320   214488.330   214488.350   214488.240
  2260:   214488.120   214738.220   214738.230   214738.250   214738.340
  2265:   214831.120   214952.130   215020.120   215163.120   215260.130
  2270:   215348.120   215489.120   215632.130   215700.120   215788.130
  2275:   215859.120   215975.120   216012.120   216169.130   216238.120
  2280:   216478.120   216563.130   216709.120   216863.120   216905.120
  2285:   217070.130   217132.120   217170.120   217349.120   217390.120
  2290:   217522.130   217607.120   217856.120   217943.130   218036.120
  2295:   218246.120   218335.130   218371.840   218422.120   218676.640
  2300:   218676.320   218676.330   218676.350   218676.240   218676.130
  2305:   218926.220   218926.230   218926.250   218926.340   219044.120
  2310:   219083.120   219171.130   219257.130   219300.130   219383.120
  2315:   219539.120   219626.840   219638.740   219737.540   219737.320
  2320:   219737.330   219737.350   219737.240   219737.120   219987.220
  2325:   219987.230   219987.250   219987.340   220085.120   220184.640
  2330:   220184.320   220184.330   220184.350   220184.240   220184.130
  2335:   220434.220   220434.230   220434.250   220434.340   220518.120
  2340:   220617.130   220705.120   220864.120   220901.120   221014.130
  2345:   221105.120   221260.120   221321.130   221360.130   221446.120
  2350:   221682.120   221717.120   221796.130   221933.120   222017.130
  2355:   222170.120   222381.120   222469.130   222614.120   222697.130
  2360:   222733.130   222815.120   222901.130   223165.120   223246.130
  2365:   223729.130   223816.120   223904.130   223934.840   223987.740
  2370:   224028.540   224028.320   224028.330   224028.350   224028.240
  2375:   224028.120   224278.220   224278.230   224278.250   224278.340
  2380:   224369.120   224410.120   224490.640   224490.320   224490.330
  2385:   224490.350   224490.240   224490.130   224740.220   224740.230
  2390:   224740.250   224740.340   224843.120   224879.120   224966.130
  2395:   225028.120   225078.740   225117.130   225187.540   225187.320
  2400:   225187.330   225187.350   225187.240   225187.120   225437.220
  2405:   225437.230   225437.250   225437.340   225540.120   225629.130
  2410:   225698.120   225813.130   225852.130   225938.120   226021.130
  2415:   226059.130   226126.120   226211.130   226281.120   226369.130
  2420:   226457.120   226595.120   226723.120   226906.130   226994.120
  2425:   227132.130   227280.120   227372.130   227459.120   227709.130
  2430:   227877.120   227921.120   228026.130   228113.120   228317.120
  2435:   228337.740   228445.540   228445.320   228445.330   228445.350
  2440:   228445.240   228445.120   228695.220   228695.230   228695.250
  2445:   228695.340   228814.120   228909.130   228980.120   229016.120
  2450:   229228.120   229266.120   229354.130   229440.120   229477.120
  2455:   229599.120   229644.120   229691.120   229770.120   229868.130
  2460:   229957.120   230047.130   230095.740   230184.540   230184.320
  2465:   230184.330   230184.350   230184.240   230184.120   230434.220
  2470:   230434.230   230434.250   230434.340   230524.120   230564.120
  2475:   230614.120   230765.130   230853.120   231032.120   231122.130
  2480:   231270.120   231455.120   231661.120   231744.130   231832.120
  2485:   231946.130   232043.120   232139.130   232205.120   232239.120
  2490:   232374.120   232609.130   232719.120   232905.130   232973.120
  2495:   233090.130   233240.120   233506.120   233687.120   233780.130
  2500:   233905.120   234034.740   234154.540   234154.320   234154.330
  2505:   234154.350   234154.240   234154.120   234404.220   234404.230
  2510:   234404.250   234404.340   234644.120   234738.130   234803.120
  2515:   234836.120   234904.740   234926.130   235078.540   235078.320
  2520:   235078.330   235078.350   235078.240   235078.120   235328.220
  2525:   235328.230   235328.250   235328.340   235419.120   235456.120
  2530:   235499.120   235586.130   235649.120   235810.120   236014.120
  2535:   236251.120   236340.840   236344.640   236344.320   236344.330
  2540:   236344.350   236344.240   236344.130   236594.220   236594.230
  2545:   236594.250   236594.340   236712.120   236803.130   236893.120
  2550:   237212.120   237262.120   237426.120   237428.740   237558.130
  2555:   237682.540   237682.320   237682.330   237682.350   237682.240
  2560:   237682.120   237932.220   237932.230   237932.250   237932.340
  2565:   238040.120   238115.120   238203.130   238268.120   238356.130
  2570:   238452.120   238538.130   238577.130   238616.130   238700.120
  2575:   238844.120   239105.130   239294.120   239389.130   239470.120
  2580:   239706.120   239800.130   240002.120   240034.120   240114.130
  2585:   240205.120   240416.120   240500.130   240622.120   240712.130
  2590:   240805.120   241074.120   241160.130   241402.120   241552.130
  2595:   241638.120   241736.120   241772.120   241832.740   241868.130
  2600:   241948.540   241948.320   241948.330   241948.350   241948.240
  2605:   241948.120   242198.220   242198.230   242198.250   242198.340
  2610:   242507.120   242604.130   242770.120   242805.120   242894.130
  2615:   242933.130   243019.120   243086.120   243188.130   243256.120
  2620:   243409.120   243523.130   243608.120   243705.120   243805.120
  2625:   243841.120   243978.120   244083.130   244165.120   244262.120
  2630:   244298.740   244358.130   244448.540   244448.320   244448.330
  2635:   244448.350   244448.240   244448.120   244698.220   244698.230
  2640:   244698.250   244698.340   244786.120   244823.120   244918.130
  2645:   244981.120   245142.120   245240.130   245428.120   245622.120
  2650:   245656.120   245742.130   245892.120   246076.120   246159.130
  2655:   246283.120   246367.130   246458.120   246641.120   246857.120
  2660:   246938.130   246976.130   247061.120   247272.120   247355.130
  2665:   247445.120   247668.120   247694.840   247761.640   247761.320
  2670:   247761.330   247761.350   247761.240   247761.130   248011.220
  2675:   248011.230   248011.250   248011.340   248116.120   248319.130
  2680:   248384.120   248485.130   248498.740   248526.130   248601.540
  2685:   248601.320   248601.330   248601.350   248601.240   248601.120
  2690:   248851.220   248851.230   248851.250   248851.340   248967.120
  2695:   249071.130   249139.120   249299.120   249448.130   249621.130
  2700:   249748.120   249952.120   250167.120   250255.130   250534.130
  2705:   250618.120   250766.120   250947.120   251178.120   251211.840
  2710:   251266.640   251266.320   251266.330   251266.350   251266.240
  2715:   251266.130   251516.220   251516.230   251516.250   251516.340
  2720:   251600.120   251638.120   251722.130   251873.120   251898.120
  2725:   251980.130   252125.120   252334.120   252587.120   252675.130
  2730:   252761.120   252916.840   253009.120   253075.640   253075.320
  2735:   253075.330   253075.350   253075.240   253075.130   253325.220
  2740:   253325.230   253325.250   253325.340   253415.120   253508.130
  2745:   253546.130   254031.120   254207.120   254421.120   254506.130
  2750:   254597.120   254808.120   255042.120   255123.130   255214.120
  2755:   255329.130   255366.130   255447.120   255526.130   255615.120
  2760:   255874.130   255908.130   256013.120   256098.130   256216.120
  2765:   256302.130   256386.120   256609.120   256646.120   256771.130
  2770:   256949.130   257037.120   257225.120   257305.130   257645.120
  2775:   257728.130   257765.130   257853.120   257973.120   258011.120
  2780:   258104.130   258176.120   258266.130   258303.130   258392.120
  2785:   258653.120   258740.130   259090.130   259183.120   259219.120
  2790:   259338.130   259375.130   259464.120   259558.130   259635.120
  2795:   259748.130   259782.130   259866.120   259976.120   260019.120
  2800:   260130.130   260216.120   260310.120   260411.130   260622.120
  2805:   260737.130   260775.130   260845.120   260851.740   261042.540
  2810:   261042.320   261042.330   261042.350   261042.240   261042.120
  2815:   261292.220   261292.230   261292.250   261292.340   261398.120
  2820:   261491.130   261560.120   261649.130   261735.120   261892.120
  2825:   261992.130   262080.120   262258.120   262346.130   262442.120
  2830:   262681.120   262762.130   262862.120   263098.120   263214.130
  2835:   263304.120   263489.120   263694.120   263783.130   264105.120
  2840:   264284.120   264371.130   264589.120   264677.130   264971.120
  2845:   265049.130   265273.120   265358.130   265615.120   265815.120
  2850:   265911.130   266003.120   266292.120   266417.130   266506.120
  2855:   266634.120   266750.120   266844.130   266945.120   267021.130
  2860:   267137.120   267227.130   267312.120   267495.120   267707.120
  2865:   267795.130   267942.120   268064.130   268313.130   268354.130
  2870:   268447.120   268490.120   268900.120   268937.120   269027.130
  2875:   269104.120   269192.740   269325.840   269343.640   269343.320
  2880:   269343.330   269343.350   269343.240   269343.130   269593.220
  2885:   269593.230   269593.250   269593.340   269704.540   269704.320
  2890:   269704.330   269704.350   269704.240   269704.120   269954.220
  2895:   269954.230   269954.250   269954.340   270056.120   270096.120
  2900:   270176.130   270418.120   270443.120   270626.120   270833.120
  2905:   270978.120   271070.130   271158.120   271441.120   271648.120
  2910:   271746.130   271853.130   271943.120   271969.120   272011.120
  2915:   272086.130   272283.120   272367.130   272672.120   272749.130
  2920:   272841.120   272922.130   273139.120   273224.130   273354.740
  2925:   273417.540   273417.320   273417.330   273417.350   273417.240
  2930:   273417.120   273667.220   273667.230   273667.250   273667.340
  2935:   273775.120   273813.120   273933.130   274024.120   274058.120
  2940:   274141.130   274331.120   274415.130   274467.740   274503.540
  2945:   274503.320   274503.330   274503.350   274503.240   274503.120
  2950:   274753.220   274753.230   274753.250   274753.340   274854.120
  2955:   274941.130   275052.120   275082.120   275166.130   275201.130
  2960:   275270.120   275449.120   275532.130   275617.120   275788.120
  2965:   276007.130   276127.120   276209.130   276359.120   276553.740
  2970:   276568.540   276568.320   276568.330   276568.350   276568.240
  2975:   276568.120   276818.220   276818.230   276818.250   276818.340
  2980:   276941.120   277033.130   277185.130   277269.120   277413.120
  2985:   277624.120   277713.130   277800.120   277860.120   277892.120
  2990:   278019.120   278183.120   278281.130   278380.130   278581.120
  2995:   278672.130   278734.130   278821.120   279062.120   279154.130
  3000:   279274.120   279361.130   279449.120   279556.120   279652.130
  3005:   279803.120   280089.130   280123.130   280212.120   280238.120
  3010:   280323.130   280412.120   280503.130   280805.120   280892.130
  3015:   280976.120   281092.130   281267.130   281437.120   281530.130
  3020:   281667.120   281752.130   281903.120   281988.130   282170.120
  3025:   282258.130   282354.120   282446.120   282481.120   282578.130
  3030:   282859.120   282892.120   282983.130   283074.120   283167.130
  3035:   283243.120   283542.120   283717.120   283836.120   283965.130
  3040:   284114.120   284367.120   284438.120   284526.130   284555.130
  3045:   284649.120   284885.120   284922.120   285078.130   285148.120
  3050:   285451.120   285569.130   285665.120   285780.120   285818.740
  3055:   285907.130   286095.540   286095.320   286095.330   286095.350
  3060:   286095.240   286095.120   286345.220   286345.230   286345.250
  3065:   286345.340   286431.120   286470.120   286554.130   286595.130
  3070:   286682.120   286717.120   286799.130   286875.130   286945.120
  3075:   287020.130   287057.130   287126.120   287163.120   287317.120
  3080:   287553.120   287641.130   287679.130   287756.120   287955.120
  3085:   287993.120   288083.130   288164.120   288288.130   288376.120
  3090:   288585.120   288674.130   288713.130   288781.120   288996.120
  3095:   289192.120   289217.120   289529.130   289622.120   289717.120
  3100:   289899.120   290121.120   290201.130   290245.740   290386.540
  3105:   290386.320   290386.330   290386.350   290386.240   290386.120
  3110:   290636.220   290636.230   290636.250   290636.340   290782.120
  3115:   290871.130   290951.120   291037.130   291120.120   291263.120
  3120:   291465.130   291750.120   291837.130   291924.120   292111.120
  3125:   292466.130   292557.120   292746.120   292831.130   292919.120
  3130:   293106.120   293224.130   293308.120   293601.120   293695.130
  3135:   293850.120   293935.130   294028.120   294052.120   294149.130
  3140:   294300.120   294461.120   294624.120   294668.120   294947.120
  3145:   295052.120   295136.130   295311.120   295546.120   295641.130
  3150:   295953.120   296074.120   296427.120   296517.130   296605.120
  3155:   296795.120   297050.120   297141.130   297298.120   297936.740
  3160:   297953.540   297953.320   297953.330   297953.350   297953.240
  3165:   297953.120   298203.220   298203.230   298203.250   298203.340
  3170:   298345.120   298432.130   298496.120   298634.120   298730.120
  3175:   298772.120   298876.130   298942.120   299070.120   299225.130
  3180:   299307.120   299498.120   299574.130   299604.130   299683.120
  3185:   299798.130   300102.120   300260.120   300497.120   300598.130
  3190:   300681.120   301064.120   301259.120   301678.130   301750.120
  3195:   302453.120   302483.120   302567.130   302916.120   303000.130
  3200:   303224.120   303357.130   303488.120   303521.120   303851.130
  3205:   303884.130   303950.130   304040.120   304131.130   304207.120
  3210:   304371.120   304620.120   304704.130   304922.120   305003.740
  3215:   305086.130   305174.540   305174.320   305174.330   305174.350
  3220:   305174.240   305174.120   305424.220   305424.230   305424.250
  3225:   305424.340   305520.120   305554.120   305726.120   305949.120
  3230:   306223.130   306305.120   306484.120   306687.120   306886.120
  3235:   307084.120   307316.120   307427.130   307693.840   308087.120
  3240:   308150.120   308240.120   308325.640   308325.320   308325.330
  3245:   308325.350   308325.240   308325.130   308575.220   308575.230
  3250:   308575.250   308575.340   308670.120   308877.120   308957.130
  3255:   308989.130   309066.120   309263.120   309432.120   309682.120
  3260:   309775.840   309974.120   310051.640   310051.320   310051.330
  3265:   310051.350   310051.240   310051.130   310301.220   310301.230
  3270:   310301.250   310301.340   310398.120   310481.130   310515.130
  3275:   310600.120   310773.120   310953.120   311081.130   311168.120
  3280:   311339.130   311420.120   311614.120   311691.130   311923.120
  3285:   311981.130   312104.120   312209.120   312364.120   312400.120
  3290:   312574.130   312724.740   312993.540   312993.320   312993.330
  3295:   312993.350   312993.240   312993.120   313243.220   313243.230
  3300:   313243.250   313243.340   313338.120   313373.120   313444.130
  3305:   313559.120   313786.120   313856.130   313972.120   314051.130
  3310:   314101.840   314140.120   314304.120   314364.120   314468.120
  3315:   314720.120   314744.120   314839.120   314923.640   314923.320
  3320:   314923.330   314923.350   314923.240   314923.130   315173.220
  3325:   315173.230   315173.250   315173.340   315250.120   315333.130
  3330:   315547.120   315789.120   315894.130   316168.120   316275.130
  3335:   316360.120   316536.120   316625.130   316703.120   316807.130
  3340:   316883.120   317037.130   317149.120   317236.130   317365.120
  3345:   317570.120   317646.130   317678.130   317783.120   317862.130
  3350:   317941.120   318273.130   318351.120   318704.120   318794.130
  3355:   318879.120   319080.120   319255.120   319289.120   319377.130
  3360:   319453.120   319565.130   319643.120   319871.120   319873.840
  3365:   320044.120   320665.120   320698.120   320735.120   320847.640
  3370:   320847.320   320847.330   320847.350   320847.240   320847.130
  3375:   321097.220   321097.230   321097.250   321097.340   321181.120
  3380:   321292.130   321370.120   321397.840   321547.120   321714.120
  3385:   321743.740   321901.540   321901.320   321901.330   321901.350
  3390:   321901.240   321901.120   322151.220   322151.230   322151.250
  3395:   322151.340   322230.120   322317.640   322317.320   322317.330
  3400:   322317.350   322317.240   322317.130   322567.220   322567.230
  3405:   322567.250   322567.340   322675.120   322823.130   322906.120
  3410:   322951.740   323069.540   323069.320   323069.330   323069.350
  3415:   323069.240   323069.120   323319.220   323319.230   323319.250
  3420:   323319.340   323460.120   323579.130   323651.120   323784.120
  3425:   323863.130   323971.120   324108.120   324188.130   324268.120
  3430:   324421.120   324500.130   324591.120   324711.120   324858.130
  3435:   324931.120   325064.120   325119.740   325252.540   325252.320
  3440:   325252.330   325252.350   325252.240   325252.120   325502.220
  3445:   325502.230   325502.250   325502.340   325567.840   325599.120
  3450:   325682.640   325682.320   325682.330   325682.350   325682.240
  3455:   325682.130   325932.220   325932.230   325932.250   325932.340
  3460:   326032.120   326109.130   326132.840   326178.120   326308.120
  3465:   326383.640   326383.320   326383.330   326383.350   326383.240
  3470:   326383.130   326633.220   326633.230   326633.250   326633.340
  3475:   326742.120   327082.120   327162.130   327242.120   327376.120
  3480:   327515.120   327578.130   327682.120   327762.130   327802.130
  3485:   327858.130   327941.120   328162.120   328320.120   328425.120
  3490:   328537.130   328610.120   328722.130   328756.130   328834.120
  3495:   329000.120   329023.120   329083.120   329162.130   329239.120
  3500:   329555.120   329636.130   329807.130   329879.120   330098.120
  3505:   330184.130   330281.120   330315.120   330428.130   330546.120
  3510:   330653.130   330756.120   330840.130   330926.120   331098.120
  3515:   331135.120   331582.130   331753.120   331815.130   332176.120
  3520:   332443.120   332620.120   332700.130   332786.120   332986.120
  3525:   333002.740   333023.540   333023.320   333023.330   333023.350
  3530:   333023.240   333023.120   333273.220   333273.230   333273.250
  3535:   333273.340   333349.120   333383.120   333523.120   333603.130
  3540:   333706.120   333856.130   333897.130   333973.740   333992.540
  3545:   333992.320   333992.330   333992.350   333992.240   333992.120
  3550:   334242.220   334242.230   334242.250   334242.340   334325.120
  3555:   334554.120   334754.120   334918.120   335053.120   335133.840
  3560:   335280.120   335353.640   335353.320   335353.330   335353.350
  3565:   335353.240   335353.130   335603.220   335603.230   335603.250
  3570:   335603.340   335687.120   335764.130   335845.120   335987.120
  3575:   336064.130   336173.120   336490.130   336530.130   336595.130
  3580:   336642.740   336676.540   336676.320   336676.330   336676.350
  3585:   336676.240   336676.120   336926.220   336926.230   336926.250
  3590:   336926.340   337022.120   337103.130   337139.130   337220.120
  3595:   337435.120   337498.130   337681.120   337882.120   338018.130
  3600:   338105.120   338163.120   338371.130   338451.120   338623.120
  3605:   338708.130   338794.120   339264.130   339406.120   339647.120
  3610:   339723.130   339867.120   339984.120   340115.130   340197.120
  3615:   340219.120   340327.120   340408.130   340634.120   340717.130
  3620:   340855.120   340934.130   341207.130   341226.740   341609.540
  3625:   341609.320   341609.330   341609.350   341609.240   341609.120
  3630:   341859.220   341859.230   341859.250   341859.340   341957.120
  3635:   342038.130   342100.120   342159.740   342178.130   342266.130
  3640:   342331.540   342331.320   342331.330   342331.350   342331.240
  3645:   342331.120   342581.220   342581.230   342581.250   342581.340
  3650:   342684.120   342764.130   342874.120   342909.120   343045.120
  3655:   343207.120   343436.120   343506.130   343629.120   343840.120
  3660:   343869.120   344067.120   344145.130   344395.120   344432.120
  3665:   344466.120   344548.130   344633.120   344719.130   344867.120
  3670:   344946.130   345086.120   345261.120   345511.120   345616.130
  3675:   345650.130   345736.120   346044.130   346135.120   346171.120
  3680:   346250.130   346330.120   346360.120   346528.120   346564.120
  3685:   346655.130   346766.120   347128.130   347368.120   347604.120
  3690:   347640.120   348043.120   348105.120   348187.130   348555.120
  3695:   348631.130   348767.120   348791.120   349104.130   349184.120
  3700:   349303.840   349336.120   349381.740   349420.640   349420.320
  3705:   349420.330   349420.350   349420.240   349420.130   349670.220
  3710:   349670.230   349670.250   349670.340   349770.540   349770.320
  3715:   349770.330   349770.350   349770.240   349770.120   350020.220
  3720:   350020.230   350020.250   350020.340   350100.120   350186.130
  3725:   350261.120   350345.130   350388.130   350473.120   350684.120
  3730:   350849.120   350931.130   350993.120   351157.120   351231.130
  3735:   351294.120   351379.130   351645.120   351775.120   351855.130
  3740:   351938.120   352143.120   352314.120   352394.130   352556.120
  3745:   352742.120   352820.130   353020.740   353101.130   353188.540
  3750:   353188.320   353188.330   353188.350   353188.240   353188.120
  3755:   353438.220   353438.230   353438.250   353438.340   353656.130
  3760:   353771.120   353938.120   353971.120   354172.130   354257.120
  3765:   354338.130   354471.120   354659.120   354840.120   354928.130
  3770:   355018.120   355228.120   355309.130   355565.120   355662.130
  3775:   355920.130   356105.120   356239.130   356276.130   356318.130
  3780:   356355.130   356400.130   356506.120   356534.120   356623.130
  3785:   356840.120   356930.130   356962.130   357042.120   357274.120
  3790:   357313.120   357439.130   357554.120   357790.120   357872.130
  3795:   358034.120   358200.130   358513.120   358603.130   358791.120
  3800:   358938.740   358974.540   358974.320   358974.330   358974.350
  3805:   358974.240   358974.120   359224.220   359224.230   359224.250
  3810:   359224.340   359379.120   359414.120   359532.130   359610.120
  3815:   359670.120   359764.130   359855.120   360000.320   360000.330
  3820:   360000.350   360000.020
C:
     0:        0.000     1544.000      860.000      101.000       40.000
     5:        0.000
D:
     0:        0.000        0.000
L:
     0:      333.000      333.000      333.000
M:
     0:      900.000      901.000      902.000      903.000      904.000
     5:      905.000      906.000      907.000      908.000      909.000
    10:      910.000      911.000      912.000      913.000      914.000
    15:      915.000      916.000      917.000      918.000      919.000
    20:      920.000      921.000      922.000      923.000      924.000
    25:      925.000      926.000      927.000      928.000      929.000
    30:      930.000      931.000      932.000      933.000      934.000
    35:      935.000      936.000      937.000      938.000      939.000
    40:      940.000      941.000      942.000      943.000      944.000
    45:      945.000      946.000      947.000      948.000      949.000
    50:      950.000      951.000      952.000      953.000      954.000
    55:      955.000      956.000      957.000      958.000      959.000
    60:      960.000      961.000      962.000      963.000      964.000
    65:      965.000      966.000      967.000      968.000      969.000
    70:      970.000      971.000      972.000      973.000      974.000
    75:      975.000      976.000      977.000      978.000      979.000
    80:      980.000      981.000      982.000      983.000      984.000
    85:      985.000      986.000      987.000      988.000      989.000
    90:      990.000      991.000      992.000      993.000      994.000
    95:      995.000      996.000      997.000      998.000      999.000
   100:     1000.000     1001.000     1002.000     1003.000     1004.000
   105:     1005.000     1006.000     1007.000     1008.000     1009.000
   110:     1010.000     1011.000     1012.000     1013.000     1014.000
   115:     1015.000     1016.000     1017.000     1018.000     1019.000
   120:     1020.000     1021.000     1022.000     1023.000     1024.000
   125:     1025.000     1026.000     1027.000     1028.000     1029.000
   130:     1030.000     1031.000     1032.000     1033.000     1034.000
   135:     1035.000     1036.000     1037.000     1038.000     1039.000
   140:     1040.000     1041.000     1042.000     1043.000     1044.000
   145:     1045.000     1046.000     1047.000     1048.000     1049.000
   150:     1050.000     1051.000     1052.000     1053.000     1054.000
   155:     1055.000     1056.000     1057.000     1058.000     1059.000
   160:     1060.000     1061.000     1062.000     1063.000     1064.000
   165:     1065.000     1066.000     1067.000     1068.000     1069.000
   170:     1070.000     1071.000     1072.000     1073.000     1074.000
   175:     1075.000     1076.000     1077.000     1078.000     1079.000
   180:     1080.000     1081.000     1082.000     1083.000     1084.000
   185:     1085.000     1086.000     1087.000     1088.000     1089.000
   190:     1090.000     1091.000     1092.000     1093.000     1094.000
   195:     1095.000     1096.000     1097.000     1098.000     1099.000
   200:     1100.000     1101.000     1102.000     1103.000     1104.000
   205:     1105.000     1106.000     1107.000     1108.000     1109.000
   210:     1110.000     1111.000     1112.000     1113.000     1114.000
   215:     1115.000     1116.000     1117.000     1118.000     1119.000
   220:     1120.000     1121.000     1122.000     1123.000     1124.000
   225:     1125.000     1126.000     1127.000     1128.000     1129.000
   230:     1130.000     1131.000     1132.000     1133.000     1134.000
   235:     1135.000     1136.000     1137.000     1138.000     1139.000
   240:     1140.000     1141.000     1142.000     1143.000     1144.000
   245:     1145.000     1146.000     1147.000     1148.000     1149.000
   250:     1150.000     1151.000     1152.000     1153.000     1154.000
   255:     1155.000     1156.000     1157.000     1158.000     1159.000
   260:     1160.000     1161.000     1162.000     1163.000     1164.000
   265:     1165.000     1166.000     1167.000     1168.000     1169.000
   270:     1170.000     1171.000     1172.000     1173.000     1174.000
   275:     1175.000     1176.000     1177.000     1178.000     1179.000
   280:     1180.000     1181.000     1182.000     1183.000     1184.000
   285:     1185.000     1186.000     1187.000     1188.000     1189.000
   290:     1190.000     1191.000     1192.000     1193.000     1194.000
   295:     1195.000     1196.000     1197.000     1198.000     1199.000
   300:     1200.000     1201.000     1202.000     1203.000     1204.000
   305:     1205.000     1206.000     1207.000     1208.000     1209.000
   310:     1210.000     1211.000     1212.000     1213.000     1214.000
   315:     1215.000     1216.000     1217.000     1218.000     1219.000
   320:     1220.000     1221.000     1222.000     1223.000     1224.000
   325:     1225.000     1226.000     1227.000     1228.000     1229.000
   330:     1230.000     1231.000     1232.000     1233.000     1234.000
   335:     1235.000     1236.000     1237.000     1238.000     1239.000
   340:     1240.000     1241.000     1242.000     1243.000     1244.000
   345:     1245.000     1246.000     1247.000     1248.000     1249.000
   350:     1250.000     1251.000     1252.000     1253.000     1254.000
   355:     1255.000     1256.000     1257.000     1258.000     1259.000
   360:     1260.000     1261.000     1262.000     1263.000     1264.000
   365:     1265.000     1266.000     1267.000     1268.000     1269.000
   370:     1270.000     1271.000     1272.000     1273.000     1274.000
   375:     1275.000     1276.000     1277.000     1278.000     1279.000
   380:     1280.000     1281.000     1282.000     1283.000     1284.000
   385:     1285.000     1286.000     1287.000     1288.000     1289.000
   390:     1290.000     1291.000     1292.000     1293.000     1294.000
   395:     1295.000     1296.000     1297.000     1298.000     1299.000
   400:     1300.000     1301.000     1302.000     1303.000     1304.000
   405:     1305.000     1306.000     1307.000     1308.000     1309.000
   410:     1310.000     1311.000     1312.000     1313.000     1314.000
   415:     1315.000     1316.000     1317.000     1318.000     1319.000
   420:     1320.000     1321.000     1322.000     1323.000     1324.000
   425:     1325.000     1326.000     1327.000     1328.000     1329.000
   430:     1330.000     1331.000     1332.000     1333.000     1334.000
   435:     1335.000     1336.000     1337.000     1338.000     1339.000
   440:     1340.000     1341.000     1342.000     1343.000     1344.000
   445:     1345.000     1346.000     1347.000     1348.000     1349.000
   450:     1350.000     1351.000     1352.000     1353.000     1354.000
   455:     1355.000     1356.000     1357.000     1358.000     1359.000
   460:     1360.000     1361.000     1362.000     1363.000     1364.000
   465:     1365.000     1366.000     1367.000     1368.000     1369.000
   470:     1370.000     1371.000     1372.000     1373.000     1374.000
   475:     1375.000     1376.000     1377.000     1378.000     1379.000
   480:     1380.000     1381.000     1382.000     1383.000     1384.000
   485:     1385.000     1386.000     1387.000     1388.000     1389.000
   490:     1390.000     1391.000     1392.000     1393.000     1394.000
   495:     1395.000     1396.000     1397.000     1398.000     1399.000
   500:     1400.000     1401.000     1402.000     1403.000     1404.000
   505:     1405.000     1406.000     1407.000     1408.000     1409.000
   510:     1410.000     1411.000     1412.000     1413.000     1414.000
   515:     1415.000     1416.000     1417.000     1418.000     1419.000
   520:     1420.000     1421.000     1422.000     1423.000     1424.000
   525:     1425.000     1426.000     1427.000     1428.000     1429.000
   530:     1430.000     1431.000     1432.000     1433.000     1434.000
   535:     1435.000     1436.000     1437.000     1438.000     1439.000
   540:     1440.000     1441.000     1442.000     1443.000     1444.000
   545:     1445.000     1446.000     1447.000     1448.000     1449.000
   550:     1450.000     1451.000     1452.000     1453.000     1454.000
   555:     1455.000     1456.000     1457.000     1458.000     1459.000
   560:     1460.000     1461.000     1462.000     1463.000     1464.000
   565:     1465.000     1466.000     1467.000     1468.000     1469.000
   570:     1470.000     1471.000     1472.000     1473.000     1474.000
   575:     1475.000     1476.000     1477.000     1478.000     1479.000
   580:     1480.000     1481.000     1482.000     1483.000     1484.000
   585:     1485.000     1486.000     1487.000     1488.000     1489.000
   590:     1490.000     1491.000     1492.000     1493.000     1494.000
   595:     1495.000     1496.000     1497.000     1498.000     1499.000
   600:     1500.000     1501.000     1502.000     1503.000     1504.000
   605:     1505.000     1506.000     1507.000     1508.000     1509.000
   610:     1510.000     1511.000     1512.000     1513.000     1514.000
   615:     1515.000     1516.000     1517.000     1518.000     1519.000
   620:     1520.000     1521.000     1522.000     1523.000     1524.000
   625:     1525.000     1526.000     1527.000     1528.000     1529.000
   630:     1530.000     1531.000     1532.000     1533.000     1534.000
   635:     1535.000     1536.000     1537.000     1538.000     1539.000
   640:     1540.000     1541.000     1542.000     1543.000     1544.000
   645:     1545.000     1546.000     1547.000     1548.000     1549.000
   650:     1550.000     1551.000     1552.000     1553.000     1554.000
   655:     1555.000     1556.000     1557.000     1558.000     1559.000
   660:     1560.000     1561.000     1562.000     1563.000     1564.000
   665:     1565.000     1566.000     1567.000     1568.000     1569.000
   670:     1570.000     1571.000     1572.000     1573.000     1574.000
   675:     1575.000     1576.000     1577.000     1578.000     1579.000
   680:     1580.000     1581.000     1582.000     1583.000     1584.000
   685:     1585.000     1586.000     1587.000     1588.000     1589.000
   690:     1590.000     1591.000     1592.000     1593.000     1594.000
   695:     1595.000     1596.000     1597.000     1598.000     1599.000
   700:     1600.000     1601.000     1602.000     1603.000     1604.000
   705:     1605.000     1606.000     1607.000     1608.000     1609.000
   710:     1610.000     1611.000     1612.000     1613.000     1614.000
   715:     1615.000     1616.000     1617.000     1618.000     1619.000
   720:     1620.000     1621.000     1622.000     1623.000     1624.000
   725:     1625.000     1626.000     1627.000     1628.000     1629.000
   730:     1630.000     1631.000     1632.000     1633.000     1634.000
   735:     1635.000     1636.000     1637.000     1638.000     1639.000
   740:     1640.000     1641.000     1642.000     1643.000     1644.000
   745:     1645.000     1646.000     1647.000     1648.000     1649.000
   750:     1650.000     1651.000     1652.000     1653.000     1654.000
   755:     1655.000     1656.000     1657.000     1658.000     1659.000
   760:     1660.000     1661.000     1662.000     1663.000     1664.000
   765:     1665.000     1666.000     1667.000     1668.000     1669.000
   770:     1670.000     1671.000     1672.000     1673.000     1674.000
   775:     1675.000     1676.000     1677.000     1678.000     1679.000
   780:     1680.000     1681.000     1682.000     1683.000     1684.000
   785:     1685.000     1686.000     1687.000     1688.000     1689.000
   790:     1690.000     1691.000     1692.000     1693.000     1694.000
   795:     1695.000     1696.000     1697.000     1698.000     1699.000
   800:     1700.000     1701.000     1702.000     1703.000     1704.000
   805:     1705.000     1706.000     1707.000     1708.000     1709.000
   810:     1710.000     1711.000     1712.000     1713.000     1714.000
   815:     1715.000     1716.000     1717.000     1718.000     1719.000
   820:     1720.000     1721.000     1722.000     1723.000     1724.000
   825:     1725.000     1726.000     1727.000     1728.000     1729.000
   830:     1730.000     1731.000     1732.000     1733.000     1734.000
   835:     1735.000     1736.000     1737.000     1738.000     1739.000
   840:     1740.000     1741.000     1742.000     1743.000     1744.000
   845:     1745.000     1746.000     1747.000     1748.000     1749.000
   850:     1750.000     1751.000     1752.000     1753.000     1754.000
   855:     1755.000     1756.000     1757.000     1758.000     1759.000
   860:     1760.000     1761.000     1762.000     1763.000     1764.000
   865:     1765.000     1766.000     1767.000     1768.000     1769.000
   870:     1770.000     1771.000     1772.000     1773.000     1774.000
   875:     1775.000     1776.000     1777.000     1778.000     1779.000
   880:     1780.000     1781.000     1782.000     1783.000     1784.000
   885:     1785.000     1786.000     1787.000     1788.000     1789.000
   890:     1790.000     1791.000     1792.000     1793.000     1794.000
   895:     1795.000     1796.000     1797.000     1798.000     1799.000
   900:     1800.000     1801.000     1802.000     1803.000     1804.000
   905:     1805.000     1806.000     1807.000     1808.000     1809.000
   910:     1810.000     1811.000     1812.000     1813.000     1814.000
   915:     1815.000     1816.000     1817.000     1818.000     1819.000
   920:     1820.000     1821.000     1822.000     1823.000     1824.000
   925:     1825.000     1826.000     1827.000     1828.000     1829.000
   930:     1830.000     1831.000     1832.000     1833.000     1834.000
   935:     1835.000     1836.000     1837.000     1838.000     1839.000
   940:     1840.000     1841.000     1842.000     1843.000     1844.000
   945:     1845.000     1846.000     1847.000     1848.000     1849.000
   950:     1850.000     1851.000     1852.000     1853.000     1854.000
   955:     1855.000     1856.000     1857.000     1858.000     1859.000
   960:     1860.000     1861.000     1862.000     1863.000     1864.000
   965:     1865.000     1866.000     1867.000     1868.000     1869.000
   970:     1870.000     1871.000     1872.000     1873.000     1874.000
   975:     1875.000     1876.000     1877.000     1878.000     1879.000
   980:     1880.000     1881.000     1882.000     1883.000     1884.000
   985:     1885.000     1886.000     1887.000     1888.000     1889.000
   990:     1890.000     1891.000     1892.000     1893.000     1894.000
   995:     1895.000     1896.000     1897.000     1898.000     1899.000
  1000:     1900.000     1901.000     1902.000     1903.000     1904.000
  1005:     1905.000     1906.000     1907.000     1908.000     1909.000
  1010:     1910.000     1911.000     1912.000     1913.000     1914.000
  1015:     1915.000     1916.000     1917.000     1918.000     1919.000
  1020:     1920.000     1921.000     1922.000     1923.000     1924.000
  1025:     1925.000     1926.000     1927.000     1928.000     1929.000
  1030:     1930.000     1931.000     1932.000     1933.000     1934.000
  1035:     1935.000     1936.000     1937.000     1938.000     1939.000
  1040:     1940.000     1941.000     1942.000     1943.000     1944.000
  1045:     1945.000     1946.000     1947.000     1948.000     1949.000
  1050:     1950.000     1951.000     1952.000     1953.000     1954.000
  1055:     1955.000     1956.000     1957.000     1958.000     1959.000
  1060:     1960.000     1961.000     1962.000     1963.000     1964.000
  1065:     1965.000     1966.000     1967.000     1968.000     1969.000
  1070:     1970.000     1971.000     1972.000     1973.000     1974.000
  1075:     1975.000     1976.000     1977.000     1978.000     1979.000
  1080:     1980.000     1981.000     1982.000     1983.000     1984.000
  1085:     1985.000     1986.000     1987.000     1988.000     1989.000
  1090:     1990.000     1991.000     1992.000     1993.000     1994.000
  1095:     1995.000     1996.000     1997.000     1998.000     1999.000
  1100:     2000.000     2001.000     2002.000     2003.000     2004.000
  1105:     2005.000     2006.000     2007.000     2008.000     2009.000
  1110:     2010.000     2011.000     2012.000     2013.000     2014.000
  1115:     2015.000     2016.000     2017.000     2018.000     2019.000
  1120:     2020.000     2021.000     2022.000     2023.000     2024.000
  1125:     2025.000     2026.000     2027.000     2028.000     2029.000
  1130:     2030.000     2031.000     2032.000     2033.000     2034.000
  1135:     2035.000     2036.000     2037.000     2038.000     2039.000
  1140:     2040.000     2041.000     2042.000     2043.000     2044.000
  1145:     2045.000     2046.000     2047.000     2048.000     2049.000
  1150:     2050.000     2051.000     2052.000     2053.000     2054.000
  1155:     2055.000     2056.000     2057.000     2058.000     2059.000
  1160:     2060.000     2061.000     2062.000     2063.000     2064.000
  1165:     2065.000     2066.000     2067.000     2068.000     2069.000
  1170:     2070.000     2071.000     2072.000     2073.000     2074.000
  1175:     2075.000     2076.000     2077.000     2078.000     2079.000
  1180:     2080.000     2081.000     2082.000     2083.000     2084.000
  1185:     2085.000     2086.000     2087.000     2088.000     2089.000
  1190:     2090.000     2091.000     2092.000     2093.000     2094.000
  1195:     2095.000     2096.000     2097.000     2098.000     2099.000
  1200:     2100.000
N:
     0:     3300.000     3301.000     3302.000     3303.000     3304.000
     5:     3305.000     3306.000     3307.000     3308.000     3309.000
    10:     3310.000     3311.000     3312.000     3313.000     3314.000
    15:     3315.000     3316.000     3317.000     3318.000     3319.000
    20:     3320.000     3321.000     3322.000     3323.000     3324.000
    25:     3325.000     3326.000     3327.000     3328.000     3329.000
    30:     3330.000     3331.000     3332.000     3333.000     3334.000
    35:     3335.000     3336.000     3337.000     3338.000     3339.000
    40:     3340.000     3341.000     3342.000     3343.000     3344.000
    45:     3345.000     3346.000     3347.000     3348.000     3349.000
    50:     3350.000     3351.000     3352.000     3353.000     3354.000
    55:     3355.000     3356.000     3357.000     3358.000     3359.000
    60:     3360.000     3361.000     3362.000     3363.000     3364.000
    65:     3365.000     3366.000     3367.000     3368.000     3369.000
    70:     3370.000     3371.000     3372.000     3373.000     3374.000
    75:     3375.000     3376.000     3377.000     3378.000     3379.000
    80:     3380.000     3381.000     3382.000     3383.000     3384.000
    85:     3385.000     3386.000     3387.000     3388.000     3389.000
    90:     3390.000     3391.000     3392.000     3393.000     3394.000
    95:     3395.000     3396.000     3397.000     3398.000     3399.000
   100:     3400.000     3401.000     3402.000     3403.000     3404.000
   105:     3405.000     3406.000     3407.000     3408.000     3409.000
   110:     3410.000     3411.000     3412.000     3413.000     3414.000
   115:     3415.000     3416.000     3417.000     3418.000     3419.000
   120:     3420.000     3421.000     3422.000     3423.000     3424.000
   125:     3425.000     3426.000     3427.000     3428.000     3429.000
   130:     3430.000     3431.000     3432.000     3433.000     3434.000
   135:     3435.000     3436.000     3437.000     3438.000     3439.000
   140:     3440.000     3441.000     3442.000     3443.000     3444.000
   145:     3445.000     3446.000     3447.000     3448.000     3449.000
   150:     3450.000     3451.000     3452.000     3453.000     3454.000
   155:     3455.000     3456.000     3457.000     3458.000     3459.000
   160:     3460.000     3461.000     3462.000     3463.000     3464.000
   165:     3465.000     3466.000     3467.000     3468.000     3469.000
   170:     3470.000     3471.000     3472.000     3473.000     3474.000
   175:     3475.000     3476.000     3477.000     3478.000     3479.000
   180:     3480.000     3481.000     3482.000     3483.000     3484.000
   185:     3485.000     3486.000     3487.000     3488.000     3489.000
   190:     3490.000     3491.000     3492.000     3493.000     3494.000
   195:     3495.000     3496.000     3497.000     3498.000     3499.000
   200:     3500.000     3501.000     3502.000     3503.000     3504.000
   205:     3505.000     3506.000     3507.000     3508.000     3509.000
   210:     3510.000     3511.000     3512.000     3513.000     3514.000
   215:     3515.000     3516.000     3517.000     3518.000     3519.000
   220:     3520.000     3521.000     3522.000     3523.000     3524.000
   225:     3525.000     3526.000     3527.000     3528.000     3529.000
   230:     3530.000     3531.000     3532.000     3533.000     3534.000
   235:     3535.000     3536.000     3537.000     3538.000     3539.000
   240:     3540.000     3541.000     3542.000     3543.000     3544.000
   245:     3545.000     3546.000     3547.000     3548.000     3549.000
   250:     3550.000     3551.000     3552.000     3553.000     3554.000
   255:     3555.000     3556.000     3557.000     3558.000     3559.000
   260:     3560.000     3561.000     3562.000     3563.000     3564.000
   265:     3565.000     3566.000     3567.000     3568.000     3569.000
   270:     3570.000     3571.000     3572.000     3573.000     3574.000
   275:     3575.000     3576.000     3577.000     3578.000     3579.000
   280:     3580.000     3581.000     3582.000     3583.000     3584.000
   285:     3585.000     3586.000     3587.000     3588.000     3589.000
   290:     3590.000     3591.000     3592.000     3593.000     3594.000
   295:     3595.000     3596.000     3597.000     3598.000     3599.000
   300:     3600.000     3601.000     3602.000     3603.000     3604.000
   305:     3605.000     3606.000     3607.000     3608.000     3609.000
   310:     3610.000     3611.000     3612.000     3613.000     3614.000
   315:     3615.000     3616.000     3617.000     3618.000     3619.000
   320:     3620.000     3621.000     3622.000     3623.000     3624.000
   325:     3625.000     3626.000     3627.000     3628.000     3629.000
   330:     3630.000     3631.000     3632.000     3633.000     3634.000
   335:     3635.000     3636.000     3637.000     3638.000     3639.000
   340:     3640.000     3641.000     3642.000     3643.000     3644.000
   345:     3645.000     3646.000     3647.000     3648.000     3649.000
   350:     3650.000     3651.000     3652.000     3653.000     3654.000
   355:     3655.000     3656.000     3657.000     3658.000     3659.000
   360:     3660.000     3661.000     3662.000     3663.000     3664.000
   365:     3665.000     3666.000     3667.000     3668.000     3669.000
   370:     3670.000     3671.000     3672.000     3673.000     3674.000
   375:     3675.000     3676.000     3677.000     3678.000     3679.000
   380:     3680.000     3681.000     3682.000     3683.000     3684.000
   385:     3685.000     3686.000     3687.000     3688.000     3689.000
   390:     3690.000     3691.000     3692.000     3693.000     3694.000
   395:     3695.000     3696.000     3697.000     3698.000     3699.000
   400:     3700.000     3701.000     3702.000     3703.000     3704.000
   405:     3705.000     3706.000     3707.000     3708.000     3709.000
   410:     3710.000     3711.000     3712.000     3713.000     3714.000
   415:     3715.000     3716.000     3717.000     3718.000     3719.000
   420:     3720.000     3721.000     3722.000     3723.000     3724.000
   425:     3725.000     3726.000     3727.000     3728.000     3729.000
   430:     3730.000     3731.000     3732.000     3733.000     3734.000
   435:     3735.000     3736.000     3737.000     3738.000     3739.000
   440:     3740.000     3741.000     3742.000     3743.000     3744.000
   445:     3745.000     3746.000     3747.000     3748.000     3749.000
   450:     3750.000     3751.000     3752.000     3753.000     3754.000
   455:     3755.000     3756.000     3757.000     3758.000     3759.000
   460:     3760.000     3761.000     3762.000     3763.000     3764.000
   465:     3765.000     3766.000     3767.000     3768.000     3769.000
   470:     3770.000     3771.000     3772.000     3773.000     3774.000
   475:     3775.000     3776.000     3777.000     3778.000     3779.000
   480:     3780.000     3781.000     3782.000     3783.000     3784.000
   485:     3785.000     3786.000     3787.000     3788.000     3789.000
   490:     3790.000     3791.000     3792.000     3793.000     3794.000
   495:     3795.000     3796.000     3797.000     3798.000     3799.000
   500:     3800.000     3801.000     3802.000     3803.000     3804.000
   505:     3805.000     3806.000     3807.000     3808.000     3809.000
   510:     3810.000     3811.000     3812.000     3813.000     3814.000
   515:     3815.000     3816.000     3817.000     3818.000     3819.000
   520:     3820.000     3821.000     3822.000     3823.000     3824.000
   525:     3825.000     3826.000     3827.000     3828.000     3829.000
   530:     3830.000     3831.000     3832.000     3833.000     3834.000
   535:     3835.000     3836.000     3837.000     3838.000     3839.000
   540:     3840.000     3841.000     3842.000     3843.000     3844.000
   545:     3845.000     3846.000     3847.000     3848.000     3849.000
   550:     3850.000     3851.000     3852.000     3853.000     3854.000
   555:     3855.000     3856.000     3857.000     3858.000     3859.000
   560:     3860.000     3861.000     3862.000     3863.000     3864.000
   565:     3865.000     3866.000     3867.000     3868.000     3869.000
   570:     3870.000     3871.000     3872.000     3873.000     3874.000
   575:     3875.000     3876.000     3877.000     3878.000     3879.000
   580:     3880.000     3881.000     3882.000     3883.000     3884.000
   585:     3885.000     3886.000     3887.000     3888.000     3889.000
   590:     3890.000     3891.000     3892.000     3893.000     3894.000
   595:     3895.000     3896.000     3897.000     3898.000     3899.000
   600:     3900.000     3901.000     3902.000     3903.000     3904.000
   605:     3905.000     3906.000     3907.000     3908.000     3909.000
   610:     3910.000     3911.000     3912.000     3913.000     3914.000
   615:     3915.000     3916.000     3917.000     3918.000     3919.000
   620:     3920.000     3921.000     3922.000     3923.000     3924.000
   625:     3925.000     3926.000     3927.000     3928.000     3929.000
   630:     3930.000     3931.000     3932.000     3933.000     3934.000
   635:     3935.000     3936.000     3937.000     3938.000     3939.000
   640:     3940.000     3941.000     3942.000     3943.000     3944.000
   645:     3945.000     3946.000     3947.000     3948.000     3949.000
   650:     3950.000     3951.000     3952.000     3953.000     3954.000
   655:     3955.000     3956.000     3957.000     3958.000     3959.000
   660:     3960.000     3961.000     3962.000     3963.000     3964.000
   665:     3965.000     3966.000     3967.000     3968.000     3969.000
   670:     3970.000     3971.000     3972.000     3973.000     3974.000
   675:     3975.000     3976.000     3977.000     3978.000     3979.000
   680:     3980.000     3981.000     3982.000     3983.000     3984.000
   685:     3985.000     3986.000     3987.000     3988.000     3989.000
   690:     3990.000     3991.000     3992.000     3993.000     3994.000
   695:     3995.000     3996.000     3997.000     3998.000     3999.000
   700:     4000.000     4001.000     4002.000     4003.000     4004.000
   705:     4005.000     4006.000     4007.000     4008.000     4009.000
   710:     4010.000     4011.000     4012.000     4013.000     4014.000
   715:     4015.000     4016.000     4017.000     4018.000     4019.000
   720:     4020.000     4021.000     4022.000     4023.000     4024.000
   725:     4025.000     4026.000     4027.000     4028.000     4029.000
   730:     4030.000     4031.000     4032.000     4033.000     4034.000
   735:     4035.000     4036.000     4037.000     4038.000     4039.000
   740:     4040.000     4041.000     4042.000     4043.000     4044.000
   745:     4045.000     4046.000     4047.000     4048.000     4049.000
   750:     4050.000     4051.000     4052.000     4053.000     4054.000
   755:     4055.000     4056.000     4057.000     4058.000     4059.000
   760:     4060.000     4061.000     4062.000     4063.000     4064.000
   765:     4065.000     4066.000     4067.000     4068.000     4069.000
   770:     4070.000     4071.000     4072.000     4073.000     4074.000
   775:     4075.000     4076.000     4077.000     4078.000     4079.000
   780:     4080.000     4081.000     4082.000     4083.000     4084.000
   785:     4085.000     4086.000     4087.000     4088.000     4089.000
   790:     4090.000     4091.000     4092.000     4093.000     4094.000
   795:     4095.000     4096.000     4097.000     4098.000     4099.000
   800:     4100.000     4101.000     4102.000     4103.000     4104.000
   805:     4105.000     4106.000     4107.000     4108.000     4109.000
   810:     4110.000     4111.000     4112.000     4113.000     4114.000
   815:     4115.000     4116.000     4117.000     4118.000     4119.000
   820:     4120.000     4121.000     4122.000     4123.000     4124.000
   825:     4125.000     4126.000     4127.000     4128.000     4129.000
   830:     4130.000     4131.000     4132.000     4133.000     4134.000
   835:     4135.000     4136.000     4137.000     4138.000     4139.000
   840:     4140.000     4141.000     4142.000     4143.000     4144.000
   845:     4145.000     4146.000     4147.000     4148.000     4149.000
   850:     4150.000     4151.000     4152.000     4153.000     4154.000
   855:     4155.000     4156.000     4157.000     4158.000     4159.000
   860:     4160.000     4161.000     4162.000     4163.000     4164.000
   865:     4165.000     4166.000     4167.000     4168.000     4169.000
   870:     4170.000     4171.000     4172.000     4173.000     4174.000
   875:     4175.000     4176.000     4177.000     4178.000     4179.000
   880:     4180.000     4181.000     4182.000     4183.000     4184.000
   885:     4185.000     4186.000     4187.000     4188.000     4189.000
   890:     4190.000     4191.000     4192.000     4193.000     4194.000
   895:     4195.000     4196.000     4197.000     4198.000     4199.000
   900:     4200.000     4201.000     4202.000     4203.000     4204.000
   905:     4205.000     4206.000     4207.000     4208.000     4209.000
   910:     4210.000     4211.000     4212.000     4213.000     4214.000
   915:     4215.000     4216.000     4217.000     4218.000     4219.000
   920:     4220.000     4221.000     4222.000     4223.000     4224.000
   925:     4225.000     4226.000     4227.000     4228.000     4229.000
   930:     4230.000     4231.000     4232.000     4233.000     4234.000
   935:     4235.000     4236.000     4237.000     4238.000     4239.000
   940:     4240.000     4241.000     4242.000     4243.000     4244.000
   945:     4245.000     4246.000     4247.000     4248.000     4249.000
   950:     4250.000     4251.000     4252.000     4253.000     4254.000
   955:     4255.000     4256.000     4257.000     4258.000     4259.000
   960:     4260.000     4261.000     4262.000     4263.000     4264.000
   965:     4265.000     4266.000     4267.000     4268.000     4269.000
   970:     4270.000     4271.000     4272.000     4273.000     4274.000
   975:     4275.000     4276.000     4277.000     4278.000     4279.000
   980:     4280.000     4281.000     4282.000     4283.000     4284.000
   985:     4285.000     4286.000     4287.000     4288.000     4289.000
   990:     4290.000     4291.000     4292.000     4293.000     4294.000
   995:     4295.000     4296.000     4297.000     4298.000     4299.000
  1000:     4300.000     4301.000     4302.000     4303.000     4304.000
  1005:     4305.000     4306.000     4307.000     4308.000     4309.000
  1010:     4310.000     4311.000     4312.000     4313.000     4314.000
  1015:     4315.000     4316.000     4317.000     4318.000     4319.000
  1020:     4320.000     4321.000     4322.000     4323.000     4324.000
  1025:     4325.000     4326.000     4327.000     4328.000     4329.000
  1030:     4330.000     4331.000     4332.000     4333.000     4334.000
  1035:     4335.000     4336.000     4337.000     4338.000     4339.000
  1040:     4340.000     4341.000     4342.000     4343.000     4344.000
  1045:     4345.000     4346.000     4347.000     4348.000     4349.000
  1050:     4350.000     4351.000     4352.000     4353.000     4354.000
  1055:     4355.000     4356.000     4357.000     4358.000     4359.000
  1060:     4360.000     4361.000     4362.000     4363.000     4364.000
  1065:     4365.000     4366.000     4367.000     4368.000     4369.000
  1070:     4370.000     4371.000     4372.000     4373.000     4374.000
  1075:     4375.000     4376.000     4377.000     4378.000     4379.000
  1080:     4380.000     4381.000     4382.000     4383.000     4384.000
  1085:     4385.000     4386.000     4387.000     4388.000     4389.000
  1090:     4390.000     4391.000     4392.000     4393.000     4394.000
  1095:     4395.000     4396.000     4397.000     4398.000     4399.000
  1100:     4400.000     4401.000     4402.000     4403.000     4404.000
  1105:     4405.000     4406.000     4407.000     4408.000     4409.000
  1110:     4410.000     4411.000     4412.000     4413.000     4414.000
  1115:     4415.000     4416.000     4417.000     4418.000     4419.000
  1120:     4420.000     4421.000     4422.000     4423.000     4424.000
  1125:     4425.000     4426.000     4427.000     4428.000     4429.000
  1130:     4430.000     4431.000     4432.000     4433.000     4434.000
  1135:     4435.000     4436.000     4437.000     4438.000     4439.000
  1140:     4440.000     4441.000     4442.000     4443.000     4444.000
  1145:     4445.000     4446.000     4447.000     4448.000     4449.000
  1150:     4450.000     4451.000     4452.000     4453.000     4454.000
  1155:     4455.000     4456.000     4457.000     4458.000     4459.000
  1160:     4460.000     4461.000     4462.000     4463.000     4464.000
  1165:     4465.000     4466.000     4467.000     4468.000     4469.000
  1170:     4470.000     4471.000     4472.000     4473.000     4474.000
  1175:     4475.000     4476.000     4477.000     4478.000     4479.000
  1180:     4480.000     4481.000     4482.000     4483.000     4484.000
  1185:     4485.000     4486.000     4487.000     4488.000     4489.000
  1190:     4490.000     4491.000     4492.000     4493.000     4494.000
  1195:     4495.000     4496.000     4497.000     4498.000     4499.000
  1200:     4500.000
R:
     0:      111.000      111.000      111.000
V:
     0:     1363.000     3419.000
W:
     0:     1363.000     3419.000
