File: C:\MED-PC IV\DATA\p138_s100_japede


Start Date: 10/07/17
End Date: 10/07/17
Subject: p138
Experiment: 0
Group: 0
Box: 8
Start Time: 16:07:07
End Time: 17:07:19
MSN: japede_L_90_90_90_R_30_30_30
B:       0.000
E:    2246.000
F:       0.000
G:       0.000
H:       0.000
I:       1.000
J:       1.000
K:       0.000
O:       0.000
P:       0.000
Q:       0.000
S:  360000.000
T:  360000.000
U:       0.000
X:       0.000
Y:       0.000
Z:       0.000
A:
     0:        0.010        0.250        0.220        0.230     2399.740
     5:     2678.130     3680.130     3699.840     5245.640     5245.320
    10:     5245.330     5245.350     5245.240     5245.130     5495.220
    15:     5495.230     5495.250     5495.340     5695.840     7984.640
    20:     7984.320     7984.330     7984.350     7984.240     7984.130
    25:     8234.220     8234.230     8234.250     8234.340     8885.130
    30:     9634.840    10098.540    10098.320    10098.330    10098.350
    35:    10098.240    10098.120    10348.220    10348.230    10348.250
    40:    10348.340    10647.640    10647.320    10647.330    10647.350
    45:    10647.240    10647.130    10897.220    10897.230    10897.250
    50:    10897.340    11321.130    11327.130    11527.130    11849.130
    55:    11855.130    11984.120    12506.130    12512.130    12697.840
    60:    13320.640    13320.320    13320.330    13320.350    13320.240
    65:    13320.130    13570.220    13570.230    13570.250    13570.340
    70:    13904.130    13910.130    14249.130    14548.740    14634.130
    75:    14756.540    14756.320    14756.330    14756.350    14756.240
    80:    14756.120    14760.120    15006.220    15006.230    15006.250
    85:    15006.340    15291.130    15298.130    15500.120    15845.130
    90:    15951.120    15956.120    16158.130    16165.130    16300.120
    95:    16472.130    16478.130    16738.130    16744.130    16967.130
   100:    17008.130    17413.120    17563.130    17751.120    17870.840
   105:    17937.640    17937.320    17937.330    17937.350    17937.240
   110:    17937.130    18187.220    18187.230    18187.250    18187.340
   115:    18597.130    18850.120    18855.120    19038.130    19480.120
   120:    19669.130    19696.130    19703.130    19887.840    19930.640
   125:    19930.320    19930.330    19930.350    19930.240    19930.130
   130:    19936.130    20180.220    20180.230    20180.250    20180.340
   135:    20480.120    20789.130    21115.130    21497.130    21580.840
   140:    21999.640    21999.320    21999.330    21999.350    21999.240
   145:    21999.130    22004.130    22026.130    22249.220    22249.230
   150:    22249.250    22249.340    22490.120    22918.130    23032.120
   155:    23036.120    23049.840    23835.120    23973.640    23973.320
   160:    23973.330    23973.350    23973.240    23973.130    23980.130
   165:    24223.220    24223.230    24223.250    24223.340    24804.120
   170:    25629.120    25633.120    26023.840    26106.640    26106.320
   175:    26106.330    26106.350    26106.240    26106.130    26356.220
   180:    26356.230    26356.250    26356.340    26776.120    26782.120
   185:    27389.130    27924.130    28085.130    28371.120    28754.130
   190:    29072.130    29177.130    29273.130    29367.120    29552.130
   195:    29779.130    30175.130    30182.130    30266.120    30683.130
   200:    30720.130    31008.130    31190.130    31277.130    31523.120
   205:    31892.130    32074.120    32310.130    32317.130    32708.130
   210:    32714.130    32976.120    33210.130    33645.130    33656.840
   215:    33806.640    33806.320    33806.330    33806.350    33806.240
   220:    33806.130    34056.220    34056.230    34056.250    34056.340
   225:    34284.120    34424.130    34611.130    35300.120    36244.130
   230:    36406.740    36572.130    37025.130    37402.540    37402.320
   235:    37402.330    37402.350    37402.240    37402.120    37652.220
   240:    37652.230    37652.250    37652.340    38023.130    38028.130
   245:    38201.130    38268.130    38556.840    39118.640    39118.320
   250:    39118.330    39118.350    39118.240    39118.130    39368.220
   255:    39368.230    39368.250    39368.340    39814.130    40030.120
   260:    40975.120    40982.120    41838.120    41844.120    41852.740
   265:    42043.130    42548.130    42554.130    42640.540    42640.320
   270:    42640.330    42640.350    42640.240    42640.120    42890.220
   275:    42890.230    42890.250    42890.340    43148.130    43244.120
   280:    43249.120    43763.120    44006.130    44295.120    44489.130
   285:    45168.130    45350.130    45553.130    45747.130    45834.120
   290:    46194.130    46198.130    47037.130    47155.120    47159.120
   295:    47165.120    47314.130    47529.130    47626.120    47630.120
   300:    48503.120    48766.130    48968.840    49227.120    50073.640
   305:    50073.320    50073.330    50073.350    50073.240    50073.130
   310:    50323.220    50323.230    50323.250    50323.340    50523.840
   315:    50624.120    51030.120    51266.640    51266.320    51266.330
   320:    51266.350    51266.240    51266.130    51516.220    51516.230
   325:    51516.250    51516.340    51759.130    51848.120    52140.130
   330:    52148.130    52397.130    52416.840    52520.120    53161.640
   335:    53161.320    53161.330    53161.350    53161.240    53161.130
   340:    53411.220    53411.230    53411.250    53411.340    53695.130
   345:    54138.120    54945.130    55046.120    55447.120    56248.130
   350:    56751.120    57278.130    57372.120    57411.840    58016.640
   355:    58016.320    58016.330    58016.350    58016.240    58016.130
   360:    58266.220    58266.230    58266.250    58266.340    58596.130
   365:    58957.130    58963.130    59252.130    59258.130    59790.740
   370:    59964.130    60061.540    60061.320    60061.330    60061.350
   375:    60061.240    60061.120    60311.220    60311.230    60311.250
   380:    60311.340    60618.120    60666.840    61012.640    61012.320
   385:    61012.330    61012.350    61012.240    61012.130    61262.220
   390:    61262.230    61262.250    61262.340    61558.130    61720.130
   395:    61762.840    62109.640    62109.320    62109.330    62109.350
   400:    62109.240    62109.130    62359.220    62359.230    62359.250
   405:    62359.340    62611.740    62754.130    63075.130    63922.540
   410:    63922.320    63922.330    63922.350    63922.240    63922.120
   415:    64172.220    64172.230    64172.250    64172.340    65072.740
   420:    65187.130    65743.130    66042.540    66042.320    66042.330
   425:    66042.350    66042.240    66042.120    66259.840    66292.220
   430:    66292.230    66292.250    66292.340    67056.120    67733.120
   435:    68040.640    68040.320    68040.330    68040.350    68040.240
   440:    68040.130    68290.220    68290.230    68290.250    68290.340
   445:    68529.130    68623.120    68828.130    69221.120    69445.130
   450:    70156.120    70190.840    70520.120    70524.120    71251.120
   455:    71365.640    71365.320    71365.330    71365.350    71365.240
   460:    71365.130    71615.220    71615.230    71615.250    71615.340
   465:    71902.130    72986.120    74078.130    74504.130    74704.130
   470:    74709.130    74807.120    74814.120    75146.120    75150.120
   475:    75406.120    75593.120    76150.120    76612.130    76616.130
   480:    77302.130    77457.120    77464.120    77621.130    78447.130
   485:    78559.120    78915.840    79078.640    79078.320    79078.330
   490:    79078.350    79078.240    79078.130    79084.130    79328.220
   495:    79328.230    79328.250    79328.340    79555.120    79972.130
   500:    80150.130    80683.130    81007.130    82411.130    82428.840
   505:    82599.640    82599.320    82599.330    82599.350    82599.240
   510:    82599.130    82849.220    82849.230    82849.250    82849.340
   515:    83049.840    83820.640    83820.320    83820.330    83820.350
   520:    83820.240    83820.130    84070.220    84070.230    84070.250
   525:    84070.340    84480.130    85373.130    85377.130    85786.130
   530:    85990.130    86104.120    86370.840    86527.120    86648.640
   535:    86648.320    86648.330    86648.350    86648.240    86648.130
   540:    86898.220    86898.230    86898.250    86898.340    87110.120
   545:    87114.120    88061.120    88066.120    88332.130    88845.130
   550:    88850.130    89036.130    89996.130    90468.130    90798.840
   555:    90888.640    90888.320    90888.330    90888.350    90888.240
   560:    90888.130    91138.220    91138.230    91138.250    91138.340
   565:    91722.120    92257.130    92640.130    92738.840    93111.640
   570:    93111.320    93111.330    93111.350    93111.240    93111.130
   575:    93361.220    93361.230    93361.250    93361.340    93779.120
   580:    94892.740    95055.130    95061.840    95164.540    95164.320
   585:    95164.330    95164.350    95164.240    95164.120    95171.120
   590:    95176.120    95414.220    95414.230    95414.250    95414.340
   595:    95753.640    95753.320    95753.330    95753.350    95753.240
   600:    95753.130    96003.220    96003.230    96003.250    96003.340
   605:    96403.840    97270.640    97270.320    97270.330    97270.350
   610:    97270.240    97270.130    97520.220    97520.230    97520.250
   615:    97520.340    98725.130    99032.130    99038.130   100014.740
   620:   100702.130   100896.130   101094.130   101269.130   101420.130
   625:   101836.130   102138.540   102138.320   102138.330   102138.350
   630:   102138.240   102138.120   102150.120   102388.220   102388.230
   635:   102388.250   102388.340   103221.120   103228.120   103723.130
   640:   103912.130   103918.130   104015.120   104026.120   104226.130
   645:   104620.840   105171.120   105176.120   105470.640   105470.320
   650:   105470.330   105470.350   105470.240   105470.130   105720.220
   655:   105720.230   105720.250   105720.340   106064.130   106120.840
   660:   106688.740   107066.540   107066.320   107066.330   107066.350
   665:   107066.240   107066.120   107080.120   107316.220   107316.230
   670:   107316.250   107316.340   108264.640   108264.320   108264.330
   675:   108264.350   108264.240   108264.130   108514.220   108514.230
   680:   108514.250   108514.340   109104.130   109108.130   109227.130
   685:   109551.120   109556.120   110164.130   110170.130   110618.120
   690:   110969.130   111065.120   111542.130   112338.130   112686.130
   695:   112922.130   113643.130   113740.120   114036.130   114816.740
   700:   114975.130   115506.130   115722.130   116033.130   116282.130
   705:   116465.130   116560.540   116560.320   116560.330   116560.350
   710:   116560.240   116560.120   116810.220   116810.230   116810.250
   715:   116810.340   117165.130   117370.130   117714.840   117935.120
   720:   118369.640   118369.320   118369.330   118369.350   118369.240
   725:   118369.130   118619.220   118619.230   118619.250   118619.340
   730:   118987.130   119181.120   119427.120   119555.130   119926.130
   735:   120164.130   120271.120   120279.120   121078.130   121420.130
   740:   121866.120   122088.130   122220.130   122428.130   122759.130
   745:   122947.130   123142.130   123149.130   123514.130   123520.130
   750:   123907.120   124252.120   124526.130   124629.120   125262.130
   755:   125269.130   125456.130   125599.130   125845.130   125851.130
   760:   126019.840   126501.640   126501.320   126501.330   126501.350
   765:   126501.240   126501.130   126751.220   126751.230   126751.250
   770:   126751.340   127102.120   127847.130   128191.120   129048.130
   775:   129288.130   129381.120   130196.130   130210.740   130434.540
   780:   130434.320   130434.330   130434.350   130434.240   130434.120
   785:   130684.220   130684.230   130684.250   130684.340   131033.120
   790:   131038.120   131105.120   131585.130   132069.120   132351.840
   795:   132456.120   132461.120   132882.640   132882.320   132882.330
   800:   132882.350   132882.240   132882.130   133132.220   133132.230
   805:   133132.250   133132.340   133890.130   134533.120   134712.130
   810:   134858.130   134975.130   135063.120   135628.130   135634.130
   815:   135806.120   135979.130   136432.840   136493.640   136493.320
   820:   136493.330   136493.350   136493.240   136493.130   136743.220
   825:   136743.230   136743.250   136743.340   137124.130   137443.840
   830:   137597.120   138567.640   138567.320   138567.330   138567.350
   835:   138567.240   138567.130   138817.220   138817.230   138817.250
   840:   138817.340   139017.840   139122.640   139122.320   139122.330
   845:   139122.350   139122.240   139122.130   139372.220   139372.230
   850:   139372.250   139372.340   139771.130   139987.120   140112.130
   855:   140152.130   140319.130   140643.120   141280.130   141389.120
   860:   141395.120   141808.120   141813.120   141819.120   142130.130
   865:   142136.130   142598.130   143065.130   143478.130   143961.130
   870:   143972.840   144082.120   144242.640   144242.320   144242.330
   875:   144242.350   144242.240   144242.130   144492.220   144492.230
   880:   144492.250   144492.340   144825.130   144927.120   145181.130
   885:   145292.840   145424.640   145424.320   145424.330   145424.350
   890:   145424.240   145424.130   145674.220   145674.230   145674.250
   895:   145674.340   146081.130   146087.130   146187.130   146825.130
   900:   146831.130   147299.130   147305.130   147545.130   147731.130
   905:   148005.130   148010.130   148276.130   148484.740   148675.130
   910:   148843.540   148843.320   148843.330   148843.350   148843.240
   915:   148843.120   149093.220   149093.230   149093.250   149093.340
   920:   149293.740   149977.540   149977.320   149977.330   149977.350
   925:   149977.240   149977.120   149991.120   150227.220   150227.230
   930:   150227.250   150227.340   150374.840   150629.640   150629.320
   935:   150629.330   150629.350   150629.240   150629.130   150879.220
   940:   150879.230   150879.250   150879.340   151103.120   151591.130
   945:   151703.120   151853.130   152923.120   152928.120   153149.130
   950:   153272.120   153628.120   154603.120   155338.120   155342.120
   955:   155709.130   155927.740   156047.540   156047.320   156047.330
   960:   156047.350   156047.240   156047.120   156061.120   156297.220
   965:   156297.230   156297.250   156297.340   156379.840   156545.640
   970:   156545.320   156545.330   156545.350   156545.240   156545.130
   975:   156795.220   156795.230   156795.250   156795.340   156995.120
   980:   157000.120   158752.120   158993.130   158999.130   159222.130
   985:   159227.130   159507.120   159895.840   160432.640   160432.320
   990:   160432.330   160432.350   160432.240   160432.130   160682.220
   995:   160682.230   160682.250   160682.340   160882.840   160897.740
  1000:   161202.640   161202.320   161202.330   161202.350   161202.240
  1005:   161202.130   161452.220   161452.230   161452.250   161452.340
  1010:   161774.130   162352.840   163275.640   163275.320   163275.330
  1015:   163275.350   163275.240   163275.130   163525.220   163525.230
  1020:   163525.250   163525.340   163787.130   164721.540   164721.320
  1025:   164721.330   164721.350   164721.240   164721.120   164971.220
  1030:   164971.230   164971.250   164971.340   166576.130   167032.120
  1035:   167036.120   167368.120   167801.130   167809.130   167825.840
  1040:   168087.640   168087.320   168087.330   168087.350   168087.240
  1045:   168087.130   168094.130   168337.220   168337.230   168337.250
  1050:   168337.340   168371.740   168689.540   168689.320   168689.330
  1055:   168689.350   168689.240   168689.120   168939.220   168939.230
  1060:   168939.250   168939.340   169168.120   169237.840   169849.640
  1065:   169849.320   169849.330   169849.350   169849.240   169849.130
  1070:   170099.220   170099.230   170099.250   170099.340   170199.840
  1075:   170681.640   170681.320   170681.330   170681.350   170681.240
  1080:   170681.130   170931.220   170931.230   170931.250   170931.340
  1085:   171163.120   171810.130   171974.130   171980.130   172290.130
  1090:   172703.130   173218.130   173223.130   173619.120   174104.120
  1095:   174903.130   174997.120   175525.130   175918.130   175931.840
  1100:   176082.640   176082.320   176082.330   176082.350   176082.240
  1105:   176082.130   176332.220   176332.230   176332.250   176332.340
  1110:   177612.130   177722.120   178269.130   178274.130   178721.130
  1115:   178728.130   179132.120   179280.130   179945.130   180235.130
  1120:   180439.740   180475.130   181669.130   182106.130   182505.130
  1125:   182511.130   182532.840   182735.640   182735.320   182735.330
  1130:   182735.350   182735.240   182735.130   182741.130   182985.220
  1135:   182985.230   182985.250   182985.340   183193.130   183200.130
  1140:   183437.130   183532.540   183532.320   183532.330   183532.350
  1145:   183532.240   183532.120   183782.220   183782.230   183782.250
  1150:   183782.340   184672.130   185206.130   185282.740   185416.130
  1155:   185863.540   185863.320   185863.330   185863.350   185863.240
  1160:   185863.120   185868.120   185874.120   186113.220   186113.230
  1165:   186113.250   186113.340   186684.120   187165.130   188210.130
  1170:   188323.120   188328.120   188451.130   188874.130   189536.130
  1175:   189944.120   190080.130   190354.130   190361.130   190732.130
  1180:   190906.130   190913.130   191088.130   191096.130   191198.120
  1185:   191203.120   191313.740   191320.130   191548.130   191554.130
  1190:   191830.540   191830.320   191830.330   191830.350   191830.240
  1195:   191830.120   192080.220   192080.230   192080.250   192080.340
  1200:   192285.840   192936.640   192936.320   192936.330   192936.350
  1205:   192936.240   192936.130   193186.220   193186.230   193186.250
  1210:   193186.340   193880.740   194583.130   194774.130   194996.130
  1215:   195002.130   195468.130   195475.130   195986.840   196216.640
  1220:   196216.320   196216.330   196216.350   196216.240   196216.130
  1225:   196222.130   196466.220   196466.230   196466.250   196466.340
  1230:   197156.540   197156.320   197156.330   197156.350   197156.240
  1235:   197156.120   197163.120   197170.120   197406.220   197406.230
  1240:   197406.250   197406.340   198343.120   199320.130   199425.120
  1245:   199429.120   199706.740   199828.130   199833.130   199938.540
  1250:   199938.320   199938.330   199938.350   199938.240   199938.120
  1255:   200188.220   200188.230   200188.250   200188.340   200529.130
  1260:   200766.840   200937.120   202388.740   202493.640   202493.320
  1265:   202493.330   202493.350   202493.240   202493.130   202743.220
  1270:   202743.230   202743.250   202743.340   203328.130   203762.130
  1275:   203766.130   203981.130   204220.130   204674.130   204682.130
  1280:   204779.540   204779.320   204779.330   204779.350   204779.240
  1285:   204779.120   204783.120   205029.220   205029.230   205029.250
  1290:   205029.340   205314.130   205430.120   205820.130   205827.130
  1295:   206143.840   206270.640   206270.320   206270.330   206270.350
  1300:   206270.240   206270.130   206520.220   206520.230   206520.250
  1305:   206520.340   206791.130   206896.120   206902.120   207074.130
  1310:   207605.130   207766.130   207770.130   207875.120   207880.120
  1315:   208314.120   208420.840   208466.640   208466.320   208466.330
  1320:   208466.350   208466.240   208466.130   208716.220   208716.230
  1325:   208716.250   208716.340   209045.120   209195.130   209416.840
  1330:   209458.120   210088.640   210088.320   210088.330   210088.350
  1335:   210088.240   210088.130   210338.220   210338.230   210338.250
  1340:   210338.340   210538.840   210994.640   210994.320   210994.330
  1345:   210994.350   210994.240   210994.130   211001.130   211244.220
  1350:   211244.230   211244.250   211244.340   211503.120   211619.130
  1355:   211994.130   212179.120   212184.120   212441.130   212445.130
  1360:   213288.130   213295.130   213450.130   213544.840   213776.640
  1365:   213776.320   213776.330   213776.350   213776.240   213776.130
  1370:   214026.220   214026.230   214026.250   214026.340   214331.120
  1375:   214453.130   215126.840   215271.120   215602.640   215602.320
  1380:   215602.330   215602.350   215602.240   215602.130   215852.220
  1385:   215852.230   215852.250   215852.340   216139.120   216144.120
  1390:   216150.120   216348.130   216526.130   216762.130   216768.130
  1395:   216966.130   217269.130   217276.130   217376.120   217502.130
  1400:   217842.130   217939.120   217944.120   218056.130   218268.130
  1405:   218379.120   218818.130   218952.840   219147.120   219281.640
  1410:   219281.320   219281.330   219281.350   219281.240   219281.130
  1415:   219531.220   219531.230   219531.250   219531.340   220660.130
  1420:   220665.130   220876.120   221596.120   221601.120   222095.130
  1425:   222199.120   222326.130   222331.130   222498.130   222990.130
  1430:   222995.130   223684.130   224500.130   224665.130   224673.130
  1435:   226003.130   226231.840   226829.740   227211.640   227211.320
  1440:   227211.330   227211.350   227211.240   227211.130   227461.220
  1445:   227461.230   227461.250   227461.340   227892.130   228449.130
  1450:   228825.130   229264.130   229595.130   229961.840   230220.640
  1455:   230220.320   230220.330   230220.350   230220.240   230220.130
  1460:   230470.220   230470.230   230470.250   230470.340   231221.540
  1465:   231221.320   231221.330   231221.350   231221.240   231221.120
  1470:   231471.220   231471.230   231471.250   231471.340   231767.130
  1475:   231773.130   232055.120   232060.120   232861.130   233170.840
  1480:   233306.640   233306.320   233306.330   233306.350   233306.240
  1485:   233306.130   233556.220   233556.230   233556.250   233556.340
  1490:   234056.840   235978.640   235978.320   235978.330   235978.350
  1495:   235978.240   235978.130   235984.130   236228.220   236228.230
  1500:   236228.250   236228.340   236669.130   236674.130   236880.130
  1505:   237077.130   237588.130   238134.130   238316.130   238464.130
  1510:   239699.130   239899.130   239904.130   240327.130   240613.130
  1515:   240745.130   240817.120   240822.120   241428.840   241548.640
  1520:   241548.320   241548.330   241548.350   241548.240   241548.130
  1525:   241569.130   241798.220   241798.230   241798.250   241798.340
  1530:   241962.120   243104.130   243198.840   243614.640   243614.320
  1535:   243614.330   243614.350   243614.240   243614.130   243864.220
  1540:   243864.230   243864.250   243864.340   244041.120   244376.130
  1545:   244472.120   244745.130   244980.130   245067.120   246159.130
  1550:   246345.130   246511.130   246671.740   247103.130   247198.130
  1555:   247849.130   248501.130   249100.130   249470.130   249476.130
  1560:   249646.540   249646.320   249646.330   249646.350   249646.240
  1565:   249646.120   249896.220   249896.230   249896.250   249896.340
  1570:   250867.130   250964.840   251042.640   251042.320   251042.330
  1575:   251042.350   251042.240   251042.130   251292.220   251292.230
  1580:   251292.250   251292.340   251762.130   251768.130   252861.130
  1585:   253338.130   253526.130   254357.130   254578.130   254759.130
  1590:   254765.130   254933.130   254938.130   255147.130   255392.840
  1595:   255397.120   255696.740   255708.540   255708.320   255708.330
  1600:   255708.350   255708.240   255708.120   255958.220   255958.230
  1605:   255958.250   255958.340   256143.120   256433.640   256433.320
  1610:   256433.330   256433.350   256433.240   256433.130   256683.220
  1615:   256683.230   256683.250   256683.340   257336.120   257383.840
  1620:   257723.640   257723.320   257723.330   257723.350   257723.240
  1625:   257723.130   257973.220   257973.230   257973.250   257973.340
  1630:   258097.120   258251.130   259155.130   259161.130   259385.130
  1635:   259668.130   260299.130   261378.130   261569.130   261576.130
  1640:   262406.130   262929.120   263235.130   263278.130   263371.120
  1645:   263383.120   263773.840   263995.120   263999.120   264352.640
  1650:   264352.320   264352.330   264352.350   264352.240   264352.130
  1655:   264602.220   264602.230   264602.250   264602.340   265502.840
  1660:   265601.640   265601.320   265601.330   265601.350   265601.240
  1665:   265601.130   265851.220   265851.230   265851.250   265851.340
  1670:   266451.840   266566.640   266566.320   266566.330   266566.350
  1675:   266566.240   266566.130   266816.220   266816.230   266816.250
  1680:   266816.340   267310.130   267435.130   267743.120   267747.120
  1685:   268016.840   268042.640   268042.320   268042.330   268042.350
  1690:   268042.240   268042.130   268292.220   268292.230   268292.250
  1695:   268292.340   268792.130   268796.130   269492.130   269705.130
  1700:   269884.130   270108.130   270292.840   270305.640   270305.320
  1705:   270305.330   270305.350   270305.240   270305.130   270555.220
  1710:   270555.230   270555.250   270555.340   270871.130   271059.130
  1715:   271066.130   271909.130   273098.130   273104.130   273298.130
  1720:   273394.120   273866.130   274059.130   274455.840   274752.120
  1725:   275324.120   276058.740   276202.640   276202.320   276202.330
  1730:   276202.350   276202.240   276202.130   276452.220   276452.230
  1735:   276452.250   276452.340   276999.130   277352.130   277419.540
  1740:   277419.320   277419.330   277419.350   277419.240   277419.120
  1745:   277423.120   277426.120   277433.120   277669.220   277669.230
  1750:   277669.250   277669.340   278756.130   279640.120   279834.130
  1755:   280351.130   280755.130   281136.130   281784.120   281790.120
  1760:   282201.130   282527.130   283286.130   283767.130   283973.130
  1765:   284289.120   284726.130   285818.130   286597.130   287285.130
  1770:   287552.840   287647.640   287647.320   287647.330   287647.350
  1775:   287647.240   287647.130   287897.220   287897.230   287897.250
  1780:   287897.340   288056.120   288328.130   288702.130   288709.130
  1785:   288797.840   288842.640   288842.320   288842.330   288842.350
  1790:   288842.240   288842.130   289092.220   289092.230   289092.250
  1795:   289092.340   289971.130   290458.130   290692.840   290769.740
  1800:   290820.640   290820.320   290820.330   290820.350   290820.240
  1805:   290820.130   291070.220   291070.230   291070.250   291070.340
  1810:   291288.130   291727.130   291733.130   292342.130   292586.130
  1815:   292807.130   293245.540   293245.320   293245.330   293245.350
  1820:   293245.240   293245.120   293495.220   293495.230   293495.250
  1825:   293495.340   293841.130   294767.130   294995.740   295658.130
  1830:   295746.540   295746.320   295746.330   295746.350   295746.240
  1835:   295746.120   295756.120   295996.220   295996.230   295996.250
  1840:   295996.340   296636.130   297070.840   297692.640   297692.320
  1845:   297692.330   297692.350   297692.240   297692.130   297942.220
  1850:   297942.230   297942.250   297942.340   298455.130   298896.740
  1855:   299150.130   299729.130   300120.130   300210.540   300210.320
  1860:   300210.330   300210.350   300210.240   300210.120   300460.220
  1865:   300460.230   300460.250   300460.340   300560.740   301205.130
  1870:   301339.130   301345.130   301432.540   301432.320   301432.330
  1875:   301432.350   301432.240   301432.120   301682.220   301682.230
  1880:   301682.250   301682.340   302398.120   303142.840   304466.120
  1885:   304833.640   304833.320   304833.330   304833.350   304833.240
  1890:   304833.130   305083.220   305083.230   305083.250   305083.340
  1895:   306014.120   306308.130   306882.740   307355.540   307355.320
  1900:   307355.330   307355.350   307355.240   307355.120   307605.220
  1905:   307605.230   307605.250   307605.340   307785.120   307931.130
  1910:   308035.120   308483.840   308700.640   308700.320   308700.330
  1915:   308700.350   308700.240   308700.130   308950.220   308950.230
  1920:   308950.250   308950.340   309813.120   310230.120   310326.120
  1925:   310385.120   310487.130   310851.120   310856.120   310905.740
  1930:   311256.540   311256.320   311256.330   311256.350   311256.240
  1935:   311256.120   311269.120   311506.220   311506.230   311506.250
  1940:   311506.340   311838.120   312050.840   312206.740   312206.120
  1945:   312416.640   312416.320   312416.330   312416.350   312416.240
  1950:   312416.130   312666.220   312666.230   312666.250   312666.340
  1955:   313803.540   313803.320   313803.330   313803.350   313803.240
  1960:   313803.120   314053.220   314053.230   314053.250   314053.340
  1965:   314331.120   315166.840   315295.120   315300.120   316000.120
  1970:   316004.120   316298.120   316427.640   316427.320   316427.330
  1975:   316427.350   316427.240   316427.130   316677.220   316677.230
  1980:   316677.250   316677.340   317074.120   317182.130   317477.840
  1985:   317478.640   317478.320   317478.330   317478.350   317478.240
  1990:   317478.130   317728.220   317728.230   317728.250   317728.340
  1995:   318587.130   318676.120   318681.120   319203.120   319453.740
  2000:   319727.540   319727.320   319727.330   319727.350   319727.240
  2005:   319727.120   319977.220   319977.230   319977.250   319977.340
  2010:   320904.120   321145.120   321151.120   321386.120   321394.120
  2015:   321692.120   321697.120   321808.130   322353.120   322581.130
  2020:   323155.120   323320.130   323975.130   324155.130   324272.130
  2025:   324556.130   324981.130   325528.840   325777.740   325840.540
  2030:   325840.320   325840.330   325840.350   325840.240   325840.120
  2035:   326090.220   326090.230   326090.250   326090.340   326325.120
  2040:   327267.640   327267.320   327267.330   327267.350   327267.240
  2045:   327267.130   327517.220   327517.230   327517.250   327517.340
  2050:   327716.120   328153.120   328640.120   329221.120   329639.120
  2055:   329644.120   329649.120   330538.120   330550.120   330705.130
  2060:   330717.840   330993.640   330993.320   330993.330   330993.350
  2065:   330993.240   330993.130   331243.220   331243.230   331243.250
  2070:   331243.340   331951.130   333367.130   333890.740   334343.840
  2075:   334355.640   334355.320   334355.330   334355.350   334355.240
  2080:   334355.130   334605.220   334605.230   334605.250   334605.340
  2085:   334943.130   335385.130   335505.840   335683.640   335683.320
  2090:   335683.330   335683.350   335683.240   335683.130   335933.220
  2095:   335933.230   335933.250   335933.340   336148.540   336148.320
  2100:   336148.330   336148.350   336148.240   336148.120   336398.220
  2105:   336398.230   336398.250   336398.340   336626.120   336802.130
  2110:   337090.130   337198.740   337214.540   337214.320   337214.330
  2115:   337214.350   337214.240   337214.120   337219.120   337225.120
  2120:   337464.220   337464.230   337464.250   337464.340   338097.120
  2125:   338221.130   338670.130   339049.130   339156.120   340628.130
  2130:   340732.120   340738.120   341466.120   341471.120   341629.130
  2135:   341636.130   341775.130   341833.840   342381.640   342381.320
  2140:   342381.330   342381.350   342381.240   342381.130   342631.220
  2145:   342631.230   342631.250   342631.340   343585.120   343831.840
  2150:   344117.640   344117.320   344117.330   344117.350   344117.240
  2155:   344117.130   344367.220   344367.230   344367.250   344367.340
  2160:   344564.740   345634.540   345634.320   345634.330   345634.350
  2165:   345634.240   345634.120   345884.220   345884.230   345884.250
  2170:   345884.340   346534.120   346663.130   346988.120   347072.130
  2175:   347470.120   347684.740   349026.130   349160.130   349267.840
  2180:   350470.640   350470.320   350470.330   350470.350   350470.240
  2185:   350470.130   350720.220   350720.230   350720.250   350720.340
  2190:   351122.130   351593.130   352057.130   352186.130   352349.130
  2195:   352699.130   353545.130   353549.130   353635.540   353635.320
  2200:   353635.330   353635.350   353635.240   353635.120   353885.220
  2205:   353885.230   353885.250   353885.340   354259.120   354360.130
  2210:   355043.120   355054.120   355198.130   355373.130   355821.130
  2215:   356014.130   356190.130   356415.130   356730.120   356920.840
  2220:   357677.640   357677.320   357677.330   357677.350   357677.240
  2225:   357677.130   357927.220   357927.230   357927.250   357927.340
  2230:   359027.840   359712.640   359712.320   359712.330   359712.350
  2235:   359712.240   359712.130   359962.220   359962.230   359962.250
  2240:   359962.340   360000.320   360000.330   360000.350   360000.020
C:
     0:        0.000      326.000      611.000       40.000       90.000
     5:        0.000
D:
     0:        0.000        0.000
L:
     0:      111.000      111.000      111.000
M:
     0:      900.000      901.000      902.000      903.000      904.000
     5:      905.000      906.000      907.000      908.000      909.000
    10:      910.000      911.000      912.000      913.000      914.000
    15:      915.000      916.000      917.000      918.000      919.000
    20:      920.000      921.000      922.000      923.000      924.000
    25:      925.000      926.000      927.000      928.000      929.000
    30:      930.000      931.000      932.000      933.000      934.000
    35:      935.000      936.000      937.000      938.000      939.000
    40:      940.000      941.000      942.000      943.000      944.000
    45:      945.000      946.000      947.000      948.000      949.000
    50:      950.000      951.000      952.000      953.000      954.000
    55:      955.000      956.000      957.000      958.000      959.000
    60:      960.000      961.000      962.000      963.000      964.000
    65:      965.000      966.000      967.000      968.000      969.000
    70:      970.000      971.000      972.000      973.000      974.000
    75:      975.000      976.000      977.000      978.000      979.000
    80:      980.000      981.000      982.000      983.000      984.000
    85:      985.000      986.000      987.000      988.000      989.000
    90:      990.000      991.000      992.000      993.000      994.000
    95:      995.000      996.000      997.000      998.000      999.000
   100:     1000.000     1001.000     1002.000     1003.000     1004.000
   105:     1005.000     1006.000     1007.000     1008.000     1009.000
   110:     1010.000     1011.000     1012.000     1013.000     1014.000
   115:     1015.000     1016.000     1017.000     1018.000     1019.000
   120:     1020.000     1021.000     1022.000     1023.000     1024.000
   125:     1025.000     1026.000     1027.000     1028.000     1029.000
   130:     1030.000     1031.000     1032.000     1033.000     1034.000
   135:     1035.000     1036.000     1037.000     1038.000     1039.000
   140:     1040.000     1041.000     1042.000     1043.000     1044.000
   145:     1045.000     1046.000     1047.000     1048.000     1049.000
   150:     1050.000     1051.000     1052.000     1053.000     1054.000
   155:     1055.000     1056.000     1057.000     1058.000     1059.000
   160:     1060.000     1061.000     1062.000     1063.000     1064.000
   165:     1065.000     1066.000     1067.000     1068.000     1069.000
   170:     1070.000     1071.000     1072.000     1073.000     1074.000
   175:     1075.000     1076.000     1077.000     1078.000     1079.000
   180:     1080.000     1081.000     1082.000     1083.000     1084.000
   185:     1085.000     1086.000     1087.000     1088.000     1089.000
   190:     1090.000     1091.000     1092.000     1093.000     1094.000
   195:     1095.000     1096.000     1097.000     1098.000     1099.000
   200:     1100.000     1101.000     1102.000     1103.000     1104.000
   205:     1105.000     1106.000     1107.000     1108.000     1109.000
   210:     1110.000     1111.000     1112.000     1113.000     1114.000
   215:     1115.000     1116.000     1117.000     1118.000     1119.000
   220:     1120.000     1121.000     1122.000     1123.000     1124.000
   225:     1125.000     1126.000     1127.000     1128.000     1129.000
   230:     1130.000     1131.000     1132.000     1133.000     1134.000
   235:     1135.000     1136.000     1137.000     1138.000     1139.000
   240:     1140.000     1141.000     1142.000     1143.000     1144.000
   245:     1145.000     1146.000     1147.000     1148.000     1149.000
   250:     1150.000     1151.000     1152.000     1153.000     1154.000
   255:     1155.000     1156.000     1157.000     1158.000     1159.000
   260:     1160.000     1161.000     1162.000     1163.000     1164.000
   265:     1165.000     1166.000     1167.000     1168.000     1169.000
   270:     1170.000     1171.000     1172.000     1173.000     1174.000
   275:     1175.000     1176.000     1177.000     1178.000     1179.000
   280:     1180.000     1181.000     1182.000     1183.000     1184.000
   285:     1185.000     1186.000     1187.000     1188.000     1189.000
   290:     1190.000     1191.000     1192.000     1193.000     1194.000
   295:     1195.000     1196.000     1197.000     1198.000     1199.000
   300:     1200.000     1201.000     1202.000     1203.000     1204.000
   305:     1205.000     1206.000     1207.000     1208.000     1209.000
   310:     1210.000     1211.000     1212.000     1213.000     1214.000
   315:     1215.000     1216.000     1217.000     1218.000     1219.000
   320:     1220.000     1221.000     1222.000     1223.000     1224.000
   325:     1225.000     1226.000     1227.000     1228.000     1229.000
   330:     1230.000     1231.000     1232.000     1233.000     1234.000
   335:     1235.000     1236.000     1237.000     1238.000     1239.000
   340:     1240.000     1241.000     1242.000     1243.000     1244.000
   345:     1245.000     1246.000     1247.000     1248.000     1249.000
   350:     1250.000     1251.000     1252.000     1253.000     1254.000
   355:     1255.000     1256.000     1257.000     1258.000     1259.000
   360:     1260.000     1261.000     1262.000     1263.000     1264.000
   365:     1265.000     1266.000     1267.000     1268.000     1269.000
   370:     1270.000     1271.000     1272.000     1273.000     1274.000
   375:     1275.000     1276.000     1277.000     1278.000     1279.000
   380:     1280.000     1281.000     1282.000     1283.000     1284.000
   385:     1285.000     1286.000     1287.000     1288.000     1289.000
   390:     1290.000     1291.000     1292.000     1293.000     1294.000
   395:     1295.000     1296.000     1297.000     1298.000     1299.000
   400:     1300.000     1301.000     1302.000     1303.000     1304.000
   405:     1305.000     1306.000     1307.000     1308.000     1309.000
   410:     1310.000     1311.000     1312.000     1313.000     1314.000
   415:     1315.000     1316.000     1317.000     1318.000     1319.000
   420:     1320.000     1321.000     1322.000     1323.000     1324.000
   425:     1325.000     1326.000     1327.000     1328.000     1329.000
   430:     1330.000     1331.000     1332.000     1333.000     1334.000
   435:     1335.000     1336.000     1337.000     1338.000     1339.000
   440:     1340.000     1341.000     1342.000     1343.000     1344.000
   445:     1345.000     1346.000     1347.000     1348.000     1349.000
   450:     1350.000     1351.000     1352.000     1353.000     1354.000
   455:     1355.000     1356.000     1357.000     1358.000     1359.000
   460:     1360.000     1361.000     1362.000     1363.000     1364.000
   465:     1365.000     1366.000     1367.000     1368.000     1369.000
   470:     1370.000     1371.000     1372.000     1373.000     1374.000
   475:     1375.000     1376.000     1377.000     1378.000     1379.000
   480:     1380.000     1381.000     1382.000     1383.000     1384.000
   485:     1385.000     1386.000     1387.000     1388.000     1389.000
   490:     1390.000     1391.000     1392.000     1393.000     1394.000
   495:     1395.000     1396.000     1397.000     1398.000     1399.000
   500:     1400.000     1401.000     1402.000     1403.000     1404.000
   505:     1405.000     1406.000     1407.000     1408.000     1409.000
   510:     1410.000     1411.000     1412.000     1413.000     1414.000
   515:     1415.000     1416.000     1417.000     1418.000     1419.000
   520:     1420.000     1421.000     1422.000     1423.000     1424.000
   525:     1425.000     1426.000     1427.000     1428.000     1429.000
   530:     1430.000     1431.000     1432.000     1433.000     1434.000
   535:     1435.000     1436.000     1437.000     1438.000     1439.000
   540:     1440.000     1441.000     1442.000     1443.000     1444.000
   545:     1445.000     1446.000     1447.000     1448.000     1449.000
   550:     1450.000     1451.000     1452.000     1453.000     1454.000
   555:     1455.000     1456.000     1457.000     1458.000     1459.000
   560:     1460.000     1461.000     1462.000     1463.000     1464.000
   565:     1465.000     1466.000     1467.000     1468.000     1469.000
   570:     1470.000     1471.000     1472.000     1473.000     1474.000
   575:     1475.000     1476.000     1477.000     1478.000     1479.000
   580:     1480.000     1481.000     1482.000     1483.000     1484.000
   585:     1485.000     1486.000     1487.000     1488.000     1489.000
   590:     1490.000     1491.000     1492.000     1493.000     1494.000
   595:     1495.000     1496.000     1497.000     1498.000     1499.000
   600:     1500.000
N:
     0:     3300.000     3301.000     3302.000     3303.000     3304.000
     5:     3305.000     3306.000     3307.000     3308.000     3309.000
    10:     3310.000     3311.000     3312.000     3313.000     3314.000
    15:     3315.000     3316.000     3317.000     3318.000     3319.000
    20:     3320.000     3321.000     3322.000     3323.000     3324.000
    25:     3325.000     3326.000     3327.000     3328.000     3329.000
    30:     3330.000     3331.000     3332.000     3333.000     3334.000
    35:     3335.000     3336.000     3337.000     3338.000     3339.000
    40:     3340.000     3341.000     3342.000     3343.000     3344.000
    45:     3345.000     3346.000     3347.000     3348.000     3349.000
    50:     3350.000     3351.000     3352.000     3353.000     3354.000
    55:     3355.000     3356.000     3357.000     3358.000     3359.000
    60:     3360.000     3361.000     3362.000     3363.000     3364.000
    65:     3365.000     3366.000     3367.000     3368.000     3369.000
    70:     3370.000     3371.000     3372.000     3373.000     3374.000
    75:     3375.000     3376.000     3377.000     3378.000     3379.000
    80:     3380.000     3381.000     3382.000     3383.000     3384.000
    85:     3385.000     3386.000     3387.000     3388.000     3389.000
    90:     3390.000     3391.000     3392.000     3393.000     3394.000
    95:     3395.000     3396.000     3397.000     3398.000     3399.000
   100:     3400.000     3401.000     3402.000     3403.000     3404.000
   105:     3405.000     3406.000     3407.000     3408.000     3409.000
   110:     3410.000     3411.000     3412.000     3413.000     3414.000
   115:     3415.000     3416.000     3417.000     3418.000     3419.000
   120:     3420.000     3421.000     3422.000     3423.000     3424.000
   125:     3425.000     3426.000     3427.000     3428.000     3429.000
   130:     3430.000     3431.000     3432.000     3433.000     3434.000
   135:     3435.000     3436.000     3437.000     3438.000     3439.000
   140:     3440.000     3441.000     3442.000     3443.000     3444.000
   145:     3445.000     3446.000     3447.000     3448.000     3449.000
   150:     3450.000     3451.000     3452.000     3453.000     3454.000
   155:     3455.000     3456.000     3457.000     3458.000     3459.000
   160:     3460.000     3461.000     3462.000     3463.000     3464.000
   165:     3465.000     3466.000     3467.000     3468.000     3469.000
   170:     3470.000     3471.000     3472.000     3473.000     3474.000
   175:     3475.000     3476.000     3477.000     3478.000     3479.000
   180:     3480.000     3481.000     3482.000     3483.000     3484.000
   185:     3485.000     3486.000     3487.000     3488.000     3489.000
   190:     3490.000     3491.000     3492.000     3493.000     3494.000
   195:     3495.000     3496.000     3497.000     3498.000     3499.000
   200:     3500.000     3501.000     3502.000     3503.000     3504.000
   205:     3505.000     3506.000     3507.000     3508.000     3509.000
   210:     3510.000     3511.000     3512.000     3513.000     3514.000
   215:     3515.000     3516.000     3517.000     3518.000     3519.000
   220:     3520.000     3521.000     3522.000     3523.000     3524.000
   225:     3525.000     3526.000     3527.000     3528.000     3529.000
   230:     3530.000     3531.000     3532.000     3533.000     3534.000
   235:     3535.000     3536.000     3537.000     3538.000     3539.000
   240:     3540.000     3541.000     3542.000     3543.000     3544.000
   245:     3545.000     3546.000     3547.000     3548.000     3549.000
   250:     3550.000     3551.000     3552.000     3553.000     3554.000
   255:     3555.000     3556.000     3557.000     3558.000     3559.000
   260:     3560.000     3561.000     3562.000     3563.000     3564.000
   265:     3565.000     3566.000     3567.000     3568.000     3569.000
   270:     3570.000     3571.000     3572.000     3573.000     3574.000
   275:     3575.000     3576.000     3577.000     3578.000     3579.000
   280:     3580.000     3581.000     3582.000     3583.000     3584.000
   285:     3585.000     3586.000     3587.000     3588.000     3589.000
   290:     3590.000     3591.000     3592.000     3593.000     3594.000
   295:     3595.000     3596.000     3597.000     3598.000     3599.000
   300:     3600.000     3601.000     3602.000     3603.000     3604.000
   305:     3605.000     3606.000     3607.000     3608.000     3609.000
   310:     3610.000     3611.000     3612.000     3613.000     3614.000
   315:     3615.000     3616.000     3617.000     3618.000     3619.000
   320:     3620.000     3621.000     3622.000     3623.000     3624.000
   325:     3625.000     3626.000     3627.000     3628.000     3629.000
   330:     3630.000     3631.000     3632.000     3633.000     3634.000
   335:     3635.000     3636.000     3637.000     3638.000     3639.000
   340:     3640.000     3641.000     3642.000     3643.000     3644.000
   345:     3645.000     3646.000     3647.000     3648.000     3649.000
   350:     3650.000     3651.000     3652.000     3653.000     3654.000
   355:     3655.000     3656.000     3657.000     3658.000     3659.000
   360:     3660.000     3661.000     3662.000     3663.000     3664.000
   365:     3665.000     3666.000     3667.000     3668.000     3669.000
   370:     3670.000     3671.000     3672.000     3673.000     3674.000
   375:     3675.000     3676.000     3677.000     3678.000     3679.000
   380:     3680.000     3681.000     3682.000     3683.000     3684.000
   385:     3685.000     3686.000     3687.000     3688.000     3689.000
   390:     3690.000     3691.000     3692.000     3693.000     3694.000
   395:     3695.000     3696.000     3697.000     3698.000     3699.000
   400:     3700.000     3701.000     3702.000     3703.000     3704.000
   405:     3705.000     3706.000     3707.000     3708.000     3709.000
   410:     3710.000     3711.000     3712.000     3713.000     3714.000
   415:     3715.000     3716.000     3717.000     3718.000     3719.000
   420:     3720.000     3721.000     3722.000     3723.000     3724.000
   425:     3725.000     3726.000     3727.000     3728.000     3729.000
   430:     3730.000     3731.000     3732.000     3733.000     3734.000
   435:     3735.000     3736.000     3737.000     3738.000     3739.000
   440:     3740.000     3741.000     3742.000     3743.000     3744.000
   445:     3745.000     3746.000     3747.000     3748.000     3749.000
   450:     3750.000     3751.000     3752.000     3753.000     3754.000
   455:     3755.000     3756.000     3757.000     3758.000     3759.000
   460:     3760.000     3761.000     3762.000     3763.000     3764.000
   465:     3765.000     3766.000     3767.000     3768.000     3769.000
   470:     3770.000     3771.000     3772.000     3773.000     3774.000
   475:     3775.000     3776.000     3777.000     3778.000     3779.000
   480:     3780.000     3781.000     3782.000     3783.000     3784.000
   485:     3785.000     3786.000     3787.000     3788.000     3789.000
   490:     3790.000     3791.000     3792.000     3793.000     3794.000
   495:     3795.000     3796.000     3797.000     3798.000     3799.000
   500:     3800.000     3801.000     3802.000     3803.000     3804.000
   505:     3805.000     3806.000     3807.000     3808.000     3809.000
   510:     3810.000     3811.000     3812.000     3813.000     3814.000
   515:     3815.000     3816.000     3817.000     3818.000     3819.000
   520:     3820.000     3821.000     3822.000     3823.000     3824.000
   525:     3825.000     3826.000     3827.000     3828.000     3829.000
   530:     3830.000     3831.000     3832.000     3833.000     3834.000
   535:     3835.000     3836.000     3837.000     3838.000     3839.000
   540:     3840.000     3841.000     3842.000     3843.000     3844.000
   545:     3845.000     3846.000     3847.000     3848.000     3849.000
   550:     3850.000     3851.000     3852.000     3853.000     3854.000
   555:     3855.000     3856.000     3857.000     3858.000     3859.000
   560:     3860.000     3861.000     3862.000     3863.000     3864.000
   565:     3865.000     3866.000     3867.000     3868.000     3869.000
   570:     3870.000     3871.000     3872.000     3873.000     3874.000
   575:     3875.000     3876.000     3877.000     3878.000     3879.000
   580:     3880.000     3881.000     3882.000     3883.000     3884.000
   585:     3885.000     3886.000     3887.000     3888.000     3889.000
   590:     3890.000     3891.000     3892.000     3893.000     3894.000
   595:     3895.000     3896.000     3897.000     3898.000     3899.000
   600:     3900.000     3901.000     3902.000     3903.000     3904.000
   605:     3905.000     3906.000     3907.000     3908.000     3909.000
   610:     3910.000     3911.000     3912.000     3913.000     3914.000
   615:     3915.000     3916.000     3917.000     3918.000     3919.000
   620:     3920.000     3921.000     3922.000     3923.000     3924.000
   625:     3925.000     3926.000     3927.000     3928.000     3929.000
   630:     3930.000     3931.000     3932.000     3933.000     3934.000
   635:     3935.000     3936.000     3937.000     3938.000     3939.000
   640:     3940.000     3941.000     3942.000     3943.000     3944.000
   645:     3945.000     3946.000     3947.000     3948.000     3949.000
   650:     3950.000     3951.000     3952.000     3953.000     3954.000
   655:     3955.000     3956.000     3957.000     3958.000     3959.000
   660:     3960.000     3961.000     3962.000     3963.000     3964.000
   665:     3965.000     3966.000     3967.000     3968.000     3969.000
   670:     3970.000     3971.000     3972.000     3973.000     3974.000
   675:     3975.000     3976.000     3977.000     3978.000     3979.000
   680:     3980.000     3981.000     3982.000     3983.000     3984.000
   685:     3985.000     3986.000     3987.000     3988.000     3989.000
   690:     3990.000     3991.000     3992.000     3993.000     3994.000
   695:     3995.000     3996.000     3997.000     3998.000     3999.000
   700:     4000.000     4001.000     4002.000     4003.000     4004.000
   705:     4005.000     4006.000     4007.000     4008.000     4009.000
   710:     4010.000     4011.000     4012.000     4013.000     4014.000
   715:     4015.000     4016.000     4017.000     4018.000     4019.000
   720:     4020.000     4021.000     4022.000     4023.000     4024.000
   725:     4025.000     4026.000     4027.000     4028.000     4029.000
   730:     4030.000     4031.000     4032.000     4033.000     4034.000
   735:     4035.000     4036.000     4037.000     4038.000     4039.000
   740:     4040.000     4041.000     4042.000     4043.000     4044.000
   745:     4045.000     4046.000     4047.000     4048.000     4049.000
   750:     4050.000     4051.000     4052.000     4053.000     4054.000
   755:     4055.000     4056.000     4057.000     4058.000     4059.000
   760:     4060.000     4061.000     4062.000     4063.000     4064.000
   765:     4065.000     4066.000     4067.000     4068.000     4069.000
   770:     4070.000     4071.000     4072.000     4073.000     4074.000
   775:     4075.000     4076.000     4077.000     4078.000     4079.000
   780:     4080.000     4081.000     4082.000     4083.000     4084.000
   785:     4085.000     4086.000     4087.000     4088.000     4089.000
   790:     4090.000     4091.000     4092.000     4093.000     4094.000
   795:     4095.000     4096.000     4097.000     4098.000     4099.000
   800:     4100.000     4101.000     4102.000     4103.000     4104.000
   805:     4105.000     4106.000     4107.000     4108.000     4109.000
   810:     4110.000     4111.000     4112.000     4113.000     4114.000
   815:     4115.000     4116.000     4117.000     4118.000     4119.000
   820:     4120.000     4121.000     4122.000     4123.000     4124.000
   825:     4125.000     4126.000     4127.000     4128.000     4129.000
   830:     4130.000     4131.000     4132.000     4133.000     4134.000
   835:     4135.000     4136.000     4137.000     4138.000     4139.000
   840:     4140.000     4141.000     4142.000     4143.000     4144.000
   845:     4145.000     4146.000     4147.000     4148.000     4149.000
   850:     4150.000     4151.000     4152.000     4153.000     4154.000
   855:     4155.000     4156.000     4157.000     4158.000     4159.000
   860:     4160.000     4161.000     4162.000     4163.000     4164.000
   865:     4165.000     4166.000     4167.000     4168.000     4169.000
   870:     4170.000     4171.000     4172.000     4173.000     4174.000
   875:     4175.000     4176.000     4177.000     4178.000     4179.000
   880:     4180.000     4181.000     4182.000     4183.000     4184.000
   885:     4185.000     4186.000     4187.000     4188.000     4189.000
   890:     4190.000     4191.000     4192.000     4193.000     4194.000
   895:     4195.000     4196.000     4197.000     4198.000     4199.000
   900:     4200.000     4201.000     4202.000     4203.000     4204.000
   905:     4205.000     4206.000     4207.000     4208.000     4209.000
   910:     4210.000     4211.000     4212.000     4213.000     4214.000
   915:     4215.000     4216.000     4217.000     4218.000     4219.000
   920:     4220.000     4221.000     4222.000     4223.000     4224.000
   925:     4225.000     4226.000     4227.000     4228.000     4229.000
   930:     4230.000     4231.000     4232.000     4233.000     4234.000
   935:     4235.000     4236.000     4237.000     4238.000     4239.000
   940:     4240.000     4241.000     4242.000     4243.000     4244.000
   945:     4245.000     4246.000     4247.000     4248.000     4249.000
   950:     4250.000     4251.000     4252.000     4253.000     4254.000
   955:     4255.000     4256.000     4257.000     4258.000     4259.000
   960:     4260.000     4261.000     4262.000     4263.000     4264.000
   965:     4265.000     4266.000     4267.000     4268.000     4269.000
   970:     4270.000     4271.000     4272.000     4273.000     4274.000
   975:     4275.000     4276.000     4277.000     4278.000     4279.000
   980:     4280.000     4281.000     4282.000     4283.000     4284.000
   985:     4285.000     4286.000     4287.000     4288.000     4289.000
   990:     4290.000     4291.000     4292.000     4293.000     4294.000
   995:     4295.000     4296.000     4297.000     4298.000     4299.000
  1000:     4300.000     4301.000     4302.000     4303.000     4304.000
  1005:     4305.000     4306.000     4307.000     4308.000     4309.000
  1010:     4310.000     4311.000     4312.000     4313.000     4314.000
  1015:     4315.000     4316.000     4317.000     4318.000     4319.000
  1020:     4320.000     4321.000     4322.000     4323.000     4324.000
  1025:     4325.000     4326.000     4327.000     4328.000     4329.000
  1030:     4330.000     4331.000     4332.000     4333.000     4334.000
  1035:     4335.000     4336.000     4337.000     4338.000     4339.000
  1040:     4340.000     4341.000     4342.000     4343.000     4344.000
  1045:     4345.000     4346.000     4347.000     4348.000     4349.000
  1050:     4350.000     4351.000     4352.000     4353.000     4354.000
  1055:     4355.000     4356.000     4357.000     4358.000     4359.000
  1060:     4360.000     4361.000     4362.000     4363.000     4364.000
  1065:     4365.000     4366.000     4367.000     4368.000     4369.000
  1070:     4370.000     4371.000     4372.000     4373.000     4374.000
  1075:     4375.000     4376.000     4377.000     4378.000     4379.000
  1080:     4380.000     4381.000     4382.000     4383.000     4384.000
  1085:     4385.000     4386.000     4387.000     4388.000     4389.000
  1090:     4390.000     4391.000     4392.000     4393.000     4394.000
  1095:     4395.000     4396.000     4397.000     4398.000     4399.000
  1100:     4400.000     4401.000     4402.000     4403.000     4404.000
  1105:     4405.000     4406.000     4407.000     4408.000     4409.000
  1110:     4410.000     4411.000     4412.000     4413.000     4414.000
  1115:     4415.000     4416.000     4417.000     4418.000     4419.000
  1120:     4420.000     4421.000     4422.000     4423.000     4424.000
  1125:     4425.000     4426.000     4427.000     4428.000     4429.000
  1130:     4430.000     4431.000     4432.000     4433.000     4434.000
  1135:     4435.000     4436.000     4437.000     4438.000     4439.000
  1140:     4440.000     4441.000     4442.000     4443.000     4444.000
  1145:     4445.000     4446.000     4447.000     4448.000     4449.000
  1150:     4450.000     4451.000     4452.000     4453.000     4454.000
  1155:     4455.000     4456.000     4457.000     4458.000     4459.000
  1160:     4460.000     4461.000     4462.000     4463.000     4464.000
  1165:     4465.000     4466.000     4467.000     4468.000     4469.000
  1170:     4470.000     4471.000     4472.000     4473.000     4474.000
  1175:     4475.000     4476.000     4477.000     4478.000     4479.000
  1180:     4480.000     4481.000     4482.000     4483.000     4484.000
  1185:     4485.000     4486.000     4487.000     4488.000     4489.000
  1190:     4490.000     4491.000     4492.000     4493.000     4494.000
  1195:     4495.000     4496.000     4497.000     4498.000     4499.000
  1200:     4500.000
R:
     0:      333.000      333.000      333.000
V:
     0:     1425.000     4444.000
W:
     0:     1425.000     4444.000
