File: C:\MED-PC IV\DATA\p138_s110_japede


Start Date: 10/17/17
End Date: 10/17/17
Subject: p138
Experiment: 0
Group: 0
Box: 8
Start Time: 14:45:54
End Time: 15:46:05
MSN: japede_L_45_45_45_R_45_45_45
B:       0.000
E:    2145.000
F:       0.000
G:       0.000
H:       0.000
I:       2.000
J:       2.000
K:       0.000
O:       0.000
P:       0.000
Q:       0.000
S:  360000.000
T:  360000.000
U:       0.000
X:       0.000
Y:       0.000
Z:       0.000
A:
     0:        0.010        0.250        0.220        0.230     1645.120
     5:     2199.740     4408.540     4408.320     4408.330     4408.350
    10:     4408.240     4408.120     4658.220     4658.230     4658.250
    15:     4658.340     4799.840     5107.640     5107.320     5107.330
    20:     5107.350     5107.240     5107.130     5357.220     5357.230
    25:     5357.250     5357.340     5857.840     6714.120     8971.120
    30:     9303.120     9458.740    10867.540    10867.320    10867.330
    35:    10867.350    10867.240    10867.120    11117.220    11117.230
    40:    11117.250    11117.340    11438.120    14238.120    14598.120
    45:    15634.120    15936.640    15936.320    15936.330    15936.350
    50:    15936.240    15936.130    15944.130    16186.220    16186.230
    55:    16186.250    16186.340    16792.120    17569.120    18020.130
    60:    18109.120    18575.120    19440.120    20097.120    20357.130
    65:    20505.120    20686.840    22058.640    22058.320    22058.330
    70:    22058.350    22058.240    22058.130    22308.220    22308.230
    75:    22308.250    22308.340    22986.120    23608.840    23630.120
    80:    23817.740    24112.540    24112.320    24112.330    24112.350
    85:    24112.240    24112.120    24119.120    24124.120    24362.220
    90:    24362.230    24362.250    24362.340    25198.640    25198.320
    95:    25198.330    25198.350    25198.240    25198.130    25448.220
   100:    25448.230    25448.250    25448.340    25703.120    26097.120
   105:    26469.120    26743.120    27109.120    28008.120    28018.120
   110:    28859.130    29173.120    29362.740    30295.540    30295.320
   115:    30295.330    30295.350    30295.240    30295.120    30545.220
   120:    30545.230    30545.250    30545.340    31055.130    31498.120
   125:    31621.130    31947.120    32187.120    32845.740    33267.540
   130:    33267.320    33267.330    33267.350    33267.240    33267.120
   135:    33272.120    33517.220    33517.230    33517.250    33517.340
   140:    33772.120    33777.120    33949.130    34017.740    34755.540
   145:    34755.320    34755.330    34755.350    34755.240    34755.120
   150:    35005.220    35005.230    35005.250    35005.340    35204.120
   155:    35553.120    36076.120    36080.120    36248.840    36861.120
   160:    37107.120    37112.120    37835.120    38183.120    38719.640
   165:    38719.320    38719.330    38719.350    38719.240    38719.130
   170:    38724.130    38969.220    38969.230    38969.250    38969.340
   175:    39182.120    39187.120    39840.120    40137.120    40420.120
   180:    40426.120    40706.130    40992.130    40998.130    41104.120
   185:    41552.120    42280.120    42636.120    43082.120    43369.840
   190:    43607.120    43613.120    44602.120    45336.640    45336.320
   195:    45336.330    45336.350    45336.240    45336.130    45586.220
   200:    45586.230    45586.250    45586.340    46010.130    46112.120
   205:    46650.120    46886.840    47033.640    47033.320    47033.330
   210:    47033.350    47033.240    47033.130    47283.220    47283.230
   215:    47283.250    47283.340    47492.120    47907.130    48000.120
   220:    48498.120    48803.130    48909.120    49208.130    49756.130
   225:    49875.120    50219.120    50749.120    51163.130    51769.130
   230:    52108.120    52618.120    53277.120    53575.130    53679.120
   235:    54907.120    55084.130    55397.120    55992.120    56456.120
   240:    56464.120    56875.120    57323.130    57429.120    58605.740
   245:    59483.840    60237.540    60237.320    60237.330    60237.350
   250:    60237.240    60237.120    60487.220    60487.230    60487.250
   255:    60487.340    60739.120    61399.120    61681.120    61844.640
   260:    61844.320    61844.330    61844.350    61844.240    61844.130
   265:    61887.740    62094.220    62094.230    62094.250    62094.340
   270:    62331.540    62331.320    62331.330    62331.350    62331.240
   275:    62331.120    62581.220    62581.230    62581.250    62581.340
   280:    63323.120    63839.120    63845.120    64068.120    64181.740
   285:    64557.540    64557.320    64557.330    64557.350    64557.240
   290:    64557.120    64807.220    64807.230    64807.250    64807.340
   295:    64994.840    65021.120    65686.120    65693.120    66029.120
   300:    66300.120    66425.640    66425.320    66425.330    66425.350
   305:    66425.240    66425.130    66675.220    66675.230    66675.250
   310:    66675.340    66892.120    67293.120    67445.130    67878.120
   315:    68134.130    68319.120    68635.120    68879.120    69105.120
   320:    69411.120    69741.120    70290.120    70586.130    70690.120
   325:    71150.120    71844.130    72052.130    72154.120    72524.120
   330:    72827.120    73075.840    73097.640    73097.320    73097.330
   335:    73097.350    73097.240    73097.130    73104.130    73347.220
   340:    73347.230    73347.250    73347.340    73588.120    73647.840
   345:    74652.640    74652.320    74652.330    74652.350    74652.240
   350:    74652.130    74902.220    74902.230    74902.250    74902.340
   355:    75134.120    75507.740    75796.130    76013.130    76020.130
   360:    76117.540    76117.320    76117.330    76117.350    76117.240
   365:    76117.120    76367.220    76367.230    76367.250    76367.340
   370:    77136.130    77267.740    77640.540    77640.320    77640.330
   375:    77640.350    77640.240    77640.120    77802.840    77890.220
   380:    77890.230    77890.250    77890.340    78090.740    79321.540
   385:    79321.320    79321.330    79321.350    79321.240    79321.120
   390:    79571.220    79571.230    79571.250    79571.340    79931.640
   395:    79931.320    79931.330    79931.350    79931.240    79931.130
   400:    80181.220    80181.230    80181.250    80181.340    80771.740
   405:    80832.540    80832.320    80832.330    80832.350    80832.240
   410:    80832.120    81082.220    81082.230    81082.250    81082.340
   415:    81478.120    81709.120    81715.120    82210.120    82718.130
   420:    82816.120    82821.120    82827.120    82982.740    83373.130
   425:    83475.540    83475.320    83475.330    83475.350    83475.240
   430:    83475.120    83725.220    83725.230    83725.250    83725.340
   435:    84403.120    84624.120    84631.120    85065.130    85281.840
   440:    85852.640    85852.320    85852.330    85852.350    85852.240
   445:    85852.130    86102.220    86102.230    86102.250    86102.340
   450:    86929.120    87045.130    87425.740    87664.540    87664.320
   455:    87664.330    87664.350    87664.240    87664.120    87669.120
   460:    87914.220    87914.230    87914.250    87914.340    88316.120
   465:    88470.130    88566.120    89054.130    89484.120    89597.130
   470:    89890.120    89895.120    90426.130    90752.120    90758.120
   475:    91200.120    91207.120    91702.840    92347.640    92347.320
   480:    92347.330    92347.350    92347.240    92347.130    92597.220
   485:    92597.230    92597.250    92597.340    93661.130    93951.130
   490:    94347.120    95799.120    95805.120    95997.840    96028.120
   495:    96565.640    96565.320    96565.330    96565.350    96565.240
   500:    96565.130    96815.220    96815.230    96815.250    96815.340
   505:    97294.120    98180.120    98572.120    99027.130    99140.120
   510:    99359.130    99475.120    99718.120   100044.130   100556.130
   515:   100615.840   100644.120   101478.120   101732.120   102345.120
   520:   103399.120   103405.120   104306.120   104697.640   104697.320
   525:   104697.330   104697.350   104697.240   104697.130   104947.220
   530:   104947.230   104947.250   104947.340   105200.120   105502.120
   535:   106047.840   106118.120   106405.640   106405.320   106405.330
   540:   106405.350   106405.240   106405.130   106514.740   106655.220
   545:   106655.230   106655.250   106655.340   107241.540   107241.320
   550:   107241.330   107241.350   107241.240   107241.120   107491.220
   555:   107491.230   107491.250   107491.340   107591.740   107704.540
   560:   107704.320   107704.330   107704.350   107704.240   107704.120
   565:   107954.220   107954.230   107954.250   107954.340   108307.120
   570:   108470.130   108654.740   108820.540   108820.320   108820.330
   575:   108820.350   108820.240   108820.120   109070.220   109070.230
   580:   109070.250   109070.340   109583.120   109828.120   109834.120
   585:   110156.120   110161.120   110458.120   110707.120   111720.130
   590:   111770.740   113000.130   113715.540   113715.320   113715.330
   595:   113715.350   113715.240   113715.120   113955.840   113965.220
   600:   113965.230   113965.250   113965.340   114244.120   114265.740
   605:   114582.540   114582.320   114582.330   114582.350   114582.240
   610:   114582.120   114832.220   114832.230   114832.250   114832.340
   615:   115552.120   115558.120   116132.740   116146.540   116146.320
   620:   116146.330   116146.350   116146.240   116146.120   116396.220
   625:   116396.230   116396.250   116396.340   117165.120   117296.740
   630:   117357.540   117357.320   117357.330   117357.350   117357.240
   635:   117357.120   117607.220   117607.230   117607.250   117607.340
   640:   118186.120   118193.120   118503.640   118503.320   118503.330
   645:   118503.350   118503.240   118503.130   118753.220   118753.230
   650:   118753.250   118753.340   119023.120   119028.120   119682.120
   655:   119853.840   120053.120   120311.120   120519.120   120524.120
   660:   120754.120   120873.640   120873.320   120873.330   120873.350
   665:   120873.240   120873.130   121123.220   121123.230   121123.250
   670:   121123.340   121441.120   122323.840   122860.120   123107.740
   675:   123563.540   123563.320   123563.330   123563.350   123563.240
   680:   123563.120   123813.220   123813.230   123813.250   123813.340
   685:   125127.120   126215.120   126220.120   126440.120   126750.120
   690:   127187.640   127187.320   127187.330   127187.350   127187.240
   695:   127187.130   127437.220   127437.230   127437.250   127437.340
   700:   127649.120   127962.120   128582.120   128613.740   128637.840
   705:   129422.640   129422.320   129422.330   129422.350   129422.240
   710:   129422.130   129428.130   129672.220   129672.230   129672.250
   715:   129672.340   129772.840   130135.540   130135.320   130135.330
   720:   130135.350   130135.240   130135.120   130385.220   130385.230
   725:   130385.250   130385.340   130606.120   130685.740   131337.640
   730:   131337.320   131337.330   131337.350   131337.240   131337.130
   735:   131587.220   131587.230   131587.250   131587.340   132101.130
   740:   132478.540   132478.320   132478.330   132478.350   132478.240
   745:   132478.120   132483.120   132728.220   132728.230   132728.250
   750:   132728.340   132931.120   133200.120   133205.120   133428.740
   755:   133967.540   133967.320   133967.330   133967.350   133967.240
   760:   133967.120   133978.120   134217.220   134217.230   134217.250
   765:   134217.340   134487.120   135147.120   135395.120   135642.120
   770:   135887.840   135936.120   136073.640   136073.320   136073.330
   775:   136073.350   136073.240   136073.130   136323.220   136323.230
   780:   136323.250   136323.340   136526.120   136786.120   137042.120
   785:   138035.120   138043.120   138339.120   138584.120   138590.120
   790:   138877.120   139379.130   139598.120   139603.120   139836.120
   795:   141229.130   141584.120   141809.120   142114.120   142439.120
   800:   143017.740   143314.540   143314.320   143314.330   143314.350
   805:   143314.240   143314.120   143564.220   143564.230   143564.250
   810:   143564.340   144800.120   145168.120   145568.120   145948.120
   815:   146086.130   146178.120   146323.840   146641.120   147492.120
   820:   147745.640   147745.320   147745.330   147745.350   147745.240
   825:   147745.130   147995.220   147995.230   147995.250   147995.340
   830:   148064.740   148222.540   148222.320   148222.330   148222.350
   835:   148222.240   148222.120   148472.220   148472.230   148472.250
   840:   148472.340   148894.120   148905.120   149572.740   150280.130
   845:   150286.130   150549.130   150637.540   150637.320   150637.330
   850:   150637.350   150637.240   150637.120   150887.220   150887.230
   855:   150887.250   150887.340   150995.840   151081.120   152023.120
   860:   152028.120   152539.120   152826.120   152832.120   153090.120
   865:   153641.640   153641.320   153641.330   153641.350   153641.240
   870:   153641.130   153891.220   153891.230   153891.250   153891.340
   875:   154171.120   154691.840   154871.640   154871.320   154871.330
   880:   154871.350   154871.240   154871.130   155121.220   155121.230
   885:   155121.250   155121.340   155630.120   155887.120   156481.130
   890:   157943.130   158051.120   158685.130   158949.130   159260.120
   895:   160208.130   160473.130   161787.740   162199.130   162525.540
   900:   162525.320   162525.330   162525.350   162525.240   162525.120
   905:   162775.220   162775.230   162775.250   162775.340   163597.120
   910:   163715.130   164042.120   164048.120   164866.130   164872.130
   915:   164921.840   164975.740   165480.540   165480.320   165480.330
   920:   165480.350   165480.240   165480.120   165486.120   165730.220
   925:   165730.230   165730.250   165730.340   166629.120   166870.640
   930:   166870.320   166870.330   166870.350   166870.240   166870.130
   935:   166930.740   167120.220   167120.230   167120.250   167120.340
   940:   167362.540   167362.320   167362.330   167362.350   167362.240
   945:   167362.120   167612.220   167612.230   167612.250   167612.340
   950:   168157.120   168161.120   168583.120   168588.120   168794.120
   955:   169350.130   170012.130   170019.130   170791.120   170797.120
   960:   171220.840   171526.120   171531.120   171954.120   172078.640
   965:   172078.320   172078.330   172078.350   172078.240   172078.130
   970:   172328.220   172328.230   172328.250   172328.340   173217.120
   975:   173608.130   173711.120   173716.120   174002.130   174433.120
   980:   174655.120   174846.130   174912.740   174942.540   174942.320
   985:   174942.330   174942.350   174942.240   174942.120   175192.220
   990:   175192.230   175192.250   175192.340   175573.120   175874.120
   995:   176192.740   176492.130   176589.540   176589.320   176589.330
  1000:   176589.350   176589.240   176589.120   176839.220   176839.230
  1005:   176839.250   176839.340   177362.120   177439.740   177761.130
  1010:   178117.130   178550.540   178550.320   178550.330   178550.350
  1015:   178550.240   178550.120   178554.120   178800.220   178800.230
  1020:   178800.250   178800.340   180033.120   180272.120   180530.130
  1025:   180620.120   181418.120   181600.740   182128.840   182882.640
  1030:   182882.320   182882.330   182882.350   182882.240   182882.130
  1035:   183132.220   183132.230   183132.250   183132.340   184295.130
  1040:   184626.130   185033.540   185033.320   185033.330   185033.350
  1045:   185033.240   185033.120   185283.220   185283.230   185283.250
  1050:   185283.340   187090.120   187096.120   187713.130   187783.740
  1055:   188017.540   188017.320   188017.330   188017.350   188017.240
  1060:   188017.120   188267.220   188267.230   188267.250   188267.340
  1065:   188709.130   189426.120   189613.130   190862.130   190958.120
  1070:   190964.120   191427.120   191627.120   192689.130   192695.130
  1075:   192792.120   192967.740   193433.540   193433.320   193433.330
  1080:   193433.350   193433.240   193433.120   193683.220   193683.230
  1085:   193683.250   193683.340   194594.130   195383.740   195588.540
  1090:   195588.320   195588.330   195588.350   195588.240   195588.120
  1095:   195594.120   195838.220   195838.230   195838.250   195838.340
  1100:   196083.120   196089.120   196592.120   197463.120   197987.120
  1105:   197992.120   198129.120   198134.120   198247.130   198599.130
  1110:   198604.130   198948.130   199207.120   200232.130   200316.120
  1115:   200743.130   200838.740   200904.130   201242.130   201829.130
  1120:   201832.840   202676.640   202676.320   202676.330   202676.350
  1125:   202676.240   202676.130   202926.220   202926.230   202926.250
  1130:   202926.340   204337.540   204337.320   204337.330   204337.350
  1135:   204337.240   204337.120   204341.120   204587.220   204587.230
  1140:   204587.250   204587.340   204940.120   204946.120   205772.120
  1145:   205776.120   205985.130   206076.120   206386.120   206692.120
  1150:   207246.120   207633.120   207761.130   208050.120   208057.120
  1155:   209350.120   209660.130   209763.130   209772.130   209855.120
  1160:   210641.130   210648.130   211074.120   211285.120   211387.740
  1165:   211589.130   211594.130   211688.540   211688.320   211688.330
  1170:   211688.350   211688.240   211688.120   211693.120   211938.220
  1175:   211938.230   211938.250   211938.340   212266.120   212271.120
  1180:   212837.130   212925.120   212931.120   213051.130   213164.120
  1185:   213170.120   213387.120   213998.120   214215.120   214479.120
  1190:   215032.130   215124.120   215379.130   215480.120   215972.130
  1195:   216076.120   217165.120   217172.120   217429.130   217519.120
  1200:   217775.130   217870.120   217881.120   218238.740   218308.130
  1205:   218411.540   218411.320   218411.330   218411.350   218411.240
  1210:   218411.120   218415.120   218661.220   218661.230   218661.250
  1215:   218661.340   218871.120   219186.120   219226.840   219663.640
  1220:   219663.320   219663.330   219663.350   219663.240   219663.130
  1225:   219913.220   219913.230   219913.250   219913.340   220145.120
  1230:   220561.130   220731.130   220831.120   220861.740   221125.540
  1235:   221125.320   221125.330   221125.350   221125.240   221125.120
  1240:   221375.220   221375.230   221375.250   221375.340   221989.120
  1245:   221996.120   222373.120   222714.120   222960.120   222965.120
  1250:   223241.120   223624.120   223759.120   224218.120   224675.740
  1255:   225385.130   225488.540   225488.320   225488.330   225488.350
  1260:   225488.240   225488.120   225738.220   225738.230   225738.250
  1265:   225738.340   225938.740   226034.540   226034.320   226034.330
  1270:   226034.350   226034.240   226034.120   226284.220   226284.230
  1275:   226284.250   226284.340   226749.120   227159.130   227411.130
  1280:   227956.130   228170.130   228326.130   229013.120   229181.120
  1285:   229186.120   229513.840   229821.640   229821.320   229821.330
  1290:   229821.350   229821.240   229821.130   230071.220   230071.230
  1295:   230071.250   230071.340   230277.120   230485.120   230977.130
  1300:   231204.130   231414.130   232468.130   232471.840   232733.640
  1305:   232733.320   232733.330   232733.350   232733.240   232733.130
  1310:   232983.220   232983.230   232983.250   232983.340   234174.130
  1315:   234280.130   234409.120   234684.740   235033.130   235115.540
  1320:   235115.320   235115.330   235115.350   235115.240   235115.120
  1325:   235365.220   235365.230   235365.250   235365.340   235609.120
  1330:   236526.130   237196.130   237276.120   237280.120   237596.120
  1335:   238133.120   238165.740   238373.540   238373.320   238373.330
  1340:   238373.350   238373.240   238373.120   238623.220   238623.230
  1345:   238623.250   238623.340   238983.840   239499.640   239499.320
  1350:   239499.330   239499.350   239499.240   239499.130   239505.130
  1355:   239749.220   239749.230   239749.250   239749.340   241067.120
  1360:   241188.130   241523.740   241911.130   242195.540   242195.320
  1365:   242195.330   242195.350   242195.240   242195.120   242200.120
  1370:   242445.220   242445.230   242445.250   242445.340   242750.130
  1375:   242837.120   243100.130   243445.740   243622.540   243622.320
  1380:   243622.330   243622.350   243622.240   243622.120   243872.220
  1385:   243872.230   243872.250   243872.340   244026.120   244531.120
  1390:   244538.120   244857.130   245773.120   245849.840   246476.120
  1395:   246487.120   247084.120   247088.120   247695.120   248172.120
  1400:   248605.120   249435.640   249435.320   249435.330   249435.350
  1405:   249435.240   249435.130   249685.220   249685.230   249685.250
  1410:   249685.340   250038.130   250614.120   250851.130   251072.740
  1415:   251085.840   251467.640   251467.320   251467.330   251467.350
  1420:   251467.240   251467.130   251473.130   251717.220   251717.230
  1425:   251717.250   251717.340   251946.540   251946.320   251946.330
  1430:   251946.350   251946.240   251946.120   252196.220   252196.230
  1435:   252196.250   252196.340   253574.120   253996.740   254617.840
  1440:   255124.540   255124.320   255124.330   255124.350   255124.240
  1445:   255124.120   255374.220   255374.230   255374.250   255374.340
  1450:   255831.120   256280.640   256280.320   256280.330   256280.350
  1455:   256280.240   256280.130   256530.220   256530.230   256530.250
  1460:   256530.340   256830.840   256967.120   256972.120   257105.640
  1465:   257105.320   257105.330   257105.350   257105.240   257105.130
  1470:   257355.220   257355.230   257355.250   257355.340   257374.740
  1475:   257786.540   257786.320   257786.330   257786.350   257786.240
  1480:   257786.120   258036.220   258036.230   258036.250   258036.340
  1485:   258636.740   259012.540   259012.320   259012.330   259012.350
  1490:   259012.240   259012.120   259262.220   259262.230   259262.250
  1495:   259262.340   259688.120   259815.130   260261.120   260474.120
  1500:   260955.840   261003.120   261628.640   261628.320   261628.330
  1505:   261628.350   261628.240   261628.130   261878.220   261878.230
  1510:   261878.250   261878.340   262575.120   263104.120   263919.120
  1515:   263925.120   264172.120   264383.130   264462.740   265803.130
  1520:   266102.130   266106.130   266301.130   266334.130   267007.130
  1525:   267127.130   267431.130   267596.130   268188.130   268278.840
  1530:   268897.640   268897.320   268897.330   268897.350   268897.240
  1535:   268897.130   269147.220   269147.230   269147.250   269147.340
  1540:   269672.130   269760.540   269760.320   269760.330   269760.350
  1545:   269760.240   269760.120   270010.220   270010.230   270010.250
  1550:   270010.340   270147.840   270189.120   270487.120   270493.120
  1555:   271445.120   271450.120   272162.120   272423.120   272700.640
  1560:   272700.320   272700.330   272700.350   272700.240   272700.130
  1565:   272706.130   272950.220   272950.230   272950.250   272950.340
  1570:   273136.120   273259.130   273510.740   273548.130   273941.130
  1575:   274450.840   275442.540   275442.320   275442.330   275442.350
  1580:   275442.240   275442.120   275448.120   275692.220   275692.230
  1585:   275692.250   275692.340   275870.120   276741.120   276945.640
  1590:   276945.320   276945.330   276945.350   276945.240   276945.130
  1595:   277195.220   277195.230   277195.250   277195.340   277495.840
  1600:   277575.120   278100.640   278100.320   278100.330   278100.350
  1605:   278100.240   278100.130   278350.220   278350.230   278350.250
  1610:   278350.340   278987.130   279050.840   279607.640   279607.320
  1615:   279607.330   279607.350   279607.240   279607.130   279857.220
  1620:   279857.230   279857.250   279857.340   280322.120   280326.120
  1625:   280849.130   281492.740   281632.130   281731.540   281731.320
  1630:   281731.330   281731.350   281731.240   281731.120   281736.120
  1635:   281981.220   281981.230   281981.250   281981.340   283042.130
  1640:   283124.120   283411.120   284109.130   284115.130   284481.120
  1645:   284840.130   285350.130   285435.120   285557.840   285606.120
  1650:   285984.120   285988.120   286106.640   286106.320   286106.330
  1655:   286106.350   286106.240   286106.130   286356.220   286356.230
  1660:   286356.250   286356.340   286581.740   286721.540   286721.320
  1665:   286721.330   286721.350   286721.240   286721.120   286971.220
  1670:   286971.230   286971.250   286971.340   287519.120   287776.120
  1675:   287780.120   287786.120   288148.130   288547.120   288552.120
  1680:   288771.740   289104.130   289185.540   289185.320   289185.330
  1685:   289185.350   289185.240   289185.120   289435.220   289435.230
  1690:   289435.250   289435.340   290199.120   290676.130   290772.120
  1695:   291394.120   291695.120   291795.130   292077.120   292635.740
  1700:   292954.130   293924.130   294019.540   294019.320   294019.330
  1705:   294019.350   294019.240   294019.120   294029.120   294269.220
  1710:   294269.230   294269.250   294269.340   294471.120   294476.120
  1715:   294852.130   295249.120   295831.120   296127.120   296370.120
  1720:   296534.120   296540.120   297037.130   297044.130   297240.130
  1725:   297399.130   297590.130   297699.120   298544.130   298756.840
  1730:   299204.120   299448.120   299760.120   300057.640   300057.320
  1735:   300057.330   300057.350   300057.240   300057.130   300307.220
  1740:   300307.230   300307.250   300307.340   301039.120   301254.130
  1745:   301356.120   301598.120   302026.130   302107.840   302474.640
  1750:   302474.320   302474.330   302474.350   302474.240   302474.130
  1755:   302724.220   302724.230   302724.250   302724.340   303056.130
  1760:   303463.130   303551.120   304469.740   304905.130   304977.130
  1765:   305409.130   305508.540   305508.320   305508.330   305508.350
  1770:   305508.240   305508.120   305758.220   305758.230   305758.250
  1775:   305758.340   305977.120   306220.120   306322.130   306435.120
  1780:   307006.130   307058.740   307269.130   307357.540   307357.320
  1785:   307357.330   307357.350   307357.240   307357.120   307524.840
  1790:   307607.220   307607.230   307607.250   307607.340   307909.640
  1795:   307909.320   307909.330   307909.350   307909.240   307909.130
  1800:   308159.220   308159.230   308159.250   308159.340   308759.840
  1805:   309135.120   309796.120   309973.640   309973.320   309973.330
  1810:   309973.350   309973.240   309973.130   310223.220   310223.230
  1815:   310223.250   310223.340   311621.130   311859.120   312187.120
  1820:   312307.740   312445.540   312445.320   312445.330   312445.350
  1825:   312445.240   312445.120   312695.220   312695.230   312695.250
  1830:   312695.340   313130.120   313638.120   313643.120   314019.120
  1835:   314537.120   314542.120   315223.840   315434.120   315440.120
  1840:   315665.120   315941.120   316440.640   316440.320   316440.330
  1845:   316440.350   316440.240   316440.130   316447.130   316690.220
  1850:   316690.230   316690.250   316690.340   316916.120   316922.120
  1855:   317135.120   317338.130   317472.120   317480.120   317595.740
  1860:   318035.540   318035.320   318035.330   318035.350   318035.240
  1865:   318035.120   318285.220   318285.230   318285.250   318285.340
  1870:   319004.120   319390.840   320012.120   320482.120   320901.640
  1875:   320901.320   320901.330   320901.350   320901.240   320901.130
  1880:   321151.220   321151.230   321151.250   321151.340   321548.120
  1885:   321983.130   322463.120   322467.120   322651.840   322713.120
  1890:   322717.120   323082.640   323082.320   323082.330   323082.350
  1895:   323082.240   323082.130   323332.220   323332.230   323332.250
  1900:   323332.340   323977.120   324285.740   324532.840   324705.540
  1905:   324705.320   324705.330   324705.350   324705.240   324705.120
  1910:   324711.120   324717.120   324955.220   324955.230   324955.250
  1915:   324955.340   325546.640   325546.320   325546.330   325546.350
  1920:   325546.240   325546.130   325796.220   325796.230   325796.250
  1925:   325796.340   325954.120   326290.130   326380.120   326396.840
  1930:   328395.640   328395.320   328395.330   328395.350   328395.240
  1935:   328395.130   328645.220   328645.230   328645.250   328645.340
  1940:   328916.120   329163.120   329170.120   329531.130   329633.120
  1945:   330298.130   330625.120   330631.120   330636.120   330892.120
  1950:   330989.130   331396.130   331479.120   331484.120   331728.130
  1955:   332091.130   332426.130   332432.130   332508.120   332861.130
  1960:   333155.740   333212.540   333212.320   333212.330   333212.350
  1965:   333212.240   333212.120   333462.220   333462.230   333462.250
  1970:   333462.340   333662.740   333739.540   333739.320   333739.330
  1975:   333739.350   333739.240   333739.120   333989.220   333989.230
  1980:   333989.250   333989.340   334345.840   334912.120   334917.120
  1985:   335142.120   335249.640   335249.320   335249.330   335249.350
  1990:   335249.240   335249.130   335499.220   335499.230   335499.250
  1995:   335499.340   335989.740   336449.540   336449.320   336449.330
  2000:   336449.350   336449.240   336449.120   336455.120   336462.120
  2005:   336699.220   336699.230   336699.250   336699.340   337170.120
  2010:   337175.120   337936.130   338038.120   338793.120   338799.840
  2015:   339536.120   339825.120   339831.120   340062.120   340299.740
  2020:   340361.540   340361.320   340361.330   340361.350   340361.240
  2025:   340361.120   340366.120   340611.220   340611.230   340611.250
  2030:   340611.340   341561.120   341852.120   342211.740   343451.540
  2035:   343451.320   343451.330   343451.350   343451.240   343451.120
  2040:   343455.120   343701.220   343701.230   343701.250   343701.340
  2045:   343859.120   343997.120   344391.120   345331.120   345341.120
  2050:   346239.640   346239.320   346239.330   346239.350   346239.240
  2055:   346239.130   346489.220   346489.230   346489.250   346489.340
  2060:   347447.120   347563.130   347670.120   347924.130   348149.130
  2065:   348231.120   348591.120   349604.120   349608.120   349701.740
  2070:   349892.130   350248.540   350248.320   350248.330   350248.350
  2075:   350248.240   350248.120   350498.220   350498.230   350498.250
  2080:   350498.340   350678.120   350683.120   351286.120   352657.130
  2085:   352761.120   353402.130   353508.120   353789.120   355066.120
  2090:   355072.120   355260.130   355361.120   355366.120   355495.120
  2095:   355589.840   356072.640   356072.320   356072.330   356072.350
  2100:   356072.240   356072.130   356092.130   356322.220   356322.230
  2105:   356322.250   356322.340   356509.120   356606.120   356611.120
  2110:   356854.120   357189.130   357556.120   357698.740   357895.540
  2115:   357895.320   357895.330   357895.350   357895.240   357895.120
  2120:   358145.220   358145.230   358145.250   358145.340   358422.840
  2125:   358702.640   358702.320   358702.330   358702.350   358702.240
  2130:   358702.130   358952.220   358952.230   358952.250   358952.340
  2135:   359172.120   359179.120   359742.130   359862.120   359867.120
  2140:   360000.320   360000.330   360000.350   360000.020
C:
     0:        0.000      578.000      268.000       71.000       58.000
     5:        0.000
D:
     0:        0.000        0.000
L:
     0:      222.000      222.000      222.000
M:
     0:      900.000      901.000      902.000      903.000      904.000
     5:      905.000      906.000      907.000      908.000      909.000
    10:      910.000      911.000      912.000      913.000      914.000
    15:      915.000      916.000      917.000      918.000      919.000
    20:      920.000      921.000      922.000      923.000      924.000
    25:      925.000      926.000      927.000      928.000      929.000
    30:      930.000      931.000      932.000      933.000      934.000
    35:      935.000      936.000      937.000      938.000      939.000
    40:      940.000      941.000      942.000      943.000      944.000
    45:      945.000      946.000      947.000      948.000      949.000
    50:      950.000      951.000      952.000      953.000      954.000
    55:      955.000      956.000      957.000      958.000      959.000
    60:      960.000      961.000      962.000      963.000      964.000
    65:      965.000      966.000      967.000      968.000      969.000
    70:      970.000      971.000      972.000      973.000      974.000
    75:      975.000      976.000      977.000      978.000      979.000
    80:      980.000      981.000      982.000      983.000      984.000
    85:      985.000      986.000      987.000      988.000      989.000
    90:      990.000      991.000      992.000      993.000      994.000
    95:      995.000      996.000      997.000      998.000      999.000
   100:     1000.000     1001.000     1002.000     1003.000     1004.000
   105:     1005.000     1006.000     1007.000     1008.000     1009.000
   110:     1010.000     1011.000     1012.000     1013.000     1014.000
   115:     1015.000     1016.000     1017.000     1018.000     1019.000
   120:     1020.000     1021.000     1022.000     1023.000     1024.000
   125:     1025.000     1026.000     1027.000     1028.000     1029.000
   130:     1030.000     1031.000     1032.000     1033.000     1034.000
   135:     1035.000     1036.000     1037.000     1038.000     1039.000
   140:     1040.000     1041.000     1042.000     1043.000     1044.000
   145:     1045.000     1046.000     1047.000     1048.000     1049.000
   150:     1050.000     1051.000     1052.000     1053.000     1054.000
   155:     1055.000     1056.000     1057.000     1058.000     1059.000
   160:     1060.000     1061.000     1062.000     1063.000     1064.000
   165:     1065.000     1066.000     1067.000     1068.000     1069.000
   170:     1070.000     1071.000     1072.000     1073.000     1074.000
   175:     1075.000     1076.000     1077.000     1078.000     1079.000
   180:     1080.000     1081.000     1082.000     1083.000     1084.000
   185:     1085.000     1086.000     1087.000     1088.000     1089.000
   190:     1090.000     1091.000     1092.000     1093.000     1094.000
   195:     1095.000     1096.000     1097.000     1098.000     1099.000
   200:     1100.000     1101.000     1102.000     1103.000     1104.000
   205:     1105.000     1106.000     1107.000     1108.000     1109.000
   210:     1110.000     1111.000     1112.000     1113.000     1114.000
   215:     1115.000     1116.000     1117.000     1118.000     1119.000
   220:     1120.000     1121.000     1122.000     1123.000     1124.000
   225:     1125.000     1126.000     1127.000     1128.000     1129.000
   230:     1130.000     1131.000     1132.000     1133.000     1134.000
   235:     1135.000     1136.000     1137.000     1138.000     1139.000
   240:     1140.000     1141.000     1142.000     1143.000     1144.000
   245:     1145.000     1146.000     1147.000     1148.000     1149.000
   250:     1150.000     1151.000     1152.000     1153.000     1154.000
   255:     1155.000     1156.000     1157.000     1158.000     1159.000
   260:     1160.000     1161.000     1162.000     1163.000     1164.000
   265:     1165.000     1166.000     1167.000     1168.000     1169.000
   270:     1170.000     1171.000     1172.000     1173.000     1174.000
   275:     1175.000     1176.000     1177.000     1178.000     1179.000
   280:     1180.000     1181.000     1182.000     1183.000     1184.000
   285:     1185.000     1186.000     1187.000     1188.000     1189.000
   290:     1190.000     1191.000     1192.000     1193.000     1194.000
   295:     1195.000     1196.000     1197.000     1198.000     1199.000
   300:     1200.000
N:
     0:     2100.000     2101.000     2102.000     2103.000     2104.000
     5:     2105.000     2106.000     2107.000     2108.000     2109.000
    10:     2110.000     2111.000     2112.000     2113.000     2114.000
    15:     2115.000     2116.000     2117.000     2118.000     2119.000
    20:     2120.000     2121.000     2122.000     2123.000     2124.000
    25:     2125.000     2126.000     2127.000     2128.000     2129.000
    30:     2130.000     2131.000     2132.000     2133.000     2134.000
    35:     2135.000     2136.000     2137.000     2138.000     2139.000
    40:     2140.000     2141.000     2142.000     2143.000     2144.000
    45:     2145.000     2146.000     2147.000     2148.000     2149.000
    50:     2150.000     2151.000     2152.000     2153.000     2154.000
    55:     2155.000     2156.000     2157.000     2158.000     2159.000
    60:     2160.000     2161.000     2162.000     2163.000     2164.000
    65:     2165.000     2166.000     2167.000     2168.000     2169.000
    70:     2170.000     2171.000     2172.000     2173.000     2174.000
    75:     2175.000     2176.000     2177.000     2178.000     2179.000
    80:     2180.000     2181.000     2182.000     2183.000     2184.000
    85:     2185.000     2186.000     2187.000     2188.000     2189.000
    90:     2190.000     2191.000     2192.000     2193.000     2194.000
    95:     2195.000     2196.000     2197.000     2198.000     2199.000
   100:     2200.000     2201.000     2202.000     2203.000     2204.000
   105:     2205.000     2206.000     2207.000     2208.000     2209.000
   110:     2210.000     2211.000     2212.000     2213.000     2214.000
   115:     2215.000     2216.000     2217.000     2218.000     2219.000
   120:     2220.000     2221.000     2222.000     2223.000     2224.000
   125:     2225.000     2226.000     2227.000     2228.000     2229.000
   130:     2230.000     2231.000     2232.000     2233.000     2234.000
   135:     2235.000     2236.000     2237.000     2238.000     2239.000
   140:     2240.000     2241.000     2242.000     2243.000     2244.000
   145:     2245.000     2246.000     2247.000     2248.000     2249.000
   150:     2250.000     2251.000     2252.000     2253.000     2254.000
   155:     2255.000     2256.000     2257.000     2258.000     2259.000
   160:     2260.000     2261.000     2262.000     2263.000     2264.000
   165:     2265.000     2266.000     2267.000     2268.000     2269.000
   170:     2270.000     2271.000     2272.000     2273.000     2274.000
   175:     2275.000     2276.000     2277.000     2278.000     2279.000
   180:     2280.000     2281.000     2282.000     2283.000     2284.000
   185:     2285.000     2286.000     2287.000     2288.000     2289.000
   190:     2290.000     2291.000     2292.000     2293.000     2294.000
   195:     2295.000     2296.000     2297.000     2298.000     2299.000
   200:     2300.000     2301.000     2302.000     2303.000     2304.000
   205:     2305.000     2306.000     2307.000     2308.000     2309.000
   210:     2310.000     2311.000     2312.000     2313.000     2314.000
   215:     2315.000     2316.000     2317.000     2318.000     2319.000
   220:     2320.000     2321.000     2322.000     2323.000     2324.000
   225:     2325.000     2326.000     2327.000     2328.000     2329.000
   230:     2330.000     2331.000     2332.000     2333.000     2334.000
   235:     2335.000     2336.000     2337.000     2338.000     2339.000
   240:     2340.000     2341.000     2342.000     2343.000     2344.000
   245:     2345.000     2346.000     2347.000     2348.000     2349.000
   250:     2350.000     2351.000     2352.000     2353.000     2354.000
   255:     2355.000     2356.000     2357.000     2358.000     2359.000
   260:     2360.000     2361.000     2362.000     2363.000     2364.000
   265:     2365.000     2366.000     2367.000     2368.000     2369.000
   270:     2370.000     2371.000     2372.000     2373.000     2374.000
   275:     2375.000     2376.000     2377.000     2378.000     2379.000
   280:     2380.000     2381.000     2382.000     2383.000     2384.000
   285:     2385.000     2386.000     2387.000     2388.000     2389.000
   290:     2390.000     2391.000     2392.000     2393.000     2394.000
   295:     2395.000     2396.000     2397.000     2398.000     2399.000
   300:     2400.000
R:
     0:      222.000      222.000      222.000
V:
     0:     1072.000     2305.000
W:
     0:     1072.000     2305.000
