File: C:\MED-PC IV\DATA\p138_s120_japede


Start Date: 10/27/17
End Date: 10/27/17
Subject: p138
Experiment: 0
Group: 0
Box: 8
Start Time: 15:11:19
End Time: 16:11:42
MSN: japede_L_30_30_30_R_90_90_90
B:       0.000
E:    1971.000
F:       0.000
G:       0.000
H:       0.000
I:       2.000
J:       2.000
K:       0.000
O:       0.000
P:       0.000
Q:       0.000
S:  360000.000
T:  360000.000
U:       0.000
X:       0.000
Y:       0.000
Z:       0.000
A:
     0:        0.010        0.250        0.220        0.230      199.840
     5:      399.740     1644.540     1644.320     1644.330     1644.350
    10:     1644.240     1644.120     1661.120     1894.220     1894.230
    15:     1894.250     1894.340     2794.740     3828.540     3828.320
    20:     3828.330     3828.350     3828.240     3828.120     4078.220
    25:     4078.230     4078.250     4078.340     4578.740     5035.540
    30:     5035.320     5035.330     5035.350     5035.240     5035.120
    35:     5285.220     5285.230     5285.250     5285.340     5530.120
    40:     5590.120     6782.120     6822.120     7223.120     7258.120
    45:     7579.120     7617.120     8227.120     8232.120     8369.120
    50:     8375.120     8662.120     8700.120     9308.120     9557.120
    55:     9677.120     9681.120    10013.120    10134.120    10478.120
    60:    11031.120    11169.120    11629.120    11661.120    11667.120
    65:    12020.120    12644.120    12650.120    12845.120    13036.120
    70:    13042.120    13287.120    13315.120    13322.120    13382.120
    75:    13665.120    13938.120    14029.120    14104.120    14132.120
    80:    14137.120    14785.740    14818.540    14818.320    14818.330
    85:    14818.350    14818.240    14818.120    15068.220    15068.230
    90:    15068.250    15068.340    15168.740    15355.540    15355.320
    95:    15355.330    15355.350    15355.240    15355.120    15605.220
   100:    15605.230    15605.250    15605.340    17332.120    17597.120
   105:    17630.120    17858.120    17986.120    18110.120    18139.120
   110:    18505.740    18588.540    18588.320    18588.330    18588.350
   115:    18588.240    18588.120    18598.120    18603.120    18838.220
   120:    18838.230    18838.250    18838.340    18938.740    19583.540
   125:    19583.320    19583.330    19583.350    19583.240    19583.120
   130:    19833.220    19833.230    19833.250    19833.340    20633.740
   135:    20650.540    20650.320    20650.330    20650.350    20650.240
   140:    20650.120    20900.220    20900.230    20900.250    20900.340
   145:    22034.640    22034.320    22034.330    22034.350    22034.240
   150:    22034.130    22284.220    22284.230    22284.250    22284.340
   155:    22733.120    22900.740    23043.540    23043.320    23043.330
   160:    23043.350    23043.240    23043.120    23293.220    23293.230
   165:    23293.250    23293.340    23624.130    23629.130    24210.120
   170:    24393.740    24443.540    24443.320    24443.330    24443.350
   175:    24443.240    24443.120    24456.120    24693.220    24693.230
   180:    24693.250    24693.340    24994.120    25025.120    25037.120
   185:    25481.120    25670.130    25766.120    25993.740    26084.840
   190:    26659.540    26659.320    26659.330    26659.350    26659.240
   195:    26659.120    26909.220    26909.230    26909.250    26909.340
   200:    27318.120    27468.120    27775.640    27775.320    27775.330
   205:    27775.350    27775.240    27775.130    28025.220    28025.230
   210:    28025.250    28025.340    28269.120    28798.130    28939.120
   215:    29164.130    29280.120    29709.740    29832.540    29832.320
   220:    29832.330    29832.350    29832.240    29832.120    30082.220
   225:    30082.230    30082.250    30082.340    30746.130    30875.120
   230:    31153.120    31559.130    31658.120    31688.120    31694.120
   235:    31702.120    31986.120    31993.120    32182.740    32214.130
   240:    32525.840    32938.540    32938.320    32938.330    32938.350
   245:    32938.240    32938.120    33188.220    33188.230    33188.250
   250:    33188.340    33766.120    34453.120    34743.640    34743.320
   255:    34743.330    34743.350    34743.240    34743.130    34993.220
   260:    34993.230    34993.250    34993.340    35415.120    35421.120
   265:    35488.740    35689.540    35689.320    35689.330    35689.350
   270:    35689.240    35689.120    35939.220    35939.230    35939.250
   275:    35939.340    36239.740    36535.540    36535.320    36535.330
   280:    36535.350    36535.240    36535.120    36785.220    36785.230
   285:    36785.250    36785.340    37198.120    37825.120    38105.130
   290:    38111.130    38560.120    38670.120    39011.120    39016.120
   295:    39022.120    39185.130    39302.120    39311.120    39490.130
   300:    39620.120    39964.120    39992.120    40363.120    40826.130
   305:    41327.120    41333.120    41718.120    42311.120    42365.120
   310:    42371.120    42766.120    42772.120    43320.120    43325.120
   315:    43509.130    44027.120    44612.120    44615.120    44684.120
   320:    44717.120    44722.120    44771.120    44839.120    44908.120
   325:    44915.120    45516.120    45572.120    45602.120    45608.120
   330:    45831.120    45947.120    46258.130    46485.740    46582.540
   335:    46582.320    46582.330    46582.350    46582.240    46582.120
   340:    46596.120    46832.220    46832.230    46832.250    46832.340
   345:    47883.120    48499.120    49326.120    49332.740    49819.130
   350:    49956.540    49956.320    49956.330    49956.350    49956.240
   355:    49956.120    50206.220    50206.230    50206.250    50206.340
   360:    51431.130    51562.120    51873.120    52633.120    52639.120
   365:    53006.740    53084.540    53084.320    53084.330    53084.350
   370:    53084.240    53084.120    53193.840    53334.220    53334.230
   375:    53334.250    53334.340    55129.120    55524.120    56314.120
   380:    56723.120    57149.120    57156.120    58052.120    58130.120
   385:    58992.640    58992.320    58992.330    58992.350    58992.240
   390:    58992.130    59134.740    59242.220    59242.230    59242.250
   395:    59242.340    60159.540    60159.320    60159.330    60159.350
   400:    60159.240    60159.120    60170.120    60409.220    60409.230
   405:    60409.250    60409.340    61727.120    61959.130    63174.120
   410:    63180.120    63440.120    64118.120    64527.120    64532.120
   415:    64861.130    65002.120    65291.130    65464.120    66072.120
   420:    66108.120    66531.120    66918.120    66961.120    67718.130
   425:    67861.120    68242.120    68596.120    68742.840    69045.120
   430:    69051.120    69608.120    69618.120    70022.120    70693.640
   435:    70693.320    70693.330    70693.350    70693.240    70693.130
   440:    70943.220    70943.230    70943.250    70943.340    71120.120
   445:    71409.740    71419.130    71551.540    71551.320    71551.330
   450:    71551.350    71551.240    71551.120    71801.220    71801.230
   455:    71801.250    71801.340    72142.120    72150.120    72201.740
   460:    72559.540    72559.320    72559.330    72559.350    72559.240
   465:    72559.120    72565.120    72572.120    72809.220    72809.230
   470:    72809.250    72809.340    73024.120    73060.120    73281.130
   475:    75184.130    75329.120    75803.120    75809.120    76160.120
   480:    76358.130    76462.120    76467.120    76476.120    76860.120
   485:    76864.120    77084.130    77231.120    77409.740    77459.130
   490:    77579.540    77579.320    77579.330    77579.350    77579.240
   495:    77579.120    77589.120    77594.120    77829.220    77829.230
   500:    77829.250    77829.340    78383.120    78388.120    78836.120
   505:    79837.120    79847.120    80238.120    80267.120    80274.120
   510:    81444.120    81666.120    81673.120    82574.120    82943.120
   515:    82951.120    83650.130    83755.120    83786.120    84391.120
   520:    84398.120    84643.840    85029.740    85230.540    85230.320
   525:    85230.330    85230.350    85230.240    85230.120    85480.220
   530:    85480.230    85480.250    85480.340    85951.640    85951.320
   535:    85951.330    85951.350    85951.240    85951.130    86201.220
   540:    86201.230    86201.250    86201.340    86842.120    86850.120
   545:    87456.130    88420.130    88857.120    89153.120    89159.120
   550:    89471.120    89502.120    89509.120    89780.740    90408.540
   555:    90408.320    90408.330    90408.350    90408.240    90408.120
   560:    90658.220    90658.230    90658.250    90658.340    91254.120
   565:    91797.130    92715.130    93070.130    93481.120    94087.130
   570:    94252.120    94257.120    94595.120    94658.740    96211.540
   575:    96211.320    96211.330    96211.350    96211.240    96211.120
   580:    96461.220    96461.230    96461.250    96461.340    96501.840
   585:    96854.120    97561.740    97656.540    97656.320    97656.330
   590:    97656.350    97656.240    97656.120    97662.120    97906.220
   595:    97906.230    97906.250    97906.340    98476.120    98481.120
   600:    98506.740    98997.640    98997.320    98997.330    98997.350
   605:    98997.240    98997.130    99247.220    99247.230    99247.250
   610:    99247.340   101415.540   101415.320   101415.330   101415.350
   615:   101415.240   101415.120   101665.220   101665.230   101665.250
   620:   101665.340   102547.120   102552.120   103767.120   103773.120
   625:   104439.120   104827.120   106084.120   106368.130   106375.130
   630:   106889.120   107189.120   108347.840   108443.640   108443.320
   635:   108443.330   108443.350   108443.240   108443.130   108693.220
   640:   108693.230   108693.250   108693.340   109697.130   109865.740
   645:   110204.540   110204.320   110204.330   110204.350   110204.240
   650:   110204.120   110454.220   110454.230   110454.250   110454.340
   655:   111381.120   111389.120   113476.120   113482.120   114283.130
   660:   114454.740   114703.540   114703.320   114703.330   114703.350
   665:   114703.240   114703.120   114953.220   114953.230   114953.250
   670:   114953.340   115499.130   115682.120   116242.130   116993.840
   675:   117049.120   117118.120   117124.120   117537.640   117537.320
   680:   117537.330   117537.350   117537.240   117537.130   117787.220
   685:   117787.230   117787.250   117787.340   118008.120   118732.130
   690:   119463.120   119735.130   119867.120   119872.120   121477.120
   695:   121483.120   121490.120   121587.840   122035.640   122035.320
   700:   122035.330   122035.350   122035.240   122035.130   122285.220
   705:   122285.230   122285.250   122285.340   122753.740   122829.130
   710:   122967.540   122967.320   122967.330   122967.350   122967.240
   715:   122967.120   123217.220   123217.230   123217.250   123217.340
   720:   123317.740   124447.130   124569.540   124569.320   124569.330
   725:   124569.350   124569.240   124569.120   124585.120   124819.220
   730:   124819.230   124819.250   124819.340   125354.120   125559.130
   735:   126274.120   126810.130   126946.120   126951.120   127248.120
   740:   127539.120   127681.120   127855.120   128382.130   128545.120
   745:   128550.120   130009.120   130318.120   130910.120   130917.120
   750:   131094.130   131223.120   131259.120   131430.130   131572.120
   755:   132094.130   132749.130   132898.120   133567.130   133919.740
   760:   134085.840   134291.540   134291.320   134291.330   134291.350
   765:   134291.240   134291.120   134297.120   134302.120   134541.220
   770:   134541.230   134541.250   134541.340   134775.120   135028.640
   775:   135028.320   135028.330   135028.350   135028.240   135028.130
   780:   135278.220   135278.230   135278.250   135278.340   136115.120
   785:   136120.120   136417.130   136678.840   136788.640   136788.320
   790:   136788.330   136788.350   136788.240   136788.130   137038.220
   795:   137038.230   137038.250   137038.340   137464.130   137785.120
   800:   137968.130   138641.740   138735.130   138919.540   138919.320
   805:   138919.330   138919.350   138919.240   138919.120   139169.220
   810:   139169.230   139169.250   139169.340   139675.120   140069.130
   815:   140076.130   140214.120   140380.130   140484.120   140523.120
   820:   140769.740   141251.540   141251.320   141251.330   141251.350
   825:   141251.240   141251.120   141501.220   141501.230   141501.250
   830:   141501.340   142420.130   143501.740   143705.540   143705.320
   835:   143705.330   143705.350   143705.240   143705.120   143711.120
   840:   143955.220   143955.230   143955.250   143955.340   144162.120
   845:   144655.740   144743.540   144743.320   144743.330   144743.350
   850:   144743.240   144743.120   144993.220   144993.230   144993.250
   855:   144993.340   145493.740   146174.130   146998.130   147413.540
   860:   147413.320   147413.330   147413.350   147413.240   147413.120
   865:   147421.120   147427.120   147538.840   147663.220   147663.230
   870:   147663.250   147663.340   148163.740   148578.540   148578.320
   875:   148578.330   148578.350   148578.240   148578.120   148828.220
   880:   148828.230   148828.250   148828.340   149336.640   149336.320
   885:   149336.330   149336.350   149336.240   149336.130   149586.220
   890:   149586.230   149586.250   149586.340   153342.120   153347.120
   895:   153354.120   153995.120   154002.120   154643.130   155082.120
   900:   155090.120   155956.120   156217.120   156259.120   156686.840
   905:   157028.740   157192.640   157192.320   157192.330   157192.350
   910:   157192.240   157192.130   157442.220   157442.230   157442.250
   915:   157442.340   158838.130   158845.130   158949.540   158949.320
   920:   158949.330   158949.350   158949.240   158949.120   159199.220
   925:   159199.230   159199.250   159199.340   159429.120   159436.120
   930:   159710.130   159900.120   160259.120   160999.740   161039.130
   935:   161046.130   161193.540   161193.320   161193.330   161193.350
   940:   161193.240   161193.120   161443.220   161443.230   161443.250
   945:   161443.340   161714.120   162660.120   162894.130   163736.120
   950:   163743.120   164342.840   164462.120   164469.120   164852.120
   955:   164858.120   166211.120   166570.120   166579.120   166798.640
   960:   166798.320   166798.330   166798.350   166798.240   166798.130
   965:   167048.220   167048.230   167048.250   167048.340   167143.740
   970:   167512.130   168297.130   168452.540   168452.320   168452.330
   975:   168452.350   168452.240   168452.120   168702.220   168702.230
   980:   168702.250   168702.340   169951.130   170382.130   170978.120
   985:   171354.120   171361.120   171811.120   171845.120   172440.120
   990:   172476.120   174215.120   174248.840   174401.640   174401.320
   995:   174401.330   174401.350   174401.240   174401.130   174651.220
  1000:   174651.230   174651.250   174651.340   174864.120   175472.120
  1005:   175590.120   175594.120   175601.120   175802.740   176010.540
  1010:   176010.320   176010.330   176010.350   176010.240   176010.120
  1015:   176018.120   176260.220   176260.230   176260.250   176260.340
  1020:   177168.120   177205.120   177638.130   177748.120   177960.740
  1025:   177963.130   178072.540   178072.320   178072.330   178072.350
  1030:   178072.240   178072.120   178085.120   178322.220   178322.230
  1035:   178322.250   178322.340   178622.740   179053.130   179453.130
  1040:   179985.540   179985.320   179985.330   179985.350   179985.240
  1045:   179985.120   180235.220   180235.230   180235.250   180235.340
  1050:   180635.740   180821.540   180821.320   180821.330   180821.350
  1055:   180821.240   180821.120   181071.220   181071.230   181071.250
  1060:   181071.340   181340.120   181380.120   182177.120   183427.120
  1065:   184234.120   184371.740   185902.540   185902.320   185902.330
  1070:   185902.350   185902.240   185902.120   185906.120   186152.220
  1075:   186152.230   186152.250   186152.340   186352.740   187190.540
  1080:   187190.320   187190.330   187190.350   187190.240   187190.120
  1085:   187440.220   187440.230   187440.250   187440.340   188428.120
  1090:   188435.120   188442.120   189407.130   189507.120   189917.120
  1095:   189923.120   189940.740   190573.540   190573.320   190573.330
  1100:   190573.350   190573.240   190573.120   190823.220   190823.230
  1105:   190823.250   190823.340   192159.120   192820.130   192948.120
  1110:   193979.130   194118.120   194379.130   194823.740   195687.540
  1115:   195687.320   195687.330   195687.350   195687.240   195687.120
  1120:   195694.120   195937.220   195937.230   195937.250   195937.340
  1125:   196498.120   196714.130   197210.120   198258.130   198791.120
  1130:   199042.130   200337.740   200443.540   200443.320   200443.330
  1135:   200443.350   200443.240   200443.120   200450.120   200693.220
  1140:   200693.230   200693.250   200693.340   201267.120   201622.120
  1145:   201627.120   202009.120   202682.120   203093.740   203202.130
  1150:   203336.540   203336.320   203336.330   203336.350   203336.240
  1155:   203336.120   203341.120   203586.220   203586.230   203586.250
  1160:   203586.340   204222.120   204782.130   204891.120   204926.120
  1165:   205486.740   205705.540   205705.320   205705.330   205705.350
  1170:   205705.240   205705.120   205955.220   205955.230   205955.250
  1175:   205955.340   206108.120   206513.120   206831.120   207192.120
  1180:   207555.740   208067.540   208067.320   208067.330   208067.350
  1185:   208067.240   208067.120   208317.220   208317.230   208317.250
  1190:   208317.340   210117.740   211122.540   211122.320   211122.330
  1195:   211122.350   211122.240   211122.120   211372.220   211372.230
  1200:   211372.250   211372.340   211595.120   212054.120   212071.120
  1205:   212637.120   212995.120   213272.120   213672.740   213819.540
  1210:   213819.320   213819.330   213819.350   213819.240   213819.120
  1215:   213833.120   214069.220   214069.230   214069.250   214069.340
  1220:   214342.120   214951.840   214969.740   214973.540   214973.320
  1225:   214973.330   214973.350   214973.240   214973.120   214984.120
  1230:   215223.220   215223.230   215223.250   215223.340   215623.740
  1235:   217253.540   217253.320   217253.330   217253.350   217253.240
  1240:   217253.120   217503.220   217503.230   217503.250   217503.340
  1245:   217812.120   218219.120   219403.740   219558.540   219558.320
  1250:   219558.330   219558.350   219558.240   219558.120   219808.220
  1255:   219808.230   219808.250   219808.340   220276.120   221013.120
  1260:   221020.120   222245.120   222251.120   222508.740   223979.540
  1265:   223979.320   223979.330   223979.350   223979.240   223979.120
  1270:   224229.220   224229.230   224229.250   224229.340   226129.120
  1275:   226429.740   226743.540   226743.320   226743.330   226743.350
  1280:   226743.240   226743.120   226757.120   226993.220   226993.230
  1285:   226993.250   226993.340   228162.120   228200.120   229016.120
  1290:   229293.740   229380.540   229380.320   229380.330   229380.350
  1295:   229380.240   229380.120   229386.120   229630.220   229630.230
  1300:   229630.250   229630.340   230222.120   230551.120   230584.120
  1305:   231030.740   232414.640   232414.320   232414.330   232414.350
  1310:   232414.240   232414.130   232664.220   232664.230   232664.250
  1315:   232664.340   232986.540   232986.320   232986.330   232986.350
  1320:   232986.240   232986.120   233236.220   233236.230   233236.250
  1325:   233236.340   233470.120   233477.120   234260.130   234774.120
  1330:   234836.740   235146.130   235254.540   235254.320   235254.330
  1335:   235254.350   235254.240   235254.120   235504.220   235504.230
  1340:   235504.250   235504.340   235564.840   236334.120   236504.740
  1345:   237177.640   237177.320   237177.330   237177.350   237177.240
  1350:   237177.130   237192.130   237427.220   237427.230   237427.250
  1355:   237427.340   237834.540   237834.320   237834.330   237834.350
  1360:   237834.240   237834.120   238084.220   238084.230   238084.250
  1365:   238084.340   239106.130   239312.120   239663.120   239784.740
  1370:   240207.540   240207.320   240207.330   240207.350   240207.240
  1375:   240207.120   240457.220   240457.230   240457.250   240457.340
  1380:   241057.740   241157.540   241157.320   241157.330   241157.350
  1385:   241157.240   241157.120   241407.220   241407.230   241407.250
  1390:   241407.340   242320.130   242432.120   242901.120   242906.120
  1395:   243235.120   243272.120   244007.740   244725.540   244725.320
  1400:   244725.330   244725.350   244725.240   244725.120   244975.220
  1405:   244975.230   244975.250   244975.340   245150.120   245181.120
  1410:   245770.120   246209.120   246964.120   247033.120   247485.120
  1415:   247999.120   248133.120   248573.120   249294.120   249301.120
  1420:   249727.840   249866.640   249866.320   249866.330   249866.350
  1425:   249866.240   249866.130   250116.220   250116.230   250116.250
  1430:   250116.340   250299.120   251027.120   251129.120   251275.740
  1435:   253671.540   253671.320   253671.330   253671.350   253671.240
  1440:   253671.120   253921.220   253921.230   253921.250   253921.340
  1445:   254176.120   254554.120   254655.120   255160.120   255168.120
  1450:   255538.120   255960.120   257229.120   257657.120   258137.120
  1455:   258965.120   259296.130   259411.120   260200.130   260293.120
  1460:   260356.120   260721.740   261240.540   261240.320   261240.330
  1465:   261240.350   261240.240   261240.120   261255.120   261490.220
  1470:   261490.230   261490.250   261490.340   261951.120   261959.120
  1475:   262285.120   262323.120   262733.120   263697.120   263964.130
  1480:   265334.120   265373.120   265598.120   265690.740   266261.130
  1485:   266402.540   266402.320   266402.330   266402.350   266402.240
  1490:   266402.120   266408.120   266652.220   266652.230   266652.250
  1495:   266652.340   266872.120   267167.120   267452.130   267555.120
  1500:   268252.740   268697.130   268850.540   268850.320   268850.330
  1505:   268850.350   268850.240   268850.120   269100.220   269100.230
  1510:   269100.250   269100.340   269295.120   270321.120   271341.120
  1515:   271729.120   272365.130   272928.120   272935.120   273195.130
  1520:   273299.120   273300.740   274412.540   274412.320   274412.330
  1525:   274412.350   274412.240   274412.120   274662.220   274662.230
  1530:   274662.250   274662.340   275062.740   275716.540   275716.320
  1535:   275716.330   275716.350   275716.240   275716.120   275966.220
  1540:   275966.230   275966.250   275966.340   276613.120   276716.120
  1545:   277108.120   277492.120   278132.130   278236.120   278510.120
  1550:   278886.120   279259.120   279295.120   279700.120   279716.840
  1555:   280044.120   280110.120   280766.740   280789.640   280789.320
  1560:   280789.330   280789.350   280789.240   280789.130   281039.220
  1565:   281039.230   281039.250   281039.340   281239.540   281239.320
  1570:   281239.330   281239.350   281239.240   281239.120   281245.120
  1575:   281489.220   281489.230   281489.250   281489.340   282683.120
  1580:   282689.120   283039.120   283289.740   283788.130   283794.130
  1585:   283905.540   283905.320   283905.330   283905.350   283905.240
  1590:   283905.120   283920.120   284155.220   284155.230   284155.250
  1595:   284155.340   284791.120   285039.840   285522.120   285529.120
  1600:   285903.120   285946.120   286230.120   286769.120   286838.120
  1605:   287298.120   287546.640   287546.320   287546.330   287546.350
  1610:   287546.240   287546.130   287796.220   287796.230   287796.250
  1615:   287796.340   287855.740   287970.540   287970.320   287970.330
  1620:   287970.350   287970.240   287970.120   288220.220   288220.230
  1625:   288220.250   288220.340   288836.120   289222.120   289880.120
  1630:   291082.120   291453.120   291785.130   291890.120   291922.120
  1635:   292019.120   292020.740   292825.540   292825.320   292825.330
  1640:   292825.350   292825.240   292825.120   293075.220   293075.230
  1645:   293075.250   293075.340   294529.120   294729.130   296003.130
  1650:   296653.120   297157.120   297471.130   297603.120   298041.120
  1655:   298312.130   298728.130   299141.130   299144.130   299538.130
  1660:   299544.130   299714.120   300162.120   300275.740   300781.130
  1665:   300890.540   300890.320   300890.330   300890.350   300890.240
  1670:   300890.120   301140.220   301140.230   301140.250   301140.340
  1675:   301371.120   301496.840   301639.640   301639.320   301639.330
  1680:   301639.350   301639.240   301639.130   301889.220   301889.230
  1685:   301889.250   301889.340   302162.120   304154.120   304562.120
  1690:   304863.120   304868.120   305038.130   306240.740   306299.540
  1695:   306299.320   306299.330   306299.350   306299.240   306299.120
  1700:   306314.120   306549.220   306549.230   306549.250   306549.340
  1705:   306689.840   307455.640   307455.320   307455.330   307455.350
  1710:   307455.240   307455.130   307705.220   307705.230   307705.250
  1715:   307705.340   308195.130   308780.130   308894.120   308899.120
  1720:   308949.740   310479.540   310479.320   310479.330   310479.350
  1725:   310479.240   310479.120   310729.220   310729.230   310729.250
  1730:   310729.340   311347.130   312331.120   312337.120   312718.120
  1735:   313803.120   314029.740   314097.130   314909.130   315022.540
  1740:   315022.320   315022.330   315022.350   315022.240   315022.120
  1745:   315038.120   315272.220   315272.230   315272.250   315272.340
  1750:   315460.120   316976.120   317331.120   318842.130   318947.120
  1755:   318951.120   319201.130   319305.120   320401.120   320846.120
  1760:   321472.740   322136.540   322136.320   322136.330   322136.350
  1765:   322136.240   322136.120   322386.220   322386.230   322386.250
  1770:   322386.340   323572.120   323778.130   323784.130   323921.120
  1775:   324220.120   324967.120   325292.120   325586.740   325776.540
  1780:   325776.320   325776.330   325776.350   325776.240   325776.120
  1785:   326026.220   326026.230   326026.250   326026.340   327305.840
  1790:   327563.120   328171.120   328401.640   328401.320   328401.330
  1795:   328401.350   328401.240   328401.130   328651.220   328651.230
  1800:   328651.250   328651.340   328907.120   329626.740   330490.540
  1805:   330490.320   330490.330   330490.350   330490.240   330490.120
  1810:   330496.120   330740.220   330740.230   330740.250   330740.340
  1815:   331391.120   331655.130   332300.120   332723.120   332766.120
  1820:   333130.120   333971.120   334040.740   334326.540   334326.320
  1825:   334326.330   334326.350   334326.240   334326.120   334576.220
  1830:   334576.230   334576.250   334576.340   335376.740   335486.540
  1835:   335486.320   335486.330   335486.350   335486.240   335486.120
  1840:   335492.120   335736.220   335736.230   335736.250   335736.340
  1845:   338159.130   338544.120   338550.120   338951.840   338984.120
  1850:   338990.120   339639.120   339643.120   339956.120   339989.120
  1855:   340036.740   340356.540   340356.320   340356.330   340356.350
  1860:   340356.240   340356.120   340606.220   340606.230   340606.250
  1865:   340606.340   341352.120   341787.120   343493.120   344577.120
  1870:   344950.120   345206.740   345416.540   345416.320   345416.330
  1875:   345416.350   345416.240   345416.120   345428.120   345666.220
  1880:   345666.230   345666.250   345666.340   346171.640   346171.320
  1885:   346171.330   346171.350   346171.240   346171.130   346421.220
  1890:   346421.230   346421.250   346421.340   347046.120   347053.120
  1895:   347811.120   349026.120   349402.120   349736.120   349766.740
  1900:   350153.540   350153.320   350153.330   350153.350   350153.240
  1905:   350153.120   350403.220   350403.230   350403.250   350403.340
  1910:   350803.740   351113.540   351113.320   351113.330   351113.350
  1915:   351113.240   351113.120   351363.220   351363.230   351363.250
  1920:   351363.340   351463.740   352088.540   352088.320   352088.330
  1925:   352088.350   352088.240   352088.120   352338.220   352338.230
  1930:   352338.250   352338.340   353407.130   354885.130   354891.130
  1935:   355338.740   355374.540   355374.320   355374.330   355374.350
  1940:   355374.240   355374.120   355390.120   355624.220   355624.230
  1945:   355624.250   355624.340   355849.120   356198.120   356832.130
  1950:   357229.120   357296.120   357324.740   357769.540   357769.320
  1955:   357769.330   357769.350   357769.240   357769.120   358019.220
  1960:   358019.230   358019.250   358019.340   358653.120   359376.120
  1965:   359722.120   360000.320   360000.330   360000.350   360000.020
C:
     0:        0.000      628.000      154.000       93.000       25.000
     5:        0.000
D:
     0:        0.000        0.000
L:
     0:      333.000      333.000      333.000
M:
     0:     1200.000     1201.000     1202.000     1203.000     1204.000
     5:     1205.000     1206.000     1207.000     1208.000     1209.000
    10:     1210.000     1211.000     1212.000     1213.000     1214.000
    15:     1215.000     1216.000     1217.000     1218.000     1219.000
    20:     1220.000     1221.000     1222.000     1223.000     1224.000
    25:     1225.000     1226.000     1227.000     1228.000     1229.000
    30:     1230.000     1231.000     1232.000     1233.000     1234.000
    35:     1235.000     1236.000     1237.000     1238.000     1239.000
    40:     1240.000     1241.000     1242.000     1243.000     1244.000
    45:     1245.000     1246.000     1247.000     1248.000     1249.000
    50:     1250.000     1251.000     1252.000     1253.000     1254.000
    55:     1255.000     1256.000     1257.000     1258.000     1259.000
    60:     1260.000     1261.000     1262.000     1263.000     1264.000
    65:     1265.000     1266.000     1267.000     1268.000     1269.000
    70:     1270.000     1271.000     1272.000     1273.000     1274.000
    75:     1275.000     1276.000     1277.000     1278.000     1279.000
    80:     1280.000     1281.000     1282.000     1283.000     1284.000
    85:     1285.000     1286.000     1287.000     1288.000     1289.000
    90:     1290.000     1291.000     1292.000     1293.000     1294.000
    95:     1295.000     1296.000     1297.000     1298.000     1299.000
   100:     1300.000     1301.000     1302.000     1303.000     1304.000
   105:     1305.000     1306.000     1307.000     1308.000     1309.000
   110:     1310.000     1311.000     1312.000     1313.000     1314.000
   115:     1315.000     1316.000     1317.000     1318.000     1319.000
   120:     1320.000     1321.000     1322.000     1323.000     1324.000
   125:     1325.000     1326.000     1327.000     1328.000     1329.000
   130:     1330.000     1331.000     1332.000     1333.000     1334.000
   135:     1335.000     1336.000     1337.000     1338.000     1339.000
   140:     1340.000     1341.000     1342.000     1343.000     1344.000
   145:     1345.000     1346.000     1347.000     1348.000     1349.000
   150:     1350.000     1351.000     1352.000     1353.000     1354.000
   155:     1355.000     1356.000     1357.000     1358.000     1359.000
   160:     1360.000     1361.000     1362.000     1363.000     1364.000
   165:     1365.000     1366.000     1367.000     1368.000     1369.000
   170:     1370.000     1371.000     1372.000     1373.000     1374.000
   175:     1375.000     1376.000     1377.000     1378.000     1379.000
   180:     1380.000     1381.000     1382.000     1383.000     1384.000
   185:     1385.000     1386.000     1387.000     1388.000     1389.000
   190:     1390.000     1391.000     1392.000     1393.000     1394.000
   195:     1395.000     1396.000     1397.000     1398.000     1399.000
   200:     1400.000     1401.000     1402.000     1403.000     1404.000
   205:     1405.000     1406.000     1407.000     1408.000     1409.000
   210:     1410.000     1411.000     1412.000     1413.000     1414.000
   215:     1415.000     1416.000     1417.000     1418.000     1419.000
   220:     1420.000     1421.000     1422.000     1423.000     1424.000
   225:     1425.000     1426.000     1427.000     1428.000     1429.000
   230:     1430.000     1431.000     1432.000     1433.000     1434.000
   235:     1435.000     1436.000     1437.000     1438.000     1439.000
   240:     1440.000     1441.000     1442.000     1443.000     1444.000
   245:     1445.000     1446.000     1447.000     1448.000     1449.000
   250:     1450.000     1451.000     1452.000     1453.000     1454.000
   255:     1455.000     1456.000     1457.000     1458.000     1459.000
   260:     1460.000     1461.000     1462.000     1463.000     1464.000
   265:     1465.000     1466.000     1467.000     1468.000     1469.000
   270:     1470.000     1471.000     1472.000     1473.000     1474.000
   275:     1475.000     1476.000     1477.000     1478.000     1479.000
   280:     1480.000     1481.000     1482.000     1483.000     1484.000
   285:     1485.000     1486.000     1487.000     1488.000     1489.000
   290:     1490.000     1491.000     1492.000     1493.000     1494.000
   295:     1495.000     1496.000     1497.000     1498.000     1499.000
   300:     1500.000     1501.000     1502.000     1503.000     1504.000
   305:     1505.000     1506.000     1507.000     1508.000     1509.000
   310:     1510.000     1511.000     1512.000     1513.000     1514.000
   315:     1515.000     1516.000     1517.000     1518.000     1519.000
   320:     1520.000     1521.000     1522.000     1523.000     1524.000
   325:     1525.000     1526.000     1527.000     1528.000     1529.000
   330:     1530.000     1531.000     1532.000     1533.000     1534.000
   335:     1535.000     1536.000     1537.000     1538.000     1539.000
   340:     1540.000     1541.000     1542.000     1543.000     1544.000
   345:     1545.000     1546.000     1547.000     1548.000     1549.000
   350:     1550.000     1551.000     1552.000     1553.000     1554.000
   355:     1555.000     1556.000     1557.000     1558.000     1559.000
   360:     1560.000     1561.000     1562.000     1563.000     1564.000
   365:     1565.000     1566.000     1567.000     1568.000     1569.000
   370:     1570.000     1571.000     1572.000     1573.000     1574.000
   375:     1575.000     1576.000     1577.000     1578.000     1579.000
   380:     1580.000     1581.000     1582.000     1583.000     1584.000
   385:     1585.000     1586.000     1587.000     1588.000     1589.000
   390:     1590.000     1591.000     1592.000     1593.000     1594.000
   395:     1595.000     1596.000     1597.000     1598.000     1599.000
   400:     1600.000     1601.000     1602.000     1603.000     1604.000
   405:     1605.000     1606.000     1607.000     1608.000     1609.000
   410:     1610.000     1611.000     1612.000     1613.000     1614.000
   415:     1615.000     1616.000     1617.000     1618.000     1619.000
   420:     1620.000     1621.000     1622.000     1623.000     1624.000
   425:     1625.000     1626.000     1627.000     1628.000     1629.000
   430:     1630.000     1631.000     1632.000     1633.000     1634.000
   435:     1635.000     1636.000     1637.000     1638.000     1639.000
   440:     1640.000     1641.000     1642.000     1643.000     1644.000
   445:     1645.000     1646.000     1647.000     1648.000     1649.000
   450:     1650.000     1651.000     1652.000     1653.000     1654.000
   455:     1655.000     1656.000     1657.000     1658.000     1659.000
   460:     1660.000     1661.000     1662.000     1663.000     1664.000
   465:     1665.000     1666.000     1667.000     1668.000     1669.000
   470:     1670.000     1671.000     1672.000     1673.000     1674.000
   475:     1675.000     1676.000     1677.000     1678.000     1679.000
   480:     1680.000     1681.000     1682.000     1683.000     1684.000
   485:     1685.000     1686.000     1687.000     1688.000     1689.000
   490:     1690.000     1691.000     1692.000     1693.000     1694.000
   495:     1695.000     1696.000     1697.000     1698.000     1699.000
   500:     1700.000     1701.000     1702.000     1703.000     1704.000
   505:     1705.000     1706.000     1707.000     1708.000     1709.000
   510:     1710.000     1711.000     1712.000     1713.000     1714.000
   515:     1715.000     1716.000     1717.000     1718.000     1719.000
   520:     1720.000     1721.000     1722.000     1723.000     1724.000
   525:     1725.000     1726.000     1727.000     1728.000     1729.000
   530:     1730.000     1731.000     1732.000     1733.000     1734.000
   535:     1735.000     1736.000     1737.000     1738.000     1739.000
   540:     1740.000     1741.000     1742.000     1743.000     1744.000
   545:     1745.000     1746.000     1747.000     1748.000     1749.000
   550:     1750.000     1751.000     1752.000     1753.000     1754.000
   555:     1755.000     1756.000     1757.000     1758.000     1759.000
   560:     1760.000     1761.000     1762.000     1763.000     1764.000
   565:     1765.000     1766.000     1767.000     1768.000     1769.000
   570:     1770.000     1771.000     1772.000     1773.000     1774.000
   575:     1775.000     1776.000     1777.000     1778.000     1779.000
   580:     1780.000     1781.000     1782.000     1783.000     1784.000
   585:     1785.000     1786.000     1787.000     1788.000     1789.000
   590:     1790.000     1791.000     1792.000     1793.000     1794.000
   595:     1795.000     1796.000     1797.000     1798.000     1799.000
   600:     1800.000     1801.000     1802.000     1803.000     1804.000
   605:     1805.000     1806.000     1807.000     1808.000     1809.000
   610:     1810.000     1811.000     1812.000     1813.000     1814.000
   615:     1815.000     1816.000     1817.000     1818.000     1819.000
   620:     1820.000     1821.000     1822.000     1823.000     1824.000
   625:     1825.000     1826.000     1827.000     1828.000     1829.000
   630:     1830.000     1831.000     1832.000     1833.000     1834.000
   635:     1835.000     1836.000     1837.000     1838.000     1839.000
   640:     1840.000     1841.000     1842.000     1843.000     1844.000
   645:     1845.000     1846.000     1847.000     1848.000     1849.000
   650:     1850.000     1851.000     1852.000     1853.000     1854.000
   655:     1855.000     1856.000     1857.000     1858.000     1859.000
   660:     1860.000     1861.000     1862.000     1863.000     1864.000
   665:     1865.000     1866.000     1867.000     1868.000     1869.000
   670:     1870.000     1871.000     1872.000     1873.000     1874.000
   675:     1875.000     1876.000     1877.000     1878.000     1879.000
   680:     1880.000     1881.000     1882.000     1883.000     1884.000
   685:     1885.000     1886.000     1887.000     1888.000     1889.000
   690:     1890.000     1891.000     1892.000     1893.000     1894.000
   695:     1895.000     1896.000     1897.000     1898.000     1899.000
   700:     1900.000     1901.000     1902.000     1903.000     1904.000
   705:     1905.000     1906.000     1907.000     1908.000     1909.000
   710:     1910.000     1911.000     1912.000     1913.000     1914.000
   715:     1915.000     1916.000     1917.000     1918.000     1919.000
   720:     1920.000     1921.000     1922.000     1923.000     1924.000
   725:     1925.000     1926.000     1927.000     1928.000     1929.000
   730:     1930.000     1931.000     1932.000     1933.000     1934.000
   735:     1935.000     1936.000     1937.000     1938.000     1939.000
   740:     1940.000     1941.000     1942.000     1943.000     1944.000
   745:     1945.000     1946.000     1947.000     1948.000     1949.000
   750:     1950.000     1951.000     1952.000     1953.000     1954.000
   755:     1955.000     1956.000     1957.000     1958.000     1959.000
   760:     1960.000     1961.000     1962.000     1963.000     1964.000
   765:     1965.000     1966.000     1967.000     1968.000     1969.000
   770:     1970.000     1971.000     1972.000     1973.000     1974.000
   775:     1975.000     1976.000     1977.000     1978.000     1979.000
   780:     1980.000     1981.000     1982.000     1983.000     1984.000
   785:     1985.000     1986.000     1987.000     1988.000     1989.000
   790:     1990.000     1991.000     1992.000     1993.000     1994.000
   795:     1995.000     1996.000     1997.000     1998.000     1999.000
   800:     2000.000     2001.000     2002.000     2003.000     2004.000
   805:     2005.000     2006.000     2007.000     2008.000     2009.000
   810:     2010.000     2011.000     2012.000     2013.000     2014.000
   815:     2015.000     2016.000     2017.000     2018.000     2019.000
   820:     2020.000     2021.000     2022.000     2023.000     2024.000
   825:     2025.000     2026.000     2027.000     2028.000     2029.000
   830:     2030.000     2031.000     2032.000     2033.000     2034.000
   835:     2035.000     2036.000     2037.000     2038.000     2039.000
   840:     2040.000     2041.000     2042.000     2043.000     2044.000
   845:     2045.000     2046.000     2047.000     2048.000     2049.000
   850:     2050.000     2051.000     2052.000     2053.000     2054.000
   855:     2055.000     2056.000     2057.000     2058.000     2059.000
   860:     2060.000     2061.000     2062.000     2063.000     2064.000
   865:     2065.000     2066.000     2067.000     2068.000     2069.000
   870:     2070.000     2071.000     2072.000     2073.000     2074.000
   875:     2075.000     2076.000     2077.000     2078.000     2079.000
   880:     2080.000     2081.000     2082.000     2083.000     2084.000
   885:     2085.000     2086.000     2087.000     2088.000     2089.000
   890:     2090.000     2091.000     2092.000     2093.000     2094.000
   895:     2095.000     2096.000     2097.000     2098.000     2099.000
   900:     2100.000     2101.000     2102.000     2103.000     2104.000
   905:     2105.000     2106.000     2107.000     2108.000     2109.000
   910:     2110.000     2111.000     2112.000     2113.000     2114.000
   915:     2115.000     2116.000     2117.000     2118.000     2119.000
   920:     2120.000     2121.000     2122.000     2123.000     2124.000
   925:     2125.000     2126.000     2127.000     2128.000     2129.000
   930:     2130.000     2131.000     2132.000     2133.000     2134.000
   935:     2135.000     2136.000     2137.000     2138.000     2139.000
   940:     2140.000     2141.000     2142.000     2143.000     2144.000
   945:     2145.000     2146.000     2147.000     2148.000     2149.000
   950:     2150.000     2151.000     2152.000     2153.000     2154.000
   955:     2155.000     2156.000     2157.000     2158.000     2159.000
   960:     2160.000     2161.000     2162.000     2163.000     2164.000
   965:     2165.000     2166.000     2167.000     2168.000     2169.000
   970:     2170.000     2171.000     2172.000     2173.000     2174.000
   975:     2175.000     2176.000     2177.000     2178.000     2179.000
   980:     2180.000     2181.000     2182.000     2183.000     2184.000
   985:     2185.000     2186.000     2187.000     2188.000     2189.000
   990:     2190.000     2191.000     2192.000     2193.000     2194.000
   995:     2195.000     2196.000     2197.000     2198.000     2199.000
  1000:     2200.000     2201.000     2202.000     2203.000     2204.000
  1005:     2205.000     2206.000     2207.000     2208.000     2209.000
  1010:     2210.000     2211.000     2212.000     2213.000     2214.000
  1015:     2215.000     2216.000     2217.000     2218.000     2219.000
  1020:     2220.000     2221.000     2222.000     2223.000     2224.000
  1025:     2225.000     2226.000     2227.000     2228.000     2229.000
  1030:     2230.000     2231.000     2232.000     2233.000     2234.000
  1035:     2235.000     2236.000     2237.000     2238.000     2239.000
  1040:     2240.000     2241.000     2242.000     2243.000     2244.000
  1045:     2245.000     2246.000     2247.000     2248.000     2249.000
  1050:     2250.000     2251.000     2252.000     2253.000     2254.000
  1055:     2255.000     2256.000     2257.000     2258.000     2259.000
  1060:     2260.000     2261.000     2262.000     2263.000     2264.000
  1065:     2265.000     2266.000     2267.000     2268.000     2269.000
  1070:     2270.000     2271.000     2272.000     2273.000     2274.000
  1075:     2275.000     2276.000     2277.000     2278.000     2279.000
  1080:     2280.000     2281.000     2282.000     2283.000     2284.000
  1085:     2285.000     2286.000     2287.000     2288.000     2289.000
  1090:     2290.000     2291.000     2292.000     2293.000     2294.000
  1095:     2295.000     2296.000     2297.000     2298.000     2299.000
  1100:     2300.000     2301.000     2302.000     2303.000     2304.000
  1105:     2305.000     2306.000     2307.000     2308.000     2309.000
  1110:     2310.000     2311.000     2312.000     2313.000     2314.000
  1115:     2315.000     2316.000     2317.000     2318.000     2319.000
  1120:     2320.000     2321.000     2322.000     2323.000     2324.000
  1125:     2325.000     2326.000     2327.000     2328.000     2329.000
  1130:     2330.000     2331.000     2332.000     2333.000     2334.000
  1135:     2335.000     2336.000     2337.000     2338.000     2339.000
  1140:     2340.000     2341.000     2342.000     2343.000     2344.000
  1145:     2345.000     2346.000     2347.000     2348.000     2349.000
  1150:     2350.000     2351.000     2352.000     2353.000     2354.000
  1155:     2355.000     2356.000     2357.000     2358.000     2359.000
  1160:     2360.000     2361.000     2362.000     2363.000     2364.000
  1165:     2365.000     2366.000     2367.000     2368.000     2369.000
  1170:     2370.000     2371.000     2372.000     2373.000     2374.000
  1175:     2375.000     2376.000     2377.000     2378.000     2379.000
  1180:     2380.000     2381.000     2382.000     2383.000     2384.000
  1185:     2385.000     2386.000     2387.000     2388.000     2389.000
  1190:     2390.000     2391.000     2392.000     2393.000     2394.000
  1195:     2395.000     2396.000     2397.000     2398.000     2399.000
  1200:     2400.000
N:
     0:     2700.000     2701.000     2702.000     2703.000     2704.000
     5:     2705.000     2706.000     2707.000     2708.000     2709.000
    10:     2710.000     2711.000     2712.000     2713.000     2714.000
    15:     2715.000     2716.000     2717.000     2718.000     2719.000
    20:     2720.000     2721.000     2722.000     2723.000     2724.000
    25:     2725.000     2726.000     2727.000     2728.000     2729.000
    30:     2730.000     2731.000     2732.000     2733.000     2734.000
    35:     2735.000     2736.000     2737.000     2738.000     2739.000
    40:     2740.000     2741.000     2742.000     2743.000     2744.000
    45:     2745.000     2746.000     2747.000     2748.000     2749.000
    50:     2750.000     2751.000     2752.000     2753.000     2754.000
    55:     2755.000     2756.000     2757.000     2758.000     2759.000
    60:     2760.000     2761.000     2762.000     2763.000     2764.000
    65:     2765.000     2766.000     2767.000     2768.000     2769.000
    70:     2770.000     2771.000     2772.000     2773.000     2774.000
    75:     2775.000     2776.000     2777.000     2778.000     2779.000
    80:     2780.000     2781.000     2782.000     2783.000     2784.000
    85:     2785.000     2786.000     2787.000     2788.000     2789.000
    90:     2790.000     2791.000     2792.000     2793.000     2794.000
    95:     2795.000     2796.000     2797.000     2798.000     2799.000
   100:     2800.000     2801.000     2802.000     2803.000     2804.000
   105:     2805.000     2806.000     2807.000     2808.000     2809.000
   110:     2810.000     2811.000     2812.000     2813.000     2814.000
   115:     2815.000     2816.000     2817.000     2818.000     2819.000
   120:     2820.000     2821.000     2822.000     2823.000     2824.000
   125:     2825.000     2826.000     2827.000     2828.000     2829.000
   130:     2830.000     2831.000     2832.000     2833.000     2834.000
   135:     2835.000     2836.000     2837.000     2838.000     2839.000
   140:     2840.000     2841.000     2842.000     2843.000     2844.000
   145:     2845.000     2846.000     2847.000     2848.000     2849.000
   150:     2850.000     2851.000     2852.000     2853.000     2854.000
   155:     2855.000     2856.000     2857.000     2858.000     2859.000
   160:     2860.000     2861.000     2862.000     2863.000     2864.000
   165:     2865.000     2866.000     2867.000     2868.000     2869.000
   170:     2870.000     2871.000     2872.000     2873.000     2874.000
   175:     2875.000     2876.000     2877.000     2878.000     2879.000
   180:     2880.000     2881.000     2882.000     2883.000     2884.000
   185:     2885.000     2886.000     2887.000     2888.000     2889.000
   190:     2890.000     2891.000     2892.000     2893.000     2894.000
   195:     2895.000     2896.000     2897.000     2898.000     2899.000
   200:     2900.000     2901.000     2902.000     2903.000     2904.000
   205:     2905.000     2906.000     2907.000     2908.000     2909.000
   210:     2910.000     2911.000     2912.000     2913.000     2914.000
   215:     2915.000     2916.000     2917.000     2918.000     2919.000
   220:     2920.000     2921.000     2922.000     2923.000     2924.000
   225:     2925.000     2926.000     2927.000     2928.000     2929.000
   230:     2930.000     2931.000     2932.000     2933.000     2934.000
   235:     2935.000     2936.000     2937.000     2938.000     2939.000
   240:     2940.000     2941.000     2942.000     2943.000     2944.000
   245:     2945.000     2946.000     2947.000     2948.000     2949.000
   250:     2950.000     2951.000     2952.000     2953.000     2954.000
   255:     2955.000     2956.000     2957.000     2958.000     2959.000
   260:     2960.000     2961.000     2962.000     2963.000     2964.000
   265:     2965.000     2966.000     2967.000     2968.000     2969.000
   270:     2970.000     2971.000     2972.000     2973.000     2974.000
   275:     2975.000     2976.000     2977.000     2978.000     2979.000
   280:     2980.000     2981.000     2982.000     2983.000     2984.000
   285:     2985.000     2986.000     2987.000     2988.000     2989.000
   290:     2990.000     2991.000     2992.000     2993.000     2994.000
   295:     2995.000     2996.000     2997.000     2998.000     2999.000
   300:     3000.000
R:
     0:      111.000      111.000      111.000
V:
     0:     1629.000     2824.000
W:
     0:     1629.000     2824.000
