File: C:\MED-PC IV\DATA\p138_s168_japede


Start Date: 12/15/17
End Date: 12/15/17
Subject: p138
Experiment: 0
Group: 0
Box: 8
Start Time: 13:40:45
End Time: 14:41:02
MSN: japede_L_25_25_25_R_225_225_225
B:       0.000
E:    2319.000
F:       0.000
G:       0.000
H:       0.000
I:       2.000
J:       2.000
K:       0.000
O:       0.000
P:       0.000
Q:       0.000
S:  360000.000
T:  360000.000
U:       0.000
X:       0.000
Y:       0.000
Z:       0.000
A:
     0:        0.010        0.250        0.220        0.230      899.740
     5:     1464.540     1464.320     1464.330     1464.350     1464.240
    10:     1464.120     1714.220     1714.230     1714.250     1714.340
    15:     2914.740     7570.540     7570.320     7570.330     7570.350
    20:     7570.240     7570.120     7577.120     7820.220     7820.230
    25:     7820.250     7820.340     9149.120     9154.120     9220.740
    30:     9805.130    12166.540    12166.320    12166.330    12166.350
    35:    12166.240    12166.120    12416.220    12416.230    12416.250
    40:    12416.340    13916.740    14770.540    14770.320    14770.330
    45:    14770.350    14770.240    14770.120    14787.120    15020.220
    50:    15020.230    15020.250    15020.340    15656.120    15935.120
    55:    15943.120    16833.120    17226.120    17490.120    17620.740
    60:    17952.540    17952.320    17952.330    17952.350    17952.240
    65:    17952.120    18202.220    18202.230    18202.250    18202.340
    70:    19301.120    19602.740    19617.540    19617.320    19617.330
    75:    19617.350    19617.240    19617.120    19867.220    19867.230
    80:    19867.250    19867.340    20611.120    20926.120    21391.120
    85:    21667.120    21671.120    22408.120    22413.120    22729.120
    90:    23842.120    23847.120    24281.120    24701.120    25061.120
    95:    25467.740    26140.130    26238.540    26238.320    26238.330
   100:    26238.350    26238.240    26238.120    26243.120    26247.120
   105:    26488.220    26488.230    26488.250    26488.340    26788.740
   110:    27156.540    27156.320    27156.330    27156.350    27156.240
   115:    27156.120    27162.120    27406.220    27406.230    27406.250
   120:    27406.340    27976.120    27981.120    28331.120    28336.120
   125:    28735.120    29255.120    29260.120    29606.740    29642.540
   130:    29642.320    29642.330    29642.350    29642.240    29642.120
   135:    29892.220    29892.230    29892.250    29892.340    30574.120
   140:    30952.120    31292.740    31490.540    31490.320    31490.330
   145:    31490.350    31490.240    31490.120    31740.220    31740.230
   150:    31740.250    31740.340    32678.120    32986.120    32992.120
   155:    33370.120    33799.120    33806.120    34140.740    34280.540
   160:    34280.320    34280.330    34280.350    34280.240    34280.120
   165:    34530.220    34530.230    34530.250    34530.340    35159.120
   170:    35165.120    35169.120    35562.130    35653.120    35658.120
   175:    36060.120    36421.120    36425.120    37009.120    37230.740
   180:    37935.540    37935.320    37935.330    37935.350    37935.240
   185:    37935.120    38185.220    38185.230    38185.250    38185.340
   190:    38406.120    38585.740    38841.540    38841.320    38841.330
   195:    38841.350    38841.240    38841.120    38847.120    39091.220
   200:    39091.230    39091.250    39091.340    39267.120    39291.740
   205:    39642.540    39642.320    39642.330    39642.350    39642.240
   210:    39642.120    39648.120    39892.220    39892.230    39892.250
   215:    39892.340    40592.740    40963.540    40963.320    40963.330
   220:    40963.350    40963.240    40963.120    41213.220    41213.230
   225:    41213.250    41213.340    41416.120    41420.120    41426.120
   230:    41805.120    42179.120    42182.120    42551.120    42555.120
   235:    42933.120    43350.120    43613.120    44108.120    44477.120
   240:    44613.740    44868.540    44868.320    44868.330    44868.350
   245:    44868.240    44868.120    44872.120    44882.120    45118.220
   250:    45118.230    45118.250    45118.340    45323.120    45621.120
   255:    45918.740    46503.540    46503.320    46503.330    46503.350
   260:    46503.240    46503.120    46753.220    46753.230    46753.250
   265:    46753.340    46853.740    46903.540    46903.320    46903.330
   270:    46903.350    46903.240    46903.120    47153.220    47153.230
   275:    47153.250    47153.340    47670.120    48332.120    48335.120
   280:    48397.120    48563.120    48568.120    49201.120    49506.120
   285:    49510.120    49516.120    49796.120    50220.120    50227.120
   290:    50587.120    50591.120    50965.120    50969.120    51365.120
   295:    51753.740    51819.540    51819.320    51819.330    51819.350
   300:    51819.240    51819.120    51825.120    52069.220    52069.230
   305:    52069.250    52069.340    52781.120    52786.120    53105.120
   310:    53109.120    53430.120    53818.120    53823.120    54028.120
   315:    54329.120    54333.120    54628.120    54990.120    55169.740
   320:    55419.540    55419.320    55419.330    55419.350    55419.240
   325:    55419.120    55426.120    55669.220    55669.230    55669.250
   330:    55669.340    55821.120    55963.120    56928.120    57195.120
   335:    57200.120    57801.120    58319.120    58324.120    58669.740
   340:    58770.130    58949.540    58949.320    58949.330    58949.350
   345:    58949.240    58949.120    59199.220    59199.230    59199.250
   350:    59199.340    59374.120    59378.120    60151.120    60243.120
   355:    60356.120    60712.120    61352.120    61447.120    61678.120
   360:    61999.740    62245.540    62245.320    62245.330    62245.350
   365:    62245.240    62245.120    62495.220    62495.230    62495.250
   370:    62495.340    62595.740    62937.540    62937.320    62937.330
   375:    62937.350    62937.240    62937.120    62942.120    63187.220
   380:    63187.230    63187.250    63187.340    63911.120    64241.130
   385:    65825.120    66204.120    66907.120    66912.120    66918.120
   390:    67032.120    67038.120    67444.120    67487.740    68474.540
   395:    68474.320    68474.330    68474.350    68474.240    68474.120
   400:    68724.220    68724.230    68724.250    68724.340    68875.120
   405:    69511.120    69791.130    69919.120    70413.120    70730.120
   410:    70763.120    70770.120    71203.120    71621.120    71627.120
   415:    71769.120    71924.740    72192.540    72192.320    72192.330
   420:    72192.350    72192.240    72192.120    72200.120    72442.220
   425:    72442.230    72442.250    72442.340    72587.120    72619.120
   430:    72812.120    72942.740    73232.540    73232.320    73232.330
   435:    73232.350    73232.240    73232.120    73482.220    73482.230
   440:    73482.250    73482.340    73582.740    73628.540    73628.320
   445:    73628.330    73628.350    73628.240    73628.120    73633.120
   450:    73799.840    73878.220    73878.230    73878.250    73878.340
   455:    74050.120    74056.120    74152.120    74157.120    74496.120
   460:    74581.120    74587.120    75171.120    75178.120    75718.120
   465:    75978.740    76324.540    76324.320    76324.330    76324.350
   470:    76324.240    76324.120    76574.220    76574.230    76574.250
   475:    76574.340    76817.120    76974.740    77366.540    77366.320
   480:    77366.330    77366.350    77366.240    77366.120    77616.220
   485:    77616.230    77616.250    77616.340    77759.120    77769.120
   490:    77905.120    78286.120    78298.120    78529.120    78702.120
   495:    79163.120    79614.120    79618.120    79783.120    80048.120
   500:    80053.120    80609.120    80616.740    80940.540    80940.320
   505:    80940.330    80940.350    80940.240    80940.120    81190.220
   510:    81190.230    81190.250    81190.340    81588.120    81986.120
   515:    81993.120    82190.740    82471.540    82471.320    82471.330
   520:    82471.350    82471.240    82471.120    82721.220    82721.230
   525:    82721.250    82721.340    83004.120    83011.120    83021.740
   530:    83342.540    83342.320    83342.330    83342.350    83342.240
   535:    83342.120    83347.120    83592.220    83592.230    83592.250
   540:    83592.340    83981.120    84286.120    84291.120    84296.120
   545:    84424.120    84430.120    84779.120    85165.120    85462.120
   550:    85467.120    85791.120    85796.120    86175.120    86187.120
   555:    86580.120    86591.120    87025.120    87030.120    87036.120
   560:    87102.120    87441.120    87768.120    87773.120    87892.740
   565:    88470.540    88470.320    88470.330    88470.350    88470.240
   570:    88470.120    88720.220    88720.230    88720.250    88720.340
   575:    88887.120    89020.740    89404.540    89404.320    89404.330
   580:    89404.350    89404.240    89404.120    89410.120    89654.220
   585:    89654.230    89654.250    89654.340    90409.120    90415.120
   590:    90556.120    90825.120    91137.120    91142.120    91148.120
   595:    91499.120    91899.120    92013.120    92357.120    92361.120
   600:    92744.120    92754.740    93188.540    93188.320    93188.330
   605:    93188.350    93188.240    93188.120    93438.220    93438.230
   610:    93438.250    93438.340    93607.120    93611.120    94390.120
   615:    94397.120    94466.120    94471.120    94840.120    95679.120
   620:    95938.740    96066.540    96066.320    96066.330    96066.350
   625:    96066.240    96066.120    96316.220    96316.230    96316.250
   630:    96316.340    96416.740    96498.540    96498.320    96498.330
   635:    96498.350    96498.240    96498.120    96503.120    96516.120
   640:    96748.220    96748.230    96748.250    96748.340    96890.120
   645:    97498.120    97848.740    97855.540    97855.320    97855.330
   650:    97855.350    97855.240    97855.120    97860.120    98105.220
   655:    98105.230    98105.250    98105.340    98233.120    98881.120
   660:    99155.120    99453.120    99459.120    99873.120   100228.120
   665:   100235.120   100587.120   100591.120   101099.120   101103.120
   670:   101550.120   101554.120   101917.120   101922.120   102427.120
   675:   102432.120   102809.120   102815.120   103174.120   103180.120
   680:   103483.120   103805.120   104446.120   105205.740   105240.540
   685:   105240.320   105240.330   105240.350   105240.240   105240.120
   690:   105490.220   105490.230   105490.250   105490.340   106086.120
   695:   106190.740   106384.540   106384.320   106384.330   106384.350
   700:   106384.240   106384.120   106390.120   106634.220   106634.230
   705:   106634.250   106634.340   107038.120   107339.120   107834.740
   710:   107880.540   107880.320   107880.330   107880.350   107880.240
   715:   107880.120   107885.120   108130.220   108130.230   108130.250
   720:   108130.340   108330.740   109773.540   109773.320   109773.330
   725:   109773.350   109773.240   109773.120   110023.220   110023.230
   730:   110023.250   110023.340   110223.740   111050.540   111050.320
   735:   111050.330   111050.350   111050.240   111050.120   111300.220
   740:   111300.230   111300.250   111300.340   112823.120   112829.120
   745:   113150.120   113155.120   113522.120   113526.120   113589.120
   750:   113876.120   114144.120   114150.120   114300.740   114512.540
   755:   114512.320   114512.330   114512.350   114512.240   114512.120
   760:   114762.220   114762.230   114762.250   114762.340   114944.120
   765:   115393.120   115879.120   115890.120   116461.120   116462.740
   770:   116466.540   116466.320   116466.330   116466.350   116466.240
   775:   116466.120   116716.220   116716.230   116716.250   116716.340
   780:   117605.120   117939.120   117944.120   118252.120   118546.120
   785:   118928.120   119016.740   119224.540   119224.320   119224.330
   790:   119224.350   119224.240   119224.120   119230.120   119474.220
   795:   119474.230   119474.250   119474.340   119608.120   119960.120
   800:   120593.120   120895.120   121178.120   121526.120   121531.120
   805:   121974.740   122381.540   122381.320   122381.330   122381.350
   810:   122381.240   122381.120   122388.120   122631.220   122631.230
   815:   122631.250   122631.340   123370.120   123709.120   124070.120
   820:   124166.120   124171.120   124710.120   125239.120   125245.120
   825:   125667.120   125831.740   126013.540   126013.320   126013.330
   830:   126013.350   126013.240   126013.120   126020.120   126263.220
   835:   126263.230   126263.250   126263.340   126923.120   127267.120
   840:   127272.120   127677.120   127681.120   128064.120   128325.120
   845:   128332.120   128697.120   128707.120   128788.120   129175.120
   850:   129929.120   130411.120   130780.120   131149.120   131963.740
   855:   132883.540   132883.320   132883.330   132883.350   132883.240
   860:   132883.120   132889.120   132895.120   132900.120   133133.220
   865:   133133.230   133133.250   133133.340   133304.120   133333.740
   870:   133411.540   133411.320   133411.330   133411.350   133411.240
   875:   133411.120   133661.220   133661.230   133661.250   133661.340
   880:   133988.120   134755.120   134761.740   135040.540   135040.320
   885:   135040.330   135040.350   135040.240   135040.120   135047.120
   890:   135290.220   135290.230   135290.250   135290.340   135436.120
   895:   135656.120   136258.120   136262.120   136322.120   136544.120
   900:   136590.740   136892.540   136892.320   136892.330   136892.350
   905:   136892.240   136892.120   136896.120   137142.220   137142.230
   910:   137142.250   137142.340   137290.120   137487.120   138874.120
   915:   138880.120   139142.120   139147.120   139406.120   139412.120
   920:   139418.120   139942.740   140894.540   140894.320   140894.330
   925:   140894.350   140894.240   140894.120   141144.220   141144.230
   930:   141144.250   141144.340   141344.740   141381.540   141381.320
   935:   141381.330   141381.350   141381.240   141381.120   141631.220
   940:   141631.230   141631.250   141631.340   141924.120   142231.740
   945:   142618.540   142618.320   142618.330   142618.350   142618.240
   950:   142618.120   142868.220   142868.230   142868.250   142868.340
   955:   143052.120   143058.120   143468.740   143485.540   143485.320
   960:   143485.330   143485.350   143485.240   143485.120   143735.220
   965:   143735.230   143735.250   143735.340   144062.120   144199.120
   970:   144595.120   144951.120   144956.120   145087.120   145330.120
   975:   145623.120   145627.120   146017.120   146400.120   146621.120
   980:   146935.740   147301.540   147301.320   147301.330   147301.350
   985:   147301.240   147301.120   147551.220   147551.230   147551.250
   990:   147551.340   147692.120   147851.740   147856.540   147856.320
   995:   147856.330   147856.350   147856.240   147856.120   147868.120
  1000:   148106.220   148106.230   148106.250   148106.340   148261.120
  1005:   148362.120   148698.120   149209.120   149481.120   150118.120
  1010:   150123.120   150396.120   150984.120   151110.120   151374.120
  1015:   151378.120   152024.120   152029.120   152353.120   152357.120
  1020:   152506.740   152738.540   152738.320   152738.330   152738.350
  1025:   152738.240   152738.120   152988.220   152988.230   152988.250
  1030:   152988.340   153408.120   153412.120   153928.120   153933.120
  1035:   154348.120   154701.120   155297.120   155952.120   156488.740
  1040:   157067.540   157067.320   157067.330   157067.350   157067.240
  1045:   157067.120   157317.220   157317.230   157317.250   157317.340
  1050:   157601.120   158036.120   158317.740   158692.540   158692.320
  1055:   158692.330   158692.350   158692.240   158692.120   158942.220
  1060:   158942.230   158942.250   158942.340   159199.120   159303.120
  1065:   159310.120   159442.740   159833.540   159833.320   159833.330
  1070:   159833.350   159833.240   159833.120   160083.220   160083.230
  1075:   160083.250   160083.340   160245.120   160342.120   160460.120
  1080:   160465.120   160806.120   160810.120   161400.120   161708.120
  1085:   162018.120   162210.120   162215.120   162447.120   162604.120
  1090:   162611.120   163516.120   164110.120   164658.640   164658.320
  1095:   164658.330   164658.350   164658.240   164658.130   164908.220
  1100:   164908.230   164908.250   164908.340   165060.120   165068.120
  1105:   165283.740   165508.840   165786.540   165786.320   165786.330
  1110:   165786.350   165786.240   165786.120   165791.120   166036.220
  1115:   166036.230   166036.250   166036.340   166198.120   166414.120
  1120:   166885.120   167336.740   167658.540   167658.320   167658.330
  1125:   167658.350   167658.240   167658.120   167908.220   167908.230
  1130:   167908.250   167908.340   168122.120   168784.120   168808.740
  1135:   169239.540   169239.320   169239.330   169239.350   169239.240
  1140:   169239.120   169254.120   169489.220   169489.230   169489.250
  1145:   169489.340   169635.120   169760.120   170089.740   170177.540
  1150:   170177.320   170177.330   170177.350   170177.240   170177.120
  1155:   170427.220   170427.230   170427.250   170427.340   170582.120
  1160:   170587.120   170922.120   171127.740   171311.540   171311.320
  1165:   171311.330   171311.350   171311.240   171311.120   171561.220
  1170:   171561.230   171561.250   171561.340   172008.120   172013.120
  1175:   172514.120   172625.120   172913.120   172917.120   173314.120
  1180:   173319.120   173863.120   173902.120   174231.120   174496.120
  1185:   174901.120   174909.120   175082.120   175861.740   175866.540
  1190:   175866.320   175866.330   175866.350   175866.240   175866.120
  1195:   176116.220   176116.230   176116.250   176116.340   176614.120
  1200:   176958.120   177480.120   177919.120   178116.740   178266.540
  1205:   178266.320   178266.330   178266.350   178266.240   178266.120
  1210:   178281.120   178516.220   178516.230   178516.250   178516.340
  1215:   179374.120   179416.740   179466.540   179466.320   179466.330
  1220:   179466.350   179466.240   179466.120   179716.220   179716.230
  1225:   179716.250   179716.340   180731.120   180940.120   181009.120
  1230:   181594.120   181599.120   181719.120   181997.120   182592.120
  1235:   183481.120   183486.120   183574.120   183580.120   184016.740
  1240:   184045.540   184045.320   184045.330   184045.350   184045.240
  1245:   184045.120   184050.120   184057.120   184295.220   184295.230
  1250:   184295.250   184295.340   184429.120   184548.120   185323.120
  1255:   185495.740   185650.540   185650.320   185650.330   185650.350
  1260:   185650.240   185650.120   185900.220   185900.230   185900.250
  1265:   185900.340   186015.120   186218.120   186223.120   186481.120
  1270:   186487.120   186587.120   186859.120   187146.120   187523.120
  1275:   187836.120   188100.740   188196.540   188196.320   188196.330
  1280:   188196.350   188196.240   188196.120   188446.220   188446.230
  1285:   188446.250   188446.340   188746.740   189006.540   189006.320
  1290:   189006.330   189006.350   189006.240   189006.120   189256.220
  1295:   189256.230   189256.250   189256.340   189405.120   189924.120
  1300:   190116.120   190772.120   191456.740   191478.540   191478.320
  1305:   191478.330   191478.350   191478.240   191478.120   191728.220
  1310:   191728.230   191728.250   191728.340   191895.120   192006.120
  1315:   192597.120   193262.120   193266.120   193344.120   193350.120
  1320:   193628.740   193672.540   193672.320   193672.330   193672.350
  1325:   193672.240   193672.120   193922.220   193922.230   193922.250
  1330:   193922.340   194222.740   194507.540   194507.320   194507.330
  1335:   194507.350   194507.240   194507.120   194511.120   194757.220
  1340:   194757.230   194757.250   194757.340   195363.120   195367.120
  1345:   195626.120   196905.120   197348.120   197352.120   197661.120
  1350:   198005.120   198257.740   198337.540   198337.320   198337.330
  1355:   198337.350   198337.240   198337.120   198587.220   198587.230
  1360:   198587.250   198587.340   199033.120   199428.120   199737.120
  1365:   200053.120   200301.120   200578.120   201206.120   201209.120
  1370:   201481.120   201511.120   201783.120   202329.120   202400.120
  1375:   202696.120   203439.120   203834.120   204198.120   204203.120
  1380:   204457.120   204810.120   204812.120   205900.120   205906.120
  1385:   206275.120   207054.120   207424.120   207555.120   207562.120
  1390:   207859.120   208175.120   208180.120   208439.120   209094.120
  1395:   209392.640   209392.320   209392.330   209392.350   209392.240
  1400:   209392.130   209642.220   209642.230   209642.250   209642.340
  1405:   209687.740   209773.540   209773.320   209773.330   209773.350
  1410:   209773.240   209773.120   209778.120   209787.120   210023.220
  1415:   210023.230   210023.250   210023.340   210235.120   210671.130
  1420:   210778.120   211500.120   212324.120   212669.120   212674.120
  1425:   213655.120   214556.130   214659.120   215718.120   216020.120
  1430:   216130.120   216133.120   216498.120   216623.740   216778.130
  1435:   216894.540   216894.320   216894.330   216894.350   216894.240
  1440:   216894.120   217144.220   217144.230   217144.250   217144.340
  1445:   217385.120   217389.120   217394.120   217846.120   217851.120
  1450:   218444.740   218458.540   218458.320   218458.330   218458.350
  1455:   218458.240   218458.120   218708.220   218708.230   218708.250
  1460:   218708.340   219808.740   220308.540   220308.320   220308.330
  1465:   220308.350   220308.240   220308.120   220558.220   220558.230
  1470:   220558.250   220558.340   221228.130   221703.120   222092.120
  1475:   222100.120   222242.840   222470.120   223112.120   223535.120
  1480:   223540.120   223858.740   223878.640   223878.320   223878.330
  1485:   223878.350   223878.240   223878.130   224128.220   224128.230
  1490:   224128.250   224128.340   224262.540   224262.320   224262.330
  1495:   224262.350   224262.240   224262.120   224267.120   224273.120
  1500:   224512.220   224512.230   224512.250   224512.340   224768.120
  1505:   226138.120   226600.120   226605.120   226612.740   226935.540
  1510:   226935.320   226935.330   226935.350   226935.240   226935.120
  1515:   227185.220   227185.230   227185.250   227185.340   227345.120
  1520:   227854.130   227962.120   228074.120   228471.120   228685.740
  1525:   228912.540   228912.320   228912.330   228912.350   228912.240
  1530:   228912.120   228916.120   229162.220   229162.230   229162.250
  1535:   229162.340   229302.120   229656.130   229661.130   229760.120
  1540:   229888.120   229894.120   229899.120   230000.120   230262.740
  1545:   230266.130   230357.540   230357.320   230357.330   230357.350
  1550:   230357.240   230357.120   230607.220   230607.230   230607.250
  1555:   230607.340   230767.120   231249.120   231374.120   231607.740
  1560:   231694.540   231694.320   231694.330   231694.350   231694.240
  1565:   231694.120   231944.220   231944.230   231944.250   231944.340
  1570:   232094.120   232710.120   233009.130   233244.740   233836.540
  1575:   233836.320   233836.330   233836.350   233836.240   233836.120
  1580:   234086.220   234086.230   234086.250   234086.340   234214.120
  1585:   235217.120   235486.740   235582.540   235582.320   235582.330
  1590:   235582.350   235582.240   235582.120   235587.120   235591.120
  1595:   235597.120   235832.220   235832.230   235832.250   235832.340
  1600:   236032.740   236293.130   236416.540   236416.320   236416.330
  1605:   236416.350   236416.240   236416.120   236666.220   236666.230
  1610:   236666.250   236666.340   236858.120   237527.120   237532.120
  1615:   237836.120   238140.120   238147.120   238709.120   238966.740
  1620:   239192.540   239192.320   239192.330   239192.350   239192.240
  1625:   239192.120   239442.220   239442.230   239442.250   239442.340
  1630:   239592.120   240210.120   240361.120   240715.130   240839.120
  1635:   240845.120   240942.740   241480.540   241480.320   241480.330
  1640:   241480.350   241480.240   241480.120   241499.120   241730.220
  1645:   241730.230   241730.250   241730.340   242188.120   242193.120
  1650:   242200.120   242428.840   242614.640   242614.320   242614.330
  1655:   242614.350   242614.240   242614.130   242864.220   242864.230
  1660:   242864.250   242864.340   243025.120   243132.120   243585.120
  1665:   243999.120   244268.120   244380.120   244725.120   244731.120
  1670:   245723.120   245876.120   245930.740   246471.540   246471.320
  1675:   246471.330   246471.350   246471.240   246471.120   246476.120
  1680:   246721.220   246721.230   246721.250   246721.340   246821.740
  1685:   246866.540   246866.320   246866.330   246866.350   246866.240
  1690:   246866.120   246871.120   246876.120   247116.220   247116.230
  1695:   247116.250   247116.340   247321.120   247856.120   247946.120
  1700:   248467.130   248616.740   248721.540   248721.320   248721.330
  1705:   248721.350   248721.240   248721.120   248971.220   248971.230
  1710:   248971.250   248971.340   249107.120   249199.120   249329.120
  1715:   249775.120   249779.120   249785.120   249937.120   250303.120
  1720:   250307.120   250637.120   250644.120   251271.740   251616.540
  1725:   251616.320   251616.330   251616.350   251616.240   251616.120
  1730:   251866.220   251866.230   251866.250   251866.340   251995.120
  1735:   252097.120   252229.120   252722.130   252835.120   252840.120
  1740:   252958.120   253407.120   254507.120   254511.120   254517.120
  1745:   254948.120   254956.120   255265.120   256343.130   256440.120
  1750:   256445.120   256996.130   257087.120   257244.120   257603.130
  1755:   257708.120   257718.120   257829.120   257966.740   258145.130
  1760:   258153.130   258273.540   258273.320   258273.330   258273.350
  1765:   258273.240   258273.120   258289.120   258523.220   258523.230
  1770:   258523.250   258523.340   258828.120   259506.120   259513.120
  1775:   259568.120   260040.120   260323.740   260521.540   260521.320
  1780:   260521.330   260521.350   260521.240   260521.120   260526.120
  1785:   260771.220   260771.230   260771.250   260771.340   260909.120
  1790:   261738.120   262119.120   262586.120   262671.740   262926.540
  1795:   262926.320   262926.330   262926.350   262926.240   262926.120
  1800:   262932.120   262937.120   263176.220   263176.230   263176.250
  1805:   263176.340   263597.120   263976.740   264103.540   264103.320
  1810:   264103.330   264103.350   264103.240   264103.120   264353.220
  1815:   264353.230   264353.250   264353.340   264487.120   264494.120
  1820:   265055.120   265061.120   265153.740   265555.130   265809.540
  1825:   265809.320   265809.330   265809.350   265809.240   265809.120
  1830:   266059.220   266059.230   266059.250   266059.340   266259.740
  1835:   266926.540   266926.320   266926.330   266926.350   266926.240
  1840:   266926.120   267176.220   267176.230   267176.250   267176.340
  1845:   267332.120   268086.120   268714.120   268719.120   268829.120
  1850:   269276.740   269449.540   269449.320   269449.330   269449.350
  1855:   269449.240   269449.120   269455.120   269699.220   269699.230
  1860:   269699.250   269699.340   269847.120   270333.120   270396.120
  1865:   270879.130   271019.120   271954.120   271961.120   272157.120
  1870:   272165.120   272582.120   272957.120   273043.120   273562.120
  1875:   274048.120   274134.120   274142.120   274391.120   274728.120
  1880:   275443.120   275858.120   276260.120   276352.120   276699.120
  1885:   277194.120   277760.120   277765.120   278070.120   278440.120
  1890:   278931.120   279220.120   279227.120   279578.120   280202.120
  1895:   280578.120   280584.120   280743.120   280750.120   281188.120
  1900:   281674.120   281680.120   282660.120   283264.840   283570.120
  1905:   283879.120   283883.120   284299.120   284304.120   284679.120
  1910:   284973.120   285228.640   285228.320   285228.330   285228.350
  1915:   285228.240   285228.130   285478.220   285478.230   285478.250
  1920:   285478.340   286364.120   286825.130   286934.120   287446.120
  1925:   287764.120   288110.120   288643.120   288647.120   288798.120
  1930:   289330.120   289744.120   290923.120   291273.130   291279.130
  1935:   291378.840   291394.120   291801.640   291801.320   291801.330
  1940:   291801.350   291801.240   291801.130   292051.220   292051.230
  1945:   292051.250   292051.340   293200.130   293299.740   293301.540
  1950:   293301.320   293301.330   293301.350   293301.240   293301.120
  1955:   293551.220   293551.230   293551.250   293551.340   293701.120
  1960:   294326.120   294355.120   294361.120   295874.120   295880.120
  1965:   296239.120   296451.740   296616.130   296719.540   296719.320
  1970:   296719.330   296719.350   296719.240   296719.120   296969.220
  1975:   296969.230   296969.250   296969.340   297743.130   297748.130
  1980:   298003.120   298669.740   299170.130   299303.540   299303.320
  1985:   299303.330   299303.350   299303.240   299303.120   299553.220
  1990:   299553.230   299553.250   299553.340   300472.120   302096.130
  1995:   302213.120   302606.130   302722.120   302729.120   303318.130
  2000:   303346.130   303468.120   303843.120   303992.120   304133.120
  2005:   304138.120   304736.120   305071.120   305444.130   305563.120
  2010:   305567.120   306953.740   306961.540   306961.320   306961.330
  2015:   306961.350   306961.240   306961.120   307211.220   307211.230
  2020:   307211.250   307211.340   307402.120   308139.130   308144.130
  2025:   308238.120   308266.120   308928.120   309211.740   309633.540
  2030:   309633.320   309633.330   309633.350   309633.240   309633.120
  2035:   309638.120   309883.220   309883.230   309883.250   309883.340
  2040:   310015.120   310906.120   311037.120   311492.120   311520.120
  2045:   311526.120   311533.120   312151.840   312157.120   312163.120
  2050:   312711.640   312711.320   312711.330   312711.350   312711.240
  2055:   312711.130   312716.130   312961.220   312961.230   312961.250
  2060:   312961.340   313238.120   314004.130   314116.120   314122.120
  2065:   314655.120   314883.740   315040.130   315047.130   316086.130
  2070:   316359.540   316359.320   316359.330   316359.350   316359.240
  2075:   316359.120   316365.120   316609.220   316609.230   316609.250
  2080:   316609.340   317009.740   317540.540   317540.320   317540.330
  2085:   317540.350   317540.240   317540.120   317790.220   317790.230
  2090:   317790.250   317790.340   318807.120   320437.120   320571.120
  2095:   321041.120   321045.120   321051.120   321594.130   321723.120
  2100:   322261.840   322706.640   322706.320   322706.330   322706.350
  2105:   322706.240   322706.130   322956.220   322956.230   322956.250
  2110:   322956.340   323717.120   323722.120   324476.120   324990.740
  2115:   324998.540   324998.320   324998.330   324998.350   324998.240
  2120:   324998.120   325248.220   325248.230   325248.250   325248.340
  2125:   326828.120   327848.740   328003.130   328129.540   328129.320
  2130:   328129.330   328129.350   328129.240   328129.120   328379.220
  2135:   328379.230   328379.250   328379.340   328679.740   329183.540
  2140:   329183.320   329183.330   329183.350   329183.240   329183.120
  2145:   329433.220   329433.230   329433.250   329433.340   330269.120
  2150:   330307.120   330678.120   330684.120   332033.120   332036.120
  2155:   332833.740   333060.540   333060.320   333060.330   333060.350
  2160:   333060.240   333060.120   333310.220   333310.230   333310.250
  2165:   333310.340   333453.120   335110.740   335321.540   335321.320
  2170:   335321.330   335321.350   335321.240   335321.120   335571.220
  2175:   335571.230   335571.250   335571.340   335722.120   336329.120
  2180:   336363.120   337077.120   337971.740   338138.540   338138.320
  2185:   338138.330   338138.350   338138.240   338138.120   338143.120
  2190:   338148.120   338388.220   338388.230   338388.250   338388.340
  2195:   338790.120   339488.740   340039.540   340039.320   340039.330
  2200:   340039.350   340039.240   340039.120   340289.220   340289.230
  2205:   340289.250   340289.340   340489.740   340544.540   340544.320
  2210:   340544.330   340544.350   340544.240   340544.120   340794.220
  2215:   340794.230   340794.250   340794.340   340957.120   340965.120
  2220:   341092.120   341594.740   342067.130   342244.540   342244.320
  2225:   342244.330   342244.350   342244.240   342244.120   342494.220
  2230:   342494.230   342494.250   342494.340   342756.120   342994.740
  2235:   343320.540   343320.320   343320.330   343320.350   343320.240
  2240:   343320.120   343570.220   343570.230   343570.250   343570.340
  2245:   343763.120   343911.120   344957.120   344963.120   344969.120
  2250:   345670.740   346078.540   346078.320   346078.330   346078.350
  2255:   346078.240   346078.120   346328.220   346328.230   346328.250
  2260:   346328.340   346693.120   346848.120   347285.120   347628.740
  2265:   349933.540   349933.320   349933.330   349933.350   349933.240
  2270:   349933.120   350183.220   350183.230   350183.250   350183.340
  2275:   351027.120   351383.740   351654.540   351654.320   351654.330
  2280:   351654.350   351654.240   351654.120   351904.220   351904.230
  2285:   351904.250   351904.340   352321.120   352388.120   352560.120
  2290:   352950.120   353446.120   354668.120   355204.740   355627.540
  2295:   355627.320   355627.330   355627.350   355627.240   355627.120
  2300:   355633.120   355877.220   355877.230   355877.250   355877.340
  2305:   356017.120   356568.120   357267.120   357664.120   358237.120
  2310:   358722.120   359135.120   359164.120   359577.740   360000.320
  2315:   360000.330   360000.350   360000.020
C:
     0:        0.000      932.000       57.000      124.000        8.000
     5:        0.000
D:
     0:        0.000        0.000
L:
     0:      400.000      400.000      400.000
M:
     0:     1200.000     1201.000     1202.000     1203.000     1204.000
     5:     1205.000     1206.000     1207.000     1208.000     1209.000
    10:     1210.000     1211.000     1212.000     1213.000     1214.000
    15:     1215.000     1216.000     1217.000     1218.000     1219.000
    20:     1220.000     1221.000     1222.000     1223.000     1224.000
    25:     1225.000     1226.000     1227.000     1228.000     1229.000
    30:     1230.000     1231.000     1232.000     1233.000     1234.000
    35:     1235.000     1236.000     1237.000     1238.000     1239.000
    40:     1240.000     1241.000     1242.000     1243.000     1244.000
    45:     1245.000     1246.000     1247.000     1248.000     1249.000
    50:     1250.000     1251.000     1252.000     1253.000     1254.000
    55:     1255.000     1256.000     1257.000     1258.000     1259.000
    60:     1260.000     1261.000     1262.000     1263.000     1264.000
    65:     1265.000     1266.000     1267.000     1268.000     1269.000
    70:     1270.000     1271.000     1272.000     1273.000     1274.000
    75:     1275.000     1276.000     1277.000     1278.000     1279.000
    80:     1280.000     1281.000     1282.000     1283.000     1284.000
    85:     1285.000     1286.000     1287.000     1288.000     1289.000
    90:     1290.000     1291.000     1292.000     1293.000     1294.000
    95:     1295.000     1296.000     1297.000     1298.000     1299.000
   100:     1300.000     1301.000     1302.000     1303.000     1304.000
   105:     1305.000     1306.000     1307.000     1308.000     1309.000
   110:     1310.000     1311.000     1312.000     1313.000     1314.000
   115:     1315.000     1316.000     1317.000     1318.000     1319.000
   120:     1320.000     1321.000     1322.000     1323.000     1324.000
   125:     1325.000     1326.000     1327.000     1328.000     1329.000
   130:     1330.000     1331.000     1332.000     1333.000     1334.000
   135:     1335.000     1336.000     1337.000     1338.000     1339.000
   140:     1340.000     1341.000     1342.000     1343.000     1344.000
   145:     1345.000     1346.000     1347.000     1348.000     1349.000
   150:     1350.000     1351.000     1352.000     1353.000     1354.000
   155:     1355.000     1356.000     1357.000     1358.000     1359.000
   160:     1360.000     1361.000     1362.000     1363.000     1364.000
   165:     1365.000     1366.000     1367.000     1368.000     1369.000
   170:     1370.000     1371.000     1372.000     1373.000     1374.000
   175:     1375.000     1376.000     1377.000     1378.000     1379.000
   180:     1380.000     1381.000     1382.000     1383.000     1384.000
   185:     1385.000     1386.000     1387.000     1388.000     1389.000
   190:     1390.000     1391.000     1392.000     1393.000     1394.000
   195:     1395.000     1396.000     1397.000     1398.000     1399.000
   200:     1400.000     1401.000     1402.000     1403.000     1404.000
   205:     1405.000     1406.000     1407.000     1408.000     1409.000
   210:     1410.000     1411.000     1412.000     1413.000     1414.000
   215:     1415.000     1416.000     1417.000     1418.000     1419.000
   220:     1420.000     1421.000     1422.000     1423.000     1424.000
   225:     1425.000     1426.000     1427.000     1428.000     1429.000
   230:     1430.000     1431.000     1432.000     1433.000     1434.000
   235:     1435.000     1436.000     1437.000     1438.000     1439.000
   240:     1440.000     1441.000     1442.000     1443.000     1444.000
   245:     1445.000     1446.000     1447.000     1448.000     1449.000
   250:     1450.000     1451.000     1452.000     1453.000     1454.000
   255:     1455.000     1456.000     1457.000     1458.000     1459.000
   260:     1460.000     1461.000     1462.000     1463.000     1464.000
   265:     1465.000     1466.000     1467.000     1468.000     1469.000
   270:     1470.000     1471.000     1472.000     1473.000     1474.000
   275:     1475.000     1476.000     1477.000     1478.000     1479.000
   280:     1480.000     1481.000     1482.000     1483.000     1484.000
   285:     1485.000     1486.000     1487.000     1488.000     1489.000
   290:     1490.000     1491.000     1492.000     1493.000     1494.000
   295:     1495.000     1496.000     1497.000     1498.000     1499.000
   300:     1500.000     1501.000     1502.000     1503.000     1504.000
   305:     1505.000     1506.000     1507.000     1508.000     1509.000
   310:     1510.000     1511.000     1512.000     1513.000     1514.000
   315:     1515.000     1516.000     1517.000     1518.000     1519.000
   320:     1520.000     1521.000     1522.000     1523.000     1524.000
   325:     1525.000     1526.000     1527.000     1528.000     1529.000
   330:     1530.000     1531.000     1532.000     1533.000     1534.000
   335:     1535.000     1536.000     1537.000     1538.000     1539.000
   340:     1540.000     1541.000     1542.000     1543.000     1544.000
   345:     1545.000     1546.000     1547.000     1548.000     1549.000
   350:     1550.000     1551.000     1552.000     1553.000     1554.000
   355:     1555.000     1556.000     1557.000     1558.000     1559.000
   360:     1560.000     1561.000     1562.000     1563.000     1564.000
   365:     1565.000     1566.000     1567.000     1568.000     1569.000
   370:     1570.000     1571.000     1572.000     1573.000     1574.000
   375:     1575.000     1576.000     1577.000     1578.000     1579.000
   380:     1580.000     1581.000     1582.000     1583.000     1584.000
   385:     1585.000     1586.000     1587.000     1588.000     1589.000
   390:     1590.000     1591.000     1592.000     1593.000     1594.000
   395:     1595.000     1596.000     1597.000     1598.000     1599.000
   400:     1600.000     1601.000     1602.000     1603.000     1604.000
   405:     1605.000     1606.000     1607.000     1608.000     1609.000
   410:     1610.000     1611.000     1612.000     1613.000     1614.000
   415:     1615.000     1616.000     1617.000     1618.000     1619.000
   420:     1620.000     1621.000     1622.000     1623.000     1624.000
   425:     1625.000     1626.000     1627.000     1628.000     1629.000
   430:     1630.000     1631.000     1632.000     1633.000     1634.000
   435:     1635.000     1636.000     1637.000     1638.000     1639.000
   440:     1640.000     1641.000     1642.000     1643.000     1644.000
   445:     1645.000     1646.000     1647.000     1648.000     1649.000
   450:     1650.000     1651.000     1652.000     1653.000     1654.000
   455:     1655.000     1656.000     1657.000     1658.000     1659.000
   460:     1660.000     1661.000     1662.000     1663.000     1664.000
   465:     1665.000     1666.000     1667.000     1668.000     1669.000
   470:     1670.000     1671.000     1672.000     1673.000     1674.000
   475:     1675.000     1676.000     1677.000     1678.000     1679.000
   480:     1680.000     1681.000     1682.000     1683.000     1684.000
   485:     1685.000     1686.000     1687.000     1688.000     1689.000
   490:     1690.000     1691.000     1692.000     1693.000     1694.000
   495:     1695.000     1696.000     1697.000     1698.000     1699.000
   500:     1700.000     1701.000     1702.000     1703.000     1704.000
   505:     1705.000     1706.000     1707.000     1708.000     1709.000
   510:     1710.000     1711.000     1712.000     1713.000     1714.000
   515:     1715.000     1716.000     1717.000     1718.000     1719.000
   520:     1720.000     1721.000     1722.000     1723.000     1724.000
   525:     1725.000     1726.000     1727.000     1728.000     1729.000
   530:     1730.000     1731.000     1732.000     1733.000     1734.000
   535:     1735.000     1736.000     1737.000     1738.000     1739.000
   540:     1740.000     1741.000     1742.000     1743.000     1744.000
   545:     1745.000     1746.000     1747.000     1748.000     1749.000
   550:     1750.000     1751.000     1752.000     1753.000     1754.000
   555:     1755.000     1756.000     1757.000     1758.000     1759.000
   560:     1760.000     1761.000     1762.000     1763.000     1764.000
   565:     1765.000     1766.000     1767.000     1768.000     1769.000
   570:     1770.000     1771.000     1772.000     1773.000     1774.000
   575:     1775.000     1776.000     1777.000     1778.000     1779.000
   580:     1780.000     1781.000     1782.000     1783.000     1784.000
   585:     1785.000     1786.000     1787.000     1788.000     1789.000
   590:     1790.000     1791.000     1792.000     1793.000     1794.000
   595:     1795.000     1796.000     1797.000     1798.000     1799.000
   600:     1800.000     1801.000     1802.000     1803.000     1804.000
   605:     1805.000     1806.000     1807.000     1808.000     1809.000
   610:     1810.000     1811.000     1812.000     1813.000     1814.000
   615:     1815.000     1816.000     1817.000     1818.000     1819.000
   620:     1820.000     1821.000     1822.000     1823.000     1824.000
   625:     1825.000     1826.000     1827.000     1828.000     1829.000
   630:     1830.000     1831.000     1832.000     1833.000     1834.000
   635:     1835.000     1836.000     1837.000     1838.000     1839.000
   640:     1840.000     1841.000     1842.000     1843.000     1844.000
   645:     1845.000     1846.000     1847.000     1848.000     1849.000
   650:     1850.000     1851.000     1852.000     1853.000     1854.000
   655:     1855.000     1856.000     1857.000     1858.000     1859.000
   660:     1860.000     1861.000     1862.000     1863.000     1864.000
   665:     1865.000     1866.000     1867.000     1868.000     1869.000
   670:     1870.000     1871.000     1872.000     1873.000     1874.000
   675:     1875.000     1876.000     1877.000     1878.000     1879.000
   680:     1880.000     1881.000     1882.000     1883.000     1884.000
   685:     1885.000     1886.000     1887.000     1888.000     1889.000
   690:     1890.000     1891.000     1892.000     1893.000     1894.000
   695:     1895.000     1896.000     1897.000     1898.000     1899.000
   700:     1900.000     1901.000     1902.000     1903.000     1904.000
   705:     1905.000     1906.000     1907.000     1908.000     1909.000
   710:     1910.000     1911.000     1912.000     1913.000     1914.000
   715:     1915.000     1916.000     1917.000     1918.000     1919.000
   720:     1920.000     1921.000     1922.000     1923.000     1924.000
   725:     1925.000     1926.000     1927.000     1928.000     1929.000
   730:     1930.000     1931.000     1932.000     1933.000     1934.000
   735:     1935.000     1936.000     1937.000     1938.000     1939.000
   740:     1940.000     1941.000     1942.000     1943.000     1944.000
   745:     1945.000     1946.000     1947.000     1948.000     1949.000
   750:     1950.000     1951.000     1952.000     1953.000     1954.000
   755:     1955.000     1956.000     1957.000     1958.000     1959.000
   760:     1960.000     1961.000     1962.000     1963.000     1964.000
   765:     1965.000     1966.000     1967.000     1968.000     1969.000
   770:     1970.000     1971.000     1972.000     1973.000     1974.000
   775:     1975.000     1976.000     1977.000     1978.000     1979.000
   780:     1980.000     1981.000     1982.000     1983.000     1984.000
   785:     1985.000     1986.000     1987.000     1988.000     1989.000
   790:     1990.000     1991.000     1992.000     1993.000     1994.000
   795:     1995.000     1996.000     1997.000     1998.000     1999.000
   800:     2000.000     2001.000     2002.000     2003.000     2004.000
   805:     2005.000     2006.000     2007.000     2008.000     2009.000
   810:     2010.000     2011.000     2012.000     2013.000     2014.000
   815:     2015.000     2016.000     2017.000     2018.000     2019.000
   820:     2020.000     2021.000     2022.000     2023.000     2024.000
   825:     2025.000     2026.000     2027.000     2028.000     2029.000
   830:     2030.000     2031.000     2032.000     2033.000     2034.000
   835:     2035.000     2036.000     2037.000     2038.000     2039.000
   840:     2040.000     2041.000     2042.000     2043.000     2044.000
   845:     2045.000     2046.000     2047.000     2048.000     2049.000
   850:     2050.000     2051.000     2052.000     2053.000     2054.000
   855:     2055.000     2056.000     2057.000     2058.000     2059.000
   860:     2060.000     2061.000     2062.000     2063.000     2064.000
   865:     2065.000     2066.000     2067.000     2068.000     2069.000
   870:     2070.000     2071.000     2072.000     2073.000     2074.000
   875:     2075.000     2076.000     2077.000     2078.000     2079.000
   880:     2080.000     2081.000     2082.000     2083.000     2084.000
   885:     2085.000     2086.000     2087.000     2088.000     2089.000
   890:     2090.000     2091.000     2092.000     2093.000     2094.000
   895:     2095.000     2096.000     2097.000     2098.000     2099.000
   900:     2100.000     2101.000     2102.000     2103.000     2104.000
   905:     2105.000     2106.000     2107.000     2108.000     2109.000
   910:     2110.000     2111.000     2112.000     2113.000     2114.000
   915:     2115.000     2116.000     2117.000     2118.000     2119.000
   920:     2120.000     2121.000     2122.000     2123.000     2124.000
   925:     2125.000     2126.000     2127.000     2128.000     2129.000
   930:     2130.000     2131.000     2132.000     2133.000     2134.000
   935:     2135.000     2136.000     2137.000     2138.000     2139.000
   940:     2140.000     2141.000     2142.000     2143.000     2144.000
   945:     2145.000     2146.000     2147.000     2148.000     2149.000
   950:     2150.000     2151.000     2152.000     2153.000     2154.000
   955:     2155.000     2156.000     2157.000     2158.000     2159.000
   960:     2160.000     2161.000     2162.000     2163.000     2164.000
   965:     2165.000     2166.000     2167.000     2168.000     2169.000
   970:     2170.000     2171.000     2172.000     2173.000     2174.000
   975:     2175.000     2176.000     2177.000     2178.000     2179.000
   980:     2180.000     2181.000     2182.000     2183.000     2184.000
   985:     2185.000     2186.000     2187.000     2188.000     2189.000
   990:     2190.000     2191.000     2192.000     2193.000     2194.000
   995:     2195.000     2196.000     2197.000     2198.000     2199.000
  1000:     2200.000     2201.000     2202.000     2203.000     2204.000
  1005:     2205.000     2206.000     2207.000     2208.000     2209.000
  1010:     2210.000     2211.000     2212.000     2213.000     2214.000
  1015:     2215.000     2216.000     2217.000     2218.000     2219.000
  1020:     2220.000     2221.000     2222.000     2223.000     2224.000
  1025:     2225.000     2226.000     2227.000     2228.000     2229.000
  1030:     2230.000     2231.000     2232.000     2233.000     2234.000
  1035:     2235.000     2236.000     2237.000     2238.000     2239.000
  1040:     2240.000     2241.000     2242.000     2243.000     2244.000
  1045:     2245.000     2246.000     2247.000     2248.000     2249.000
  1050:     2250.000     2251.000     2252.000     2253.000     2254.000
  1055:     2255.000     2256.000     2257.000     2258.000     2259.000
  1060:     2260.000     2261.000     2262.000     2263.000     2264.000
  1065:     2265.000     2266.000     2267.000     2268.000     2269.000
  1070:     2270.000     2271.000     2272.000     2273.000     2274.000
  1075:     2275.000     2276.000     2277.000     2278.000     2279.000
  1080:     2280.000     2281.000     2282.000     2283.000     2284.000
  1085:     2285.000     2286.000     2287.000     2288.000     2289.000
  1090:     2290.000     2291.000     2292.000     2293.000     2294.000
  1095:     2295.000     2296.000     2297.000     2298.000     2299.000
  1100:     2300.000     2301.000     2302.000     2303.000     2304.000
  1105:     2305.000     2306.000     2307.000     2308.000     2309.000
  1110:     2310.000     2311.000     2312.000     2313.000     2314.000
  1115:     2315.000     2316.000     2317.000     2318.000     2319.000
  1120:     2320.000     2321.000     2322.000     2323.000     2324.000
  1125:     2325.000     2326.000     2327.000     2328.000     2329.000
  1130:     2330.000     2331.000     2332.000     2333.000     2334.000
  1135:     2335.000     2336.000     2337.000     2338.000     2339.000
  1140:     2340.000     2341.000     2342.000     2343.000     2344.000
  1145:     2345.000     2346.000     2347.000     2348.000     2349.000
  1150:     2350.000     2351.000     2352.000     2353.000     2354.000
  1155:     2355.000     2356.000     2357.000     2358.000     2359.000
  1160:     2360.000     2361.000     2362.000     2363.000     2364.000
  1165:     2365.000     2366.000     2367.000     2368.000     2369.000
  1170:     2370.000     2371.000     2372.000     2373.000     2374.000
  1175:     2375.000     2376.000     2377.000     2378.000     2379.000
  1180:     2380.000     2381.000     2382.000     2383.000     2384.000
  1185:     2385.000     2386.000     2387.000     2388.000     2389.000
  1190:     2390.000     2391.000     2392.000     2393.000     2394.000
  1195:     2395.000     2396.000     2397.000     2398.000     2399.000
  1200:     2400.000
N:
     0:     2700.000     2701.000     2702.000     2703.000     2704.000
     5:     2705.000     2706.000     2707.000     2708.000     2709.000
    10:     2710.000     2711.000     2712.000     2713.000     2714.000
    15:     2715.000     2716.000     2717.000     2718.000     2719.000
    20:     2720.000     2721.000     2722.000     2723.000     2724.000
    25:     2725.000     2726.000     2727.000     2728.000     2729.000
    30:     2730.000     2731.000     2732.000     2733.000     2734.000
    35:     2735.000     2736.000     2737.000     2738.000     2739.000
    40:     2740.000     2741.000     2742.000     2743.000     2744.000
    45:     2745.000     2746.000     2747.000     2748.000     2749.000
    50:     2750.000     2751.000     2752.000     2753.000     2754.000
    55:     2755.000     2756.000     2757.000     2758.000     2759.000
    60:     2760.000     2761.000     2762.000     2763.000     2764.000
    65:     2765.000     2766.000     2767.000     2768.000     2769.000
    70:     2770.000     2771.000     2772.000     2773.000     2774.000
    75:     2775.000     2776.000     2777.000     2778.000     2779.000
    80:     2780.000     2781.000     2782.000     2783.000     2784.000
    85:     2785.000     2786.000     2787.000     2788.000     2789.000
    90:     2790.000     2791.000     2792.000     2793.000     2794.000
    95:     2795.000     2796.000     2797.000     2798.000     2799.000
   100:     2800.000     2801.000     2802.000     2803.000     2804.000
   105:     2805.000     2806.000     2807.000     2808.000     2809.000
   110:     2810.000     2811.000     2812.000     2813.000     2814.000
   115:     2815.000     2816.000     2817.000     2818.000     2819.000
   120:     2820.000     2821.000     2822.000     2823.000     2824.000
   125:     2825.000     2826.000     2827.000     2828.000     2829.000
   130:     2830.000     2831.000     2832.000     2833.000     2834.000
   135:     2835.000     2836.000     2837.000     2838.000     2839.000
   140:     2840.000     2841.000     2842.000     2843.000     2844.000
   145:     2845.000     2846.000     2847.000     2848.000     2849.000
   150:     2850.000     2851.000     2852.000     2853.000     2854.000
   155:     2855.000     2856.000     2857.000     2858.000     2859.000
   160:     2860.000     2861.000     2862.000     2863.000     2864.000
   165:     2865.000     2866.000     2867.000     2868.000     2869.000
   170:     2870.000     2871.000     2872.000     2873.000     2874.000
   175:     2875.000     2876.000     2877.000     2878.000     2879.000
   180:     2880.000     2881.000     2882.000     2883.000     2884.000
   185:     2885.000     2886.000     2887.000     2888.000     2889.000
   190:     2890.000     2891.000     2892.000     2893.000     2894.000
   195:     2895.000     2896.000     2897.000     2898.000     2899.000
   200:     2900.000     2901.000     2902.000     2903.000     2904.000
   205:     2905.000     2906.000     2907.000     2908.000     2909.000
   210:     2910.000     2911.000     2912.000     2913.000     2914.000
   215:     2915.000     2916.000     2917.000     2918.000     2919.000
   220:     2920.000     2921.000     2922.000     2923.000     2924.000
   225:     2925.000     2926.000     2927.000     2928.000     2929.000
   230:     2930.000     2931.000     2932.000     2933.000     2934.000
   235:     2935.000     2936.000     2937.000     2938.000     2939.000
   240:     2940.000     2941.000     2942.000     2943.000     2944.000
   245:     2945.000     2946.000     2947.000     2948.000     2949.000
   250:     2950.000     2951.000     2952.000     2953.000     2954.000
   255:     2955.000     2956.000     2957.000     2958.000     2959.000
   260:     2960.000     2961.000     2962.000     2963.000     2964.000
   265:     2965.000     2966.000     2967.000     2968.000     2969.000
   270:     2970.000     2971.000     2972.000     2973.000     2974.000
   275:     2975.000     2976.000     2977.000     2978.000     2979.000
   280:     2980.000     2981.000     2982.000     2983.000     2984.000
   285:     2985.000     2986.000     2987.000     2988.000     2989.000
   290:     2990.000     2991.000     2992.000     2993.000     2994.000
   295:     2995.000     2996.000     2997.000     2998.000     2999.000
   300:     3000.000
R:
     0:       44.000       44.000       44.000
V:
     0:     1531.000     2908.000
W:
     0:     1531.000     2908.000
