File: C:\MED-PC IV\DATA\p138_s44_japede


Start Date: 08/09/17
End Date: 08/09/17
Subject: p138
Experiment: 0
Group: 0
Box: 8
Start Time: 16:10:30
End Time: 17:10:47
MSN: japede_L_90_90_90_R_30_30_30
B:       0.000
E:    3200.000
F:       0.000
G:       0.000
H:       0.000
I:       1.000
J:       1.000
K:       0.000
O:       0.000
P:       0.000
Q:       0.000
S:  360000.000
T:  360000.000
U:       0.000
X:       0.000
Y:       0.000
Z:       0.000
A:
     0:        0.010        0.250        0.220        0.230     1992.130
     5:     2024.130     2785.120     2793.120     3195.120     3417.130
    10:     3936.130     3943.130     4081.120     4828.130     4872.130
    15:     5179.130     5686.130     5991.130     6163.130     6664.130
    20:     7003.120     7211.120     7220.120     7475.120     7484.120
    25:     8258.130     8265.130     8292.130     8299.130     8473.120
    30:     8660.130     8996.130     8999.840     9033.640     9033.320
    35:     9033.330     9033.350     9033.240     9033.130     9283.220
    40:     9283.230     9283.250     9283.340     9514.130     9522.130
    45:     9655.120     9846.130     9983.840    10182.640    10182.320
    50:    10182.330    10182.350    10182.240    10182.130    10432.220
    55:    10432.230    10432.250    10432.340    10636.130    10668.130
    60:    10836.130    10843.130    10957.120    10962.120    11119.130
    65:    11759.130    11798.130    11805.130    11935.120    11941.120
    70:    12091.130    12313.130    12587.130    12880.130    12909.130
    75:    12917.130    13048.120    13265.130    13797.130    13804.130
    80:    13902.120    14088.130    14094.130    14199.740    14285.130
    85:    14292.130    14389.540    14389.320    14389.330    14389.350
    90:    14389.240    14389.120    14639.220    14639.230    14639.250
    95:    14639.340    14866.130    14968.120    15047.120    15243.120
   100:    15415.130    15944.120    15984.120    16012.120    16052.120
   105:    16132.840    16236.640    16236.320    16236.330    16236.350
   110:    16236.240    16236.130    16486.220    16486.230    16486.250
   115:    16486.340    16832.130    16953.120    17144.130    17152.130
   120:    17401.130    17411.130    17523.120    17531.120    17675.130
   125:    17682.130    17743.130    17847.120    17853.120    18072.130
   130:    18081.130    18438.130    18462.130    18582.120    18590.120
   135:    18826.130    18943.120    18950.120    19041.120    19226.130
   140:    19232.130    19336.120    19592.130    20175.130    20332.130
   145:    20338.130    20463.120    20537.120    20686.840    20870.120
   150:    21139.740    21154.640    21154.320    21154.330    21154.350
   155:    21154.240    21154.130    21404.220    21404.230    21404.250
   160:    21404.340    21707.130    21765.130    21875.540    21875.320
   165:    21875.330    21875.350    21875.240    21875.120    21882.120
   170:    21888.120    22125.220    22125.230    22125.250    22125.340
   175:    22414.130    22420.130    22517.120    22525.120    22804.840
   180:    22861.640    22861.320    22861.330    22861.350    22861.240
   185:    22861.130    22866.130    23111.220    23111.230    23111.250
   190:    23111.340    23410.130    23504.120    23885.120    24225.740
   195:    24227.540    24227.320    24227.330    24227.350    24227.240
   200:    24227.120    24477.220    24477.230    24477.250    24477.340
   205:    24692.130    24863.120    24871.120    25060.130    25068.130
   210:    25168.120    25175.120    25321.130    25329.130    25756.130
   215:    25864.120    25868.120    26011.840    26022.640    26022.320
   220:    26022.330    26022.350    26022.240    26022.130    26029.130
   225:    26036.130    26272.220    26272.230    26272.250    26272.340
   230:    26521.130    27077.740    27215.540    27215.320    27215.330
   235:    27215.350    27215.240    27215.120    27465.220    27465.230
   240:    27465.250    27465.340    27777.130    27786.130    27886.120
   245:    28228.120    28234.120    28406.130    28813.120    28846.120
   250:    29010.130    29128.120    29298.130    29326.130    29355.130
   255:    29418.130    29425.130    29518.120    29735.130    29744.130
   260:    29826.120    30556.130    30590.130    30597.130    30700.120
   265:    30850.130    31023.130    31030.130    31060.130    31277.130
   270:    31296.130    31362.130    31472.840    31967.120    32136.640
   275:    32136.320    32136.330    32136.350    32136.240    32136.130
   280:    32386.220    32386.230    32386.250    32386.340    32610.130
   285:    32637.130    32686.840    33011.120    33050.120    33223.640
   290:    33223.320    33223.330    33223.350    33223.240    33223.130
   295:    33473.220    33473.230    33473.250    33473.340    33708.130
   300:    33765.740    33820.540    33820.320    33820.330    33820.350
   305:    33820.240    33820.120    33829.120    33836.120    34070.220
   310:    34070.230    34070.250    34070.340    34333.130    34427.120
   315:    34436.120    34642.130    34650.130    35066.120    35211.130
   320:    35240.130    35272.130    35304.130    35311.130    35411.120
   325:    35417.120    35509.120    35517.120    35943.120    36173.130
   330:    36607.120    36879.130    36988.120    36995.120    37210.130
   335:    37316.120    37322.120    37565.130    37570.740    38021.540
   340:    38021.320    38021.330    38021.350    38021.240    38021.120
   345:    38037.120    38271.220    38271.230    38271.250    38271.340
   350:    38491.120    38635.130    38670.130    38673.840    38983.640
   355:    38983.320    38983.330    38983.350    38983.240    38983.130
   360:    39233.220    39233.230    39233.250    39233.340    39451.130
   365:    39457.130    39730.130    40142.120    40309.130    40425.120
   370:    40430.120    40989.130    41040.130    41046.130    41145.120
   375:    41407.120    41414.120    41598.130    41605.130    41847.130
   380:    41948.120    41956.120    42127.130    42134.130    42224.120
   385:    42385.130    42490.130    42557.130    42852.130    43143.130
   390:    43261.120    43265.120    43418.130    43503.130    43994.120
   395:    44002.120    44193.130    44511.130    44961.120    44971.120
   400:    45064.120    45241.130    45248.130    45271.740    45360.540
   405:    45360.320    45360.330    45360.350    45360.240    45360.120
   410:    45610.220    45610.230    45610.250    45610.340    45793.130
   415:    45822.130    45849.130    45942.120    45948.120    46380.120
   420:    46390.120    46510.130    46578.130    46687.120    46864.130
   425:    46975.120    46981.120    47433.840    47532.640    47532.320
   430:    47532.330    47532.350    47532.240    47532.130    47782.220
   435:    47782.230    47782.250    47782.340    48089.130    48222.120
   440:    48431.130    48688.130    48882.840    48929.640    48929.320
   445:    48929.330    48929.350    48929.240    48929.130    48935.130
   450:    49179.220    49179.230    49179.250    49179.340    49428.130
   455:    49435.130    49527.120    49719.130    49724.130    49979.840
   460:    50220.640    50220.320    50220.330    50220.350    50220.240
   465:    50220.130    50470.220    50470.230    50470.250    50470.340
   470:    50722.130    50861.130    51126.130    51220.120    51342.130
   475:    51653.130    51682.130    51773.120    51780.120    51959.130
   480:    51965.130    52144.130    52258.120    52264.120    52763.130
   485:    53059.130    53196.120    53202.120    53474.130    53478.130
   490:    53592.120    53749.130    53755.130    54104.120    54110.120
   495:    54270.840    54600.640    54600.320    54600.330    54600.350
   500:    54600.240    54600.130    54850.220    54850.230    54850.250
   505:    54850.340    55134.130    55140.130    55250.840    55608.640
   510:    55608.320    55608.330    55608.350    55608.240    55608.130
   515:    55710.740    55858.220    55858.230    55858.250    55858.340
   520:    56044.130    56074.130    56275.130    56398.540    56398.320
   525:    56398.330    56398.350    56398.240    56398.120    56648.220
   530:    56648.230    56648.250    56648.340    56858.840    56911.640
   535:    56911.320    56911.330    56911.350    56911.240    56911.130
   540:    56918.130    57161.220    57161.230    57161.250    57161.340
   545:    57447.130    57455.130    57561.120    57702.130    58054.120
   550:    58212.130    58220.130    58379.130    58386.130    58597.130
   555:    58729.130    59023.130    59448.740    59535.130    59630.540
   560:    59630.320    59630.330    59630.350    59630.240    59630.120
   565:    59761.840    59880.220    59880.230    59880.250    59880.340
   570:    60088.640    60088.320    60088.330    60088.350    60088.240
   575:    60088.130    60096.130    60338.220    60338.230    60338.250
   580:    60338.340    60524.130    60553.130    60580.740    60647.540
   585:    60647.320    60647.330    60647.350    60647.240    60647.120
   590:    60654.120    60663.120    60897.220    60897.230    60897.250
   595:    60897.340    61176.130    61183.130    61285.120    61443.130
   600:    61449.130    62045.130    62052.130    62339.130    62651.120
   605:    62815.130    62821.130    62944.130    63208.130    63313.120
   610:    63447.130    63454.130    63678.130    63795.120    63800.120
   615:    63961.130    64187.130    64282.120    64578.130    64836.130
   620:    64842.130    64935.120    65617.120    66094.130    66102.130
   625:    66452.130    66460.130    66992.130    67097.740    67104.540
   630:    67104.320    67104.330    67104.350    67104.240    67104.120
   635:    67111.120    67354.220    67354.230    67354.250    67354.340
   640:    67557.130    67587.130    67697.120    67706.120    67880.130
   645:    67910.130    67917.130    68144.130    68150.130    68264.120
   650:    68457.130    68538.840    68767.120    68774.120    68968.640
   655:    68968.320    68968.330    68968.350    68968.240    68968.130
   660:    68985.130    69218.220    69218.230    69218.250    69218.340
   665:    69410.130    69475.130    69568.120    69966.130    69973.130
   670:    70252.130    70259.130    70452.130    71183.130    71190.130
   675:    71904.130    72593.130    72833.130    72839.130    73237.130
   680:    73354.120    73361.120    73523.130    73908.130    73915.130
   685:    74141.130    74418.840    74556.120    74930.640    74930.320
   690:    74930.330    74930.350    74930.240    74930.130    75180.220
   695:    75180.230    75180.250    75180.340    75395.130    75510.120
   700:    75715.130    75723.130    75832.120    76241.130    76269.130
   705:    76369.120    76507.130    76514.130    76797.120    76803.120
   710:    77011.130    77272.130    77558.130    77680.840    77719.640
   715:    77719.320    77719.330    77719.350    77719.240    77719.130
   720:    77726.130    77969.220    77969.230    77969.250    77969.340
   725:    78236.130    78344.120    78604.130    78854.740    78872.130
   730:    78879.130    79036.130    79136.540    79136.320    79136.330
   735:    79136.350    79136.240    79136.120    79142.120    79386.220
   740:    79386.230    79386.250    79386.340    79588.130    79616.130
   745:    79624.130    79722.120    79894.130    80130.130    80162.130
   750:    80168.130    80452.120    80459.120    80602.130    80666.130
   755:    80891.130    81192.130    81653.130    81927.120    82090.120
   760:    82260.130    82291.130    82418.130    82556.130    82565.130
   765:    82586.740    82674.540    82674.320    82674.330    82674.350
   770:    82674.240    82674.120    82924.220    82924.230    82924.250
   775:    82924.340    83254.130    83261.130    83586.130    83593.130
   780:    83959.130    84076.120    84084.120    84248.120    84350.130
   785:    84420.130    84457.130    84781.130    84844.130    84852.130
   790:    84963.120    85301.120    85479.120    85486.120    85710.130
   795:    86069.840    86314.640    86314.320    86314.330    86314.350
   800:    86314.240    86314.130    86564.220    86564.230    86564.250
   805:    86564.340    86829.130    86837.130    86955.120    86967.120
   810:    87172.130    87364.120    87372.120    87566.130    87574.130
   815:    87764.840    88047.640    88047.320    88047.330    88047.350
   820:    88047.240    88047.130    88055.130    88063.130    88297.220
   825:    88297.230    88297.250    88297.340    88497.130    88504.130
   830:    88754.130    89049.130    89296.130    89303.130    89421.120
   835:    89649.130    89657.130    89759.120    90121.120    90127.120
   840:    90334.130    90495.130    90501.130    91011.120    91238.130
   845:    91558.130    91808.130    91907.130    91915.130    92066.120
   850:    92249.130    92257.130    92508.130    92603.120    92731.130
   855:    92797.130    93044.120    93194.130    93765.130    93851.120
   860:    94019.130    94050.130    94130.120    94288.130    94548.120
   865:    94709.130    95361.120    95512.130    95793.130    95915.120
   870:    96158.130    96464.130    96576.120    96583.120    97305.130
   875:    97563.130    97670.120    97901.130    98186.130    98721.120
   880:    98728.120    98836.130    98870.130    99161.120    99170.120
   885:    99346.130    99352.130    99622.120   100099.120   100263.130
   890:   100724.740   101033.130   101319.130   101327.130   101690.540
   895:   101690.320   101690.330   101690.350   101690.240   101690.120
   900:   101695.120   101702.120   101940.220   101940.230   101940.250
   905:   101940.340   102138.130   102242.120   102249.120   102413.130
   910:   102702.120   102824.130   103276.130   103283.130   103656.130
   915:   103663.130   103766.120   103772.120   103968.130   104248.130
   920:   104255.130   104364.120   104369.120   104580.130   105002.120
   925:   105223.130   105336.120   105344.120   105488.130   105795.120
   930:   105950.130   106251.120   106793.130   107035.120   107328.130
   935:   107444.120   107595.130   107597.840   107603.640   107603.320
   940:   107603.330   107603.350   107603.240   107603.130   107853.220
   945:   107853.230   107853.250   107853.340   108056.130   108087.130
   950:   108094.130   108329.130   108429.120   108628.130   108635.130
   955:   109004.130   109114.120   109122.120   109241.130   109305.130
   960:   109314.130   109597.130   109606.130   109715.120   109852.130
   965:   109853.840   109917.640   109917.320   109917.330   109917.350
   970:   109917.240   109917.130   109924.130   110167.220   110167.230
   975:   110167.250   110167.340   110304.130   110365.130   110374.130
   980:   110626.120   110632.120   110761.130   110795.130   110803.130
   985:   111083.120   111209.130   111240.130   111248.130   111537.130
   990:   111544.130   111654.120   111667.840   111779.640   111779.320
   995:   111779.330   111779.350   111779.240   111779.130   111786.130
  1000:   112029.220   112029.230   112029.250   112029.340   112575.130
  1005:   112843.130   112850.130   113124.120   113131.120   113282.130
  1010:   113616.130   113624.130   113724.120   113730.120   114113.130
  1015:   114209.120   114216.120   114342.130   114374.130   114404.130
  1020:   114413.130   114644.130   114671.130   114729.840   114765.120
  1025:   114774.120   114970.640   114970.320   114970.330   114970.350
  1030:   114970.240   114970.130   115220.220   115220.230   115220.250
  1035:   115220.340   115415.130   115694.120   115920.840   115922.640
  1040:   115922.320   115922.330   115922.350   115922.240   115922.130
  1045:   115928.130   116172.220   116172.230   116172.250   116172.340
  1050:   116389.130   116419.130   116517.120   116526.120   116649.130
  1055:   117042.130   117107.130   117113.130   117345.130   117435.120
  1060:   117472.840   117559.640   117559.320   117559.330   117559.350
  1065:   117559.240   117559.130   117565.130   117572.130   117809.220
  1070:   117809.230   117809.250   117809.340   117984.130   118201.130
  1075:   118209.130   118430.120   118435.120   118546.130   118610.130
  1080:   118836.120   119043.130   119077.130   119084.130   119388.120
  1085:   119603.130   119611.130   119928.120   120105.130   120372.130
  1090:   120473.120   120478.120   120667.130   120673.130   120951.120
  1095:   120956.120   121090.130   121109.840   121160.640   121160.320
  1100:   121160.330   121160.350   121160.240   121160.130   121410.220
  1105:   121410.230   121410.250   121410.340   121654.130   121662.130
  1110:   121769.130   121810.840   122051.120   122057.120   122187.640
  1115:   122187.320   122187.330   122187.350   122187.240   122187.130
  1120:   122437.220   122437.230   122437.250   122437.340   122615.130
  1125:   122643.130   122652.130   122906.130   123019.120   123026.120
  1130:   123152.130   123346.130   123438.120   123444.120   123560.130
  1135:   123567.130   123633.130   123879.130   123990.120   124113.130
  1140:   124178.130   124186.130   124390.130   124450.130   124677.130
  1145:   124685.130   124881.130   124983.120   125100.130   125108.130
  1150:   125376.130   125595.130   125656.130   125662.130   125913.130
  1155:   125979.130   126413.130   126632.130   126881.130   127139.120
  1160:   127148.120   127321.130   127328.130   127632.120   127813.130
  1165:   127888.130   128083.130   128172.120   128178.120   128302.130
  1170:   128362.130   128370.130   128652.120   128661.120   128810.130
  1175:   128818.130   129029.130   129288.130   129320.130   129352.130
  1180:   129584.130   129682.120   129806.130   129871.130   130327.120
  1185:   130334.120   130473.130   130535.130   130798.130   130869.130
  1190:   131037.840   131123.640   131123.320   131123.330   131123.350
  1195:   131123.240   131123.130   131373.220   131373.230   131373.250
  1200:   131373.340   131625.120   131729.130   131764.130   131979.130
  1205:   132037.130   132244.130   132273.840   132636.640   132636.320
  1210:   132636.330   132636.350   132636.240   132636.130   132653.130
  1215:   132886.220   132886.230   132886.250   132886.340   133130.130
  1220:   133138.130   133513.130   133544.130   133579.130   133588.130
  1225:   133699.120   133834.130   133865.130   134165.130   134172.130
  1230:   134348.130   134379.130   134386.130   134632.130   134694.130
  1235:   134702.130   135174.130   135271.120   135381.130   135706.130
  1240:   135713.130   135821.120   135938.130   135986.840   136398.640
  1245:   136398.320   136398.330   136398.350   136398.240   136398.130
  1250:   136648.220   136648.230   136648.250   136648.340   136866.130
  1255:   137175.130   137182.130   137281.120   137433.130   137500.130
  1260:   137508.130   137840.740   137973.130   138166.130   138172.130
  1265:   138492.540   138492.320   138492.330   138492.350   138492.240
  1270:   138492.120   138742.220   138742.230   138742.250   138742.340
  1275:   138748.840   138973.640   138973.320   138973.330   138973.350
  1280:   138973.240   138973.130   139223.220   139223.230   139223.250
  1285:   139223.340   139481.130   139629.130   139636.130   139873.130
  1290:   139971.120   140092.130   140121.130   140353.130   140384.130
  1295:   140542.130   140789.130   140852.130   140860.130   141131.130
  1300:   141308.130   141376.130   141542.740   141855.130   141863.130
  1305:   142196.130   142420.130   142548.130   142623.840   142667.640
  1310:   142667.320   142667.330   142667.350   142667.240   142667.130
  1315:   142917.220   142917.230   142917.250   142917.340   143079.130
  1320:   143298.130   143591.540   143591.320   143591.330   143591.350
  1325:   143591.240   143591.120   143598.120   143841.220   143841.230
  1330:   143841.250   143841.340   144012.130   144039.130   144067.130
  1335:   144317.840   144362.120   144367.120   144490.640   144490.320
  1340:   144490.330   144490.350   144490.240   144490.130   144496.130
  1345:   144740.220   144740.230   144740.250   144740.340   144925.130
  1350:   144983.130   144990.130   145303.130   145412.120   145419.120
  1355:   145535.130   145563.130   145570.130   146076.130   146504.130
  1360:   146767.130   147016.130   147456.130   147726.130   147757.130
  1365:   147819.130   147840.840   148074.640   148074.320   148074.330
  1370:   148074.350   148074.240   148074.130   148324.220   148324.230
  1375:   148324.250   148324.340   148563.130   148714.130   149000.120
  1380:   149211.130   149218.130   149550.130   149813.130   149819.130
  1385:   149982.130   150045.130   150053.130   150454.120   150630.130
  1390:   150662.130   150695.130   150758.130   150822.130   151186.130
  1395:   151642.130   152081.130   152090.130   152295.130   152303.130
  1400:   152502.130   152773.130   153012.130   153300.130   153407.120
  1405:   153541.130   153548.130   153624.840   153876.120   154331.640
  1410:   154331.320   154331.330   154331.350   154331.240   154331.130
  1415:   154581.220   154581.230   154581.250   154581.340   154789.130
  1420:   154816.130   155062.130   155081.840   155091.640   155091.320
  1425:   155091.330   155091.350   155091.240   155091.130   155341.220
  1430:   155341.230   155341.250   155341.340   155556.130   155564.130
  1435:   155741.840   156047.640   156047.320   156047.330   156047.350
  1440:   156047.240   156047.130   156297.220   156297.230   156297.250
  1445:   156297.340   156484.130   156597.840   156752.640   156752.320
  1450:   156752.330   156752.350   156752.240   156752.130   157002.220
  1455:   157002.230   157002.250   157002.340   157206.130   157237.130
  1460:   157243.130   157741.740   157789.130   157852.130   158444.130
  1465:   158452.130   158802.840   159013.640   159013.320   159013.330
  1470:   159013.350   159013.240   159013.130   159023.130   159263.220
  1475:   159263.230   159263.250   159263.340   159363.840   159463.640
  1480:   159463.320   159463.330   159463.350   159463.240   159463.130
  1485:   159713.220   159713.230   159713.250   159713.340   159971.130
  1490:   160069.540   160069.320   160069.330   160069.350   160069.240
  1495:   160069.120   160319.220   160319.230   160319.250   160319.340
  1500:   160533.130   160561.130   160705.130   160803.130   161068.120
  1505:   161073.120   161080.120   161193.130   161224.130   161232.130
  1510:   161494.130   161582.120   161688.130   161956.130   162060.120
  1515:   162065.120   162184.130   162215.130   162299.130   162329.130
  1520:   162339.130   162655.130   162967.130   162976.130   163365.130
  1525:   163503.120   163511.120   163668.130   163676.130   163953.130
  1530:   163959.130   164013.840   164275.640   164275.320   164275.330
  1535:   164275.350   164275.240   164275.130   164525.220   164525.230
  1540:   164525.250   164525.340   164840.130   164869.130   165015.130
  1545:   165117.130   165400.120   165406.120   165559.130   165568.130
  1550:   166123.130   166132.130   166386.130   166936.130   166943.130
  1555:   167198.130   167509.130   167516.130   167640.120   167645.120
  1560:   167761.130   167853.130   168019.740   168349.130   168357.130
  1565:   168753.130   168760.130   168985.130   169016.130   169079.130
  1570:   169086.130   169125.840   169375.640   169375.320   169375.330
  1575:   169375.350   169375.240   169375.130   169625.220   169625.230
  1580:   169625.250   169625.340   169885.130   169949.130   170140.540
  1585:   170140.320   170140.330   170140.350   170140.240   170140.120
  1590:   170146.120   170390.220   170390.230   170390.250   170390.340
  1595:   170636.130   170668.130   170676.130   170825.840   170989.640
  1600:   170989.320   170989.330   170989.350   170989.240   170989.130
  1605:   171239.220   171239.230   171239.250   171239.340   171414.130
  1610:   171422.130   171763.130   171971.130   172301.120   172440.130
  1615:   172662.130   172723.130   172947.130   173064.130   173559.130
  1620:   174075.130   174402.130   174649.130   175129.130   175225.130
  1625:   175232.130   175590.120   175728.130   175735.130   175839.840
  1630:   176010.640   176010.320   176010.330   176010.350   176010.240
  1635:   176010.130   176026.130   176260.220   176260.230   176260.250
  1640:   176260.340   176423.130   176456.130   176811.130   176819.130
  1645:   177093.130   177213.130   177222.130   177574.120   177720.130
  1650:   177748.130   177756.130   177760.840   178093.640   178093.320
  1655:   178093.330   178093.350   178093.240   178093.130   178343.220
  1660:   178343.230   178343.250   178343.340   178569.130   178770.120
  1665:   178778.120   178886.130   178955.130   179090.740   179215.130
  1670:   179325.540   179325.320   179325.330   179325.350   179325.240
  1675:   179325.120   179543.840   179575.220   179575.230   179575.250
  1680:   179575.340   179769.640   179769.320   179769.330   179769.350
  1685:   179769.240   179769.130   180019.220   180019.230   180019.250
  1690:   180019.340   180350.130   180519.840   180726.120   180733.120
  1695:   180851.640   180851.320   180851.330   180851.350   180851.240
  1700:   180851.130   181101.220   181101.230   181101.250   181101.340
  1705:   181276.130   181334.130   181645.130   181830.130   182211.130
  1710:   182242.130   182275.130   182307.130   182342.130   182752.130
  1715:   182759.130   183022.130   183557.130   183619.130   183628.130
  1720:   184113.130   184552.120   184695.130   186056.130   186063.130
  1725:   186265.130   186326.130   186334.130   186589.130   186622.130
  1730:   186724.120   186873.130   187631.130   187806.130   188140.130
  1735:   188397.130   188727.130   188736.130   188836.120   188957.130
  1740:   189018.130   189025.130   189101.840   189347.640   189347.320
  1745:   189347.330   189347.350   189347.240   189347.130   189597.220
  1750:   189597.230   189597.250   189597.340   189825.120   189975.130
  1755:   190222.130   190282.130   190291.130   190398.120   190404.120
  1760:   190574.130   190582.130   190903.120   191051.130   191430.120
  1765:   191564.130   191602.130   191610.130   192073.130   192421.130
  1770:   192669.130   192676.130   192975.740   192979.130   193230.130
  1775:   193296.130   193303.130   193597.840   193977.640   193977.320
  1780:   193977.330   193977.350   193977.240   193977.130   194227.220
  1785:   194227.230   194227.250   194227.340   194425.130   194455.130
  1790:   194557.130   194965.540   194965.320   194965.330   194965.350
  1795:   194965.240   194965.120   194973.120   195215.220   195215.230
  1800:   195215.250   195215.340   195412.130   195443.130   195451.130
  1805:   195751.130   195863.120   196010.130   196016.130   196127.840
  1810:   196489.640   196489.320   196489.330   196489.350   196489.240
  1815:   196489.130   196739.220   196739.230   196739.250   196739.340
  1820:   196939.130   196970.130   197213.130   197239.840   197548.640
  1825:   197548.320   197548.330   197548.350   197548.240   197548.130
  1830:   197798.220   197798.230   197798.250   197798.340   197969.130
  1835:   198084.120   198094.120   198207.130   198576.120   198729.130
  1840:   198736.130   199066.130   199284.130   199634.130   199749.120
  1845:   200809.130   200922.120   201051.130   201059.130   201394.130
  1850:   201727.130   201735.130   202276.130   202798.840   202829.640
  1855:   202829.320   202829.330   202829.350   202829.240   202829.130
  1860:   203079.220   203079.230   203079.250   203079.340   203179.840
  1865:   203283.640   203283.320   203283.330   203283.350   203283.240
  1870:   203283.130   203292.130   203533.220   203533.230   203533.250
  1875:   203533.340   203694.130   203722.130   204241.130   204653.120
  1880:   204922.130   204930.130   204933.840   205449.640   205449.320
  1885:   205449.330   205449.350   205449.240   205449.130   205456.130
  1890:   205464.130   205699.220   205699.230   205699.250   205699.340
  1895:   205906.130   206202.120   206212.120   206665.130   206671.130
  1900:   206777.120   206879.130   207249.130   207255.130   207399.840
  1905:   207511.120   207629.640   207629.320   207629.330   207629.350
  1910:   207629.240   207629.130   207879.220   207879.230   207879.250
  1915:   207879.340   208107.130   208940.120   208947.120   209064.130
  1920:   209538.130   209615.740   210372.540   210372.320   210372.330
  1925:   210372.350   210372.240   210372.120   210622.220   210622.230
  1930:   210622.250   210622.340   210816.130   210872.130   211397.120
  1935:   211548.130   211612.130   211863.120   212005.130   212179.840
  1940:   212222.740   212424.640   212424.320   212424.330   212424.350
  1945:   212424.240   212424.130   212432.130   212674.220   212674.230
  1950:   212674.250   212674.340   212839.130   212894.130   213408.130
  1955:   213774.840   213791.640   213791.320   213791.330   213791.350
  1960:   213791.240   213791.130   214041.220   214041.230   214041.250
  1965:   214041.340   214209.130   214217.130   214527.130   214649.540
  1970:   214649.320   214649.330   214649.350   214649.240   214649.120
  1975:   214899.220   214899.230   214899.250   214899.340   214941.840
  1980:   215142.640   215142.320   215142.330   215142.350   215142.240
  1985:   215142.130   215392.220   215392.230   215392.250   215392.340
  1990:   215636.120   215779.130   215921.130   215928.130   216240.130
  1995:   216492.840   216498.640   216498.320   216498.330   216498.350
  2000:   216498.240   216498.130   216748.220   216748.230   216748.250
  2005:   216748.340   217141.120   217276.130   217580.120   217762.130
  2010:   218186.130   218279.130   218634.120   218648.840   218785.640
  2015:   218785.320   218785.330   218785.350   218785.240   218785.130
  2020:   219035.220   219035.230   219035.250   219035.340   219309.130
  2025:   219401.120   219408.120   219547.130   219553.130   219794.120
  2030:   219925.130   219990.130   219998.130   220135.840   220299.120
  2035:   220305.120   220451.640   220451.320   220451.330   220451.350
  2040:   220451.240   220451.130   220460.130   220701.220   220701.230
  2045:   220701.250   220701.340   220897.130   221021.120   221133.130
  2050:   221286.130   221293.130   221594.120   221901.840   222096.640
  2055:   222096.320   222096.330   222096.350   222096.240   222096.130
  2060:   222104.130   222346.220   222346.230   222346.250   222346.340
  2065:   222587.130   222692.120   222828.130   222858.130   222864.130
  2070:   223133.120   223139.120   223351.130   223359.130   223669.130
  2075:   224017.130   224024.130   224539.130   224600.130   224946.840
  2080:   225040.640   225040.320   225040.330   225040.350   225040.240
  2085:   225040.130   225290.220   225290.230   225290.250   225290.340
  2090:   225471.130   225508.130   225830.130   225838.130   225945.120
  2095:   225951.120   226143.130   226425.130   226434.130   226620.130
  2100:   226681.130   226687.130   226690.840   227147.120   227293.640
  2105:   227293.320   227293.330   227293.350   227293.240   227293.130
  2110:   227303.130   227543.220   227543.230   227543.250   227543.340
  2115:   227964.130   227970.130   228260.130   228267.130   228373.120
  2120:   228544.130   228794.130   228995.130   229298.130   229540.130
  2125:   229943.840   230066.640   230066.320   230066.330   230066.350
  2130:   230066.240   230066.130   230299.740   230316.220   230316.230
  2135:   230316.250   230316.340   230497.130   230600.540   230600.320
  2140:   230600.330   230600.350   230600.240   230600.120   230850.220
  2145:   230850.230   230850.250   230850.340   231017.130   231076.130
  2150:   231106.130   231168.130   231312.130   231319.130   231549.130
  2155:   231556.130   231787.130   231795.130   232152.120   232155.120
  2160:   232332.130   232338.130   232623.130   233316.840   233476.640
  2165:   233476.320   233476.330   233476.350   233476.240   233476.130
  2170:   233726.220   233726.230   233726.250   233726.340   234026.840
  2175:   234058.120   234161.640   234161.320   234161.330   234161.350
  2180:   234161.240   234161.130   234168.130   234411.220   234411.230
  2185:   234411.250   234411.340   234611.840   234639.640   234639.320
  2190:   234639.330   234639.350   234639.240   234639.130   234889.220
  2195:   234889.230   234889.250   234889.340   235221.130   235256.130
  2200:   235265.130   235289.840   235525.640   235525.320   235525.330
  2205:   235525.350   235525.240   235525.130   235775.220   235775.230
  2210:   235775.250   235775.340   236033.120   236340.130   236413.130
  2215:   236828.130   236836.130   237137.130   237144.130   237237.120
  2220:   237363.130   237370.130   237644.130   237675.840   237746.120
  2225:   237863.640   237863.320   237863.330   237863.350   237863.240
  2230:   237863.130   237870.130   238113.220   238113.230   238113.250
  2235:   238113.340   238434.130   238497.130   238503.130   238769.130
  2240:   238802.130   238813.840   239057.640   239057.320   239057.330
  2245:   239057.350   239057.240   239057.130   239065.130   239307.220
  2250:   239307.230   239307.250   239307.340   239771.130   239778.130
  2255:   239907.840   240024.120   240032.120   240134.640   240134.320
  2260:   240134.330   240134.350   240134.240   240134.130   240384.220
  2265:   240384.230   240384.250   240384.340   240673.120   240680.120
  2270:   240839.130   240849.130   241089.130   241395.130   241424.130
  2275:   241431.130   241778.120   241884.130   241891.130   242173.130
  2280:   242202.130   242209.130   242284.840   242443.640   242443.320
  2285:   242443.330   242443.350   242443.240   242443.130   242450.130
  2290:   242457.130   242693.220   242693.230   242693.250   242693.340
  2295:   243067.130   243310.130   243340.130   243676.130   243683.130
  2300:   243795.120   243907.130   243993.840   244223.120   244387.640
  2305:   244387.320   244387.330   244387.350   244387.240   244387.130
  2310:   244637.220   244637.230   244637.250   244637.340   244851.130
  2315:   244881.130   245259.130   245323.130   245388.130   245421.130
  2320:   245428.130   245694.130   245799.120   245918.130   245952.130
  2325:   245983.130   245988.130   246529.130   246584.130   246590.130
  2330:   246937.840   247163.640   247163.320   247163.330   247163.350
  2335:   247163.240   247163.130   247413.220   247413.230   247413.250
  2340:   247413.340   247789.130   248115.120   248285.130   248565.130
  2345:   248730.130   248736.130   249040.120   249050.740   249161.130
  2350:   249224.130   249230.130   249722.130   249814.130   249877.130
  2355:   249884.130   250168.130   250422.130   250513.840   250668.640
  2360:   250668.320   250668.330   250668.350   250668.240   250668.130
  2365:   250918.220   250918.230   250918.250   250918.340   251118.840
  2370:   251125.640   251125.320   251125.330   251125.350   251125.240
  2375:   251125.130   251375.220   251375.230   251375.250   251375.340
  2380:   251511.130   251575.840   251813.640   251813.320   251813.330
  2385:   251813.350   251813.240   251813.130   252063.220   252063.230
  2390:   252063.250   252063.340   252274.540   252274.320   252274.330
  2395:   252274.350   252274.240   252274.120   252524.220   252524.230
  2400:   252524.250   252524.340   252685.130   252745.130   252871.120
  2405:   252985.130   253163.840   253499.640   253499.320   253499.330
  2410:   253499.350   253499.240   253499.130   253749.220   253749.230
  2415:   253749.250   253749.340   253920.130   253927.130   254156.130
  2420:   254444.130   254451.130   254720.130   254925.130   254931.130
  2425:   255428.130   255554.130   255659.130   256129.130   256309.130
  2430:   256824.130   257207.120   257327.130   257420.130   257452.130
  2435:   257815.120   257821.120   257958.130   258246.130   258254.130
  2440:   258361.120   258469.130   258537.130   258546.130   258848.130
  2445:   259049.130   259274.130   259378.120   259499.130   259559.130
  2450:   259566.130   259805.130   259995.130   260025.130   260088.130
  2455:   260581.130   260642.130   260650.130   260942.130   260949.130
  2460:   261051.130   261395.120   261668.130   261674.130   262273.130
  2465:   262280.130   262349.840   262832.640   262832.320   262832.330
  2470:   262832.350   262832.240   262832.130   263082.220   263082.230
  2475:   263082.250   263082.340   263522.130   263527.130   263700.130
  2480:   263731.130   263740.130   264123.120   264230.130   264261.130
  2485:   264268.130   264482.840   264599.640   264599.320   264599.330
  2490:   264599.350   264599.240   264599.130   264849.220   264849.230
  2495:   264849.250   264849.340   265044.130   265077.130   265179.120
  2500:   265289.130   265352.130   265359.130   265634.130   265750.120
  2505:   266315.130   266320.130   266468.130   266689.130   266754.130
  2510:   266761.130   267252.130   267400.130   267407.130   267883.130
  2515:   268131.130   268137.130   268449.130   268456.130   268753.130
  2520:   268988.130   269572.130   269577.130   269844.120   270008.130
  2525:   270015.130   270377.130   270779.130   270809.130   271048.130
  2530:   271349.840   271570.120   271576.120   271731.640   271731.320
  2535:   271731.330   271731.350   271731.240   271731.130   271981.220
  2540:   271981.230   271981.250   271981.340   272415.130   272423.130
  2545:   272618.130   272660.130   272668.130   272924.130   273158.130
  2550:   273233.130   273653.130   273881.840   273961.640   273961.320
  2555:   273961.330   273961.350   273961.240   273961.130   274211.220
  2560:   274211.230   274211.250   274211.340   274457.130   274628.120
  2565:   274802.130   274808.130   275430.130   275587.130   276220.130
  2570:   276741.130   276911.840   277214.640   277214.320   277214.330
  2575:   277214.350   277214.240   277214.130   277464.220   277464.230
  2580:   277464.250   277464.340   277692.130   277734.130   277869.120
  2585:   278004.130   278010.130   278264.840   278757.640   278757.320
  2590:   278757.330   278757.350   278757.240   278757.130   278764.130
  2595:   278771.130   279007.220   279007.230   279007.250   279007.340
  2600:   279176.130   279584.120   279709.130   280188.130   280533.130
  2605:   280561.130   280569.130   280676.120   280880.130   281319.130
  2610:   281327.130   281609.130   281827.130   281857.130   283783.120
  2615:   283955.130   284410.130   284804.130   285061.130   285068.130
  2620:   285907.840   285933.640   285933.320   285933.330   285933.350
  2625:   285933.240   285933.130   285939.130   286183.220   286183.230
  2630:   286183.250   286183.340   286446.130   286454.130   286485.130
  2635:   287119.130   287912.130   287920.130   288167.130   288224.740
  2640:   288382.130   288984.130   289241.130   289248.130   289501.130
  2645:   289507.130   289818.130   289930.540   289930.320   289930.330
  2650:   289930.350   289930.240   289930.120   290180.220   290180.230
  2655:   290180.250   290180.340   290283.840   290367.640   290367.320
  2660:   290367.330   290367.350   290367.240   290367.130   290617.220
  2665:   290617.230   290617.250   290617.340   290831.130   290839.130
  2670:   290997.130   291003.130   291285.130   291291.130   291918.130
  2675:   292010.130   292017.130   292268.130   292507.130   293017.130
  2680:   293023.130   293328.130   293451.120   293480.740   293898.130
  2685:   294023.130   294030.130   294122.130   294395.130   294401.130
  2690:   294515.130   294539.130   294546.130   294737.130   294745.130
  2695:   294959.130   294966.130   295093.130   295130.130   295137.130
  2700:   295433.130   295439.130   295547.540   295547.320   295547.330
  2705:   295547.350   295547.240   295547.120   295797.220   295797.230
  2710:   295797.250   295797.340   296053.130   296283.130   296494.130
  2715:   296524.130   297026.130   297449.130   297545.130   297846.130
  2720:   298096.130   298102.130   298571.130   298879.120   298886.120
  2725:   299017.130   299406.130   299499.130   299794.130   299917.840
  2730:   300396.120   300528.640   300528.320   300528.330   300528.350
  2735:   300528.240   300528.130   300778.220   300778.230   300778.250
  2740:   300778.340   300935.130   300944.130   301326.120   301446.130
  2745:   301486.130   301865.120   302312.130   302509.130   302860.130
  2750:   302987.120   303139.130   303431.130   303678.840   304207.640
  2755:   304207.320   304207.330   304207.350   304207.240   304207.130
  2760:   304222.130   304457.220   304457.230   304457.250   304457.340
  2765:   304663.130   304671.130   304785.130   305121.120   305630.130
  2770:   305694.130   306142.130   306457.840   306494.640   306494.320
  2775:   306494.330   306494.350   306494.240   306494.130   306510.130
  2780:   306744.220   306744.230   306744.250   306744.340   306960.130
  2785:   307579.130   307584.130   308571.130   309044.130   309367.130
  2790:   309374.130   309521.130   309528.130   309902.120   310117.130
  2795:   310124.130   310244.840   310474.120   310940.120   311135.640
  2800:   311135.320   311135.330   311135.350   311135.240   311135.130
  2805:   311141.130   311149.130   311385.220   311385.230   311385.250
  2810:   311385.340   311583.130   311613.130   312246.130   312707.130
  2815:   313177.130   313385.840   313637.640   313637.320   313637.330
  2820:   313637.350   313637.240   313637.130   313887.220   313887.230
  2825:   313887.250   313887.340   314047.130   314110.130   314117.130
  2830:   314573.130   315039.130   315046.130   315434.130   315739.130
  2835:   315887.840   315933.640   315933.320   315933.330   315933.350
  2840:   315933.240   315933.130   315947.130   316183.220   316183.230
  2845:   316183.250   316183.340   316350.130   316378.130   316442.130
  2850:   316697.740   316899.130   317356.130   317362.130   317529.540
  2855:   317529.320   317529.330   317529.350   317529.240   317529.120
  2860:   317683.840   317779.220   317779.230   317779.250   317779.340
  2865:   317972.640   317972.320   317972.330   317972.350   317972.240
  2870:   317972.130   318222.220   318222.230   318222.250   318222.340
  2875:   318601.130   318664.130   318673.130   319230.120   319347.130
  2880:   319624.130   319649.130   319776.130   319784.130   319910.130
  2885:   320341.130   320348.130   320838.130   320845.130   321306.130
  2890:   321839.130   322338.130   322348.130   322660.120   323088.120
  2895:   323484.130   323722.840   323836.640   323836.320   323836.330
  2900:   323836.350   323836.240   323836.130   324086.220   324086.230
  2905:   324086.250   324086.340   324350.120   324379.740   324475.130
  2910:   324541.130   324547.130   325635.130   325686.840   325697.640
  2915:   325697.320   325697.330   325697.350   325697.240   325697.130
  2920:   325703.130   325947.220   325947.230   325947.250   325947.340
  2925:   326131.130   326193.130   326200.130   326477.540   326477.320
  2930:   326477.330   326477.350   326477.240   326477.120   326727.220
  2935:   326727.230   326727.250   326727.340   326881.130   327088.130
  2940:   327094.130   327617.130   327651.130   327656.130   328048.130
  2945:   328080.130   328533.130   328565.130   329030.130   329061.130
  2950:   329554.130   329647.130   329654.130   330058.130   330090.130
  2955:   330347.840   330439.640   330439.320   330439.330   330439.350
  2960:   330439.240   330439.130   330446.130   330454.130   330689.220
  2965:   330689.230   330689.250   330689.340   330989.130   330996.130
  2970:   331289.840   331374.120   331557.640   331557.320   331557.330
  2975:   331557.350   331557.240   331557.130   331563.130   331807.220
  2980:   331807.230   331807.250   331807.340   332022.130   332093.130
  2985:   332100.130   332359.130   332981.120   333099.130   333389.130
  2990:   333396.130   333660.130   333807.840   333974.640   333974.320
  2995:   333974.330   333974.350   333974.240   333974.130   333982.130
  3000:   333989.130   334224.220   334224.230   334224.250   334224.340
  3005:   334416.130   334425.130   334539.120   334703.130   334712.130
  3010:   335011.120   335147.130   335444.130   335479.130   335485.130
  3015:   335594.120   335624.840   336172.640   336172.320   336172.330
  3020:   336172.350   336172.240   336172.130   336422.220   336422.230
  3025:   336422.250   336422.340   336619.130   336627.130   336945.130
  3030:   337022.840   337427.740   337472.540   337472.320   337472.330
  3035:   337472.350   337472.240   337472.120   337722.220   337722.230
  3040:   337722.250   337722.340   337953.640   337953.320   337953.330
  3045:   337953.350   337953.240   337953.130   338203.220   338203.230
  3050:   338203.250   338203.340   338640.130   338647.130   338749.120
  3055:   338754.120   338903.130   338910.130   339261.130   339375.120
  3060:   339517.130   339524.130   339906.130   339999.130   340306.120
  3065:   340529.130   340558.130   340566.130   341131.130   341550.130
  3070:   341559.130   341590.130   341597.130   342048.130   342055.130
  3075:   342625.130   342632.130   343006.120   343012.120   343128.130
  3080:   343197.130   343457.120   343615.130   343905.120   344100.130
  3085:   344105.130   344902.130   344908.130   345195.120   345300.130
  3090:   345427.130   345689.130   345696.130   346103.840   346178.640
  3095:   346178.320   346178.330   346178.350   346178.240   346178.130
  3100:   346183.130   346428.220   346428.230   346428.250   346428.340
  3105:   346612.130   346639.130   346744.130   347221.130   347230.130
  3110:   347509.130   347516.130   347660.130   347964.130   348078.120
  3115:   348202.130   348693.130   348752.130   348759.130   349003.130
  3120:   349010.130   349239.130   349516.130   349650.130   349658.130
  3125:   349884.130   350122.740   350223.540   350223.320   350223.330
  3130:   350223.350   350223.240   350223.120   350473.220   350473.230
  3135:   350473.250   350473.340   350674.130   350713.130   350720.130
  3140:   350980.130   350988.130   351020.130   351025.130   351673.740
  3145:   351791.130   351797.130   352037.130   352044.130   352328.540
  3150:   352328.320   352328.330   352328.350   352328.240   352328.120
  3155:   352578.220   352578.230   352578.250   352578.340   352756.130
  3160:   352789.130   352796.130   353059.130   353068.130   353308.130
  3165:   353784.130   354085.130   354092.130   354201.130   354641.130
  3170:   354937.120   355097.130   355364.130   355648.130   355655.130
  3175:   356031.130   356364.130   356668.120   356897.130   357212.120
  3180:   357321.130   357394.130   357402.130   357847.130   357914.130
  3185:   357923.130   357986.130   358256.130   358689.130   358923.130
  3190:   358930.130   359188.120   359195.120   359402.130   359409.130
  3195:   360000.320   360000.330   360000.350   360000.020
C:
     0:        0.000      421.000     1420.000       31.000      104.000
     5:        0.000
D:
     0:        0.000        0.000
L:
     0:      111.000      111.000      111.000
M:
     0:      900.000      901.000      902.000      903.000      904.000
     5:      905.000      906.000      907.000      908.000      909.000
    10:      910.000      911.000      912.000      913.000      914.000
    15:      915.000      916.000      917.000      918.000      919.000
    20:      920.000      921.000      922.000      923.000      924.000
    25:      925.000      926.000      927.000      928.000      929.000
    30:      930.000      931.000      932.000      933.000      934.000
    35:      935.000      936.000      937.000      938.000      939.000
    40:      940.000      941.000      942.000      943.000      944.000
    45:      945.000      946.000      947.000      948.000      949.000
    50:      950.000      951.000      952.000      953.000      954.000
    55:      955.000      956.000      957.000      958.000      959.000
    60:      960.000      961.000      962.000      963.000      964.000
    65:      965.000      966.000      967.000      968.000      969.000
    70:      970.000      971.000      972.000      973.000      974.000
    75:      975.000      976.000      977.000      978.000      979.000
    80:      980.000      981.000      982.000      983.000      984.000
    85:      985.000      986.000      987.000      988.000      989.000
    90:      990.000      991.000      992.000      993.000      994.000
    95:      995.000      996.000      997.000      998.000      999.000
   100:     1000.000     1001.000     1002.000     1003.000     1004.000
   105:     1005.000     1006.000     1007.000     1008.000     1009.000
   110:     1010.000     1011.000     1012.000     1013.000     1014.000
   115:     1015.000     1016.000     1017.000     1018.000     1019.000
   120:     1020.000     1021.000     1022.000     1023.000     1024.000
   125:     1025.000     1026.000     1027.000     1028.000     1029.000
   130:     1030.000     1031.000     1032.000     1033.000     1034.000
   135:     1035.000     1036.000     1037.000     1038.000     1039.000
   140:     1040.000     1041.000     1042.000     1043.000     1044.000
   145:     1045.000     1046.000     1047.000     1048.000     1049.000
   150:     1050.000     1051.000     1052.000     1053.000     1054.000
   155:     1055.000     1056.000     1057.000     1058.000     1059.000
   160:     1060.000     1061.000     1062.000     1063.000     1064.000
   165:     1065.000     1066.000     1067.000     1068.000     1069.000
   170:     1070.000     1071.000     1072.000     1073.000     1074.000
   175:     1075.000     1076.000     1077.000     1078.000     1079.000
   180:     1080.000     1081.000     1082.000     1083.000     1084.000
   185:     1085.000     1086.000     1087.000     1088.000     1089.000
   190:     1090.000     1091.000     1092.000     1093.000     1094.000
   195:     1095.000     1096.000     1097.000     1098.000     1099.000
   200:     1100.000     1101.000     1102.000     1103.000     1104.000
   205:     1105.000     1106.000     1107.000     1108.000     1109.000
   210:     1110.000     1111.000     1112.000     1113.000     1114.000
   215:     1115.000     1116.000     1117.000     1118.000     1119.000
   220:     1120.000     1121.000     1122.000     1123.000     1124.000
   225:     1125.000     1126.000     1127.000     1128.000     1129.000
   230:     1130.000     1131.000     1132.000     1133.000     1134.000
   235:     1135.000     1136.000     1137.000     1138.000     1139.000
   240:     1140.000     1141.000     1142.000     1143.000     1144.000
   245:     1145.000     1146.000     1147.000     1148.000     1149.000
   250:     1150.000     1151.000     1152.000     1153.000     1154.000
   255:     1155.000     1156.000     1157.000     1158.000     1159.000
   260:     1160.000     1161.000     1162.000     1163.000     1164.000
   265:     1165.000     1166.000     1167.000     1168.000     1169.000
   270:     1170.000     1171.000     1172.000     1173.000     1174.000
   275:     1175.000     1176.000     1177.000     1178.000     1179.000
   280:     1180.000     1181.000     1182.000     1183.000     1184.000
   285:     1185.000     1186.000     1187.000     1188.000     1189.000
   290:     1190.000     1191.000     1192.000     1193.000     1194.000
   295:     1195.000     1196.000     1197.000     1198.000     1199.000
   300:     1200.000     1201.000     1202.000     1203.000     1204.000
   305:     1205.000     1206.000     1207.000     1208.000     1209.000
   310:     1210.000     1211.000     1212.000     1213.000     1214.000
   315:     1215.000     1216.000     1217.000     1218.000     1219.000
   320:     1220.000     1221.000     1222.000     1223.000     1224.000
   325:     1225.000     1226.000     1227.000     1228.000     1229.000
   330:     1230.000     1231.000     1232.000     1233.000     1234.000
   335:     1235.000     1236.000     1237.000     1238.000     1239.000
   340:     1240.000     1241.000     1242.000     1243.000     1244.000
   345:     1245.000     1246.000     1247.000     1248.000     1249.000
   350:     1250.000     1251.000     1252.000     1253.000     1254.000
   355:     1255.000     1256.000     1257.000     1258.000     1259.000
   360:     1260.000     1261.000     1262.000     1263.000     1264.000
   365:     1265.000     1266.000     1267.000     1268.000     1269.000
   370:     1270.000     1271.000     1272.000     1273.000     1274.000
   375:     1275.000     1276.000     1277.000     1278.000     1279.000
   380:     1280.000     1281.000     1282.000     1283.000     1284.000
   385:     1285.000     1286.000     1287.000     1288.000     1289.000
   390:     1290.000     1291.000     1292.000     1293.000     1294.000
   395:     1295.000     1296.000     1297.000     1298.000     1299.000
   400:     1300.000     1301.000     1302.000     1303.000     1304.000
   405:     1305.000     1306.000     1307.000     1308.000     1309.000
   410:     1310.000     1311.000     1312.000     1313.000     1314.000
   415:     1315.000     1316.000     1317.000     1318.000     1319.000
   420:     1320.000     1321.000     1322.000     1323.000     1324.000
   425:     1325.000     1326.000     1327.000     1328.000     1329.000
   430:     1330.000     1331.000     1332.000     1333.000     1334.000
   435:     1335.000     1336.000     1337.000     1338.000     1339.000
   440:     1340.000     1341.000     1342.000     1343.000     1344.000
   445:     1345.000     1346.000     1347.000     1348.000     1349.000
   450:     1350.000     1351.000     1352.000     1353.000     1354.000
   455:     1355.000     1356.000     1357.000     1358.000     1359.000
   460:     1360.000     1361.000     1362.000     1363.000     1364.000
   465:     1365.000     1366.000     1367.000     1368.000     1369.000
   470:     1370.000     1371.000     1372.000     1373.000     1374.000
   475:     1375.000     1376.000     1377.000     1378.000     1379.000
   480:     1380.000     1381.000     1382.000     1383.000     1384.000
   485:     1385.000     1386.000     1387.000     1388.000     1389.000
   490:     1390.000     1391.000     1392.000     1393.000     1394.000
   495:     1395.000     1396.000     1397.000     1398.000     1399.000
   500:     1400.000     1401.000     1402.000     1403.000     1404.000
   505:     1405.000     1406.000     1407.000     1408.000     1409.000
   510:     1410.000     1411.000     1412.000     1413.000     1414.000
   515:     1415.000     1416.000     1417.000     1418.000     1419.000
   520:     1420.000     1421.000     1422.000     1423.000     1424.000
   525:     1425.000     1426.000     1427.000     1428.000     1429.000
   530:     1430.000     1431.000     1432.000     1433.000     1434.000
   535:     1435.000     1436.000     1437.000     1438.000     1439.000
   540:     1440.000     1441.000     1442.000     1443.000     1444.000
   545:     1445.000     1446.000     1447.000     1448.000     1449.000
   550:     1450.000     1451.000     1452.000     1453.000     1454.000
   555:     1455.000     1456.000     1457.000     1458.000     1459.000
   560:     1460.000     1461.000     1462.000     1463.000     1464.000
   565:     1465.000     1466.000     1467.000     1468.000     1469.000
   570:     1470.000     1471.000     1472.000     1473.000     1474.000
   575:     1475.000     1476.000     1477.000     1478.000     1479.000
   580:     1480.000     1481.000     1482.000     1483.000     1484.000
   585:     1485.000     1486.000     1487.000     1488.000     1489.000
   590:     1490.000     1491.000     1492.000     1493.000     1494.000
   595:     1495.000     1496.000     1497.000     1498.000     1499.000
   600:     1500.000
N:
     0:     3300.000     3301.000     3302.000     3303.000     3304.000
     5:     3305.000     3306.000     3307.000     3308.000     3309.000
    10:     3310.000     3311.000     3312.000     3313.000     3314.000
    15:     3315.000     3316.000     3317.000     3318.000     3319.000
    20:     3320.000     3321.000     3322.000     3323.000     3324.000
    25:     3325.000     3326.000     3327.000     3328.000     3329.000
    30:     3330.000     3331.000     3332.000     3333.000     3334.000
    35:     3335.000     3336.000     3337.000     3338.000     3339.000
    40:     3340.000     3341.000     3342.000     3343.000     3344.000
    45:     3345.000     3346.000     3347.000     3348.000     3349.000
    50:     3350.000     3351.000     3352.000     3353.000     3354.000
    55:     3355.000     3356.000     3357.000     3358.000     3359.000
    60:     3360.000     3361.000     3362.000     3363.000     3364.000
    65:     3365.000     3366.000     3367.000     3368.000     3369.000
    70:     3370.000     3371.000     3372.000     3373.000     3374.000
    75:     3375.000     3376.000     3377.000     3378.000     3379.000
    80:     3380.000     3381.000     3382.000     3383.000     3384.000
    85:     3385.000     3386.000     3387.000     3388.000     3389.000
    90:     3390.000     3391.000     3392.000     3393.000     3394.000
    95:     3395.000     3396.000     3397.000     3398.000     3399.000
   100:     3400.000     3401.000     3402.000     3403.000     3404.000
   105:     3405.000     3406.000     3407.000     3408.000     3409.000
   110:     3410.000     3411.000     3412.000     3413.000     3414.000
   115:     3415.000     3416.000     3417.000     3418.000     3419.000
   120:     3420.000     3421.000     3422.000     3423.000     3424.000
   125:     3425.000     3426.000     3427.000     3428.000     3429.000
   130:     3430.000     3431.000     3432.000     3433.000     3434.000
   135:     3435.000     3436.000     3437.000     3438.000     3439.000
   140:     3440.000     3441.000     3442.000     3443.000     3444.000
   145:     3445.000     3446.000     3447.000     3448.000     3449.000
   150:     3450.000     3451.000     3452.000     3453.000     3454.000
   155:     3455.000     3456.000     3457.000     3458.000     3459.000
   160:     3460.000     3461.000     3462.000     3463.000     3464.000
   165:     3465.000     3466.000     3467.000     3468.000     3469.000
   170:     3470.000     3471.000     3472.000     3473.000     3474.000
   175:     3475.000     3476.000     3477.000     3478.000     3479.000
   180:     3480.000     3481.000     3482.000     3483.000     3484.000
   185:     3485.000     3486.000     3487.000     3488.000     3489.000
   190:     3490.000     3491.000     3492.000     3493.000     3494.000
   195:     3495.000     3496.000     3497.000     3498.000     3499.000
   200:     3500.000     3501.000     3502.000     3503.000     3504.000
   205:     3505.000     3506.000     3507.000     3508.000     3509.000
   210:     3510.000     3511.000     3512.000     3513.000     3514.000
   215:     3515.000     3516.000     3517.000     3518.000     3519.000
   220:     3520.000     3521.000     3522.000     3523.000     3524.000
   225:     3525.000     3526.000     3527.000     3528.000     3529.000
   230:     3530.000     3531.000     3532.000     3533.000     3534.000
   235:     3535.000     3536.000     3537.000     3538.000     3539.000
   240:     3540.000     3541.000     3542.000     3543.000     3544.000
   245:     3545.000     3546.000     3547.000     3548.000     3549.000
   250:     3550.000     3551.000     3552.000     3553.000     3554.000
   255:     3555.000     3556.000     3557.000     3558.000     3559.000
   260:     3560.000     3561.000     3562.000     3563.000     3564.000
   265:     3565.000     3566.000     3567.000     3568.000     3569.000
   270:     3570.000     3571.000     3572.000     3573.000     3574.000
   275:     3575.000     3576.000     3577.000     3578.000     3579.000
   280:     3580.000     3581.000     3582.000     3583.000     3584.000
   285:     3585.000     3586.000     3587.000     3588.000     3589.000
   290:     3590.000     3591.000     3592.000     3593.000     3594.000
   295:     3595.000     3596.000     3597.000     3598.000     3599.000
   300:     3600.000     3601.000     3602.000     3603.000     3604.000
   305:     3605.000     3606.000     3607.000     3608.000     3609.000
   310:     3610.000     3611.000     3612.000     3613.000     3614.000
   315:     3615.000     3616.000     3617.000     3618.000     3619.000
   320:     3620.000     3621.000     3622.000     3623.000     3624.000
   325:     3625.000     3626.000     3627.000     3628.000     3629.000
   330:     3630.000     3631.000     3632.000     3633.000     3634.000
   335:     3635.000     3636.000     3637.000     3638.000     3639.000
   340:     3640.000     3641.000     3642.000     3643.000     3644.000
   345:     3645.000     3646.000     3647.000     3648.000     3649.000
   350:     3650.000     3651.000     3652.000     3653.000     3654.000
   355:     3655.000     3656.000     3657.000     3658.000     3659.000
   360:     3660.000     3661.000     3662.000     3663.000     3664.000
   365:     3665.000     3666.000     3667.000     3668.000     3669.000
   370:     3670.000     3671.000     3672.000     3673.000     3674.000
   375:     3675.000     3676.000     3677.000     3678.000     3679.000
   380:     3680.000     3681.000     3682.000     3683.000     3684.000
   385:     3685.000     3686.000     3687.000     3688.000     3689.000
   390:     3690.000     3691.000     3692.000     3693.000     3694.000
   395:     3695.000     3696.000     3697.000     3698.000     3699.000
   400:     3700.000     3701.000     3702.000     3703.000     3704.000
   405:     3705.000     3706.000     3707.000     3708.000     3709.000
   410:     3710.000     3711.000     3712.000     3713.000     3714.000
   415:     3715.000     3716.000     3717.000     3718.000     3719.000
   420:     3720.000     3721.000     3722.000     3723.000     3724.000
   425:     3725.000     3726.000     3727.000     3728.000     3729.000
   430:     3730.000     3731.000     3732.000     3733.000     3734.000
   435:     3735.000     3736.000     3737.000     3738.000     3739.000
   440:     3740.000     3741.000     3742.000     3743.000     3744.000
   445:     3745.000     3746.000     3747.000     3748.000     3749.000
   450:     3750.000     3751.000     3752.000     3753.000     3754.000
   455:     3755.000     3756.000     3757.000     3758.000     3759.000
   460:     3760.000     3761.000     3762.000     3763.000     3764.000
   465:     3765.000     3766.000     3767.000     3768.000     3769.000
   470:     3770.000     3771.000     3772.000     3773.000     3774.000
   475:     3775.000     3776.000     3777.000     3778.000     3779.000
   480:     3780.000     3781.000     3782.000     3783.000     3784.000
   485:     3785.000     3786.000     3787.000     3788.000     3789.000
   490:     3790.000     3791.000     3792.000     3793.000     3794.000
   495:     3795.000     3796.000     3797.000     3798.000     3799.000
   500:     3800.000     3801.000     3802.000     3803.000     3804.000
   505:     3805.000     3806.000     3807.000     3808.000     3809.000
   510:     3810.000     3811.000     3812.000     3813.000     3814.000
   515:     3815.000     3816.000     3817.000     3818.000     3819.000
   520:     3820.000     3821.000     3822.000     3823.000     3824.000
   525:     3825.000     3826.000     3827.000     3828.000     3829.000
   530:     3830.000     3831.000     3832.000     3833.000     3834.000
   535:     3835.000     3836.000     3837.000     3838.000     3839.000
   540:     3840.000     3841.000     3842.000     3843.000     3844.000
   545:     3845.000     3846.000     3847.000     3848.000     3849.000
   550:     3850.000     3851.000     3852.000     3853.000     3854.000
   555:     3855.000     3856.000     3857.000     3858.000     3859.000
   560:     3860.000     3861.000     3862.000     3863.000     3864.000
   565:     3865.000     3866.000     3867.000     3868.000     3869.000
   570:     3870.000     3871.000     3872.000     3873.000     3874.000
   575:     3875.000     3876.000     3877.000     3878.000     3879.000
   580:     3880.000     3881.000     3882.000     3883.000     3884.000
   585:     3885.000     3886.000     3887.000     3888.000     3889.000
   590:     3890.000     3891.000     3892.000     3893.000     3894.000
   595:     3895.000     3896.000     3897.000     3898.000     3899.000
   600:     3900.000     3901.000     3902.000     3903.000     3904.000
   605:     3905.000     3906.000     3907.000     3908.000     3909.000
   610:     3910.000     3911.000     3912.000     3913.000     3914.000
   615:     3915.000     3916.000     3917.000     3918.000     3919.000
   620:     3920.000     3921.000     3922.000     3923.000     3924.000
   625:     3925.000     3926.000     3927.000     3928.000     3929.000
   630:     3930.000     3931.000     3932.000     3933.000     3934.000
   635:     3935.000     3936.000     3937.000     3938.000     3939.000
   640:     3940.000     3941.000     3942.000     3943.000     3944.000
   645:     3945.000     3946.000     3947.000     3948.000     3949.000
   650:     3950.000     3951.000     3952.000     3953.000     3954.000
   655:     3955.000     3956.000     3957.000     3958.000     3959.000
   660:     3960.000     3961.000     3962.000     3963.000     3964.000
   665:     3965.000     3966.000     3967.000     3968.000     3969.000
   670:     3970.000     3971.000     3972.000     3973.000     3974.000
   675:     3975.000     3976.000     3977.000     3978.000     3979.000
   680:     3980.000     3981.000     3982.000     3983.000     3984.000
   685:     3985.000     3986.000     3987.000     3988.000     3989.000
   690:     3990.000     3991.000     3992.000     3993.000     3994.000
   695:     3995.000     3996.000     3997.000     3998.000     3999.000
   700:     4000.000     4001.000     4002.000     4003.000     4004.000
   705:     4005.000     4006.000     4007.000     4008.000     4009.000
   710:     4010.000     4011.000     4012.000     4013.000     4014.000
   715:     4015.000     4016.000     4017.000     4018.000     4019.000
   720:     4020.000     4021.000     4022.000     4023.000     4024.000
   725:     4025.000     4026.000     4027.000     4028.000     4029.000
   730:     4030.000     4031.000     4032.000     4033.000     4034.000
   735:     4035.000     4036.000     4037.000     4038.000     4039.000
   740:     4040.000     4041.000     4042.000     4043.000     4044.000
   745:     4045.000     4046.000     4047.000     4048.000     4049.000
   750:     4050.000     4051.000     4052.000     4053.000     4054.000
   755:     4055.000     4056.000     4057.000     4058.000     4059.000
   760:     4060.000     4061.000     4062.000     4063.000     4064.000
   765:     4065.000     4066.000     4067.000     4068.000     4069.000
   770:     4070.000     4071.000     4072.000     4073.000     4074.000
   775:     4075.000     4076.000     4077.000     4078.000     4079.000
   780:     4080.000     4081.000     4082.000     4083.000     4084.000
   785:     4085.000     4086.000     4087.000     4088.000     4089.000
   790:     4090.000     4091.000     4092.000     4093.000     4094.000
   795:     4095.000     4096.000     4097.000     4098.000     4099.000
   800:     4100.000     4101.000     4102.000     4103.000     4104.000
   805:     4105.000     4106.000     4107.000     4108.000     4109.000
   810:     4110.000     4111.000     4112.000     4113.000     4114.000
   815:     4115.000     4116.000     4117.000     4118.000     4119.000
   820:     4120.000     4121.000     4122.000     4123.000     4124.000
   825:     4125.000     4126.000     4127.000     4128.000     4129.000
   830:     4130.000     4131.000     4132.000     4133.000     4134.000
   835:     4135.000     4136.000     4137.000     4138.000     4139.000
   840:     4140.000     4141.000     4142.000     4143.000     4144.000
   845:     4145.000     4146.000     4147.000     4148.000     4149.000
   850:     4150.000     4151.000     4152.000     4153.000     4154.000
   855:     4155.000     4156.000     4157.000     4158.000     4159.000
   860:     4160.000     4161.000     4162.000     4163.000     4164.000
   865:     4165.000     4166.000     4167.000     4168.000     4169.000
   870:     4170.000     4171.000     4172.000     4173.000     4174.000
   875:     4175.000     4176.000     4177.000     4178.000     4179.000
   880:     4180.000     4181.000     4182.000     4183.000     4184.000
   885:     4185.000     4186.000     4187.000     4188.000     4189.000
   890:     4190.000     4191.000     4192.000     4193.000     4194.000
   895:     4195.000     4196.000     4197.000     4198.000     4199.000
   900:     4200.000     4201.000     4202.000     4203.000     4204.000
   905:     4205.000     4206.000     4207.000     4208.000     4209.000
   910:     4210.000     4211.000     4212.000     4213.000     4214.000
   915:     4215.000     4216.000     4217.000     4218.000     4219.000
   920:     4220.000     4221.000     4222.000     4223.000     4224.000
   925:     4225.000     4226.000     4227.000     4228.000     4229.000
   930:     4230.000     4231.000     4232.000     4233.000     4234.000
   935:     4235.000     4236.000     4237.000     4238.000     4239.000
   940:     4240.000     4241.000     4242.000     4243.000     4244.000
   945:     4245.000     4246.000     4247.000     4248.000     4249.000
   950:     4250.000     4251.000     4252.000     4253.000     4254.000
   955:     4255.000     4256.000     4257.000     4258.000     4259.000
   960:     4260.000     4261.000     4262.000     4263.000     4264.000
   965:     4265.000     4266.000     4267.000     4268.000     4269.000
   970:     4270.000     4271.000     4272.000     4273.000     4274.000
   975:     4275.000     4276.000     4277.000     4278.000     4279.000
   980:     4280.000     4281.000     4282.000     4283.000     4284.000
   985:     4285.000     4286.000     4287.000     4288.000     4289.000
   990:     4290.000     4291.000     4292.000     4293.000     4294.000
   995:     4295.000     4296.000     4297.000     4298.000     4299.000
  1000:     4300.000     4301.000     4302.000     4303.000     4304.000
  1005:     4305.000     4306.000     4307.000     4308.000     4309.000
  1010:     4310.000     4311.000     4312.000     4313.000     4314.000
  1015:     4315.000     4316.000     4317.000     4318.000     4319.000
  1020:     4320.000     4321.000     4322.000     4323.000     4324.000
  1025:     4325.000     4326.000     4327.000     4328.000     4329.000
  1030:     4330.000     4331.000     4332.000     4333.000     4334.000
  1035:     4335.000     4336.000     4337.000     4338.000     4339.000
  1040:     4340.000     4341.000     4342.000     4343.000     4344.000
  1045:     4345.000     4346.000     4347.000     4348.000     4349.000
  1050:     4350.000     4351.000     4352.000     4353.000     4354.000
  1055:     4355.000     4356.000     4357.000     4358.000     4359.000
  1060:     4360.000     4361.000     4362.000     4363.000     4364.000
  1065:     4365.000     4366.000     4367.000     4368.000     4369.000
  1070:     4370.000     4371.000     4372.000     4373.000     4374.000
  1075:     4375.000     4376.000     4377.000     4378.000     4379.000
  1080:     4380.000     4381.000     4382.000     4383.000     4384.000
  1085:     4385.000     4386.000     4387.000     4388.000     4389.000
  1090:     4390.000     4391.000     4392.000     4393.000     4394.000
  1095:     4395.000     4396.000     4397.000     4398.000     4399.000
  1100:     4400.000     4401.000     4402.000     4403.000     4404.000
  1105:     4405.000     4406.000     4407.000     4408.000     4409.000
  1110:     4410.000     4411.000     4412.000     4413.000     4414.000
  1115:     4415.000     4416.000     4417.000     4418.000     4419.000
  1120:     4420.000     4421.000     4422.000     4423.000     4424.000
  1125:     4425.000     4426.000     4427.000     4428.000     4429.000
  1130:     4430.000     4431.000     4432.000     4433.000     4434.000
  1135:     4435.000     4436.000     4437.000     4438.000     4439.000
  1140:     4440.000     4441.000     4442.000     4443.000     4444.000
  1145:     4445.000     4446.000     4447.000     4448.000     4449.000
  1150:     4450.000     4451.000     4452.000     4453.000     4454.000
  1155:     4455.000     4456.000     4457.000     4458.000     4459.000
  1160:     4460.000     4461.000     4462.000     4463.000     4464.000
  1165:     4465.000     4466.000     4467.000     4468.000     4469.000
  1170:     4470.000     4471.000     4472.000     4473.000     4474.000
  1175:     4475.000     4476.000     4477.000     4478.000     4479.000
  1180:     4480.000     4481.000     4482.000     4483.000     4484.000
  1185:     4485.000     4486.000     4487.000     4488.000     4489.000
  1190:     4490.000     4491.000     4492.000     4493.000     4494.000
  1195:     4495.000     4496.000     4497.000     4498.000     4499.000
  1200:     4500.000
R:
     0:      333.000      333.000      333.000
V:
     0:      907.000     3765.000
W:
     0:      907.000     3765.000
