File: C:\MED-PC IV\DATA\p138_s172_japede


Start Date: 12/19/17
End Date: 12/19/17
Subject: p138
Experiment: 0
Group: 0
Box: 8
Start Time: 14:57:06
End Time: 15:57:35
MSN: japede_L_35_35_35_R_63_63_63
B:       0.000
E:    2139.000
F:       0.000
G:       0.000
H:       0.000
I:       2.000
J:       2.000
K:       0.000
O:       0.000
P:       0.000
Q:       0.000
S:  360000.000
T:  360000.000
U:       0.000
X:       0.000
Y:       0.000
Z:       0.000
A:
     0:        0.010        0.250        0.220        0.230     3702.120
     5:     4599.840     6484.120     6491.120     6496.120     7003.120
    10:     7302.120     8056.640     8056.320     8056.330     8056.350
    15:     8056.240     8056.130     8069.130     8306.220     8306.230
    20:     8306.250     8306.340     9522.130    10096.130    10217.120
    25:    10976.130    11289.130    11404.120    11799.120    11999.740
    30:    13972.130    14448.130    14590.540    14590.320    14590.330
    35:    14590.350    14590.240    14590.120    14840.220    14840.230
    40:    14840.250    14840.340    15520.130    15527.130    15692.120
    45:    15936.130    16063.120    16460.120    16506.840    16925.120
    50:    17440.740    17482.640    17482.320    17482.330    17482.350
    55:    17482.240    17482.130    17732.220    17732.230    17732.250
    60:    17732.340    18509.130    18622.540    18622.320    18622.330
    65:    18622.350    18622.240    18622.120    18872.220    18872.230
    70:    18872.250    18872.340    19326.130    19472.740    19910.130
    75:    20036.540    20036.320    20036.330    20036.350    20036.240
    80:    20036.120    20286.220    20286.230    20286.250    20286.340
    85:    23079.130    23729.130    24332.840    24901.120    25569.640
    90:    25569.320    25569.330    25569.350    25569.240    25569.130
    95:    25584.130    25819.220    25819.230    25819.250    25819.340
   100:    26098.120    26104.120    26348.130    27524.130    27889.130
   105:    28363.120    28369.120    28580.130    28686.740    28978.130
   110:    29114.130    29234.540    29234.320    29234.330    29234.350
   115:    29234.240    29234.120    29249.120    29484.220    29484.230
   120:    29484.250    29484.340    30362.130    30584.740    30945.540
   125:    30945.320    30945.330    30945.350    30945.240    30945.120
   130:    31195.220    31195.230    31195.250    31195.340    31334.120
   135:    31543.130    31574.130    31579.130    31619.840    31753.120
   140:    32843.120    32847.120    33281.640    33281.320    33281.330
   145:    33281.350    33281.240    33281.130    33531.220    33531.230
   150:    33531.250    33531.340    33681.120    34081.130    34319.130
   155:    34677.130    34928.120    35129.130    35195.740    35317.540
   160:    35317.320    35317.330    35317.350    35317.240    35317.120
   165:    35567.220    35567.230    35567.250    35567.340    35917.130
   170:    36022.130    36249.120    36290.120    36503.130    36508.130
   175:    36741.120    37049.130    37158.130    37162.130    37317.120
   180:    37324.120    37554.120    37820.120    37825.120    38534.120
   185:    38540.120    38905.120    39110.120    39151.120    39157.120
   190:    39254.120    39260.120    39721.130    39728.130    40037.120
   195:    40042.120    40378.130    40532.120    40867.740    41038.130
   200:    41231.130    41744.540    41744.320    41744.330    41744.350
   205:    41744.240    41744.120    41749.120    41994.220    41994.230
   210:    41994.250    41994.340    42304.120    42668.120    43144.120
   215:    43154.120    43632.130    43753.120    44194.740    44280.540
   220:    44280.320    44280.330    44280.350    44280.240    44280.120
   225:    44530.220    44530.230    44530.250    44530.340    45056.120
   230:    45530.740    45931.840    46111.540    46111.320    46111.330
   235:    46111.350    46111.240    46111.120    46361.220    46361.230
   240:    46361.250    46361.340    46515.120    47732.120    48139.640
   245:    48139.320    48139.330    48139.350    48139.240    48139.130
   250:    48389.220    48389.230    48389.250    48389.340    50049.120
   255:    50055.120    50281.130    50381.130    50837.120    51144.120
   260:    51817.120    51897.120    52228.130    52705.120    52712.120
   265:    53251.130    53564.120    53572.120    53852.130    54113.130
   270:    55103.130    55225.120    55482.130    55858.120    55954.120
   275:    56322.120    56583.130    56685.120    57032.120    57061.740
   280:    57068.540    57068.320    57068.330    57068.350    57068.240
   285:    57068.120    57318.220    57318.230    57318.250    57318.340
   290:    58072.130    58389.840    58422.640    58422.320    58422.330
   295:    58422.350    58422.240    58422.130    58672.220    58672.230
   300:    58672.250    58672.340    59118.740    59255.130    60271.540
   305:    60271.320    60271.330    60271.350    60271.240    60271.120
   310:    60521.220    60521.230    60521.250    60521.340    60721.740
   315:    61567.540    61567.320    61567.330    61567.350    61567.240
   320:    61567.120    61575.120    61672.840    61817.220    61817.230
   325:    61817.250    61817.340    62308.120    63235.120    64016.120
   330:    64158.120    64923.640    64923.320    64923.330    64923.350
   335:    64923.240    64923.130    65173.220    65173.230    65173.250
   340:    65173.340    65355.120    65361.120    65417.740    65495.540
   345:    65495.320    65495.330    65495.350    65495.240    65495.120
   350:    65673.840    65745.220    65745.230    65745.250    65745.340
   355:    65886.120    66559.120    66845.740    66857.640    66857.320
   360:    66857.330    66857.350    66857.240    66857.130    66863.130
   365:    67107.220    67107.230    67107.250    67107.340    67279.540
   370:    67279.320    67279.330    67279.350    67279.240    67279.120
   375:    67529.220    67529.230    67529.250    67529.340    67669.120
   380:    68260.120    68720.120    69208.120    70003.130    71000.130
   385:    71041.130    71183.120    71190.120    71493.120    71545.120
   390:    71551.120    71907.840    72174.640    72174.320    72174.330
   395:    72174.350    72174.240    72174.130    72180.130    72424.220
   400:    72424.230    72424.250    72424.340    72590.120    72597.120
   405:    72777.120    73199.130    73206.130    73613.130    73845.120
   410:    73879.120    74178.120    74619.130    74920.120    75314.130
   415:    75322.130    75824.120    76060.130    76190.120    76524.130
   420:    76824.840    77229.740    77357.640    77357.320    77357.330
   425:    77357.350    77357.240    77357.130    77607.220    77607.230
   430:    77607.250    77607.340    77785.540    77785.320    77785.330
   435:    77785.350    77785.240    77785.120    78035.220    78035.230
   440:    78035.250    78035.340    78207.840    78289.120    78784.120
   445:    79064.640    79064.320    79064.330    79064.350    79064.240
   450:    79064.130    79314.220    79314.230    79314.250    79314.340
   455:    79827.130    80612.130    80618.130    80635.740    80729.540
   460:    80729.320    80729.330    80729.350    80729.240    80729.120
   465:    80735.120    80979.220    80979.230    80979.250    80979.340
   470:    81139.120    81476.130    81605.120    82155.130    82859.130
   475:    82865.130    82981.120    83465.130    83889.120    83894.120
   480:    84661.120    85102.130    87177.130    87295.120    87895.120
   485:    88478.130    88573.130    88676.120    88681.120    89099.130
   490:    89475.130    89481.130    89979.740    90136.540    90136.320
   495:    90136.330    90136.350    90136.240    90136.120    90386.220
   500:    90386.230    90386.250    90386.340    90540.120    90593.120
   505:    90626.120    90632.120    90775.120    91343.130    91937.130
   510:    92057.120    92514.840    92700.120    93144.640    93144.320
   515:    93144.330    93144.350    93144.240    93144.130    93394.220
   520:    93394.230    93394.250    93394.340    93560.120    93635.120
   525:    93886.740    93935.130    93967.130    94595.130    95267.540
   530:    95267.320    95267.330    95267.350    95267.240    95267.120
   535:    95273.120    95280.120    95517.220    95517.230    95517.250
   540:    95517.340    95686.120    97477.120    97482.120    97488.120
   545:    97829.130    98017.740    98461.540    98461.320    98461.330
   550:    98461.350    98461.240    98461.120    98711.220    98711.230
   555:    98711.250    98711.340    99618.120   100212.120   100672.120
   560:   100678.120   100985.120   101685.120   102404.130   103009.130
   565:   104311.740   104677.130   105307.540   105307.320   105307.330
   570:   105307.350   105307.240   105307.120   105557.220   105557.230
   575:   105557.250   105557.340   105657.740   105752.540   105752.320
   580:   105752.330   105752.350   105752.240   105752.120   106002.220
   585:   106002.230   106002.250   106002.340   106189.120   106321.120
   590:   107148.120   107153.120   107302.740   107613.540   107613.320
   595:   107613.330   107613.350   107613.240   107613.120   107863.220
   600:   107863.230   107863.250   107863.340   108101.120   108256.120
   605:   108262.120   109749.130   110879.120   110994.840   111174.120
   610:   111732.640   111732.320   111732.330   111732.350   111732.240
   615:   111732.130   111982.220   111982.230   111982.250   111982.340
   620:   112152.120   112763.740   113640.130   114013.130   115441.540
   625:   115441.320   115441.330   115441.350   115441.240   115441.120
   630:   115448.120   115454.120   115482.840   115691.220   115691.230
   635:   115691.250   115691.340   115901.120   115966.120   117202.120
   640:   117698.120   117991.740   119108.640   119108.320   119108.330
   645:   119108.350   119108.240   119108.130   119358.220   119358.230
   650:   119358.250   119358.340   119519.540   119519.320   119519.330
   655:   119519.350   119519.240   119519.120   119769.220   119769.230
   660:   119769.250   119769.340   120714.120   121627.130   122087.130
   665:   122869.740   123244.540   123244.320   123244.330   123244.350
   670:   123244.240   123244.120   123494.220   123494.230   123494.250
   675:   123494.340   124524.130   124558.840   124654.120   124660.120
   680:   125096.120   125627.120   125634.120   125825.640   125825.320
   685:   125825.330   125825.350   125825.240   125825.130   126075.220
   690:   126075.230   126075.250   126075.340   126294.740   126309.540
   695:   126309.320   126309.330   126309.350   126309.240   126309.120
   700:   126559.220   126559.230   126559.250   126559.340   126815.120
   705:   127575.840   128313.120   128320.120   128589.640   128589.320
   710:   128589.330   128589.350   128589.240   128589.130   128839.220
   715:   128839.230   128839.250   128839.340   128989.120   129038.120
   720:   129159.740   129380.130   129539.840   130037.540   130037.320
   725:   130037.330   130037.350   130037.240   130037.120   130043.120
   730:   130287.220   130287.230   130287.250   130287.340   130643.120
   735:   130690.120   130721.120   130731.120   131195.120   131202.120
   740:   131640.640   131640.320   131640.330   131640.350   131640.240
   745:   131640.130   131890.220   131890.230   131890.250   131890.340
   750:   132055.120   133087.740   133576.540   133576.320   133576.330
   755:   133576.350   133576.240   133576.120   133826.220   133826.230
   760:   133826.250   133826.340   134326.740   134401.540   134401.320
   765:   134401.330   134401.350   134401.240   134401.120   134651.220
   770:   134651.230   134651.250   134651.340   134803.120   134854.120
   775:   134949.120   135388.130   135510.120   136251.740   136546.540
   780:   136546.320   136546.330   136546.350   136546.240   136546.120
   785:   136796.220   136796.230   136796.250   136796.340   136970.120
   790:   137049.120   137139.120   138106.120   138205.120   138596.740
   795:   138927.130   139043.130   139382.540   139382.320   139382.330
   800:   139382.350   139382.240   139382.120   139632.220   139632.230
   805:   139632.250   139632.340   139790.840   139971.120   140001.120
   810:   140007.120   141263.120   141987.120   142510.640   142510.320
   815:   142510.330   142510.350   142510.240   142510.130   142760.220
   820:   142760.230   142760.250   142760.340   143052.120   143060.120
   825:   143474.130   143649.120   144052.130   144058.130   144178.120
   830:   144632.740   145023.540   145023.320   145023.330   145023.350
   835:   145023.240   145023.120   145030.120   145273.220   145273.230
   840:   145273.250   145273.340   145456.120   146073.740   146116.540
   845:   146116.320   146116.330   146116.350   146116.240   146116.120
   850:   146366.220   146366.230   146366.250   146366.340   147167.120
   855:   147620.130   148366.740   149840.540   149840.320   149840.330
   860:   149840.350   149840.240   149840.120   150090.220   150090.230
   865:   150090.250   150090.340   150322.120   150360.840   150890.740
   870:   152178.540   152178.320   152178.330   152178.350   152178.240
   875:   152178.120   152428.220   152428.230   152428.250   152428.340
   880:   153463.120   155396.640   155396.320   155396.330   155396.350
   885:   155396.240   155396.130   155401.130   155646.220   155646.230
   890:   155646.250   155646.340   155783.120   156146.840   157528.740
   895:   157600.540   157600.320   157600.330   157600.350   157600.240
   900:   157600.120   157850.220   157850.230   157850.250   157850.340
   905:   157950.740   158806.540   158806.320   158806.330   158806.350
   910:   158806.240   158806.120   159056.220   159056.230   159056.250
   915:   159056.340   159456.740   160740.540   160740.320   160740.330
   920:   160740.350   160740.240   160740.120   160990.220   160990.230
   925:   160990.250   160990.340   163039.120   163305.640   163305.320
   930:   163305.330   163305.350   163305.240   163305.130   163555.220
   935:   163555.230   163555.250   163555.340   165681.120   166113.120
   940:   166120.120   166243.130   166664.130   166669.130   166890.740
   945:   167237.130   167338.540   167338.320   167338.330   167338.350
   950:   167338.240   167338.120   167588.220   167588.230   167588.250
   955:   167588.340   168455.840   169598.120   169926.640   169926.320
   960:   169926.330   169926.350   169926.240   169926.130   169936.130
   965:   170176.220   170176.230   170176.250   170176.340   170313.120
   970:   170476.840   170967.120   171678.120   171991.640   171991.320
   975:   171991.330   171991.350   171991.240   171991.130   172241.220
   980:   172241.230   172241.250   172241.340   172380.120   173187.120
   985:   173942.130   174560.130   174761.120   174767.120   175142.130
   990:   175560.130   175957.120   176485.120   176788.740   176804.130
   995:   176939.540   176939.320   176939.330   176939.350   176939.240
  1000:   176939.120   177189.220   177189.230   177189.250   177189.340
  1005:   177375.120   178956.130   178962.130   179062.120   179444.120
  1010:   179591.120   180323.120   180328.120   180635.130   180761.120
  1015:   180978.130   181090.120   181094.120   181480.130   181611.130
  1020:   181618.130   181718.120   181741.840   182079.640   182079.320
  1025:   182079.330   182079.350   182079.240   182079.130   182329.220
  1030:   182329.230   182329.250   182329.340   182470.120   182477.120
  1035:   182510.120   182514.120   182538.120   182606.120   182889.740
  1040:   182993.130   183089.130   183094.130   183192.540   183192.320
  1045:   183192.330   183192.350   183192.240   183192.120   183199.120
  1050:   183203.120   183229.840   183442.220   183442.230   183442.250
  1055:   183442.340   183608.120   183644.120   183742.740   184931.640
  1060:   184931.320   184931.330   184931.350   184931.240   184931.130
  1065:   185181.220   185181.230   185181.250   185181.340   185307.540
  1070:   185307.320   185307.330   185307.350   185307.240   185307.120
  1075:   185557.220   185557.230   185557.250   185557.340   185988.120
  1080:   186789.130   186973.120   187372.130   187752.130   187868.120
  1085:   187943.120   188391.120   188398.120   188431.120   188681.130
  1090:   188773.130   188968.130   189112.120   189550.130   189652.120
  1095:   189927.130   190124.120   190165.120   190709.130   191025.120
  1100:   191099.120   191106.120   191929.130   192043.120   192499.130
  1105:   192506.130   192673.120   193209.130   193502.120   193581.840
  1110:   193757.740   194051.640   194051.320   194051.330   194051.350
  1115:   194051.240   194051.130   194301.220   194301.230   194301.250
  1120:   194301.340   194440.540   194440.320   194440.330   194440.350
  1125:   194440.240   194440.120   194446.120   194690.220   194690.230
  1130:   194690.250   194690.340   194842.120   194900.120   195171.120
  1135:   195279.130   195501.840   195567.640   195567.320   195567.330
  1140:   195567.350   195567.240   195567.130   195817.220   195817.230
  1145:   195817.250   195817.340   195966.120   196035.120   196653.120
  1150:   196779.120   197255.130   197445.120   197932.130   198479.120
  1155:   198730.120   198733.120   198740.120   199190.740   199243.130
  1160:   199271.130   199380.540   199380.320   199380.330   199380.350
  1165:   199380.240   199380.120   199385.120   199630.220   199630.230
  1170:   199630.250   199630.340   199753.120   199757.120   199800.120
  1175:   199817.840   200795.120   200929.120   200934.120   202166.120
  1180:   202389.640   202389.320   202389.330   202389.350   202389.240
  1185:   202389.130   202639.220   202639.230   202639.250   202639.340
  1190:   203645.120   203892.130   204111.130   204754.120   205088.130
  1195:   205186.120   205194.120   206139.840   206698.640   206698.320
  1200:   206698.330   206698.350   206698.240   206698.130   206711.130
  1205:   206948.220   206948.230   206948.250   206948.340   207131.120
  1210:   207139.120   208024.130   208099.130   208107.130   208205.120
  1215:   208211.120   208633.120   208969.130   208976.130   209072.120
  1220:   209080.120   209193.130   209326.120   209329.120   209336.120
  1225:   209812.130   209819.130   209988.120   210230.740   210726.130
  1230:   210877.540   210877.320   210877.330   210877.350   210877.240
  1235:   210877.120   211127.220   211127.230   211127.250   211127.340
  1240:   211261.120   211267.120   211725.130   212101.130   212423.120
  1245:   212713.130   212848.840   212990.120   213851.120   214301.120
  1250:   214527.740   215003.640   215003.320   215003.330   215003.350
  1255:   215003.240   215003.130   215253.220   215253.230   215253.250
  1260:   215253.340   215380.540   215380.320   215380.330   215380.350
  1265:   215380.240   215380.120   215630.220   215630.230   215630.250
  1270:   215630.340   215979.120   216289.130   216585.120   217003.120
  1275:   217351.120   217602.130   217729.120   217735.120   217930.740
  1280:   218044.540   218044.320   218044.330   218044.350   218044.240
  1285:   218044.120   218294.220   218294.230   218294.250   218294.340
  1290:   218453.840   219661.640   219661.320   219661.330   219661.350
  1295:   219661.240   219661.130   219894.740   219911.220   219911.230
  1300:   219911.250   219911.340   220050.540   220050.320   220050.330
  1305:   220050.350   220050.240   220050.120   220300.220   220300.230
  1310:   220300.250   220300.340   220597.120   221059.130   221200.120
  1315:   221312.120   221783.120   222381.120   222545.130   223006.120
  1320:   223366.130   223500.120   223772.130   223903.120   224461.120
  1325:   224466.120   224692.120   224826.130   225229.130   225874.120
  1330:   225986.120   225991.120   226300.130   226412.120   226734.120
  1335:   226948.130   227000.740   227236.130   227272.130   227278.130
  1340:   227868.540   227868.320   227868.330   227868.350   227868.240
  1345:   227868.120   228118.220   228118.230   228118.250   228118.340
  1350:   228262.120   228329.120   228818.740   228956.540   228956.320
  1355:   228956.330   228956.350   228956.240   228956.120   228961.120
  1360:   229206.220   229206.230   229206.250   229206.340   229330.120
  1365:   229359.120   229364.120   229478.120   230543.120   230549.120
  1370:   230868.130   230975.120   231372.130   231487.120   231491.120
  1375:   232112.120   232243.120   232306.740   232928.130   233385.130
  1380:   233493.130   233501.130   233506.130   233638.540   233638.320
  1385:   233638.330   233638.350   233638.240   233638.120   233888.220
  1390:   233888.230   233888.250   233888.340   234051.120   234082.120
  1395:   234110.120   234118.120   234314.120   234824.130   234976.120
  1400:   234981.120   235435.130   235775.120   235806.120   235813.120
  1405:   236397.130   236404.130   236526.120   236690.130   236882.120
  1410:   236889.120   236935.120   236942.120   237089.130   237340.130
  1415:   237348.130   237446.120   237452.120   237975.120   237981.120
  1420:   238060.120   238065.120   238646.120   238734.120   238739.120
  1425:   238962.130   238968.130   239107.120   239169.120   239176.120
  1430:   239456.130   239463.130   239488.740   239608.130   239733.540
  1435:   239733.320   239733.330   239733.350   239733.240   239733.120
  1440:   239739.120   239983.220   239983.230   239983.250   239983.340
  1445:   240173.120   240179.120   240259.120   240267.120   240349.120
  1450:   240379.120   240583.740   241543.540   241543.320   241543.330
  1455:   241543.350   241543.240   241543.120   241793.220   241793.230
  1460:   241793.250   241793.340   241930.120   241977.120   242451.120
  1465:   242539.120   242546.120   242968.120   243436.120   243941.120
  1470:   244200.130   244305.120   244730.130   244961.120   245252.120
  1475:   245645.120   246031.130   246174.120   246922.120   247289.130
  1480:   247872.120   249060.120   249092.120   249097.120   249448.130
  1485:   249565.120   249595.120   249599.120   249833.120   249880.120
  1490:   250247.130   250811.130   251331.120   251363.120   251368.120
  1495:   251556.130   251646.130   251986.130   252030.130   252147.120
  1500:   252157.120   252215.120   252730.130   252736.130   252885.120
  1505:   252926.120   252931.120   253145.130   253480.120   253687.130
  1510:   253796.120   253846.120   253993.120   254394.120   254529.120
  1515:   254782.130   254790.130   255017.120   255583.130   255717.120
  1520:   255723.120   255981.130   256012.130   256152.120   256534.120
  1525:   256540.120   256766.120   256892.120   256931.120   256936.120
  1530:   257148.130   257403.130   257408.130   257512.120   257612.120
  1535:   257618.120   257971.130   258080.130   258147.130   258155.130
  1540:   258313.120   258387.120   258393.120   258471.120   258747.120
  1545:   259218.130   259511.840   260008.640   260008.320   260008.330
  1550:   260008.350   260008.240   260008.130   260258.220   260258.230
  1555:   260258.250   260258.340   260429.120   260496.120   261073.130
  1560:   261216.120   261364.130   261452.130   261557.120   261773.130
  1565:   261909.130   261917.130   262153.130   262161.130   262273.130
  1570:   262385.120   262847.130   263128.120   263134.120   263141.120
  1575:   263304.120   263309.120   263593.740   263599.130   264213.130
  1580:   264294.130   264696.540   264696.320   264696.330   264696.350
  1585:   264696.240   264696.120   264946.220   264946.230   264946.250
  1590:   264946.340   265154.120   265242.120   265354.120   265473.120
  1595:   265814.130   265921.130   266088.120   266095.120   266481.120
  1600:   266487.120   267043.120   267082.120   267205.120   267472.130
  1605:   267600.130   267728.120   267734.120   267774.120   267901.120
  1610:   268196.130   268549.130   268657.120   269194.130   269199.130
  1615:   269258.840   269847.120   270196.640   270196.320   270196.330
  1620:   270196.350   270196.240   270196.130   270446.220   270446.230
  1625:   270446.250   270446.340   270610.120   271892.120   272146.840
  1630:   272296.640   272296.320   272296.330   272296.350   272296.240
  1635:   272296.130   272446.740   272546.220   272546.230   272546.250
  1640:   272546.340   272697.540   272697.320   272697.330   272697.350
  1645:   272697.240   272697.120   272947.220   272947.230   272947.250
  1650:   272947.340   273147.120   273152.120   274267.130   274273.130
  1655:   274698.130   274805.120   275066.130   275189.120   275744.130
  1660:   275952.130   276432.130   276661.130   276771.120   277459.120
  1665:   278620.130   279487.130   279811.130   280263.130   280789.130
  1670:   281114.130   281451.120   281723.130   281730.130   282083.130
  1675:   282225.130   282372.120   282740.120   283705.130   283711.130
  1680:   284335.130   284342.130   285063.120   285067.120   285343.130
  1685:   285671.130   285935.120   285942.120   286666.120   286836.130
  1690:   286843.130   287126.130   287132.130   287474.130   287871.130
  1695:   288020.120   288151.130   288453.130   288459.130   288616.130
  1700:   288743.120   288747.740   288901.130   289037.130   289145.130
  1705:   289260.540   289260.320   289260.330   289260.350   289260.240
  1710:   289260.120   289510.220   289510.230   289510.250   289510.340
  1715:   289832.120   289898.120   289909.120   290010.740   290867.130
  1720:   291042.540   291042.320   291042.330   291042.350   291042.240
  1725:   291042.120   291292.220   291292.230   291292.250   291292.340
  1730:   291479.120   291487.120   291518.120   291525.120   292290.130
  1735:   292415.120   292420.120   292849.130   293154.120   293159.120
  1740:   293499.130   293818.130   293954.120   294006.120   294355.130
  1745:   294409.130   294527.120   294945.130   294952.130   295400.120
  1750:   295718.120   295892.740   296099.540   296099.320   296099.330
  1755:   296099.350   296099.240   296099.120   296106.120   296113.120
  1760:   296349.220   296349.230   296349.250   296349.340   296574.120
  1765:   296677.120   296682.120   297848.120   297891.120   298094.130
  1770:   298100.130   299336.120   299507.120   300195.120   300568.130
  1775:   300717.130   301021.120   301046.840   301158.120   301591.640
  1780:   301591.320   301591.330   301591.350   301591.240   301591.130
  1785:   301841.220   301841.230   301841.250   301841.340   302015.120
  1790:   302023.120   302063.120   302349.740   302541.840   302641.540
  1795:   302641.320   302641.330   302641.350   302641.240   302641.120
  1800:   302646.120   302891.220   302891.230   302891.250   302891.340
  1805:   303091.740   303544.540   303544.320   303544.330   303544.350
  1810:   303544.240   303544.120   303794.220   303794.230   303794.250
  1815:   303794.340   304493.120   305260.640   305260.320   305260.330
  1820:   305260.350   305260.240   305260.130   305267.130   305510.220
  1825:   305510.230   305510.250   305510.340   306316.120   306473.120
  1830:   306994.740   307372.130   307668.130   307675.130   307758.130
  1835:   308187.540   308187.320   308187.330   308187.350   308187.240
  1840:   308187.120   308437.220   308437.230   308437.250   308437.340
  1845:   308578.120   308611.120   308620.120   309402.120   310001.130
  1850:   310106.120   310114.120   310513.130   310613.120   311541.130
  1855:   311547.130   312058.130   312210.120   312215.120   312633.120
  1860:   313010.840   313702.120   314133.120   314542.120   314585.120
  1865:   315311.640   315311.320   315311.330   315311.350   315311.240
  1870:   315311.130   315337.740   315561.220   315561.230   315561.250
  1875:   315561.340   315727.540   315727.320   315727.330   315727.350
  1880:   315727.240   315727.120   315977.220   315977.230   315977.250
  1885:   315977.340   316187.120   316220.120   316547.130   316660.120
  1890:   317514.130   317650.120   317656.120   318005.130   318010.130
  1895:   318143.120   318434.130   318874.130   319007.130   319161.840
  1900:   319228.120   319233.120   319641.120   319962.640   319962.320
  1905:   319962.330   319962.350   319962.240   319962.130   320212.220
  1910:   320212.230   320212.250   320212.340   320880.130   321133.130
  1915:   321531.130   321712.840   321845.640   321845.320   321845.330
  1920:   321845.350   321845.240   321845.130   322095.220   322095.230
  1925:   322095.250   322095.340   322195.840   322260.120   322300.120
  1930:   322306.120   322897.120   323338.640   323338.320   323338.330
  1935:   323338.350   323338.240   323338.130   323588.220   323588.230
  1940:   323588.250   323588.340   323873.120   324460.120   324477.740
  1945:   325136.540   325136.320   325136.330   325136.350   325136.240
  1950:   325136.120   325142.120   325386.220   325386.230   325386.250
  1955:   325386.340   325971.130   325976.130   326524.120   327187.120
  1960:   327192.120   327618.130   327625.130   327734.120   327989.130
  1965:   328169.120   328443.130   328572.120   328956.130   329085.120
  1970:   329383.130   329387.130   329501.120   329507.120   329746.130
  1975:   329935.130   330132.120   330902.130   332016.130   332129.120
  1980:   332782.120   333022.130   333028.130   333516.130   333521.130
  1985:   333625.120   333631.120   333846.130   333905.130   334209.120
  1990:   334653.120   334684.120   334690.120   335836.120   335840.120
  1995:   335846.120   336346.130   336852.120   336898.120   337286.740
  2000:   337922.540   337922.320   337922.330   337922.350   337922.240
  2005:   337922.120   337927.120   338172.220   338172.230   338172.250
  2010:   338172.340   338384.120   338449.120   338455.120   338570.120
  2015:   338576.120   338623.120   338927.130   339074.120   339557.120
  2020:   340248.120   340645.120   340685.120   341888.840   341961.120
  2025:   342419.640   342419.320   342419.330   342419.350   342419.240
  2030:   342419.130   342669.220   342669.230   342669.250   342669.340
  2035:   343396.120   343665.130   343772.740   344436.130   344688.130
  2040:   344835.540   344835.320   344835.330   344835.350   344835.240
  2045:   344835.120   345085.220   345085.230   345085.250   345085.340
  2050:   345769.840   346215.640   346215.320   346215.330   346215.350
  2055:   346215.240   346215.130   346227.130   346465.220   346465.230
  2060:   346465.250   346465.340   346485.740   346694.540   346694.320
  2065:   346694.330   346694.350   346694.240   346694.120   346701.120
  2070:   346944.220   346944.230   346944.250   346944.340   348016.130
  2075:   348021.130   348443.130   348562.120   348976.120   349320.130
  2080:   349465.840   349539.120   349836.640   349836.320   349836.330
  2085:   349836.350   349836.240   349836.130   350086.220   350086.230
  2090:   350086.250   350086.340   350245.120   350795.120   351154.120
  2095:   352076.130   352161.130   352689.130   352831.120   353537.130
  2100:   353679.120   353949.130   354087.120   354544.740   355788.540
  2105:   355788.320   355788.330   355788.350   355788.240   355788.120
  2110:   356038.220   356038.230   356038.250   356038.340   356671.130
  2115:   356934.120   357051.120   357057.120   357738.740   357923.130
  2120:   358446.540   358446.320   358446.330   358446.350   358446.240
  2125:   358446.120   358451.120   358456.120   358696.220   358696.230
  2130:   358696.250   358696.340   358886.120   359501.120   360000.320
  2135:   360000.330   360000.350   360000.020
C:
     0:        0.000      640.000      390.000       68.000       42.000
     5:        0.000
D:
     0:        0.000        0.000
L:
     0:      285.000      285.000      285.000
M:
     0:     1200.000     1201.000     1202.000     1203.000     1204.000
     5:     1205.000     1206.000     1207.000     1208.000     1209.000
    10:     1210.000     1211.000     1212.000     1213.000     1214.000
    15:     1215.000     1216.000     1217.000     1218.000     1219.000
    20:     1220.000     1221.000     1222.000     1223.000     1224.000
    25:     1225.000     1226.000     1227.000     1228.000     1229.000
    30:     1230.000     1231.000     1232.000     1233.000     1234.000
    35:     1235.000     1236.000     1237.000     1238.000     1239.000
    40:     1240.000     1241.000     1242.000     1243.000     1244.000
    45:     1245.000     1246.000     1247.000     1248.000     1249.000
    50:     1250.000     1251.000     1252.000     1253.000     1254.000
    55:     1255.000     1256.000     1257.000     1258.000     1259.000
    60:     1260.000     1261.000     1262.000     1263.000     1264.000
    65:     1265.000     1266.000     1267.000     1268.000     1269.000
    70:     1270.000     1271.000     1272.000     1273.000     1274.000
    75:     1275.000     1276.000     1277.000     1278.000     1279.000
    80:     1280.000     1281.000     1282.000     1283.000     1284.000
    85:     1285.000     1286.000     1287.000     1288.000     1289.000
    90:     1290.000     1291.000     1292.000     1293.000     1294.000
    95:     1295.000     1296.000     1297.000     1298.000     1299.000
   100:     1300.000     1301.000     1302.000     1303.000     1304.000
   105:     1305.000     1306.000     1307.000     1308.000     1309.000
   110:     1310.000     1311.000     1312.000     1313.000     1314.000
   115:     1315.000     1316.000     1317.000     1318.000     1319.000
   120:     1320.000     1321.000     1322.000     1323.000     1324.000
   125:     1325.000     1326.000     1327.000     1328.000     1329.000
   130:     1330.000     1331.000     1332.000     1333.000     1334.000
   135:     1335.000     1336.000     1337.000     1338.000     1339.000
   140:     1340.000     1341.000     1342.000     1343.000     1344.000
   145:     1345.000     1346.000     1347.000     1348.000     1349.000
   150:     1350.000     1351.000     1352.000     1353.000     1354.000
   155:     1355.000     1356.000     1357.000     1358.000     1359.000
   160:     1360.000     1361.000     1362.000     1363.000     1364.000
   165:     1365.000     1366.000     1367.000     1368.000     1369.000
   170:     1370.000     1371.000     1372.000     1373.000     1374.000
   175:     1375.000     1376.000     1377.000     1378.000     1379.000
   180:     1380.000     1381.000     1382.000     1383.000     1384.000
   185:     1385.000     1386.000     1387.000     1388.000     1389.000
   190:     1390.000     1391.000     1392.000     1393.000     1394.000
   195:     1395.000     1396.000     1397.000     1398.000     1399.000
   200:     1400.000     1401.000     1402.000     1403.000     1404.000
   205:     1405.000     1406.000     1407.000     1408.000     1409.000
   210:     1410.000     1411.000     1412.000     1413.000     1414.000
   215:     1415.000     1416.000     1417.000     1418.000     1419.000
   220:     1420.000     1421.000     1422.000     1423.000     1424.000
   225:     1425.000     1426.000     1427.000     1428.000     1429.000
   230:     1430.000     1431.000     1432.000     1433.000     1434.000
   235:     1435.000     1436.000     1437.000     1438.000     1439.000
   240:     1440.000     1441.000     1442.000     1443.000     1444.000
   245:     1445.000     1446.000     1447.000     1448.000     1449.000
   250:     1450.000     1451.000     1452.000     1453.000     1454.000
   255:     1455.000     1456.000     1457.000     1458.000     1459.000
   260:     1460.000     1461.000     1462.000     1463.000     1464.000
   265:     1465.000     1466.000     1467.000     1468.000     1469.000
   270:     1470.000     1471.000     1472.000     1473.000     1474.000
   275:     1475.000     1476.000     1477.000     1478.000     1479.000
   280:     1480.000     1481.000     1482.000     1483.000     1484.000
   285:     1485.000     1486.000     1487.000     1488.000     1489.000
   290:     1490.000     1491.000     1492.000     1493.000     1494.000
   295:     1495.000     1496.000     1497.000     1498.000     1499.000
   300:     1500.000     1501.000     1502.000     1503.000     1504.000
   305:     1505.000     1506.000     1507.000     1508.000     1509.000
   310:     1510.000     1511.000     1512.000     1513.000     1514.000
   315:     1515.000     1516.000     1517.000     1518.000     1519.000
   320:     1520.000     1521.000     1522.000     1523.000     1524.000
   325:     1525.000     1526.000     1527.000     1528.000     1529.000
   330:     1530.000     1531.000     1532.000     1533.000     1534.000
   335:     1535.000     1536.000     1537.000     1538.000     1539.000
   340:     1540.000     1541.000     1542.000     1543.000     1544.000
   345:     1545.000     1546.000     1547.000     1548.000     1549.000
   350:     1550.000     1551.000     1552.000     1553.000     1554.000
   355:     1555.000     1556.000     1557.000     1558.000     1559.000
   360:     1560.000     1561.000     1562.000     1563.000     1564.000
   365:     1565.000     1566.000     1567.000     1568.000     1569.000
   370:     1570.000     1571.000     1572.000     1573.000     1574.000
   375:     1575.000     1576.000     1577.000     1578.000     1579.000
   380:     1580.000     1581.000     1582.000     1583.000     1584.000
   385:     1585.000     1586.000     1587.000     1588.000     1589.000
   390:     1590.000     1591.000     1592.000     1593.000     1594.000
   395:     1595.000     1596.000     1597.000     1598.000     1599.000
   400:     1600.000     1601.000     1602.000     1603.000     1604.000
   405:     1605.000     1606.000     1607.000     1608.000     1609.000
   410:     1610.000     1611.000     1612.000     1613.000     1614.000
   415:     1615.000     1616.000     1617.000     1618.000     1619.000
   420:     1620.000     1621.000     1622.000     1623.000     1624.000
   425:     1625.000     1626.000     1627.000     1628.000     1629.000
   430:     1630.000     1631.000     1632.000     1633.000     1634.000
   435:     1635.000     1636.000     1637.000     1638.000     1639.000
   440:     1640.000     1641.000     1642.000     1643.000     1644.000
   445:     1645.000     1646.000     1647.000     1648.000     1649.000
   450:     1650.000     1651.000     1652.000     1653.000     1654.000
   455:     1655.000     1656.000     1657.000     1658.000     1659.000
   460:     1660.000     1661.000     1662.000     1663.000     1664.000
   465:     1665.000     1666.000     1667.000     1668.000     1669.000
   470:     1670.000     1671.000     1672.000     1673.000     1674.000
   475:     1675.000     1676.000     1677.000     1678.000     1679.000
   480:     1680.000     1681.000     1682.000     1683.000     1684.000
   485:     1685.000     1686.000     1687.000     1688.000     1689.000
   490:     1690.000     1691.000     1692.000     1693.000     1694.000
   495:     1695.000     1696.000     1697.000     1698.000     1699.000
   500:     1700.000     1701.000     1702.000     1703.000     1704.000
   505:     1705.000     1706.000     1707.000     1708.000     1709.000
   510:     1710.000     1711.000     1712.000     1713.000     1714.000
   515:     1715.000     1716.000     1717.000     1718.000     1719.000
   520:     1720.000     1721.000     1722.000     1723.000     1724.000
   525:     1725.000     1726.000     1727.000     1728.000     1729.000
   530:     1730.000     1731.000     1732.000     1733.000     1734.000
   535:     1735.000     1736.000     1737.000     1738.000     1739.000
   540:     1740.000     1741.000     1742.000     1743.000     1744.000
   545:     1745.000     1746.000     1747.000     1748.000     1749.000
   550:     1750.000     1751.000     1752.000     1753.000     1754.000
   555:     1755.000     1756.000     1757.000     1758.000     1759.000
   560:     1760.000     1761.000     1762.000     1763.000     1764.000
   565:     1765.000     1766.000     1767.000     1768.000     1769.000
   570:     1770.000     1771.000     1772.000     1773.000     1774.000
   575:     1775.000     1776.000     1777.000     1778.000     1779.000
   580:     1780.000     1781.000     1782.000     1783.000     1784.000
   585:     1785.000     1786.000     1787.000     1788.000     1789.000
   590:     1790.000     1791.000     1792.000     1793.000     1794.000
   595:     1795.000     1796.000     1797.000     1798.000     1799.000
   600:     1800.000     1801.000     1802.000     1803.000     1804.000
   605:     1805.000     1806.000     1807.000     1808.000     1809.000
   610:     1810.000     1811.000     1812.000     1813.000     1814.000
   615:     1815.000     1816.000     1817.000     1818.000     1819.000
   620:     1820.000     1821.000     1822.000     1823.000     1824.000
   625:     1825.000     1826.000     1827.000     1828.000     1829.000
   630:     1830.000     1831.000     1832.000     1833.000     1834.000
   635:     1835.000     1836.000     1837.000     1838.000     1839.000
   640:     1840.000     1841.000     1842.000     1843.000     1844.000
   645:     1845.000     1846.000     1847.000     1848.000     1849.000
   650:     1850.000     1851.000     1852.000     1853.000     1854.000
   655:     1855.000     1856.000     1857.000     1858.000     1859.000
   660:     1860.000     1861.000     1862.000     1863.000     1864.000
   665:     1865.000     1866.000     1867.000     1868.000     1869.000
   670:     1870.000     1871.000     1872.000     1873.000     1874.000
   675:     1875.000     1876.000     1877.000     1878.000     1879.000
   680:     1880.000     1881.000     1882.000     1883.000     1884.000
   685:     1885.000     1886.000     1887.000     1888.000     1889.000
   690:     1890.000     1891.000     1892.000     1893.000     1894.000
   695:     1895.000     1896.000     1897.000     1898.000     1899.000
   700:     1900.000     1901.000     1902.000     1903.000     1904.000
   705:     1905.000     1906.000     1907.000     1908.000     1909.000
   710:     1910.000     1911.000     1912.000     1913.000     1914.000
   715:     1915.000     1916.000     1917.000     1918.000     1919.000
   720:     1920.000     1921.000     1922.000     1923.000     1924.000
   725:     1925.000     1926.000     1927.000     1928.000     1929.000
   730:     1930.000     1931.000     1932.000     1933.000     1934.000
   735:     1935.000     1936.000     1937.000     1938.000     1939.000
   740:     1940.000     1941.000     1942.000     1943.000     1944.000
   745:     1945.000     1946.000     1947.000     1948.000     1949.000
   750:     1950.000     1951.000     1952.000     1953.000     1954.000
   755:     1955.000     1956.000     1957.000     1958.000     1959.000
   760:     1960.000     1961.000     1962.000     1963.000     1964.000
   765:     1965.000     1966.000     1967.000     1968.000     1969.000
   770:     1970.000     1971.000     1972.000     1973.000     1974.000
   775:     1975.000     1976.000     1977.000     1978.000     1979.000
   780:     1980.000     1981.000     1982.000     1983.000     1984.000
   785:     1985.000     1986.000     1987.000     1988.000     1989.000
   790:     1990.000     1991.000     1992.000     1993.000     1994.000
   795:     1995.000     1996.000     1997.000     1998.000     1999.000
   800:     2000.000     2001.000     2002.000     2003.000     2004.000
   805:     2005.000     2006.000     2007.000     2008.000     2009.000
   810:     2010.000     2011.000     2012.000     2013.000     2014.000
   815:     2015.000     2016.000     2017.000     2018.000     2019.000
   820:     2020.000     2021.000     2022.000     2023.000     2024.000
   825:     2025.000     2026.000     2027.000     2028.000     2029.000
   830:     2030.000     2031.000     2032.000     2033.000     2034.000
   835:     2035.000     2036.000     2037.000     2038.000     2039.000
   840:     2040.000     2041.000     2042.000     2043.000     2044.000
   845:     2045.000     2046.000     2047.000     2048.000     2049.000
   850:     2050.000     2051.000     2052.000     2053.000     2054.000
   855:     2055.000     2056.000     2057.000     2058.000     2059.000
   860:     2060.000     2061.000     2062.000     2063.000     2064.000
   865:     2065.000     2066.000     2067.000     2068.000     2069.000
   870:     2070.000     2071.000     2072.000     2073.000     2074.000
   875:     2075.000     2076.000     2077.000     2078.000     2079.000
   880:     2080.000     2081.000     2082.000     2083.000     2084.000
   885:     2085.000     2086.000     2087.000     2088.000     2089.000
   890:     2090.000     2091.000     2092.000     2093.000     2094.000
   895:     2095.000     2096.000     2097.000     2098.000     2099.000
   900:     2100.000     2101.000     2102.000     2103.000     2104.000
   905:     2105.000     2106.000     2107.000     2108.000     2109.000
   910:     2110.000     2111.000     2112.000     2113.000     2114.000
   915:     2115.000     2116.000     2117.000     2118.000     2119.000
   920:     2120.000     2121.000     2122.000     2123.000     2124.000
   925:     2125.000     2126.000     2127.000     2128.000     2129.000
   930:     2130.000     2131.000     2132.000     2133.000     2134.000
   935:     2135.000     2136.000     2137.000     2138.000     2139.000
   940:     2140.000     2141.000     2142.000     2143.000     2144.000
   945:     2145.000     2146.000     2147.000     2148.000     2149.000
   950:     2150.000     2151.000     2152.000     2153.000     2154.000
   955:     2155.000     2156.000     2157.000     2158.000     2159.000
   960:     2160.000     2161.000     2162.000     2163.000     2164.000
   965:     2165.000     2166.000     2167.000     2168.000     2169.000
   970:     2170.000     2171.000     2172.000     2173.000     2174.000
   975:     2175.000     2176.000     2177.000     2178.000     2179.000
   980:     2180.000     2181.000     2182.000     2183.000     2184.000
   985:     2185.000     2186.000     2187.000     2188.000     2189.000
   990:     2190.000     2191.000     2192.000     2193.000     2194.000
   995:     2195.000     2196.000     2197.000     2198.000     2199.000
  1000:     2200.000     2201.000     2202.000     2203.000     2204.000
  1005:     2205.000     2206.000     2207.000     2208.000     2209.000
  1010:     2210.000     2211.000     2212.000     2213.000     2214.000
  1015:     2215.000     2216.000     2217.000     2218.000     2219.000
  1020:     2220.000     2221.000     2222.000     2223.000     2224.000
  1025:     2225.000     2226.000     2227.000     2228.000     2229.000
  1030:     2230.000     2231.000     2232.000     2233.000     2234.000
  1035:     2235.000     2236.000     2237.000     2238.000     2239.000
  1040:     2240.000     2241.000     2242.000     2243.000     2244.000
  1045:     2245.000     2246.000     2247.000     2248.000     2249.000
  1050:     2250.000     2251.000     2252.000     2253.000     2254.000
  1055:     2255.000     2256.000     2257.000     2258.000     2259.000
  1060:     2260.000     2261.000     2262.000     2263.000     2264.000
  1065:     2265.000     2266.000     2267.000     2268.000     2269.000
  1070:     2270.000     2271.000     2272.000     2273.000     2274.000
  1075:     2275.000     2276.000     2277.000     2278.000     2279.000
  1080:     2280.000     2281.000     2282.000     2283.000     2284.000
  1085:     2285.000     2286.000     2287.000     2288.000     2289.000
  1090:     2290.000     2291.000     2292.000     2293.000     2294.000
  1095:     2295.000     2296.000     2297.000     2298.000     2299.000
  1100:     2300.000     2301.000     2302.000     2303.000     2304.000
  1105:     2305.000     2306.000     2307.000     2308.000     2309.000
  1110:     2310.000     2311.000     2312.000     2313.000     2314.000
  1115:     2315.000     2316.000     2317.000     2318.000     2319.000
  1120:     2320.000     2321.000     2322.000     2323.000     2324.000
  1125:     2325.000     2326.000     2327.000     2328.000     2329.000
  1130:     2330.000     2331.000     2332.000     2333.000     2334.000
  1135:     2335.000     2336.000     2337.000     2338.000     2339.000
  1140:     2340.000     2341.000     2342.000     2343.000     2344.000
  1145:     2345.000     2346.000     2347.000     2348.000     2349.000
  1150:     2350.000     2351.000     2352.000     2353.000     2354.000
  1155:     2355.000     2356.000     2357.000     2358.000     2359.000
  1160:     2360.000     2361.000     2362.000     2363.000     2364.000
  1165:     2365.000     2366.000     2367.000     2368.000     2369.000
  1170:     2370.000     2371.000     2372.000     2373.000     2374.000
  1175:     2375.000     2376.000     2377.000     2378.000     2379.000
  1180:     2380.000     2381.000     2382.000     2383.000     2384.000
  1185:     2385.000     2386.000     2387.000     2388.000     2389.000
  1190:     2390.000     2391.000     2392.000     2393.000     2394.000
  1195:     2395.000     2396.000     2397.000     2398.000     2399.000
  1200:     2400.000
N:
     0:     2700.000     2701.000     2702.000     2703.000     2704.000
     5:     2705.000     2706.000     2707.000     2708.000     2709.000
    10:     2710.000     2711.000     2712.000     2713.000     2714.000
    15:     2715.000     2716.000     2717.000     2718.000     2719.000
    20:     2720.000     2721.000     2722.000     2723.000     2724.000
    25:     2725.000     2726.000     2727.000     2728.000     2729.000
    30:     2730.000     2731.000     2732.000     2733.000     2734.000
    35:     2735.000     2736.000     2737.000     2738.000     2739.000
    40:     2740.000     2741.000     2742.000     2743.000     2744.000
    45:     2745.000     2746.000     2747.000     2748.000     2749.000
    50:     2750.000     2751.000     2752.000     2753.000     2754.000
    55:     2755.000     2756.000     2757.000     2758.000     2759.000
    60:     2760.000     2761.000     2762.000     2763.000     2764.000
    65:     2765.000     2766.000     2767.000     2768.000     2769.000
    70:     2770.000     2771.000     2772.000     2773.000     2774.000
    75:     2775.000     2776.000     2777.000     2778.000     2779.000
    80:     2780.000     2781.000     2782.000     2783.000     2784.000
    85:     2785.000     2786.000     2787.000     2788.000     2789.000
    90:     2790.000     2791.000     2792.000     2793.000     2794.000
    95:     2795.000     2796.000     2797.000     2798.000     2799.000
   100:     2800.000     2801.000     2802.000     2803.000     2804.000
   105:     2805.000     2806.000     2807.000     2808.000     2809.000
   110:     2810.000     2811.000     2812.000     2813.000     2814.000
   115:     2815.000     2816.000     2817.000     2818.000     2819.000
   120:     2820.000     2821.000     2822.000     2823.000     2824.000
   125:     2825.000     2826.000     2827.000     2828.000     2829.000
   130:     2830.000     2831.000     2832.000     2833.000     2834.000
   135:     2835.000     2836.000     2837.000     2838.000     2839.000
   140:     2840.000     2841.000     2842.000     2843.000     2844.000
   145:     2845.000     2846.000     2847.000     2848.000     2849.000
   150:     2850.000     2851.000     2852.000     2853.000     2854.000
   155:     2855.000     2856.000     2857.000     2858.000     2859.000
   160:     2860.000     2861.000     2862.000     2863.000     2864.000
   165:     2865.000     2866.000     2867.000     2868.000     2869.000
   170:     2870.000     2871.000     2872.000     2873.000     2874.000
   175:     2875.000     2876.000     2877.000     2878.000     2879.000
   180:     2880.000     2881.000     2882.000     2883.000     2884.000
   185:     2885.000     2886.000     2887.000     2888.000     2889.000
   190:     2890.000     2891.000     2892.000     2893.000     2894.000
   195:     2895.000     2896.000     2897.000     2898.000     2899.000
   200:     2900.000     2901.000     2902.000     2903.000     2904.000
   205:     2905.000     2906.000     2907.000     2908.000     2909.000
   210:     2910.000     2911.000     2912.000     2913.000     2914.000
   215:     2915.000     2916.000     2917.000     2918.000     2919.000
   220:     2920.000     2921.000     2922.000     2923.000     2924.000
   225:     2925.000     2926.000     2927.000     2928.000     2929.000
   230:     2930.000     2931.000     2932.000     2933.000     2934.000
   235:     2935.000     2936.000     2937.000     2938.000     2939.000
   240:     2940.000     2941.000     2942.000     2943.000     2944.000
   245:     2945.000     2946.000     2947.000     2948.000     2949.000
   250:     2950.000     2951.000     2952.000     2953.000     2954.000
   255:     2955.000     2956.000     2957.000     2958.000     2959.000
   260:     2960.000     2961.000     2962.000     2963.000     2964.000
   265:     2965.000     2966.000     2967.000     2968.000     2969.000
   270:     2970.000     2971.000     2972.000     2973.000     2974.000
   275:     2975.000     2976.000     2977.000     2978.000     2979.000
   280:     2980.000     2981.000     2982.000     2983.000     2984.000
   285:     2985.000     2986.000     2987.000     2988.000     2989.000
   290:     2990.000     2991.000     2992.000     2993.000     2994.000
   295:     2995.000     2996.000     2997.000     2998.000     2999.000
   300:     3000.000
R:
     0:      158.000      158.000      158.000
V:
     0:     1633.000     2707.000
W:
     0:     1633.000     2707.000
