File: C:\MED-PC IV\DATA\p138_s111_japede


Start Date: 10/18/17
End Date: 10/18/17
Subject: p138
Experiment: 0
Group: 0
Box: 8
Start Time: 16:57:55
End Time: 17:58:09
MSN: japede_L_45_45_45_R_45_45_45
B:       0.000
E:    2863.000
F:       0.000
G:       0.000
H:       0.000
I:       2.000
J:       2.000
K:       0.000
O:       0.000
P:       0.000
Q:       0.000
S:  360000.000
T:  360000.000
U:       0.000
X:       0.000
Y:       0.000
Z:       0.000
A:
     0:        0.010        0.250        0.220        0.230     2299.740
     5:     3285.540     3285.320     3285.330     3285.350     3285.240
    10:     3285.120     3535.220     3535.230     3535.250     3535.340
    15:     4375.120     4657.130     5734.120     6205.120     6210.120
    20:     6603.120     7587.130     7749.120     7755.120     8208.130
    25:     8337.120     8631.130     8756.120     9078.120     9248.130
    30:     9255.130    10471.130    11422.120    12199.840    12465.120
    35:    12535.740    12768.540    12768.320    12768.330    12768.350
    40:    12768.240    12768.120    13018.220    13018.230    13018.250
    45:    13018.340    13503.120    14614.120    14739.640    14739.320
    50:    14739.330    14739.350    14739.240    14739.130    14989.220
    55:    14989.230    14989.250    14989.340    15547.130    15643.120
    60:    15975.120    16018.740    16554.130    16683.540    16683.320
    65:    16683.330    16683.350    16683.240    16683.120    16933.220
    70:    16933.230    16933.250    16933.340    17289.840    17355.120
    75:    17685.120    18039.120    18233.740    18432.540    18432.320
    80:    18432.330    18432.350    18432.240    18432.120    18438.120
    85:    18682.220    18682.230    18682.250    18682.340    18937.120
    90:    19268.120    19382.740    19572.540    19572.320    19572.330
    95:    19572.350    19572.240    19572.120    19822.220    19822.230
   100:    19822.250    19822.340    20201.120    20340.640    20340.320
   105:    20340.330    20340.350    20340.240    20340.130    20590.220
   110:    20590.230    20590.250    20590.340    20837.120    20979.130
   115:    21102.130    21193.120    21199.120    21447.130    21533.120
   120:    21984.120    21989.120    22116.130    22216.120    22219.120
   125:    22354.130    22450.120    22681.120    23041.120    23046.120
   130:    23432.120    23646.130    23734.120    23739.120    24062.120
   135:    24290.840    24367.120    24522.740    24844.540    24844.320
   140:    24844.330    24844.350    24844.240    24844.120    25094.220
   145:    25094.230    25094.250    25094.340    25445.640    25445.320
   150:    25445.330    25445.350    25445.240    25445.130    25695.220
   155:    25695.230    25695.250    25695.340    25889.120    25894.120
   160:    26230.120    26465.130    26554.120    26778.120    27093.120
   165:    27468.120    27472.120    27595.840    27759.120    28111.640
   170:    28111.320    28111.330    28111.350    28111.240    28111.130
   175:    28361.220    28361.230    28361.250    28361.340    28553.120
   180:    28559.120    28731.130    28828.120    28833.120    29378.130
   185:    29469.120    29685.130    30081.130    30182.120    30187.120
   190:    30313.130    30789.120    30793.120    31089.120    31489.120
   195:    31496.120    31678.130    31772.120    32324.120    32447.130
   200:    32540.120    32961.840    32985.120    33497.640    33497.320
   205:    33497.330    33497.350    33497.240    33497.130    33747.220
   210:    33747.230    33747.250    33747.340    33957.120    34359.120
   215:    34364.120    34577.130    34582.130    34884.130    35134.130
   220:    35217.130    35525.130    35795.130    35882.120    36009.130
   225:    36103.120    36112.120    36884.120    36890.120    37176.130
   230:    37269.120    37526.130    37704.120    38014.120    38220.120
   235:    38394.740    38450.130    38537.540    38537.320    38537.330
   240:    38537.350    38537.240    38537.120    38547.840    38787.220
   245:    38787.230    38787.250    38787.340    38987.120    39283.640
   250:    39283.320    39283.330    39283.350    39283.240    39283.130
   255:    39533.220    39533.230    39533.250    39533.340    39718.120
   260:    39724.120    40167.130    40173.130    40482.120    40487.120
   265:    40847.120    40852.120    41198.120    41306.130    41516.120
   270:    41522.120    41631.130    41846.120    42121.120    42284.130
   275:    42288.130    42851.120    42859.120    43287.740    43316.540
   280:    43316.320    43316.330    43316.350    43316.240    43316.120
   285:    43433.840    43566.220    43566.230    43566.250    43566.340
   290:    43803.120    43808.120    44341.120    44720.120    45056.120
   295:    45250.640    45250.320    45250.330    45250.350    45250.240
   300:    45250.130    45500.220    45500.230    45500.250    45500.340
   305:    45700.840    45710.120    45823.640    45823.320    45823.330
   310:    45823.350    45823.240    45823.130    46073.220    46073.230
   315:    46073.250    46073.340    46261.120    46459.130    47301.130
   320:    47307.130    47393.120    47399.120    47466.740    47705.540
   325:    47705.320    47705.330    47705.350    47705.240    47705.120
   330:    47710.120    47955.220    47955.230    47955.250    47955.340
   335:    48150.120    48154.120    48632.120    48977.120    48981.120
   340:    49155.740    49180.540    49180.320    49180.330    49180.350
   345:    49180.240    49180.120    49430.220    49430.230    49430.250
   350:    49430.340    49727.130    49813.120    49818.120    49823.120
   355:    50163.120    50168.120    50588.120    50946.130    51027.120
   360:    51032.120    51216.120    51220.120    51572.120    51577.120
   365:    52276.120    52423.130    52600.120    52605.120    52832.130
   370:    52919.120    52926.120    53121.130    53309.120    53438.130
   375:    53912.120    53918.120    54159.120    54286.130    54389.130
   380:    54472.120    54477.120    54707.130    54798.120    54805.120
   385:    54947.130    55378.130    55548.120    55856.120    55864.120
   390:    56052.130    56144.120    56150.120    56439.130    57253.130
   395:    57355.120    57478.130    57672.120    57677.120    58030.120
   400:    58141.130    58242.120    58248.120    58615.120    58620.120
   405:    58863.130    58959.120    59673.840    59678.640    59678.320
   410:    59678.330    59678.350    59678.240    59678.130    59928.220
   415:    59928.230    59928.250    59928.340    60030.740    60259.540
   420:    60259.320    60259.330    60259.350    60259.240    60259.120
   425:    60265.120    60509.220    60509.230    60509.250    60509.340
   430:    60698.120    60704.120    61785.130    61884.120    61890.120
   435:    62013.130    62089.130    62177.120    62562.130    62741.120
   440:    63072.120    63078.120    63328.840    63335.640    63335.320
   445:    63335.330    63335.350    63335.240    63335.130    63585.220
   450:    63585.230    63585.250    63585.340    63784.120    64110.120
   455:    64115.120    64486.120    64492.120    64834.130    64921.120
   460:    65185.120    65190.120    65424.130    65692.120    66022.120
   465:    66133.130    66224.120    66544.120    66923.120    67282.130
   470:    67288.130    67588.130    67700.130    67709.130    68188.130
   475:    68300.120    68483.130    68490.130    68685.840    68734.640
   480:    68734.320    68734.330    68734.350    68734.240    68734.130
   485:    68984.220    68984.230    68984.250    68984.340    69555.130
   490:    69650.120    69862.130    70119.130    70123.130    70227.130
   495:    70426.130    70472.130    71061.120    71339.130    71461.130
   500:    71468.130    71574.120    71582.120    72307.130    72401.120
   505:    72573.130    72579.130    72766.130    73009.740    73095.540
   510:    73095.320    73095.330    73095.350    73095.240    73095.120
   515:    73102.120    73345.220    73345.230    73345.250    73345.340
   520:    73645.120    73650.120    73656.120    73797.130    73893.120
   525:    74155.130    74493.130    74499.130    74601.120    74606.120
   530:    74933.120    75454.130    75545.740    75578.130    75585.130
   535:    75693.540    75693.320    75693.330    75693.350    75693.240
   540:    75693.120    75699.120    75704.120    75943.220    75943.230
   545:    75943.250    75943.340    76162.120    76169.120    76436.130
   550:    76540.120    76546.120    76704.130    76911.130    77013.120
   555:    77019.120    77025.120    77084.840    77379.120    77384.120
   560:    77598.120    77820.640    77820.320    77820.330    77820.350
   565:    77820.240    77820.130    77834.130    78070.220    78070.230
   570:    78070.250    78070.340    78274.120    78281.120    78459.130
   575:    79021.130    79029.130    79141.120    79148.120    79254.130
   580:    79341.120    79591.130    79675.120    79682.120    79687.120
   585:    79986.130    80077.130    80084.130    80557.130    80563.130
   590:    80657.120    80661.120    80743.740    80801.130    80892.540
   595:    80892.320    80892.330    80892.350    80892.240    80892.120
   600:    81142.220    81142.230    81142.250    81142.340    81532.130
   605:    81857.120    82050.130    82342.120    82635.120    82640.120
   610:    82877.130    82966.120    83110.130    83201.120    83207.120
   615:    83550.120    84067.130    84344.130    84750.120    84970.130
   620:    85064.120    85261.120    85268.120    85554.130    85560.130
   625:    85651.120    85659.120    86081.120    86086.120    86548.130
   630:    86639.120    86645.120    87006.130    87039.130    87046.130
   635:    87146.120    87704.120    87711.120    88059.130    88166.120
   640:    88173.120    88453.120    88577.130    88931.130    89023.120
   645:    89372.130    89769.130    89876.120    89882.120    89942.740
   650:    90260.130    90267.130    90369.540    90369.320    90369.330
   655:    90369.350    90369.240    90369.120    90374.120    90619.220
   660:    90619.230    90619.250    90619.340    90870.840    91566.120
   665:    91573.120    91717.640    91717.320    91717.330    91717.350
   670:    91717.240    91717.130    91967.220    91967.230    91967.250
   675:    91967.340    92265.120    92270.120    92421.130    92516.120
   680:    92649.130    92746.120    92752.120    92896.130    92988.120
   685:    93497.120    93503.120    93767.840    93860.640    93860.320
   690:    93860.330    93860.350    93860.240    93860.130    94110.220
   695:    94110.230    94110.250    94110.340    94305.120    94310.120
   700:    94562.130    94567.130    94667.120    94805.130    95179.120
   705:    95419.740    95537.130    95604.130    95854.130    96246.130
   710:    96344.540    96344.320    96344.330    96344.350    96344.240
   715:    96344.120    96594.220    96594.230    96594.250    96594.340
   720:    96888.120    97146.130    97240.120    97245.120    97474.130
   725:    97560.120    97566.120    97759.130    97846.120    97852.120
   730:    97954.130    98046.120    98052.120    98313.120    98320.120
   735:    98609.120    98734.130    98974.130    99381.120    99386.120
   740:    99749.130    99941.120    99949.120   100072.130   100629.130
   745:   100894.130   100898.130   100998.120   101004.120   101194.740
   750:   101208.540   101208.320   101208.330   101208.350   101208.240
   755:   101208.120   101213.120   101458.220   101458.230   101458.250
   760:   101458.340   101669.120   102133.120   102140.120   102387.130
   765:   102659.120   102669.120   102758.740   102791.130   102810.840
   770:   103063.540   103063.320   103063.330   103063.350   103063.240
   775:   103063.120   103313.220   103313.230   103313.250   103313.340
   780:   103556.120   103770.120   103987.120   104315.120   104321.120
   785:   104567.640   104567.320   104567.330   104567.350   104567.240
   790:   104567.130   104573.130   104817.220   104817.230   104817.250
   795:   104817.340   105579.130   105824.130   105833.130   105990.130
   800:   106497.120   106504.120   106861.130   106944.120   106949.120
   805:   107317.840   107439.640   107439.320   107439.330   107439.350
   810:   107439.240   107439.130   107689.220   107689.230   107689.250
   815:   107689.340   108195.120   108440.120   108446.120   108631.120
   820:   108989.840   109330.640   109330.320   109330.330   109330.350
   825:   109330.240   109330.130   109580.220   109580.230   109580.250
   830:   109580.340   109768.120   110060.120   110066.120   110441.120
   835:   110569.130   110580.840   110797.640   110797.320   110797.330
   840:   110797.350   110797.240   110797.130   111047.220   111047.230
   845:   111047.250   111047.340   111336.130   111427.120   112293.120
   850:   112300.120   112516.120   112521.120   112638.130   112979.120
   855:   113254.120   113490.120   113613.740   113698.540   113698.320
   860:   113698.330   113698.350   113698.240   113698.120   113704.120
   865:   113948.220   113948.230   113948.250   113948.340   114047.840
   870:   114189.120   114785.120   114790.120   115095.120   115347.120
   875:   115558.120   115730.640   115730.320   115730.330   115730.350
   880:   115730.240   115730.130   115980.220   115980.230   115980.250
   885:   115980.340   116223.120   117250.120   117256.120   117454.120
   890:   117459.120   117748.740   118027.130   118116.540   118116.320
   895:   118116.330   118116.350   118116.240   118116.120   118366.220
   900:   118366.230   118366.250   118366.340   118862.130   118947.120
   905:   119353.130   119487.120   119492.120   119768.120   119973.120
   910:   120503.120   120508.120   120755.120   120880.840   120978.640
   915:   120978.320   120978.330   120978.350   120978.240   120978.130
   920:   121228.220   121228.230   121228.250   121228.340   121666.740
   925:   122430.130   122536.540   122536.320   122536.330   122536.350
   930:   122536.240   122536.120   122786.220   122786.230   122786.250
   935:   122786.340   123491.120   123496.120   123699.130   123952.120
   940:   124485.120   124491.120   124724.130   124809.120   125172.120
   945:   125289.130   125530.120   125535.120   125856.120   126086.740
   950:   126088.540   126088.320   126088.330   126088.350   126088.240
   955:   126088.120   126093.120   126128.840   126338.220   126338.230
   960:   126338.250   126338.340   126658.640   126658.320   126658.330
   965:   126658.350   126658.240   126658.130   126908.220   126908.230
   970:   126908.250   126908.340   127079.120   127445.120   127508.840
   975:   127725.120   127961.120   127966.120   128549.640   128549.320
   980:   128549.330   128549.350   128549.240   128549.130   128555.130
   985:   128799.220   128799.230   128799.250   128799.340   129028.120
   990:   129283.120   129289.120   129500.120   129505.120   129850.120
   995:   129985.130   130325.120   130330.120   130585.120   130762.130
  1000:   130973.120   130978.120   130985.120   131152.130   131368.120
  1005:   131537.130   131629.120   131899.840   131901.120   132304.120
  1010:   132530.120   132814.120   132820.120   133002.640   133002.320
  1015:   133002.330   133002.350   133002.240   133002.130   133009.130
  1020:   133252.220   133252.230   133252.250   133252.340   134129.130
  1025:   134355.130   134903.120   134908.120   135069.130   135152.840
  1030:   135153.120   135355.640   135355.320   135355.330   135355.350
  1035:   135355.240   135355.130   135605.220   135605.230   135605.250
  1040:   135605.340   135830.120   135835.120   136380.130   136473.120
  1045:   136575.130   136787.130   136838.740   136887.540   136887.320
  1050:   136887.330   136887.350   136887.240   136887.120   137137.220
  1055:   137137.230   137137.250   137137.340   137576.120   138438.120
  1060:   138443.120   138673.120   138852.130   139086.130   139830.130
  1065:   140067.130   140074.130   140424.130   140698.120   141113.120
  1070:   141205.840   141257.640   141257.320   141257.330   141257.350
  1075:   141257.240   141257.130   141507.220   141507.230   141507.250
  1080:   141507.340   141707.840   142037.740   142300.640   142300.320
  1085:   142300.330   142300.350   142300.240   142300.130   142550.220
  1090:   142550.230   142550.250   142550.340   142753.540   142753.320
  1095:   142753.330   142753.350   142753.240   142753.120   142761.120
  1100:   143003.220   143003.230   143003.250   143003.340   143457.120
  1105:   143463.120   143603.740   143808.130   143920.540   143920.320
  1110:   143920.330   143920.350   143920.240   143920.120   143925.120
  1115:   144170.220   144170.230   144170.250   144170.340   144624.120
  1120:   145005.120   145097.130   145328.130   145412.120   145417.120
  1125:   145557.130   145645.120   145750.130   145950.840   146009.120
  1130:   146014.120   146133.640   146133.320   146133.330   146133.350
  1135:   146133.240   146133.130   146383.220   146383.230   146383.250
  1140:   146383.340   146970.130   147075.120   147195.130   147295.130
  1145:   147562.130   147675.120   148037.120   148045.120   148330.130
  1150:   148336.130   148430.120   148571.130   148676.120   148869.130
  1155:   149139.120   149420.120   149427.120   149883.840   150155.120
  1160:   150159.120   150381.640   150381.320   150381.330   150381.350
  1165:   150381.240   150381.130   150631.220   150631.230   150631.250
  1170:   150631.340   152170.740   152233.130   152316.540   152316.320
  1175:   152316.330   152316.350   152316.240   152316.120   152322.120
  1180:   152566.220   152566.230   152566.250   152566.340   152977.120
  1185:   153077.130   153084.130   153192.120   153419.120   153426.120
  1190:   153578.130   153874.120   153878.120   154220.120   154343.130
  1195:   154430.120   154431.840   154601.640   154601.320   154601.330
  1200:   154601.350   154601.240   154601.130   154851.220   154851.230
  1205:   154851.250   154851.340   155666.740   155714.130   155905.130
  1210:   156001.540   156001.320   156001.330   156001.350   156001.240
  1215:   156001.120   156007.120   156251.220   156251.230   156251.250
  1220:   156251.340   156644.130   156913.130   157001.120   157006.120
  1225:   157549.120   157893.130   157976.120   157983.120   158103.130
  1230:   158194.120   158697.130   159025.120   159030.120   159036.120
  1235:   159282.130   159288.130   159375.120   159380.120   159902.130
  1240:   160592.130   160824.120   161010.130   161015.130   161530.120
  1245:   161730.130   162129.120   162135.120   162251.740   162403.540
  1250:   162403.320   162403.330   162403.350   162403.240   162403.120
  1255:   162408.120   162653.220   162653.230   162653.250   162653.340
  1260:   162860.120   163053.740   163772.540   163772.320   163772.330
  1265:   163772.350   163772.240   163772.120   164022.220   164022.230
  1270:   164022.250   164022.340   164248.120   164937.120   164951.840
  1275:   165169.640   165169.320   165169.330   165169.350   165169.240
  1280:   165169.130   165419.220   165419.230   165419.250   165419.340
  1285:   165639.120   165644.120   166112.130   166648.130   167868.130
  1290:   167974.120   167979.120   168124.130   168207.120   168346.130
  1295:   168422.740   168460.130   168547.540   168547.320   168547.330
  1300:   168547.350   168547.240   168547.120   168797.220   168797.230
  1305:   168797.250   168797.340   169515.130   169520.130   169607.120
  1310:   169612.120   169727.130   169735.130   169818.120   170126.120
  1315:   170319.840   170391.120   170397.120   170694.120   170935.120
  1320:   170941.120   171171.640   171171.320   171171.330   171171.350
  1325:   171171.240   171171.130   171421.220   171421.230   171421.250
  1330:   171421.340   171832.120   171837.120   172121.840   172538.640
  1335:   172538.320   172538.330   172538.350   172538.240   172538.130
  1340:   172788.220   172788.230   172788.250   172788.340   172888.840
  1345:   172897.740   173134.540   173134.320   173134.330   173134.350
  1350:   173134.240   173134.120   173140.120   173384.220   173384.230
  1355:   173384.250   173384.340   173862.640   173862.320   173862.330
  1360:   173862.350   173862.240   173862.130   174112.220   174112.230
  1365:   174112.250   174112.340   174290.120   174294.120   174542.120
  1370:   174861.120   174989.130   175074.120   175314.120   175436.130
  1375:   176127.120   176522.130   176862.120   177757.130   177762.130
  1380:   177844.120   177884.740   178268.130   178352.540   178352.320
  1385:   178352.330   178352.350   178352.240   178352.120   178602.220
  1390:   178602.230   178602.250   178602.340   178843.120   178849.120
  1395:   178902.740   179066.540   179066.320   179066.330   179066.350
  1400:   179066.240   179066.120   179070.120   179316.220   179316.230
  1405:   179316.250   179316.340   179988.130   180097.120   180105.120
  1410:   180606.130   180916.740   181067.130   181151.540   181151.320
  1415:   181151.330   181151.350   181151.240   181151.120   181401.220
  1420:   181401.230   181401.250   181401.340   181659.120   181783.130
  1425:   181790.130   182402.120   182407.120   182639.120   182644.120
  1430:   183089.130   183368.130   183550.130   183601.740   183849.130
  1435:   183928.540   183928.320   183928.330   183928.350   183928.240
  1440:   183928.120   183933.120   183938.120   184178.220   184178.230
  1445:   184178.250   184178.340   184355.120   184360.120   184515.120
  1450:   184520.120   185031.130   185392.120   185397.120   185571.130
  1455:   185655.120   185661.120   185864.130   186417.130   186619.120
  1460:   186623.120   186950.120   186955.120   187250.120   187535.120
  1465:   187541.120   187578.740   187829.540   187829.320   187829.330
  1470:   187829.350   187829.240   187829.120   188079.220   188079.230
  1475:   188079.250   188079.340   188343.120   188349.120   188590.120
  1480:   188594.120   188940.130   188945.130   189319.130   189935.120
  1485:   189943.120   190054.120   190079.740   190690.540   190690.320
  1490:   190690.330   190690.350   190690.240   190690.120   190940.220
  1495:   190940.230   190940.250   190940.340   191103.120   191109.120
  1500:   191702.120   191706.120   191954.130   191960.130   192040.740
  1505:   192057.540   192057.320   192057.330   192057.350   192057.240
  1510:   192057.120   192061.120   192307.220   192307.230   192307.250
  1515:   192307.340   192468.120   192475.120   192706.120   193261.120
  1520:   193493.130   193789.120   194018.120   194294.130   194302.130
  1525:   194394.120   194824.120   195151.130   195158.130   195378.130
  1530:   195470.120   195683.130   195690.130   195907.740   196335.540
  1535:   196335.320   196335.330   196335.350   196335.240   196335.120
  1540:   196341.120   196347.120   196585.220   196585.230   196585.250
  1545:   196585.340   196915.120   196919.120   197025.130   197113.120
  1550:   197118.120   197412.120   197765.120   197772.120   198012.120
  1555:   198154.130   198239.120   198244.120   198381.120   198387.120
  1560:   198705.120   198985.740   198988.540   198988.320   198988.330
  1565:   198988.350   198988.240   198988.120   198993.120   199238.220
  1570:   199238.230   199238.250   199238.340   199464.120   199469.120
  1575:   199913.130   199998.120   200004.120   200366.130   200454.120
  1580:   200662.130   200671.130   200812.840   200938.740   201177.640
  1585:   201177.320   201177.330   201177.350   201177.240   201177.130
  1590:   201427.220   201427.230   201427.250   201427.340   201900.130
  1595:   202294.130   202633.130   202638.130   202821.130   203348.130
  1600:   203797.130   204028.540   204028.320   204028.330   204028.350
  1605:   204028.240   204028.120   204033.120   204040.120   204278.220
  1610:   204278.230   204278.250   204278.340   205301.120   205593.120
  1615:   205864.120   205869.120   206227.130   206232.130   206309.120
  1620:   206314.120   206378.740   206480.130   206575.540   206575.320
  1625:   206575.330   206575.350   206575.240   206575.120   206825.220
  1630:   206825.230   206825.250   206825.340   207452.130   207567.120
  1635:   207773.120   207961.130   208046.120   208327.840   208353.640
  1640:   208353.320   208353.330   208353.350   208353.240   208353.130
  1645:   208370.130   208603.220   208603.230   208603.250   208603.340
  1650:   208776.120   208945.120   209590.120   209714.130   209797.120
  1655:   209947.130   210075.130   210249.130   210254.130   210772.130
  1660:   210864.120   211129.120   211396.120   211425.740   211503.840
  1665:   211748.640   211748.320   211748.330   211748.350   211748.240
  1670:   211748.130   211998.220   211998.230   211998.250   211998.340
  1675:   212195.540   212195.320   212195.330   212195.350   212195.240
  1680:   212195.120   212200.120   212445.220   212445.230   212445.250
  1685:   212445.340   212752.120   213072.120   213241.120   213475.120
  1690:   213797.130   213803.130   214132.120   214138.120   214345.740
  1695:   214394.130   214944.540   214944.320   214944.330   214944.350
  1700:   214944.240   214944.120   214949.120   215194.220   215194.230
  1705:   215194.250   215194.340   215398.840   215405.120   215649.120
  1710:   215654.120   215766.640   215766.320   215766.330   215766.350
  1715:   215766.240   215766.130   216016.220   216016.230   216016.250
  1720:   216016.340   216422.120   217131.120   217141.120   217340.120
  1725:   217463.130   217716.840   217749.120   217899.640   217899.320
  1730:   217899.330   217899.350   217899.240   217899.130   218094.740
  1735:   218149.220   218149.230   218149.250   218149.340   218249.840
  1740:   218356.540   218356.320   218356.330   218356.350   218356.240
  1745:   218356.120   218606.220   218606.230   218606.250   218606.340
  1750:   218806.120   219403.640   219403.320   219403.330   219403.350
  1755:   219403.240   219403.130   219653.220   219653.230   219653.250
  1760:   219653.340   219823.120   219827.120   220276.130   220344.130
  1765:   220534.130   220768.120   221115.130   221206.740   221453.840
  1770:   221659.540   221659.320   221659.330   221659.350   221659.240
  1775:   221659.120   221665.120   221670.120   221909.220   221909.230
  1780:   221909.250   221909.340   222058.120   222319.120   222326.120
  1785:   222451.640   222451.320   222451.330   222451.350   222451.240
  1790:   222451.130   222701.220   222701.230   222701.250   222701.340
  1795:   222850.120   222855.120   223401.840   223425.640   223425.320
  1800:   223425.330   223425.350   223425.240   223425.130   223431.130
  1805:   223675.220   223675.230   223675.250   223675.340   223945.120
  1810:   224304.120   224575.840   224943.640   224943.320   224943.330
  1815:   224943.350   224943.240   224943.130   225193.220   225193.230
  1820:   225193.250   225193.340   225385.120   225391.120   225593.840
  1825:   225718.640   225718.320   225718.330   225718.350   225718.240
  1830:   225718.130   225968.220   225968.230   225968.250   225968.340
  1835:   226410.130   226496.120   226509.740   226568.840   226726.640
  1840:   226726.320   226726.330   226726.350   226726.240   226726.130
  1845:   226976.220   226976.230   226976.250   226976.340   228285.130
  1850:   228625.540   228625.320   228625.330   228625.350   228625.240
  1855:   228625.120   228629.120   228635.120   228875.220   228875.230
  1860:   228875.250   228875.340   229095.120   229253.130   229262.130
  1865:   229471.130   229479.130   229895.120   229901.120   229907.120
  1870:   230117.130   230122.130   230214.130   230302.120   230590.130
  1875:   230792.130   230976.840   231005.120   231011.120   231331.640
  1880:   231331.320   231331.330   231331.350   231331.240   231331.130
  1885:   231581.220   231581.230   231581.250   231581.340   232316.130
  1890:   232745.130   232829.120   232834.120   233630.120   234046.120
  1895:   234275.120   234477.130   234564.120   234574.120   234709.130
  1900:   235454.130   235540.120   235656.120   235791.130   235879.130
  1905:   235963.130   236045.120   236450.130   236533.120   236807.120
  1910:   237104.130   237192.120   237196.120   237637.120   237644.120
  1915:   237934.130   238023.120   238147.130   238458.120   238577.130
  1920:   238709.130   238714.130   239049.130   239215.130   239714.120
  1925:   240137.120   241002.120   241007.120   241469.120   241589.130
  1930:   241722.130   241805.120   241811.120   242030.130   242121.130
  1935:   242129.130   242320.120   242471.120   242668.130   242674.130
  1940:   242763.120   242768.120   242905.120   242910.120   243027.130
  1945:   243190.120   243196.120   243616.130   243700.120   243913.130
  1950:   244121.120   244774.130   244857.120   245100.120   245211.130
  1955:   245281.840   245371.640   245371.320   245371.330   245371.350
  1960:   245371.240   245371.130   245621.220   245621.230   245621.250
  1965:   245621.340   245861.120   245867.120   246066.130   246152.120
  1970:   246275.740   246305.130   246398.130   246519.130   246892.130
  1975:   247043.130   247050.130   247157.540   247157.320   247157.330
  1980:   247157.350   247157.240   247157.120   247162.120   247407.220
  1985:   247407.230   247407.250   247407.340   248155.130   248221.840
  1990:   248686.120   249051.640   249051.320   249051.330   249051.350
  1995:   249051.240   249051.130   249301.220   249301.230   249301.250
  2000:   249301.340   250001.120   250361.130   250601.840   250759.640
  2005:   250759.320   250759.330   250759.350   250759.240   250759.130
  2010:   251009.220   251009.230   251009.250   251009.340   251193.120
  2015:   251198.120   251509.840   251572.640   251572.320   251572.330
  2020:   251572.350   251572.240   251572.130   251822.220   251822.230
  2025:   251822.250   251822.340   251993.120   251999.120   252022.840
  2030:   252514.120   252812.120   253627.640   253627.320   253627.330
  2035:   253627.350   253627.240   253627.130   253877.220   253877.230
  2040:   253877.250   253877.340   254575.130   254582.130   254962.130
  2045:   255199.130   255701.130   256053.120   256061.120   256337.120
  2050:   256343.120   256704.130   257031.120   257235.130   257832.120
  2055:   257836.120   258097.130   258618.130   258625.130   258795.130
  2060:   258802.130   258907.740   258987.130   259531.540   259531.320
  2065:   259531.330   259531.350   259531.240   259531.120   259677.840
  2070:   259781.220   259781.230   259781.250   259781.340   259963.120
  2075:   259969.120   259974.120   260187.120   260414.120   260781.740
  2080:   260955.640   260955.320   260955.330   260955.350   260955.240
  2085:   260955.130   260961.130   261205.220   261205.230   261205.250
  2090:   261205.340   261939.130   262508.540   262508.320   262508.330
  2095:   262508.350   262508.240   262508.120   262758.220   262758.230
  2100:   262758.250   262758.340   263732.120   263738.120   263921.130
  2105:   263927.130   264030.120   264035.120   264158.740   264401.130
  2110:   264407.130   264511.540   264511.320   264511.330   264511.350
  2115:   264511.240   264511.120   264515.120   264761.220   264761.230
  2120:   264761.250   264761.340   265118.120   265750.120   265756.120
  2125:   265854.130   266005.130   266010.130   266358.130   266441.120
  2130:   266733.130   266741.130   266977.130   267835.130   268005.840
  2135:   268020.640   268020.320   268020.330   268020.350   268020.240
  2140:   268020.130   268270.220   268270.230   268270.250   268270.340
  2145:   268686.120   268961.740   269718.130   269952.130   270039.540
  2150:   270039.320   270039.330   270039.350   270039.240   270039.120
  2155:   270289.220   270289.230   270289.250   270289.340   271030.130
  2160:   271398.120   271403.120   271618.120   271820.130   271893.130
  2165:   272060.130   272533.120   272538.120   272810.130   273094.130
  2170:   273099.130   273299.130   273306.130   273389.740   273561.130
  2175:   273784.130   274091.130   274173.540   274173.320   274173.330
  2180:   274173.350   274173.240   274173.120   274423.220   274423.230
  2185:   274423.250   274423.340   274802.120   275204.130   275303.120
  2190:   275444.130   276026.130   276182.120   276302.130   276836.130
  2195:   277048.130   277265.130   277360.120   277366.120   277531.120
  2200:   277538.120   277804.120   278023.740   278070.130   278156.540
  2205:   278156.320   278156.330   278156.350   278156.240   278156.120
  2210:   278406.220   278406.230   278406.250   278406.340   278572.120
  2215:   278577.120   278785.120   278791.120   279270.120   279599.120
  2220:   279897.120   279903.120   280306.740   280360.130   280741.130
  2225:   280828.540   280828.320   280828.330   280828.350   280828.240
  2230:   280828.120   281078.220   281078.230   281078.250   281078.340
  2235:   281236.120   281678.740   281770.840   282099.540   282099.320
  2240:   282099.330   282099.350   282099.240   282099.120   282349.220
  2245:   282349.230   282349.250   282349.340   282953.120   282957.120
  2250:   283206.120   283307.640   283307.320   283307.330   283307.350
  2255:   283307.240   283307.130   283349.740   283557.220   283557.230
  2260:   283557.250   283557.340   283725.540   283725.320   283725.330
  2265:   283725.350   283725.240   283725.120   283975.220   283975.230
  2270:   283975.250   283975.340   284284.130   284375.740   284788.540
  2275:   284788.320   284788.330   284788.350   284788.240   284788.120
  2280:   285038.220   285038.230   285038.250   285038.340   285883.130
  2285:   286368.120   286507.120   286511.120   287031.120   287038.740
  2290:   287216.540   287216.320   287216.330   287216.350   287216.240
  2295:   287216.120   287466.220   287466.230   287466.250   287466.340
  2300:   287980.120   288235.120   288242.120   288528.120   288717.120
  2305:   288953.130   289122.130   289409.120   289414.120   289557.840
  2310:   289712.640   289712.320   289712.330   289712.350   289712.240
  2315:   289712.130   289734.130   289962.220   289962.230   289962.250
  2320:   289962.340   290131.120   290385.120   290389.120   290650.130
  2325:   290656.130   291664.120   292127.130   292754.120   293441.130
  2330:   293522.120   293743.130   293762.840   293959.120   293964.120
  2335:   294325.120   294566.740   295379.540   295379.320   295379.330
  2340:   295379.350   295379.240   295379.120   295629.220   295629.230
  2345:   295629.250   295629.340   295853.120   295857.120   296010.120
  2350:   296226.120   296584.640   296584.320   296584.330   296584.350
  2355:   296584.240   296584.130   296834.220   296834.230   296834.250
  2360:   296834.340   297118.120   297252.120   297516.120   297887.130
  2365:   298096.130   298344.130   298427.120   298949.130   299029.740
  2370:   300292.540   300292.320   300292.330   300292.350   300292.240
  2375:   300292.120   300305.120   300542.220   300542.230   300542.250
  2380:   300542.340   300642.740   301457.540   301457.320   301457.330
  2385:   301457.350   301457.240   301457.120   301462.120   301534.840
  2390:   301707.220   301707.230   301707.250   301707.340   301863.120
  2395:   302257.120   302468.120   302869.120   302874.120   303024.640
  2400:   303024.320   303024.330   303024.350   303024.240   303024.130
  2405:   303274.220   303274.230   303274.250   303274.340   303444.120
  2410:   303972.120   303978.120   304111.130   304599.120   304603.120
  2415:   304947.130   305574.840   306071.120   306296.120   306301.120
  2420:   306948.120   306954.120   307138.640   307138.320   307138.330
  2425:   307138.350   307138.240   307138.130   307388.220   307388.230
  2430:   307388.250   307388.340   307560.120   307769.120   308444.120
  2435:   308450.120   308589.130   309083.130   309167.120   309343.130
  2440:   309744.120   309750.120   309885.130   309971.120   310528.120
  2445:   310850.120   311163.120   311587.120   311712.130   311795.120
  2450:   311801.120   311922.130   312372.130   312723.120   312728.120
  2455:   313027.120   313142.130   313218.120   313225.120   313466.120
  2460:   313884.120   313888.120   313893.120   314161.130   314240.120
  2465:   314245.120   314251.120   314463.120   314757.130   314907.740
  2470:   315081.130   315197.540   315197.320   315197.330   315197.350
  2475:   315197.240   315197.120   315447.220   315447.230   315447.250
  2480:   315447.340   315547.740   315788.840   316013.540   316013.320
  2485:   316013.330   316013.350   316013.240   316013.120   316263.220
  2490:   316263.230   316263.250   316263.340   316579.120   316586.120
  2495:   316951.120   316957.120   317949.120   317963.740   318044.640
  2500:   318044.320   318044.330   318044.350   318044.240   318044.130
  2505:   318060.130   318294.220   318294.230   318294.250   318294.340
  2510:   318723.540   318723.320   318723.330   318723.350   318723.240
  2515:   318723.120   318973.220   318973.230   318973.250   318973.340
  2520:   318994.840   319273.120   319278.120   319445.120   319455.120
  2525:   320590.120   320761.640   320761.320   320761.330   320761.350
  2530:   320761.240   320761.130   320767.130   321011.220   321011.230
  2535:   321011.250   321011.340   321200.120   321529.130   321627.120
  2540:   322012.120   323011.840   323135.120   323379.640   323379.320
  2545:   323379.330   323379.350   323379.240   323379.130   323629.220
  2550:   323629.230   323629.250   323629.340   323787.120   323944.120
  2555:   323949.120   324293.130   324657.130   324873.740   324916.540
  2560:   324916.320   324916.330   324916.350   324916.240   324916.120
  2565:   324921.120   325166.220   325166.230   325166.250   325166.340
  2570:   325740.120   325999.120   326029.840   326211.640   326211.320
  2575:   326211.330   326211.350   326211.240   326211.130   326461.220
  2580:   326461.230   326461.250   326461.340   326761.840   326769.120
  2585:   326777.120   327044.640   327044.320   327044.330   327044.350
  2590:   327044.240   327044.130   327294.220   327294.230   327294.250
  2595:   327294.340   327850.130   327857.130   328799.120   328805.120
  2600:   329151.120   329161.120   329403.120   329408.120   329594.840
  2605:   329639.120   329743.640   329743.320   329743.330   329743.350
  2610:   329743.240   329743.130   329993.220   329993.230   329993.250
  2615:   329993.340   330648.130   330813.130   331609.120   331613.120
  2620:   331728.130   331734.130   331836.120   332043.120   332609.130
  2625:   332848.130   332985.130   333566.740   333896.130   334075.130
  2630:   334606.540   334606.320   334606.330   334606.350   334606.240
  2635:   334606.120   334856.220   334856.230   334856.250   334856.340
  2640:   335305.120   335711.130   336233.120   336350.130   336358.130
  2645:   336843.130   337293.840   337296.120   337302.120   337537.120
  2650:   337822.120   337826.120   337833.120   338151.640   338151.320
  2655:   338151.330   338151.350   338151.240   338151.130   338401.220
  2660:   338401.230   338401.250   338401.340   338686.120   338692.120
  2665:   338700.120   338906.120   339007.130   339013.130   339322.120
  2670:   339501.840   339505.640   339505.320   339505.330   339505.350
  2675:   339505.240   339505.130   339755.220   339755.230   339755.250
  2680:   339755.340   339955.840   340073.120   340566.640   340566.320
  2685:   340566.330   340566.350   340566.240   340566.130   340816.220
  2690:   340816.230   340816.250   340816.340   340967.120   340974.120
  2695:   341116.840   341237.640   341237.320   341237.330   341237.350
  2700:   341237.240   341237.130   341487.220   341487.230   341487.250
  2705:   341487.340   341617.120   341773.130   342087.840   342390.640
  2710:   342390.320   342390.330   342390.350   342390.240   342390.130
  2715:   342640.220   342640.230   342640.250   342640.340   342791.120
  2720:   342796.120   343006.130   343340.840   343365.640   343365.320
  2725:   343365.330   343365.350   343365.240   343365.130   343615.220
  2730:   343615.230   343615.250   343615.340   343783.120   344314.130
  2735:   344599.120   344935.130   345014.130   345224.130   346556.740
  2740:   346738.540   346738.320   346738.330   346738.350   346738.240
  2745:   346738.120   346744.120   346988.220   346988.230   346988.250
  2750:   346988.340   347515.840   347593.640   347593.320   347593.330
  2755:   347593.350   347593.240   347593.130   347843.220   347843.230
  2760:   347843.250   347843.340   348681.130   348688.130   348943.840
  2765:   349094.120   349413.120   349419.120   349521.640   349521.320
  2770:   349521.330   349521.350   349521.240   349521.130   349771.220
  2775:   349771.230   349771.250   349771.340   350765.130   350852.120
  2780:   351128.120   351336.120   351590.120   351595.120   351861.130
  2785:   352271.840   352387.640   352387.320   352387.330   352387.350
  2790:   352387.240   352387.130   352588.740   352637.220   352637.230
  2795:   352637.250   352637.340   352830.540   352830.320   352830.330
  2800:   352830.350   352830.240   352830.120   353080.220   353080.230
  2805:   353080.250   353080.340   353229.120   353234.120   353537.840
  2810:   354412.120   354416.120   354700.120   354797.640   354797.320
  2815:   354797.330   354797.350   354797.240   354797.130   355047.220
  2820:   355047.230   355047.250   355047.340   355998.130   356287.130
  2825:   356536.130   356542.130   356552.130   356657.130   356697.130
  2830:   356947.840   357061.640   357061.320   357061.330   357061.350
  2835:   357061.240   357061.130   357311.220   357311.230   357311.250
  2840:   357311.340   358011.840   358150.640   358150.320   358150.330
  2845:   358150.350   358150.240   358150.130   358400.220   358400.230
  2850:   358400.250   358400.340   358958.130   359084.130   359123.130
  2855:   359580.120   359585.120   359867.120   360000.320   360000.330
  2860:   360000.350   360000.020
C:
     0:        0.000      874.000      540.000       69.000       75.000
     5:        0.000
D:
     0:        0.000        0.000
L:
     0:      222.000      222.000      222.000
M:
     0:      900.000      901.000      902.000      903.000      904.000
     5:      905.000      906.000      907.000      908.000      909.000
    10:      910.000      911.000      912.000      913.000      914.000
    15:      915.000      916.000      917.000      918.000      919.000
    20:      920.000      921.000      922.000      923.000      924.000
    25:      925.000      926.000      927.000      928.000      929.000
    30:      930.000      931.000      932.000      933.000      934.000
    35:      935.000      936.000      937.000      938.000      939.000
    40:      940.000      941.000      942.000      943.000      944.000
    45:      945.000      946.000      947.000      948.000      949.000
    50:      950.000      951.000      952.000      953.000      954.000
    55:      955.000      956.000      957.000      958.000      959.000
    60:      960.000      961.000      962.000      963.000      964.000
    65:      965.000      966.000      967.000      968.000      969.000
    70:      970.000      971.000      972.000      973.000      974.000
    75:      975.000      976.000      977.000      978.000      979.000
    80:      980.000      981.000      982.000      983.000      984.000
    85:      985.000      986.000      987.000      988.000      989.000
    90:      990.000      991.000      992.000      993.000      994.000
    95:      995.000      996.000      997.000      998.000      999.000
   100:     1000.000     1001.000     1002.000     1003.000     1004.000
   105:     1005.000     1006.000     1007.000     1008.000     1009.000
   110:     1010.000     1011.000     1012.000     1013.000     1014.000
   115:     1015.000     1016.000     1017.000     1018.000     1019.000
   120:     1020.000     1021.000     1022.000     1023.000     1024.000
   125:     1025.000     1026.000     1027.000     1028.000     1029.000
   130:     1030.000     1031.000     1032.000     1033.000     1034.000
   135:     1035.000     1036.000     1037.000     1038.000     1039.000
   140:     1040.000     1041.000     1042.000     1043.000     1044.000
   145:     1045.000     1046.000     1047.000     1048.000     1049.000
   150:     1050.000     1051.000     1052.000     1053.000     1054.000
   155:     1055.000     1056.000     1057.000     1058.000     1059.000
   160:     1060.000     1061.000     1062.000     1063.000     1064.000
   165:     1065.000     1066.000     1067.000     1068.000     1069.000
   170:     1070.000     1071.000     1072.000     1073.000     1074.000
   175:     1075.000     1076.000     1077.000     1078.000     1079.000
   180:     1080.000     1081.000     1082.000     1083.000     1084.000
   185:     1085.000     1086.000     1087.000     1088.000     1089.000
   190:     1090.000     1091.000     1092.000     1093.000     1094.000
   195:     1095.000     1096.000     1097.000     1098.000     1099.000
   200:     1100.000     1101.000     1102.000     1103.000     1104.000
   205:     1105.000     1106.000     1107.000     1108.000     1109.000
   210:     1110.000     1111.000     1112.000     1113.000     1114.000
   215:     1115.000     1116.000     1117.000     1118.000     1119.000
   220:     1120.000     1121.000     1122.000     1123.000     1124.000
   225:     1125.000     1126.000     1127.000     1128.000     1129.000
   230:     1130.000     1131.000     1132.000     1133.000     1134.000
   235:     1135.000     1136.000     1137.000     1138.000     1139.000
   240:     1140.000     1141.000     1142.000     1143.000     1144.000
   245:     1145.000     1146.000     1147.000     1148.000     1149.000
   250:     1150.000     1151.000     1152.000     1153.000     1154.000
   255:     1155.000     1156.000     1157.000     1158.000     1159.000
   260:     1160.000     1161.000     1162.000     1163.000     1164.000
   265:     1165.000     1166.000     1167.000     1168.000     1169.000
   270:     1170.000     1171.000     1172.000     1173.000     1174.000
   275:     1175.000     1176.000     1177.000     1178.000     1179.000
   280:     1180.000     1181.000     1182.000     1183.000     1184.000
   285:     1185.000     1186.000     1187.000     1188.000     1189.000
   290:     1190.000     1191.000     1192.000     1193.000     1194.000
   295:     1195.000     1196.000     1197.000     1198.000     1199.000
   300:     1200.000
N:
     0:     2100.000     2101.000     2102.000     2103.000     2104.000
     5:     2105.000     2106.000     2107.000     2108.000     2109.000
    10:     2110.000     2111.000     2112.000     2113.000     2114.000
    15:     2115.000     2116.000     2117.000     2118.000     2119.000
    20:     2120.000     2121.000     2122.000     2123.000     2124.000
    25:     2125.000     2126.000     2127.000     2128.000     2129.000
    30:     2130.000     2131.000     2132.000     2133.000     2134.000
    35:     2135.000     2136.000     2137.000     2138.000     2139.000
    40:     2140.000     2141.000     2142.000     2143.000     2144.000
    45:     2145.000     2146.000     2147.000     2148.000     2149.000
    50:     2150.000     2151.000     2152.000     2153.000     2154.000
    55:     2155.000     2156.000     2157.000     2158.000     2159.000
    60:     2160.000     2161.000     2162.000     2163.000     2164.000
    65:     2165.000     2166.000     2167.000     2168.000     2169.000
    70:     2170.000     2171.000     2172.000     2173.000     2174.000
    75:     2175.000     2176.000     2177.000     2178.000     2179.000
    80:     2180.000     2181.000     2182.000     2183.000     2184.000
    85:     2185.000     2186.000     2187.000     2188.000     2189.000
    90:     2190.000     2191.000     2192.000     2193.000     2194.000
    95:     2195.000     2196.000     2197.000     2198.000     2199.000
   100:     2200.000     2201.000     2202.000     2203.000     2204.000
   105:     2205.000     2206.000     2207.000     2208.000     2209.000
   110:     2210.000     2211.000     2212.000     2213.000     2214.000
   115:     2215.000     2216.000     2217.000     2218.000     2219.000
   120:     2220.000     2221.000     2222.000     2223.000     2224.000
   125:     2225.000     2226.000     2227.000     2228.000     2229.000
   130:     2230.000     2231.000     2232.000     2233.000     2234.000
   135:     2235.000     2236.000     2237.000     2238.000     2239.000
   140:     2240.000     2241.000     2242.000     2243.000     2244.000
   145:     2245.000     2246.000     2247.000     2248.000     2249.000
   150:     2250.000     2251.000     2252.000     2253.000     2254.000
   155:     2255.000     2256.000     2257.000     2258.000     2259.000
   160:     2260.000     2261.000     2262.000     2263.000     2264.000
   165:     2265.000     2266.000     2267.000     2268.000     2269.000
   170:     2270.000     2271.000     2272.000     2273.000     2274.000
   175:     2275.000     2276.000     2277.000     2278.000     2279.000
   180:     2280.000     2281.000     2282.000     2283.000     2284.000
   185:     2285.000     2286.000     2287.000     2288.000     2289.000
   190:     2290.000     2291.000     2292.000     2293.000     2294.000
   195:     2295.000     2296.000     2297.000     2298.000     2299.000
   200:     2300.000     2301.000     2302.000     2303.000     2304.000
   205:     2305.000     2306.000     2307.000     2308.000     2309.000
   210:     2310.000     2311.000     2312.000     2313.000     2314.000
   215:     2315.000     2316.000     2317.000     2318.000     2319.000
   220:     2320.000     2321.000     2322.000     2323.000     2324.000
   225:     2325.000     2326.000     2327.000     2328.000     2329.000
   230:     2330.000     2331.000     2332.000     2333.000     2334.000
   235:     2335.000     2336.000     2337.000     2338.000     2339.000
   240:     2340.000     2341.000     2342.000     2343.000     2344.000
   245:     2345.000     2346.000     2347.000     2348.000     2349.000
   250:     2350.000     2351.000     2352.000     2353.000     2354.000
   255:     2355.000     2356.000     2357.000     2358.000     2359.000
   260:     2360.000     2361.000     2362.000     2363.000     2364.000
   265:     2365.000     2366.000     2367.000     2368.000     2369.000
   270:     2370.000     2371.000     2372.000     2373.000     2374.000
   275:     2375.000     2376.000     2377.000     2378.000     2379.000
   280:     2380.000     2381.000     2382.000     2383.000     2384.000
   285:     2385.000     2386.000     2387.000     2388.000     2389.000
   290:     2390.000     2391.000     2392.000     2393.000     2394.000
   295:     2395.000     2396.000     2397.000     2398.000     2399.000
   300:     2400.000
R:
     0:      222.000      222.000      222.000
V:
     0:      924.000     2235.000
W:
     0:      924.000     2235.000
