File: C:\MED-PC IV\DATA\p138_s42_japede


Start Date: 08/07/17
End Date: 08/07/17
Subject: p138
Experiment: 0
Group: 0
Box: 8
Start Time: 16:32:22
End Time: 17:32:40
MSN: japede_L_90_90_90_R_30_30_30
B:       0.000
E:    3297.000
F:       0.000
G:       0.000
H:       0.000
I:       1.000
J:       1.000
K:       0.000
O:       0.000
P:       0.000
Q:       0.000
S:  360000.000
T:  360000.000
U:       0.000
X:       0.000
Y:       0.000
Z:       0.000
A:
     0:        0.010        0.250        0.220        0.230     2899.840
     5:     6790.640     6790.320     6790.330     6790.350     6790.240
    10:     6790.130     7040.220     7040.230     7040.250     7040.340
    15:     7289.130     7590.130     8340.840     8435.120     8818.120
    20:     9264.120     9272.120     9672.120     9898.640     9898.320
    25:     9898.330     9898.350     9898.240     9898.130    10148.220
    30:    10148.230    10148.250    10148.340    10428.130    10472.130
    35:    10748.840    11216.640    11216.320    11216.330    11216.350
    40:    11216.240    11216.130    11466.220    11466.230    11466.250
    45:    11466.340    11666.840    11751.640    11751.320    11751.330
    50:    11751.350    11751.240    11751.130    11758.130    12001.220
    55:    12001.230    12001.250    12001.340    12203.130    12210.130
    60:    12323.120    12870.120    12937.120    13141.130    13237.130
    65:    13735.120    14111.130    14320.130    14746.120    14821.120
    70:    15065.130    15134.130    15165.130    15592.120    15739.130
    75:    16131.130    16644.120    16652.120    16801.840    16824.640
    80:    16824.320    16824.330    16824.350    16824.240    16824.130
    85:    17074.220    17074.230    17074.250    17074.340    17302.130
    90:    17359.130    17391.130    17490.120    17660.130    17881.130
    95:    18074.840    18398.120    18666.640    18666.320    18666.330
   100:    18666.350    18666.240    18666.130    18681.130    18916.220
   105:    18916.230    18916.250    18916.340    19216.840    19365.640
   110:    19365.320    19365.330    19365.350    19365.240    19365.130
   115:    19615.220    19615.230    19615.250    19615.340    19885.130
   120:    19982.130    20271.130    20374.130    20599.740    20998.130
   125:    21770.130    21814.130    21821.130    21935.540    21935.320
   130:    21935.330    21935.350    21935.240    21935.120    21943.120
   135:    22185.220    22185.230    22185.250    22185.340    22426.130
   140:    22528.120    22727.130    23476.130    24317.130    24476.130
   145:    24484.130    24865.130    24958.120    24966.120    25131.130
   150:    25669.120    25947.130    25953.130    26240.120    26785.120
   155:    27622.120    27651.120    27715.840    27813.640    27813.320
   160:    27813.330    27813.350    27813.240    27813.130    28063.220
   165:    28063.230    28063.250    28063.340    28572.130    28763.840
   170:    28800.120    28807.120    29344.640    29344.320    29344.330
   175:    29344.350    29344.240    29344.130    29594.220    29594.230
   180:    29594.250    29594.340    30449.120    30456.120    30579.130
   185:    30894.840    30896.640    30896.320    30896.330    30896.350
   190:    30896.240    30896.130    31146.220    31146.230    31146.250
   195:    31146.340    31368.130    31470.120    31661.130    32102.130
   200:    32388.130    33061.130    33339.130    34014.130    34288.130
   205:    34510.130    35037.130    35313.130    35673.130    36283.130
   210:    37598.130    37757.130    38122.120    38129.120    38295.130
   215:    38454.130    38721.120    38728.120    39230.130    39239.130
   220:    39432.130    39849.130    40023.130    40857.130    40928.130
   225:    41036.120    41727.130    41824.130    41943.120    42853.130
   230:    42886.130    43103.130    44133.130    44146.840    44170.640
   235:    44170.320    44170.330    44170.350    44170.240    44170.130
   240:    44420.220    44420.230    44420.250    44420.340    44843.130
   245:    44958.120    45113.130    45144.130    45638.130    45782.120
   250:    45945.130    46332.130    46420.840    46440.120    46445.120
   255:    46705.120    47373.640    47373.320    47373.330    47373.350
   260:    47373.240    47373.130    47379.130    47623.220    47623.230
   265:    47623.250    47623.340    47962.120    48347.130    48620.130
   270:    48627.130    48931.130    49280.120    50023.840    50080.640
   275:    50080.320    50080.330    50080.350    50080.240    50080.130
   280:    50088.130    50330.220    50330.230    50330.250    50330.340
   285:    50650.130    50921.130    50929.130    51359.130    51366.130
   290:    51626.130    51855.130    51939.120    52091.130    52285.740
   295:    52588.540    52588.320    52588.330    52588.350    52588.240
   300:    52588.120    52838.220    52838.230    52838.250    52838.340
   305:    53144.130    53151.130    53210.130    53336.120    53515.130
   310:    53538.740    53929.540    53929.320    53929.330    53929.350
   315:    53929.240    53929.120    54179.220    54179.230    54179.250
   320:    54179.340    54414.130    54548.120    54553.120    54561.120
   325:    54741.130    55089.130    55179.740    55452.540    55452.320
   330:    55452.330    55452.350    55452.240    55452.120    55702.220
   335:    55702.230    55702.250    55702.340    56297.130    56748.130
   340:    56863.120    56868.120    57065.120    57073.120    58330.130
   345:    58368.130    58510.120    58676.130    58859.130    58865.130
   350:    59102.740    59219.540    59219.320    59219.330    59219.350
   355:    59219.240    59219.120    59469.220    59469.230    59469.250
   360:    59469.340    60034.120    60730.840    60961.120    61030.120
   365:    61037.120    61197.640    61197.320    61197.330    61197.350
   370:    61197.240    61197.130    61447.220    61447.230    61447.250
   375:    61447.340    61547.840    61867.640    61867.320    61867.330
   380:    61867.350    61867.240    61867.130    62117.220    62117.230
   385:    62117.250    62117.340    62417.840    62567.640    62567.320
   390:    62567.330    62567.350    62567.240    62567.130    62817.220
   395:    62817.230    62817.250    62817.340    62969.740    63083.130
   400:    63184.540    63184.320    63184.330    63184.350    63184.240
   405:    63184.120    63434.220    63434.230    63434.250    63434.340
   410:    63649.130    63766.120    63773.120    63839.120    64170.120
   415:    64177.120    64313.130    64385.130    64885.120    64950.120
   420:    65262.130    65388.120    65578.130    65700.120    65860.130
   425:    66678.130    66785.120    66793.120    66995.130    67034.740
   430:    67104.540    67104.320    67104.330    67104.350    67104.240
   435:    67104.120    67110.120    67118.120    67354.220    67354.230
   440:    67354.250    67354.340    67638.130    67761.120    67789.120
   445:    67870.120    68217.840    68527.120    68558.120    68841.640
   450:    68841.320    68841.330    68841.350    68841.240    68841.130
   455:    69091.220    69091.230    69091.250    69091.340    69427.130
   460:    69530.120    69539.120    69616.120    69623.120    69766.130
   465:    70162.130    70190.130    70317.120    70322.120    70506.130
   470:    70594.130    70601.130    70992.120    71171.130    71454.740
   475:    71475.540    71475.320    71475.330    71475.350    71475.240
   480:    71475.120    71486.120    71491.120    71725.220    71725.230
   485:    71725.250    71725.340    71932.130    72034.120    72043.120
   490:    72091.840    72225.740    72319.640    72319.320    72319.330
   495:    72319.350    72319.240    72319.130    72569.220    72569.230
   500:    72569.250    72569.340    72769.130    72869.540    72869.320
   505:    72869.330    72869.350    72869.240    72869.120    73119.220
   510:    73119.230    73119.250    73119.340    73340.130    73434.120
   515:    73443.120    73615.130    73776.120    73782.120    73789.120
   520:    73942.130    74036.130    74043.130    74329.130    74418.120
   525:    74972.120    74979.120    75233.120    75424.130    75455.130
   530:    75462.130    75669.840    75843.120    75978.120    76124.640
   535:    76124.320    76124.330    76124.350    76124.240    76124.130
   540:    76374.220    76374.230    76374.250    76374.340    76474.840
   545:    76672.640    76672.320    76672.330    76672.350    76672.240
   550:    76672.130    76922.220    76922.230    76922.250    76922.340
   555:    77319.120    77322.840    77329.120    77425.120    77609.640
   560:    77609.320    77609.330    77609.350    77609.240    77609.130
   565:    77625.130    77859.220    77859.230    77859.250    77859.340
   570:    78177.120    78184.120    78353.130    78359.130    78548.120
   575:    78692.130    78806.120    78941.130    79002.130    79010.130
   580:    79347.130    79354.130    79798.120    80207.120    80528.120
   585:    81116.120    81126.120    81225.120    81612.120    81618.120
   590:    81717.120    82295.130    82301.130    82659.840    82686.120
   595:    82778.120    83017.640    83017.320    83017.330    83017.350
   600:    83017.240    83017.130    83267.220    83267.230    83267.250
   605:    83267.340    83609.130    83904.130    84008.120    84015.120
   610:    84160.130    84169.130    84527.130    84534.130    84637.120
   615:    84642.120    84831.130    85215.120    85294.120    85609.130
   620:    85617.130    85887.130    86167.840    86445.120    86687.640
   625:    86687.320    86687.330    86687.350    86687.240    86687.130
   630:    86937.220    86937.230    86937.250    86937.340    87137.840
   635:    87166.640    87166.320    87166.330    87166.350    87166.240
   640:    87166.130    87416.220    87416.230    87416.250    87416.340
   645:    87676.130    87682.130    87939.120    87949.120    88116.840
   650:    88128.640    88128.320    88128.330    88128.350    88128.240
   655:    88128.130    88137.130    88143.130    88378.220    88378.230
   660:    88378.250    88378.340    88632.130    88726.120    88893.130
   665:    89119.130    89360.120    89367.120    89788.130    89882.120
   670:    89888.120    90085.130    90093.130    90579.120    90729.120
   675:    91041.130    91049.130    91382.130    91388.130    91651.130
   680:    91751.130    92269.130    92304.130    92532.130    92539.130
   685:    92818.130    92824.130    93194.120    93406.130    93961.120
   690:    93968.120    94219.740    94710.130    94945.130    94975.130
   695:    95015.130    96015.130    96021.130    96118.130    96182.130
   700:    96453.130    96460.130    96639.540    96639.320    96639.330
   705:    96639.350    96639.240    96639.120    96889.220    96889.230
   710:    96889.250    96889.340    97114.130    97375.130    97612.120
   715:    97784.130    98459.130    98578.840    98707.120    98713.120
   720:    99067.120    99074.120    99705.120    99714.120    99900.640
   725:    99900.320    99900.330    99900.350    99900.240    99900.130
   730:   100150.220   100150.230   100150.250   100150.340   100440.130
   735:   100447.130   100544.120   100551.120   100850.840   101377.640
   740:   101377.320   101377.330   101377.350   101377.240   101377.130
   745:   101383.130   101627.220   101627.230   101627.250   101627.340
   750:   101827.840   101984.120   101989.740   102427.540   102427.320
   755:   102427.330   102427.350   102427.240   102427.120   102677.220
   760:   102677.230   102677.250   102677.340   103055.120   103205.120
   765:   103213.120   103340.120   103348.120   103496.640   103496.320
   770:   103496.330   103496.350   103496.240   103496.130   103746.220
   775:   103746.230   103746.250   103746.340   103955.130   103962.130
   780:   104116.130   104122.130   104505.130   104512.130   104708.120
   785:   104739.120   104746.120   104905.130   104913.130   105143.120
   790:   105150.120   105333.130   105561.120   105715.130   106038.120
   795:   106080.120   106150.120   106282.130   106411.130   106419.130
   800:   106531.120   106719.130   106908.120   106914.120   107130.130
   805:   107537.120   107571.120   107742.130   107912.120   107921.120
   810:   108076.130   108211.130   108218.130   108557.120   108714.130
   815:   109099.120   109134.120   109303.130   109336.130   109465.120
   820:   109471.120   109652.130   109716.130   109724.130   110150.120
   825:   110556.120   110563.120   110764.130   111389.120   111425.120
   830:   111432.120   111694.130   111702.130   111977.740   112074.130
   835:   112081.130   112455.540   112455.320   112455.330   112455.350
   840:   112455.240   112455.120   112705.220   112705.230   112705.250
   845:   112705.340   112952.130   112959.130   113084.120   113090.120
   850:   113172.120   113480.130   113488.130   113786.130   114031.120
   855:   114037.120   114173.130   114695.130   114701.130   114944.120
   860:   114975.120   115205.130   115299.120   115495.130   115590.120
   865:   115597.120   115837.120   115846.120   116314.120   116321.120
   870:   116456.130   116712.120   116717.120   116887.130   116946.840
   875:   117336.640   117336.320   117336.330   117336.350   117336.240
   880:   117336.130   117586.220   117586.230   117586.250   117586.340
   885:   117705.740   117829.130   117935.540   117935.320   117935.330
   890:   117935.350   117935.240   117935.120   117942.120   118185.220
   895:   118185.230   118185.250   118185.340   118561.120   118727.130
   900:   118925.120   119012.120   119152.130   119222.130   119541.130
   905:   119585.740   120171.130   120434.540   120434.320   120434.330
   910:   120434.350   120434.240   120434.120   120449.120   120684.220
   915:   120684.230   120684.250   120684.340   120969.130   120975.130
   920:   121255.130   121369.120   121798.120   121886.840   122009.640
   925:   122009.320   122009.330   122009.350   122009.240   122009.130
   930:   122016.130   122023.130   122259.220   122259.230   122259.250
   935:   122259.340   122550.130   122646.120   122946.120   122952.120
   940:   122984.740   123187.540   123187.320   123187.330   123187.350
   945:   123187.240   123187.120   123193.120   123201.120   123437.220
   950:   123437.230   123437.250   123437.340   123537.740   123775.130
   955:   123805.130   124138.130   124144.130   124292.540   124292.320
   960:   124292.330   124292.350   124292.240   124292.120   124300.120
   965:   124307.120   124542.220   124542.230   124542.250   124542.340
   970:   124913.130   125008.120   125015.120   125120.120   125264.130
   975:   125365.120   125509.120   125656.130   126019.130   126026.130
   980:   126514.120   126862.120   126868.120   127203.120   127211.120
   985:   127409.130   127416.130   127584.120   127659.840   127755.640
   990:   127755.320   127755.330   127755.350   127755.240   127755.130
   995:   128005.220   128005.230   128005.250   128005.340   128418.120
  1000:   128424.120   128673.130   128676.130   128851.120   128858.120
  1005:   129102.130   129109.130   129349.120   129353.120   129360.120
  1010:   129655.120   129964.120   129970.120   130442.120   130449.120
  1015:   130760.120   130766.120   131302.120   131308.120   132404.120
  1020:   132410.120   132636.130   132705.840   132896.120   132903.120
  1025:   133092.640   133092.320   133092.330   133092.350   133092.240
  1030:   133092.130   133099.130   133108.130   133342.220   133342.230
  1035:   133342.250   133342.340   133585.130   133700.120   133709.120
  1040:   133842.840   133883.640   133883.320   133883.330   133883.350
  1045:   133883.240   133883.130   133890.130   133898.130   134133.220
  1050:   134133.230   134133.250   134133.340   134568.130   134574.130
  1055:   134743.120   134754.120   134923.130   134930.130   135239.130
  1060:   135246.130   135334.120   135342.120   135833.840   135845.640
  1065:   135845.320   135845.330   135845.350   135845.240   135845.130
  1070:   135854.130   136095.220   136095.230   136095.250   136095.340
  1075:   136264.130   136269.130   136365.120   136894.130   136901.130
  1080:   137205.130   137548.120   137750.130   138086.130   138149.130
  1085:   138156.130   138195.840   138479.640   138479.320   138479.330
  1090:   138479.350   138479.240   138479.130   138542.740   138729.220
  1095:   138729.230   138729.250   138729.340   138960.540   138960.320
  1100:   138960.330   138960.350   138960.240   138960.120   138966.120
  1105:   139210.220   139210.230   139210.250   139210.340   139517.130
  1110:   139550.130   139557.130   140154.120   140321.130   140499.120
  1115:   140507.120   140895.120   140902.120   141061.130   141068.130
  1120:   141261.120   141495.130   142223.130   142229.130   142399.120
  1125:   142535.130   142543.130   142852.120   143004.130   143010.130
  1130:   143243.120   143465.120   143471.120   143595.130   143657.130
  1135:   143884.130   143979.120   143986.120   144010.740   144129.840
  1140:   144587.640   144587.320   144587.330   144587.350   144587.240
  1145:   144587.130   144602.130   144837.220   144837.230   144837.250
  1150:   144837.340   145130.130   145136.130   145243.540   145243.320
  1155:   145243.330   145243.350   145243.240   145243.120   145493.220
  1160:   145493.230   145493.250   145493.340   145690.130   145796.120
  1165:   145805.120   145939.130   145945.130   146359.130   146365.130
  1170:   146585.120   146593.120   146815.130   147046.120   147211.130
  1175:   147216.130   147625.130   147637.840   147692.640   147692.320
  1180:   147692.330   147692.350   147692.240   147692.130   147708.130
  1185:   147942.220   147942.230   147942.250   147942.340   148265.130
  1190:   148272.130   148377.120   148383.120   148572.130   148593.740
  1195:   148974.130   148982.130   149386.130   149448.130   149480.130
  1200:   149947.130   150154.540   150154.320   150154.330   150154.350
  1205:   150154.240   150154.120   150161.120   150169.120   150404.220
  1210:   150404.230   150404.250   150404.340   150603.130   150668.130
  1215:   150674.130   150768.120   150777.120   151247.130   151370.130
  1220:   151375.130   151680.120   151840.130   152097.120   152142.840
  1225:   152272.640   152272.320   152272.330   152272.350   152272.240
  1230:   152272.130   152522.220   152522.230   152522.250   152522.340
  1235:   152957.130   153566.120   153622.840   153813.640   153813.320
  1240:   153813.330   153813.350   153813.240   153813.130   154063.220
  1245:   154063.230   154063.250   154063.340   154335.120   154342.120
  1250:   154463.840   154531.640   154531.320   154531.330   154531.350
  1255:   154531.240   154531.130   154538.130   154546.130   154781.220
  1260:   154781.230   154781.250   154781.340   155154.130   155161.130
  1265:   155409.130   155500.130   155506.130   155667.120   155781.840
  1270:   156109.120   156116.120   156293.640   156293.320   156293.330
  1275:   156293.350   156293.240   156293.130   156300.130   156307.130
  1280:   156543.220   156543.230   156543.250   156543.340   157020.130
  1285:   157026.130   157127.120   157133.120   157269.130   157277.130
  1290:   157564.130   157846.120   157987.130   158043.840   158393.640
  1295:   158393.320   158393.330   158393.350   158393.240   158393.130
  1300:   158402.130   158409.130   158643.220   158643.230   158643.250
  1305:   158643.340   158743.840   158902.120   158904.740   158908.540
  1310:   158908.320   158908.330   158908.350   158908.240   158908.120
  1315:   159158.220   159158.230   159158.250   159158.340   159367.120
  1320:   159373.120   159507.640   159507.320   159507.330   159507.350
  1325:   159507.240   159507.130   159757.220   159757.230   159757.250
  1330:   159757.340   159963.130   159970.130   160092.120   160279.130
  1335:   160644.130   160714.130   160746.130   160752.130   160993.130
  1340:   161002.130   161248.120   161281.120   161436.130   161557.840
  1345:   161797.640   161797.320   161797.330   161797.350   161797.240
  1350:   161797.130   161958.740   162047.220   162047.230   162047.250
  1355:   162047.340   162273.540   162273.320   162273.330   162273.350
  1360:   162273.240   162273.120   162523.220   162523.230   162523.250
  1365:   162523.340   162708.130   162715.130   162806.120   162813.120
  1370:   162932.130   162938.130   163032.120   163038.120   163193.130
  1375:   163199.130   163357.120   163364.120   163496.130   163526.130
  1380:   163533.130   163547.840   163782.640   163782.320   163782.330
  1385:   163782.350   163782.240   163782.130   164032.220   164032.230
  1390:   164032.250   164032.340   164217.130   164314.120   164322.120
  1395:   164539.120   164545.120   164669.130   164702.130   164818.120
  1400:   164968.130   165362.130   165369.130   165510.130   165518.130
  1405:   165765.130   165855.130   165861.130   166081.130   166089.130
  1410:   166319.120   166515.130   166735.130   166764.130   166772.130
  1415:   166950.130   166959.130   167132.840   167150.120   167373.640
  1420:   167373.320   167373.330   167373.350   167373.240   167373.130
  1425:   167623.220   167623.230   167623.250   167623.340   168323.740
  1430:   168468.130   168577.540   168577.320   168577.330   168577.350
  1435:   168577.240   168577.120   168584.120   168590.120   168827.220
  1440:   168827.230   168827.250   168827.340   169021.130   169029.130
  1445:   169121.120   169127.120   169283.130   169384.120   169390.120
  1450:   169423.840   169542.640   169542.320   169542.330   169542.350
  1455:   169542.240   169542.130   169792.220   169792.230   169792.250
  1460:   169792.340   169992.840   170214.640   170214.320   170214.330
  1465:   170214.350   170214.240   170214.130   170221.130   170227.130
  1470:   170464.220   170464.230   170464.250   170464.340   170602.130
  1475:   170660.130   170693.130   170798.120   170948.130   171242.130
  1480:   171248.130   171350.120   171458.130   171523.130   171554.130
  1485:   171857.130   171918.130   171949.130   171956.130   172024.130
  1490:   172084.130   172147.130   172155.130   172481.130   172514.130
  1495:   172545.130   172630.130   172637.130   172727.740   172832.540
  1500:   172832.320   172832.330   172832.350   172832.240   172832.120
  1505:   173082.220   173082.230   173082.250   173082.340   173266.130
  1510:   173356.120   173365.120   173524.120   173659.130   173667.130
  1515:   173883.120   174127.130   174135.130   174330.120   174439.130
  1520:   174530.130   174567.130   174876.120   174884.120   175030.130
  1525:   175064.840   175102.640   175102.320   175102.330   175102.350
  1530:   175102.240   175102.130   175109.130   175118.130   175352.220
  1535:   175352.230   175352.250   175352.340   175691.130   175786.120
  1540:   175793.120   175982.130   176268.120   176392.130   176486.130
  1545:   176493.130   176667.120   176806.130   176814.130   177051.120
  1550:   177152.840   177268.640   177268.320   177268.330   177268.350
  1555:   177268.240   177268.130   177518.220   177518.230   177518.250
  1560:   177518.340   177721.120   177855.130   177883.130   177890.130
  1565:   178601.120   178608.120   178767.130   179043.120   179149.130
  1570:   179236.130   179746.130   179843.130   179850.130   179980.130
  1575:   180232.120   180359.130   180847.130   181118.840   181216.640
  1580:   181216.320   181216.330   181216.350   181216.240   181216.130
  1585:   181224.130   181466.220   181466.230   181466.250   181466.340
  1590:   181689.130   181698.130   181795.120   182229.120   182415.130
  1595:   182466.840   182666.120   182900.640   182900.320   182900.330
  1600:   182900.350   182900.240   182900.130   182907.130   183150.220
  1605:   183150.230   183150.250   183150.340   183383.130   183389.130
  1610:   183914.120   183919.120   184075.130   184080.130   184336.120
  1615:   184341.120   184850.840   184970.640   184970.320   184970.330
  1620:   184970.350   184970.240   184970.130   185082.740   185220.220
  1625:   185220.230   185220.250   185220.340   185411.540   185411.320
  1630:   185411.330   185411.350   185411.240   185411.120   185418.120
  1635:   185661.220   185661.230   185661.250   185661.340   185854.130
  1640:   185947.120   186092.130   186330.120   186487.130   186494.130
  1645:   186628.130   186837.120   186847.120   186962.130   186993.130
  1650:   187019.130   187480.130   187486.130   187761.740   187815.130
  1655:   187821.130   188101.130   188606.130   189020.840   189106.640
  1660:   189106.320   189106.330   189106.350   189106.240   189106.130
  1665:   189356.220   189356.230   189356.250   189356.340   189553.540
  1670:   189553.320   189553.330   189553.350   189553.240   189553.120
  1675:   189656.840   189803.220   189803.230   189803.250   189803.340
  1680:   190010.120   190126.640   190126.320   190126.330   190126.350
  1685:   190126.240   190126.130   190132.130   190203.740   190376.220
  1690:   190376.230   190376.250   190376.340   190641.130   190731.540
  1695:   190731.320   190731.330   190731.350   190731.240   190731.120
  1700:   190737.120   190776.840   190981.220   190981.230   190981.250
  1705:   190981.340   191190.640   191190.320   191190.330   191190.350
  1710:   191190.240   191190.130   191440.220   191440.230   191440.250
  1715:   191440.340   191634.120   191640.120   191794.130   191885.120
  1720:   192020.130   192026.130   192234.130   192241.130   192604.130
  1725:   192664.130   192672.130   192920.120   193080.130   193314.120
  1730:   193431.130   193620.120   193627.120   193805.130   193833.130
  1735:   193840.130   194040.840   194330.640   194330.320   194330.330
  1740:   194330.350   194330.240   194330.130   194337.130   194343.130
  1745:   194580.220   194580.230   194580.250   194580.340   194899.120
  1750:   194905.120   195097.130   195435.130   195498.130   195505.130
  1755:   195580.840   195749.120   195846.640   195846.320   195846.330
  1760:   195846.350   195846.240   195846.130   196096.220   196096.230
  1765:   196096.250   196096.340   196422.120   196496.840   196529.640
  1770:   196529.320   196529.330   196529.350   196529.240   196529.130
  1775:   196779.220   196779.230   196779.250   196779.340   197142.130
  1780:   197173.130   197179.130   197490.130   197518.130   197525.130
  1785:   197779.840   197966.640   197966.320   197966.330   197966.350
  1790:   197966.240   197966.130   198216.220   198216.230   198216.250
  1795:   198216.340   198523.130   198529.130   198784.130   198789.130
  1800:   198916.840   198992.640   198992.320   198992.330   198992.350
  1805:   198992.240   198992.130   199242.220   199242.230   199242.250
  1810:   199242.340   199484.130   199490.130   199591.120   199601.120
  1815:   199723.130   199783.130   199790.130   199996.130   200030.130
  1820:   200037.130   200166.120   200371.130   200379.130   200642.840
  1825:   200649.640   200649.320   200649.330   200649.350   200649.240
  1830:   200649.130   200899.220   200899.230   200899.250   200899.340
  1835:   201108.120   201206.130   201340.130   201580.120   201774.130
  1840:   201782.130   202273.130   202279.130   202718.130   203067.130
  1845:   203076.130   203475.130   203538.130   203894.130   204246.130
  1850:   204251.130   204533.130   204541.130   204670.120   204899.130
  1855:   204996.120   204999.840   205374.640   205374.320   205374.330
  1860:   205374.350   205374.240   205374.130   205383.130   205624.220
  1865:   205624.230   205624.250   205624.340   205830.130   205928.120
  1870:   205937.120   206098.130   206224.840   206346.120   206375.120
  1875:   206488.640   206488.320   206488.330   206488.350   206488.240
  1880:   206488.130   206738.220   206738.230   206738.250   206738.340
  1885:   206995.120   207144.130   207149.130   207409.130   207507.120
  1890:   207689.130   207718.130   207726.130   208048.130   208201.130
  1895:   208209.130   208938.840   209006.640   209006.320   209006.330
  1900:   209006.350   209006.240   209006.130   209256.220   209256.230
  1905:   209256.250   209256.340   209612.130   209898.130   209904.130
  1910:   210341.130   210578.130   210693.130   210754.130   210762.130
  1915:   211150.130   211157.130   211480.130   211515.130   211573.130
  1920:   211992.130   211998.130   212256.840   212444.640   212444.320
  1925:   212444.330   212444.350   212444.240   212444.130   212451.130
  1930:   212481.740   212694.220   212694.230   212694.250   212694.340
  1935:   212896.540   212896.320   212896.330   212896.350   212896.240
  1940:   212896.120   212904.120   213146.220   213146.230   213146.250
  1945:   213146.340   213374.130   213382.130   213472.120   213652.130
  1950:   213660.130   213892.120   214036.130   214067.130   214074.130
  1955:   214459.130   214694.840   214849.640   214849.320   214849.330
  1960:   214849.350   214849.240   214849.130   215099.220   215099.230
  1965:   215099.250   215099.340   215352.130   215415.130   215444.130
  1970:   215451.130   215551.120   215803.130   215999.840   216154.120
  1975:   216164.120   216617.640   216617.320   216617.330   216617.350
  1980:   216617.240   216617.130   216867.220   216867.230   216867.250
  1985:   216867.340   217048.120   217056.120   217172.130   217268.130
  1990:   217610.130   217641.130   217648.130   218020.120   218027.120
  1995:   218067.840   218223.640   218223.320   218223.330   218223.350
  2000:   218223.240   218223.130   218230.130   218473.220   218473.230
  2005:   218473.250   218473.340   218841.130   219147.120   219296.130
  2010:   219335.130   219659.130   219794.130   219801.130   220204.130
  2015:   220211.130   220617.130   220846.120   220984.130   221173.840
  2020:   221175.120   221322.640   221322.320   221322.330   221322.350
  2025:   221322.240   221322.130   221572.220   221572.230   221572.250
  2030:   221572.340   221764.130   221864.120   221872.120   222271.120
  2035:   222437.130   222444.130   222875.130   222974.120   223135.130
  2040:   223165.130   223195.130   223202.130   223865.130   223872.130
  2045:   224090.130   224096.130   224516.130   224695.130   224702.130
  2050:   225045.120   225193.130   225649.130   225656.130   225772.840
  2055:   226047.640   226047.320   226047.330   226047.350   226047.240
  2060:   226047.130   226297.220   226297.230   226297.250   226297.340
  2065:   226479.130   226484.130   226598.120   226723.130   226754.130
  2070:   226759.130   227020.120   227025.120   227154.130   227185.130
  2075:   227192.130   227397.840   227510.120   227725.640   227725.320
  2080:   227725.330   227725.350   227725.240   227725.130   227975.220
  2085:   227975.230   227975.250   227975.340   228215.130   228245.130
  2090:   228251.130   228603.130   228664.130   228669.130   228675.840
  2095:   229066.640   229066.320   229066.330   229066.350   229066.240
  2100:   229066.130   229080.130   229316.220   229316.230   229316.250
  2105:   229316.340   229540.130   229546.130   229986.130   229993.130
  2110:   230046.740   230361.130   230421.130   230837.130   230845.130
  2115:   231284.130   231290.130   231610.130   231936.540   231936.320
  2120:   231936.330   231936.350   231936.240   231936.120   231942.120
  2125:   232186.220   232186.230   232186.250   232186.340   232459.130
  2130:   232489.130   232495.130   232727.130   233087.130   233421.130
  2135:   233885.130   234226.130   234285.130   234394.120   234416.840
  2140:   234658.640   234658.320   234658.330   234658.350   234658.240
  2145:   234658.130   234666.130   234908.220   234908.230   234908.250
  2150:   234908.340   235167.120   235174.120   235885.130   236287.130
  2155:   236565.120   236765.130   237008.840   237219.640   237219.320
  2160:   237219.330   237219.350   237219.240   237219.130   237469.220
  2165:   237469.230   237469.250   237469.340   237757.130   237765.130
  2170:   238026.120   238032.120   238235.130   238242.130   238682.130
  2175:   239158.130   239164.130   239426.120   239608.130   239615.130
  2180:   239784.130   239790.130   240014.130   240021.130   240111.120
  2185:   240253.130   240261.130   240606.130   240981.130   241269.840
  2190:   241291.640   241291.320   241291.330   241291.350   241291.240
  2195:   241291.130   241298.130   241541.220   241541.230   241541.250
  2200:   241541.340   241772.120   241963.130   242186.740   242392.130
  2205:   242399.130   242851.130   243160.130   243253.540   243253.320
  2210:   243253.330   243253.350   243253.240   243253.120   243260.120
  2215:   243269.120   243503.220   243503.230   243503.250   243503.340
  2220:   244092.120   244224.130   244256.130   244523.120   244529.120
  2225:   244643.130   244674.130   244705.130   244712.130   244927.130
  2230:   245200.130   245332.120   245338.120   245459.130   245641.840
  2235:   245719.640   245719.320   245719.330   245719.350   245719.240
  2240:   245719.130   245969.220   245969.230   245969.250   245969.340
  2245:   246146.120   246313.130   246320.130   246665.130   246729.130
  2250:   246735.130   247164.130   247171.130   247333.130   247818.130
  2255:   248120.130   248211.120   248218.120   248269.840   248342.640
  2260:   248342.320   248342.330   248342.350   248342.240   248342.130
  2265:   248349.130   248592.220   248592.230   248592.250   248592.340
  2270:   248829.130   248836.130   249505.130   249511.130   249850.120
  2275:   249857.120   250229.120   250303.740   250393.130   250651.130
  2280:   250660.130   250746.540   250746.320   250746.330   250746.350
  2285:   250746.240   250746.120   250752.120   250760.120   250996.220
  2290:   250996.230   250996.250   250996.340   251317.130   251323.130
  2295:   251419.120   251428.120   251550.130   251581.130   251589.130
  2300:   251941.130   252001.130   252008.130   252101.120   252227.130
  2305:   252293.130   252298.130   252560.120   252567.120   252718.130
  2310:   252726.130   253001.120   253009.120   253189.130   253413.130
  2315:   253635.130   253641.130   253696.740   254014.130   254043.130
  2320:   254201.130   254229.130   254699.130   254826.130   254833.130
  2325:   255067.130   255098.130   255158.130   255166.130   255245.540
  2330:   255245.320   255245.330   255245.350   255245.240   255245.120
  2335:   255249.120   255259.120   255495.220   255495.230   255495.250
  2340:   255495.340   255733.130   255834.120   256373.130   256381.130
  2345:   256392.840   256643.120   256779.640   256779.320   256779.330
  2350:   256779.350   256779.240   256779.130   257029.220   257029.230
  2355:   257029.250   257029.340   257227.130   257337.120   257782.120
  2360:   257911.130   257918.130   258360.130   258365.130   258761.130
  2365:   258768.130   258995.130   259288.130   259295.130   259529.840
  2370:   259763.640   259763.320   259763.330   259763.350   259763.240
  2375:   259763.130   260013.220   260013.230   260013.250   260013.340
  2380:   260295.740   260512.540   260512.320   260512.330   260512.350
  2385:   260512.240   260512.120   260518.120   260528.120   260762.220
  2390:   260762.230   260762.250   260762.340   260813.840   261022.640
  2395:   261022.320   261022.330   261022.350   261022.240   261022.130
  2400:   261272.220   261272.230   261272.250   261272.340   261372.840
  2405:   261487.120   261648.640   261648.320   261648.330   261648.350
  2410:   261648.240   261648.130   261654.130   261898.220   261898.230
  2415:   261898.250   261898.340   262124.130   262130.130   262227.120
  2420:   262234.120   262359.130   262597.130   262604.130   262686.120
  2425:   262693.120   262871.130   262900.130   262909.130   263087.120
  2430:   263266.130   263769.130   264267.130   264275.130   264362.740
  2435:   264626.540   264626.320   264626.330   264626.350   264626.240
  2440:   264626.120   264876.220   264876.230   264876.250   264876.340
  2445:   265057.120   265061.120   265211.130   265270.130   265448.120
  2450:   265574.130   265783.120   266262.130   266570.130   266577.130
  2455:   266598.840   266770.640   266770.320   266770.330   266770.350
  2460:   266770.240   266770.130   266778.130   267020.220   267020.230
  2465:   267020.250   267020.340   267598.120   267605.120   267849.130
  2470:   268282.130   268310.130   268317.130   269620.120   269767.130
  2475:   269796.130   269803.130   270150.130   270159.130   270409.120
  2480:   270414.120   270567.130   270626.130   270657.130   270720.840
  2485:   271008.640   271008.320   271008.330   271008.350   271008.240
  2490:   271008.130   271015.130   271258.220   271258.230   271258.250
  2495:   271258.340   271455.120   271458.840   271461.120   271586.640
  2500:   271586.320   271586.330   271586.350   271586.240   271586.130
  2505:   271836.220   271836.230   271836.250   271836.340   271936.840
  2510:   272227.640   272227.320   272227.330   272227.350   272227.240
  2515:   272227.130   272477.220   272477.230   272477.250   272477.340
  2520:   272577.840   272716.120   273020.120   273140.640   273140.320
  2525:   273140.330   273140.350   273140.240   273140.130   273390.220
  2530:   273390.230   273390.250   273390.340   273614.120   273622.120
  2535:   273766.130   273837.130   274234.130   274390.840   274646.640
  2540:   274646.320   274646.330   274646.350   274646.240   274646.130
  2545:   274654.130   274896.220   274896.230   274896.250   274896.340
  2550:   275118.130   275216.120   275312.130   275374.130   275380.130
  2555:   275615.130   275646.130   275652.130   276331.130   276396.840
  2560:   276635.640   276635.320   276635.330   276635.350   276635.240
  2565:   276635.130   276885.220   276885.230   276885.250   276885.340
  2570:   277244.130   277250.130   277504.130   277510.130   277957.130
  2575:   277985.840   278062.120   278068.120   278187.640   278187.320
  2580:   278187.330   278187.350   278187.240   278187.130   278437.220
  2585:   278437.230   278437.250   278437.340   278776.130   278782.130
  2590:   279306.130   279312.130   279503.130   279904.130   279911.130
  2595:   279994.120   280001.120   280123.130   280129.130   280389.130
  2600:   280396.130   280625.130   280632.130   280941.130   280948.130
  2605:   281038.120   281188.130   281252.130   281258.130   281605.120
  2610:   281723.130   281782.130   281791.130   282489.130   282549.130
  2615:   282555.130   282907.130   282912.130   283236.130   283266.130
  2620:   283273.130   283337.840   283674.640   283674.320   283674.330
  2625:   283674.350   283674.240   283674.130   283924.220   283924.230
  2630:   283924.250   283924.340   284633.130   285074.130   285083.130
  2635:   285425.130   285463.130   285886.130   285994.130   286000.130
  2640:   286324.130   286385.130   286430.130   286437.130   286532.130
  2645:   286538.130   286925.130   287406.130   287498.130   287505.130
  2650:   287624.840   287742.640   287742.320   287742.330   287742.350
  2655:   287742.240   287742.130   287752.130   287992.220   287992.230
  2660:   287992.250   287992.340   288313.130   288724.130   289033.130
  2665:   289040.130   289260.130   289392.840   289502.640   289502.320
  2670:   289502.330   289502.350   289502.240   289502.130   289752.220
  2675:   289752.230   289752.250   289752.340   289950.130   289960.130
  2680:   290052.840   290273.640   290273.320   290273.330   290273.350
  2685:   290273.240   290273.130   290523.220   290523.230   290523.250
  2690:   290523.340   290719.130   291055.130   291146.130   291506.130
  2695:   291596.130   291603.130   291709.130   291738.130   291767.130
  2700:   291775.130   292088.130   292314.130   292347.130   292583.130
  2705:   292589.130   292836.130   293150.130   293157.130   293363.130
  2710:   293458.130   293567.130   293624.130   293849.120   293966.130
  2715:   294057.130   294065.130   294330.120   294423.840   294483.640
  2720:   294483.320   294483.330   294483.350   294483.240   294483.130
  2725:   294733.220   294733.230   294733.250   294733.340   294987.130
  2730:   295051.130   295152.120   295158.120   295292.130   295546.120
  2735:   296064.130   296106.130   296687.130   296693.130   296826.130
  2740:   297216.130   297634.130   297640.130   297986.120   297994.120
  2745:   298171.130   298231.130   298239.130   298360.120   298531.130
  2750:   298558.130   298692.130   298698.130   299147.130   299156.130
  2755:   299267.120   299476.740   299756.130   300111.130   300141.130
  2760:   300213.130   300546.130   300606.130   301074.130   301105.130
  2765:   301428.540   301428.320   301428.330   301428.350   301428.240
  2770:   301428.120   301678.220   301678.230   301678.250   301678.340
  2775:   301888.130   301917.130   302016.120   302200.130   302206.130
  2780:   302750.130   302756.130   302852.120   303234.130   303241.130
  2785:   303474.130   303503.130   303510.130   303851.130   303858.130
  2790:   304119.120   304125.120   304235.130   304265.130   304272.130
  2795:   304509.120   304517.120   304680.130   304886.130   304972.130
  2800:   304980.130   305586.130   306049.130   306056.130   306379.130
  2805:   306471.130   306943.130   307195.130   307223.130   307230.130
  2810:   307610.130   307903.130   307910.130   308290.130   308297.130
  2815:   308790.130   308796.130   309929.130   309935.130   310156.130
  2820:   310333.840   310380.640   310380.320   310380.330   310380.350
  2825:   310380.240   310380.130   310630.220   310630.230   310630.250
  2830:   310630.340   310978.740   311169.130   311176.130   311530.840
  2835:   311535.640   311535.320   311535.330   311535.350   311535.240
  2840:   311535.130   311785.220   311785.230   311785.250   311785.340
  2845:   312315.130   312320.130   312485.840   312722.640   312722.320
  2850:   312722.330   312722.350   312722.240   312722.130   312728.130
  2855:   312972.220   312972.230   312972.250   312972.340   313249.130
  2860:   313277.130   313285.130   313470.130   313476.130   313672.840
  2865:   313837.640   313837.320   313837.330   313837.350   313837.240
  2870:   313837.130   314087.220   314087.230   314087.250   314087.340
  2875:   314388.130   314420.130   314427.130   314837.130   314887.840
  2880:   315140.540   315140.320   315140.330   315140.350   315140.240
  2885:   315140.120   315390.220   315390.230   315390.250   315390.340
  2890:   315490.740   315613.640   315613.320   315613.330   315613.350
  2895:   315613.240   315613.130   315863.220   315863.230   315863.250
  2900:   315863.340   316163.840   316260.640   316260.320   316260.330
  2905:   316260.350   316260.240   316260.130   316267.130   316510.220
  2910:   316510.230   316510.250   316510.340   317041.130   317050.130
  2915:   317272.130   317301.130   317527.130   317538.130   318168.130
  2920:   318360.130   318388.130   318394.130   318604.540   318604.320
  2925:   318604.330   318604.350   318604.240   318604.120   318611.120
  2930:   318854.220   318854.230   318854.250   318854.340   319100.130
  2935:   319359.130   319365.130   319546.130   319638.120   319752.130
  2940:   319812.130   319818.130   320162.130   320194.130   320223.130
  2945:   320254.130   320316.130   320548.130   320746.130   320958.130
  2950:   320964.130   321310.840   321645.640   321645.320   321645.330
  2955:   321645.350   321645.240   321645.130   321895.220   321895.230
  2960:   321895.250   321895.340   322185.130   322576.120   322582.120
  2965:   322691.130   322751.130   322761.130   323203.130   323678.120
  2970:   323682.120   323801.130   323862.130   323870.130   324195.840
  2975:   324290.640   324290.320   324290.330   324290.350   324290.240
  2980:   324290.130   324540.220   324540.230   324540.250   324540.340
  2985:   324883.130   324914.130   324920.130   325201.120   325346.130
  2990:   325356.130   325649.120   325783.130   326217.130   326224.130
  2995:   326471.120   326477.120   326588.130   326595.130   326921.130
  3000:   326927.130   327283.130   327313.130   327340.840   327666.640
  3005:   327666.320   327666.330   327666.350   327666.240   327666.130
  3010:   327675.130   327916.220   327916.230   327916.250   327916.340
  3015:   328141.130   328407.120   328571.130   329015.130   329043.130
  3020:   329727.130   329756.130   329765.130   329827.130   329835.130
  3025:   330355.130   330713.130   330720.130   330814.130   330821.130
  3030:   331200.130   331206.130   331506.130   331747.130   331816.840
  3035:   332062.640   332062.320   332062.330   332062.350   332062.240
  3040:   332062.130   332312.220   332312.230   332312.250   332312.340
  3045:   332488.130   332496.130   332727.120   332754.740   332843.130
  3050:   333130.540   333130.320   333130.330   333130.350   333130.240
  3055:   333130.120   333380.220   333380.230   333380.250   333380.340
  3060:   333554.130   333561.130   333777.130   333784.130   334021.120
  3065:   334535.130   334567.130   334712.840   334813.120   335049.640
  3070:   335049.320   335049.330   335049.350   335049.240   335049.130
  3075:   335299.220   335299.230   335299.250   335299.340   335631.130
  3080:   335638.130   335985.120   335993.120   336134.130   336141.130
  3085:   336499.840   336623.640   336623.320   336623.330   336623.350
  3090:   336623.240   336623.130   336873.220   336873.230   336873.250
  3095:   336873.340   337036.120   337160.130   337485.120   337488.120
  3100:   337606.130   337669.130   337675.130   337948.130   337980.740
  3105:   338162.130   338192.130   338457.540   338457.320   338457.330
  3110:   338457.350   338457.240   338457.120   338473.840   338707.220
  3115:   338707.230   338707.250   338707.340   338933.640   338933.320
  3120:   338933.330   338933.350   338933.240   338933.130   339183.220
  3125:   339183.230   339183.250   339183.340   339565.130   339572.130
  3130:   339694.120   339872.130   339879.130   340105.120   340210.130
  3135:   340303.130   340312.130   340668.130   340825.130   340855.130
  3140:   341285.130   341378.130   341408.130   341416.130   341730.120
  3145:   341945.130   341951.130   342512.130   342883.130   343153.120
  3150:   343160.120   343295.130   344020.120   344025.120   344171.130
  3155:   344607.130   344742.130   344883.840   345407.740   345511.640
  3160:   345511.320   345511.330   345511.350   345511.240   345511.130
  3165:   345761.220   345761.230   345761.250   345761.340   345966.130
  3170:   346093.540   346093.320   346093.330   346093.350   346093.240
  3175:   346093.120   346343.220   346343.230   346343.250   346343.340
  3180:   346518.130   346578.130   346850.130   346880.130   346889.130
  3185:   347548.130   347578.130   347638.130   347935.130   347995.130
  3190:   348001.130   348473.130   348568.120   348692.130   348781.130
  3195:   348847.130   349243.740   349697.130   349704.130   350053.130
  3200:   350061.130   350316.130   350322.130   350423.540   350423.320
  3205:   350423.330   350423.350   350423.240   350423.120   350673.220
  3210:   350673.230   350673.250   350673.340   350898.130   350908.130
  3215:   351149.130   351155.130   351392.130   351401.130   351491.120
  3220:   351618.130   351624.130   351870.130   351965.120   352120.130
  3225:   352543.130   353211.130   353473.740   353961.840   354033.540
  3230:   354033.320   354033.330   354033.350   354033.240   354033.120
  3235:   354039.120   354045.120   354283.220   354283.230   354283.250
  3240:   354283.340   354669.120   354850.640   354850.320   354850.330
  3245:   354850.350   354850.240   354850.130   355100.220   355100.230
  3250:   355100.250   355100.340   355488.130   355547.130   355555.130
  3255:   355834.120   355841.120   355963.130   356034.130   356041.130
  3260:   356100.840   356719.640   356719.320   356719.330   356719.350
  3265:   356719.240   356719.130   356725.130   356969.220   356969.230
  3270:   356969.250   356969.340   357246.130   357474.130   357569.130
  3275:   357799.120   357905.130   358357.130   358363.130   358622.130
  3280:   358712.130   358720.130   358936.120   358941.120   359399.130
  3285:   359469.840   359858.640   359858.320   359858.330   359858.350
  3290:   359858.240   359858.130   360000.320   360000.330   360000.350
  3295:   360000.020
C:
     0:        0.000      546.000     1216.000       41.000      112.000
     5:        0.000
D:
     0:        0.000        0.000
L:
     0:      111.000      111.000      111.000
M:
     0:      900.000      901.000      902.000      903.000      904.000
     5:      905.000      906.000      907.000      908.000      909.000
    10:      910.000      911.000      912.000      913.000      914.000
    15:      915.000      916.000      917.000      918.000      919.000
    20:      920.000      921.000      922.000      923.000      924.000
    25:      925.000      926.000      927.000      928.000      929.000
    30:      930.000      931.000      932.000      933.000      934.000
    35:      935.000      936.000      937.000      938.000      939.000
    40:      940.000      941.000      942.000      943.000      944.000
    45:      945.000      946.000      947.000      948.000      949.000
    50:      950.000      951.000      952.000      953.000      954.000
    55:      955.000      956.000      957.000      958.000      959.000
    60:      960.000      961.000      962.000      963.000      964.000
    65:      965.000      966.000      967.000      968.000      969.000
    70:      970.000      971.000      972.000      973.000      974.000
    75:      975.000      976.000      977.000      978.000      979.000
    80:      980.000      981.000      982.000      983.000      984.000
    85:      985.000      986.000      987.000      988.000      989.000
    90:      990.000      991.000      992.000      993.000      994.000
    95:      995.000      996.000      997.000      998.000      999.000
   100:     1000.000     1001.000     1002.000     1003.000     1004.000
   105:     1005.000     1006.000     1007.000     1008.000     1009.000
   110:     1010.000     1011.000     1012.000     1013.000     1014.000
   115:     1015.000     1016.000     1017.000     1018.000     1019.000
   120:     1020.000     1021.000     1022.000     1023.000     1024.000
   125:     1025.000     1026.000     1027.000     1028.000     1029.000
   130:     1030.000     1031.000     1032.000     1033.000     1034.000
   135:     1035.000     1036.000     1037.000     1038.000     1039.000
   140:     1040.000     1041.000     1042.000     1043.000     1044.000
   145:     1045.000     1046.000     1047.000     1048.000     1049.000
   150:     1050.000     1051.000     1052.000     1053.000     1054.000
   155:     1055.000     1056.000     1057.000     1058.000     1059.000
   160:     1060.000     1061.000     1062.000     1063.000     1064.000
   165:     1065.000     1066.000     1067.000     1068.000     1069.000
   170:     1070.000     1071.000     1072.000     1073.000     1074.000
   175:     1075.000     1076.000     1077.000     1078.000     1079.000
   180:     1080.000     1081.000     1082.000     1083.000     1084.000
   185:     1085.000     1086.000     1087.000     1088.000     1089.000
   190:     1090.000     1091.000     1092.000     1093.000     1094.000
   195:     1095.000     1096.000     1097.000     1098.000     1099.000
   200:     1100.000     1101.000     1102.000     1103.000     1104.000
   205:     1105.000     1106.000     1107.000     1108.000     1109.000
   210:     1110.000     1111.000     1112.000     1113.000     1114.000
   215:     1115.000     1116.000     1117.000     1118.000     1119.000
   220:     1120.000     1121.000     1122.000     1123.000     1124.000
   225:     1125.000     1126.000     1127.000     1128.000     1129.000
   230:     1130.000     1131.000     1132.000     1133.000     1134.000
   235:     1135.000     1136.000     1137.000     1138.000     1139.000
   240:     1140.000     1141.000     1142.000     1143.000     1144.000
   245:     1145.000     1146.000     1147.000     1148.000     1149.000
   250:     1150.000     1151.000     1152.000     1153.000     1154.000
   255:     1155.000     1156.000     1157.000     1158.000     1159.000
   260:     1160.000     1161.000     1162.000     1163.000     1164.000
   265:     1165.000     1166.000     1167.000     1168.000     1169.000
   270:     1170.000     1171.000     1172.000     1173.000     1174.000
   275:     1175.000     1176.000     1177.000     1178.000     1179.000
   280:     1180.000     1181.000     1182.000     1183.000     1184.000
   285:     1185.000     1186.000     1187.000     1188.000     1189.000
   290:     1190.000     1191.000     1192.000     1193.000     1194.000
   295:     1195.000     1196.000     1197.000     1198.000     1199.000
   300:     1200.000     1201.000     1202.000     1203.000     1204.000
   305:     1205.000     1206.000     1207.000     1208.000     1209.000
   310:     1210.000     1211.000     1212.000     1213.000     1214.000
   315:     1215.000     1216.000     1217.000     1218.000     1219.000
   320:     1220.000     1221.000     1222.000     1223.000     1224.000
   325:     1225.000     1226.000     1227.000     1228.000     1229.000
   330:     1230.000     1231.000     1232.000     1233.000     1234.000
   335:     1235.000     1236.000     1237.000     1238.000     1239.000
   340:     1240.000     1241.000     1242.000     1243.000     1244.000
   345:     1245.000     1246.000     1247.000     1248.000     1249.000
   350:     1250.000     1251.000     1252.000     1253.000     1254.000
   355:     1255.000     1256.000     1257.000     1258.000     1259.000
   360:     1260.000     1261.000     1262.000     1263.000     1264.000
   365:     1265.000     1266.000     1267.000     1268.000     1269.000
   370:     1270.000     1271.000     1272.000     1273.000     1274.000
   375:     1275.000     1276.000     1277.000     1278.000     1279.000
   380:     1280.000     1281.000     1282.000     1283.000     1284.000
   385:     1285.000     1286.000     1287.000     1288.000     1289.000
   390:     1290.000     1291.000     1292.000     1293.000     1294.000
   395:     1295.000     1296.000     1297.000     1298.000     1299.000
   400:     1300.000     1301.000     1302.000     1303.000     1304.000
   405:     1305.000     1306.000     1307.000     1308.000     1309.000
   410:     1310.000     1311.000     1312.000     1313.000     1314.000
   415:     1315.000     1316.000     1317.000     1318.000     1319.000
   420:     1320.000     1321.000     1322.000     1323.000     1324.000
   425:     1325.000     1326.000     1327.000     1328.000     1329.000
   430:     1330.000     1331.000     1332.000     1333.000     1334.000
   435:     1335.000     1336.000     1337.000     1338.000     1339.000
   440:     1340.000     1341.000     1342.000     1343.000     1344.000
   445:     1345.000     1346.000     1347.000     1348.000     1349.000
   450:     1350.000     1351.000     1352.000     1353.000     1354.000
   455:     1355.000     1356.000     1357.000     1358.000     1359.000
   460:     1360.000     1361.000     1362.000     1363.000     1364.000
   465:     1365.000     1366.000     1367.000     1368.000     1369.000
   470:     1370.000     1371.000     1372.000     1373.000     1374.000
   475:     1375.000     1376.000     1377.000     1378.000     1379.000
   480:     1380.000     1381.000     1382.000     1383.000     1384.000
   485:     1385.000     1386.000     1387.000     1388.000     1389.000
   490:     1390.000     1391.000     1392.000     1393.000     1394.000
   495:     1395.000     1396.000     1397.000     1398.000     1399.000
   500:     1400.000     1401.000     1402.000     1403.000     1404.000
   505:     1405.000     1406.000     1407.000     1408.000     1409.000
   510:     1410.000     1411.000     1412.000     1413.000     1414.000
   515:     1415.000     1416.000     1417.000     1418.000     1419.000
   520:     1420.000     1421.000     1422.000     1423.000     1424.000
   525:     1425.000     1426.000     1427.000     1428.000     1429.000
   530:     1430.000     1431.000     1432.000     1433.000     1434.000
   535:     1435.000     1436.000     1437.000     1438.000     1439.000
   540:     1440.000     1441.000     1442.000     1443.000     1444.000
   545:     1445.000     1446.000     1447.000     1448.000     1449.000
   550:     1450.000     1451.000     1452.000     1453.000     1454.000
   555:     1455.000     1456.000     1457.000     1458.000     1459.000
   560:     1460.000     1461.000     1462.000     1463.000     1464.000
   565:     1465.000     1466.000     1467.000     1468.000     1469.000
   570:     1470.000     1471.000     1472.000     1473.000     1474.000
   575:     1475.000     1476.000     1477.000     1478.000     1479.000
   580:     1480.000     1481.000     1482.000     1483.000     1484.000
   585:     1485.000     1486.000     1487.000     1488.000     1489.000
   590:     1490.000     1491.000     1492.000     1493.000     1494.000
   595:     1495.000     1496.000     1497.000     1498.000     1499.000
   600:     1500.000
N:
     0:     3300.000     3301.000     3302.000     3303.000     3304.000
     5:     3305.000     3306.000     3307.000     3308.000     3309.000
    10:     3310.000     3311.000     3312.000     3313.000     3314.000
    15:     3315.000     3316.000     3317.000     3318.000     3319.000
    20:     3320.000     3321.000     3322.000     3323.000     3324.000
    25:     3325.000     3326.000     3327.000     3328.000     3329.000
    30:     3330.000     3331.000     3332.000     3333.000     3334.000
    35:     3335.000     3336.000     3337.000     3338.000     3339.000
    40:     3340.000     3341.000     3342.000     3343.000     3344.000
    45:     3345.000     3346.000     3347.000     3348.000     3349.000
    50:     3350.000     3351.000     3352.000     3353.000     3354.000
    55:     3355.000     3356.000     3357.000     3358.000     3359.000
    60:     3360.000     3361.000     3362.000     3363.000     3364.000
    65:     3365.000     3366.000     3367.000     3368.000     3369.000
    70:     3370.000     3371.000     3372.000     3373.000     3374.000
    75:     3375.000     3376.000     3377.000     3378.000     3379.000
    80:     3380.000     3381.000     3382.000     3383.000     3384.000
    85:     3385.000     3386.000     3387.000     3388.000     3389.000
    90:     3390.000     3391.000     3392.000     3393.000     3394.000
    95:     3395.000     3396.000     3397.000     3398.000     3399.000
   100:     3400.000     3401.000     3402.000     3403.000     3404.000
   105:     3405.000     3406.000     3407.000     3408.000     3409.000
   110:     3410.000     3411.000     3412.000     3413.000     3414.000
   115:     3415.000     3416.000     3417.000     3418.000     3419.000
   120:     3420.000     3421.000     3422.000     3423.000     3424.000
   125:     3425.000     3426.000     3427.000     3428.000     3429.000
   130:     3430.000     3431.000     3432.000     3433.000     3434.000
   135:     3435.000     3436.000     3437.000     3438.000     3439.000
   140:     3440.000     3441.000     3442.000     3443.000     3444.000
   145:     3445.000     3446.000     3447.000     3448.000     3449.000
   150:     3450.000     3451.000     3452.000     3453.000     3454.000
   155:     3455.000     3456.000     3457.000     3458.000     3459.000
   160:     3460.000     3461.000     3462.000     3463.000     3464.000
   165:     3465.000     3466.000     3467.000     3468.000     3469.000
   170:     3470.000     3471.000     3472.000     3473.000     3474.000
   175:     3475.000     3476.000     3477.000     3478.000     3479.000
   180:     3480.000     3481.000     3482.000     3483.000     3484.000
   185:     3485.000     3486.000     3487.000     3488.000     3489.000
   190:     3490.000     3491.000     3492.000     3493.000     3494.000
   195:     3495.000     3496.000     3497.000     3498.000     3499.000
   200:     3500.000     3501.000     3502.000     3503.000     3504.000
   205:     3505.000     3506.000     3507.000     3508.000     3509.000
   210:     3510.000     3511.000     3512.000     3513.000     3514.000
   215:     3515.000     3516.000     3517.000     3518.000     3519.000
   220:     3520.000     3521.000     3522.000     3523.000     3524.000
   225:     3525.000     3526.000     3527.000     3528.000     3529.000
   230:     3530.000     3531.000     3532.000     3533.000     3534.000
   235:     3535.000     3536.000     3537.000     3538.000     3539.000
   240:     3540.000     3541.000     3542.000     3543.000     3544.000
   245:     3545.000     3546.000     3547.000     3548.000     3549.000
   250:     3550.000     3551.000     3552.000     3553.000     3554.000
   255:     3555.000     3556.000     3557.000     3558.000     3559.000
   260:     3560.000     3561.000     3562.000     3563.000     3564.000
   265:     3565.000     3566.000     3567.000     3568.000     3569.000
   270:     3570.000     3571.000     3572.000     3573.000     3574.000
   275:     3575.000     3576.000     3577.000     3578.000     3579.000
   280:     3580.000     3581.000     3582.000     3583.000     3584.000
   285:     3585.000     3586.000     3587.000     3588.000     3589.000
   290:     3590.000     3591.000     3592.000     3593.000     3594.000
   295:     3595.000     3596.000     3597.000     3598.000     3599.000
   300:     3600.000     3601.000     3602.000     3603.000     3604.000
   305:     3605.000     3606.000     3607.000     3608.000     3609.000
   310:     3610.000     3611.000     3612.000     3613.000     3614.000
   315:     3615.000     3616.000     3617.000     3618.000     3619.000
   320:     3620.000     3621.000     3622.000     3623.000     3624.000
   325:     3625.000     3626.000     3627.000     3628.000     3629.000
   330:     3630.000     3631.000     3632.000     3633.000     3634.000
   335:     3635.000     3636.000     3637.000     3638.000     3639.000
   340:     3640.000     3641.000     3642.000     3643.000     3644.000
   345:     3645.000     3646.000     3647.000     3648.000     3649.000
   350:     3650.000     3651.000     3652.000     3653.000     3654.000
   355:     3655.000     3656.000     3657.000     3658.000     3659.000
   360:     3660.000     3661.000     3662.000     3663.000     3664.000
   365:     3665.000     3666.000     3667.000     3668.000     3669.000
   370:     3670.000     3671.000     3672.000     3673.000     3674.000
   375:     3675.000     3676.000     3677.000     3678.000     3679.000
   380:     3680.000     3681.000     3682.000     3683.000     3684.000
   385:     3685.000     3686.000     3687.000     3688.000     3689.000
   390:     3690.000     3691.000     3692.000     3693.000     3694.000
   395:     3695.000     3696.000     3697.000     3698.000     3699.000
   400:     3700.000     3701.000     3702.000     3703.000     3704.000
   405:     3705.000     3706.000     3707.000     3708.000     3709.000
   410:     3710.000     3711.000     3712.000     3713.000     3714.000
   415:     3715.000     3716.000     3717.000     3718.000     3719.000
   420:     3720.000     3721.000     3722.000     3723.000     3724.000
   425:     3725.000     3726.000     3727.000     3728.000     3729.000
   430:     3730.000     3731.000     3732.000     3733.000     3734.000
   435:     3735.000     3736.000     3737.000     3738.000     3739.000
   440:     3740.000     3741.000     3742.000     3743.000     3744.000
   445:     3745.000     3746.000     3747.000     3748.000     3749.000
   450:     3750.000     3751.000     3752.000     3753.000     3754.000
   455:     3755.000     3756.000     3757.000     3758.000     3759.000
   460:     3760.000     3761.000     3762.000     3763.000     3764.000
   465:     3765.000     3766.000     3767.000     3768.000     3769.000
   470:     3770.000     3771.000     3772.000     3773.000     3774.000
   475:     3775.000     3776.000     3777.000     3778.000     3779.000
   480:     3780.000     3781.000     3782.000     3783.000     3784.000
   485:     3785.000     3786.000     3787.000     3788.000     3789.000
   490:     3790.000     3791.000     3792.000     3793.000     3794.000
   495:     3795.000     3796.000     3797.000     3798.000     3799.000
   500:     3800.000     3801.000     3802.000     3803.000     3804.000
   505:     3805.000     3806.000     3807.000     3808.000     3809.000
   510:     3810.000     3811.000     3812.000     3813.000     3814.000
   515:     3815.000     3816.000     3817.000     3818.000     3819.000
   520:     3820.000     3821.000     3822.000     3823.000     3824.000
   525:     3825.000     3826.000     3827.000     3828.000     3829.000
   530:     3830.000     3831.000     3832.000     3833.000     3834.000
   535:     3835.000     3836.000     3837.000     3838.000     3839.000
   540:     3840.000     3841.000     3842.000     3843.000     3844.000
   545:     3845.000     3846.000     3847.000     3848.000     3849.000
   550:     3850.000     3851.000     3852.000     3853.000     3854.000
   555:     3855.000     3856.000     3857.000     3858.000     3859.000
   560:     3860.000     3861.000     3862.000     3863.000     3864.000
   565:     3865.000     3866.000     3867.000     3868.000     3869.000
   570:     3870.000     3871.000     3872.000     3873.000     3874.000
   575:     3875.000     3876.000     3877.000     3878.000     3879.000
   580:     3880.000     3881.000     3882.000     3883.000     3884.000
   585:     3885.000     3886.000     3887.000     3888.000     3889.000
   590:     3890.000     3891.000     3892.000     3893.000     3894.000
   595:     3895.000     3896.000     3897.000     3898.000     3899.000
   600:     3900.000     3901.000     3902.000     3903.000     3904.000
   605:     3905.000     3906.000     3907.000     3908.000     3909.000
   610:     3910.000     3911.000     3912.000     3913.000     3914.000
   615:     3915.000     3916.000     3917.000     3918.000     3919.000
   620:     3920.000     3921.000     3922.000     3923.000     3924.000
   625:     3925.000     3926.000     3927.000     3928.000     3929.000
   630:     3930.000     3931.000     3932.000     3933.000     3934.000
   635:     3935.000     3936.000     3937.000     3938.000     3939.000
   640:     3940.000     3941.000     3942.000     3943.000     3944.000
   645:     3945.000     3946.000     3947.000     3948.000     3949.000
   650:     3950.000     3951.000     3952.000     3953.000     3954.000
   655:     3955.000     3956.000     3957.000     3958.000     3959.000
   660:     3960.000     3961.000     3962.000     3963.000     3964.000
   665:     3965.000     3966.000     3967.000     3968.000     3969.000
   670:     3970.000     3971.000     3972.000     3973.000     3974.000
   675:     3975.000     3976.000     3977.000     3978.000     3979.000
   680:     3980.000     3981.000     3982.000     3983.000     3984.000
   685:     3985.000     3986.000     3987.000     3988.000     3989.000
   690:     3990.000     3991.000     3992.000     3993.000     3994.000
   695:     3995.000     3996.000     3997.000     3998.000     3999.000
   700:     4000.000     4001.000     4002.000     4003.000     4004.000
   705:     4005.000     4006.000     4007.000     4008.000     4009.000
   710:     4010.000     4011.000     4012.000     4013.000     4014.000
   715:     4015.000     4016.000     4017.000     4018.000     4019.000
   720:     4020.000     4021.000     4022.000     4023.000     4024.000
   725:     4025.000     4026.000     4027.000     4028.000     4029.000
   730:     4030.000     4031.000     4032.000     4033.000     4034.000
   735:     4035.000     4036.000     4037.000     4038.000     4039.000
   740:     4040.000     4041.000     4042.000     4043.000     4044.000
   745:     4045.000     4046.000     4047.000     4048.000     4049.000
   750:     4050.000     4051.000     4052.000     4053.000     4054.000
   755:     4055.000     4056.000     4057.000     4058.000     4059.000
   760:     4060.000     4061.000     4062.000     4063.000     4064.000
   765:     4065.000     4066.000     4067.000     4068.000     4069.000
   770:     4070.000     4071.000     4072.000     4073.000     4074.000
   775:     4075.000     4076.000     4077.000     4078.000     4079.000
   780:     4080.000     4081.000     4082.000     4083.000     4084.000
   785:     4085.000     4086.000     4087.000     4088.000     4089.000
   790:     4090.000     4091.000     4092.000     4093.000     4094.000
   795:     4095.000     4096.000     4097.000     4098.000     4099.000
   800:     4100.000     4101.000     4102.000     4103.000     4104.000
   805:     4105.000     4106.000     4107.000     4108.000     4109.000
   810:     4110.000     4111.000     4112.000     4113.000     4114.000
   815:     4115.000     4116.000     4117.000     4118.000     4119.000
   820:     4120.000     4121.000     4122.000     4123.000     4124.000
   825:     4125.000     4126.000     4127.000     4128.000     4129.000
   830:     4130.000     4131.000     4132.000     4133.000     4134.000
   835:     4135.000     4136.000     4137.000     4138.000     4139.000
   840:     4140.000     4141.000     4142.000     4143.000     4144.000
   845:     4145.000     4146.000     4147.000     4148.000     4149.000
   850:     4150.000     4151.000     4152.000     4153.000     4154.000
   855:     4155.000     4156.000     4157.000     4158.000     4159.000
   860:     4160.000     4161.000     4162.000     4163.000     4164.000
   865:     4165.000     4166.000     4167.000     4168.000     4169.000
   870:     4170.000     4171.000     4172.000     4173.000     4174.000
   875:     4175.000     4176.000     4177.000     4178.000     4179.000
   880:     4180.000     4181.000     4182.000     4183.000     4184.000
   885:     4185.000     4186.000     4187.000     4188.000     4189.000
   890:     4190.000     4191.000     4192.000     4193.000     4194.000
   895:     4195.000     4196.000     4197.000     4198.000     4199.000
   900:     4200.000     4201.000     4202.000     4203.000     4204.000
   905:     4205.000     4206.000     4207.000     4208.000     4209.000
   910:     4210.000     4211.000     4212.000     4213.000     4214.000
   915:     4215.000     4216.000     4217.000     4218.000     4219.000
   920:     4220.000     4221.000     4222.000     4223.000     4224.000
   925:     4225.000     4226.000     4227.000     4228.000     4229.000
   930:     4230.000     4231.000     4232.000     4233.000     4234.000
   935:     4235.000     4236.000     4237.000     4238.000     4239.000
   940:     4240.000     4241.000     4242.000     4243.000     4244.000
   945:     4245.000     4246.000     4247.000     4248.000     4249.000
   950:     4250.000     4251.000     4252.000     4253.000     4254.000
   955:     4255.000     4256.000     4257.000     4258.000     4259.000
   960:     4260.000     4261.000     4262.000     4263.000     4264.000
   965:     4265.000     4266.000     4267.000     4268.000     4269.000
   970:     4270.000     4271.000     4272.000     4273.000     4274.000
   975:     4275.000     4276.000     4277.000     4278.000     4279.000
   980:     4280.000     4281.000     4282.000     4283.000     4284.000
   985:     4285.000     4286.000     4287.000     4288.000     4289.000
   990:     4290.000     4291.000     4292.000     4293.000     4294.000
   995:     4295.000     4296.000     4297.000     4298.000     4299.000
  1000:     4300.000     4301.000     4302.000     4303.000     4304.000
  1005:     4305.000     4306.000     4307.000     4308.000     4309.000
  1010:     4310.000     4311.000     4312.000     4313.000     4314.000
  1015:     4315.000     4316.000     4317.000     4318.000     4319.000
  1020:     4320.000     4321.000     4322.000     4323.000     4324.000
  1025:     4325.000     4326.000     4327.000     4328.000     4329.000
  1030:     4330.000     4331.000     4332.000     4333.000     4334.000
  1035:     4335.000     4336.000     4337.000     4338.000     4339.000
  1040:     4340.000     4341.000     4342.000     4343.000     4344.000
  1045:     4345.000     4346.000     4347.000     4348.000     4349.000
  1050:     4350.000     4351.000     4352.000     4353.000     4354.000
  1055:     4355.000     4356.000     4357.000     4358.000     4359.000
  1060:     4360.000     4361.000     4362.000     4363.000     4364.000
  1065:     4365.000     4366.000     4367.000     4368.000     4369.000
  1070:     4370.000     4371.000     4372.000     4373.000     4374.000
  1075:     4375.000     4376.000     4377.000     4378.000     4379.000
  1080:     4380.000     4381.000     4382.000     4383.000     4384.000
  1085:     4385.000     4386.000     4387.000     4388.000     4389.000
  1090:     4390.000     4391.000     4392.000     4393.000     4394.000
  1095:     4395.000     4396.000     4397.000     4398.000     4399.000
  1100:     4400.000     4401.000     4402.000     4403.000     4404.000
  1105:     4405.000     4406.000     4407.000     4408.000     4409.000
  1110:     4410.000     4411.000     4412.000     4413.000     4414.000
  1115:     4415.000     4416.000     4417.000     4418.000     4419.000
  1120:     4420.000     4421.000     4422.000     4423.000     4424.000
  1125:     4425.000     4426.000     4427.000     4428.000     4429.000
  1130:     4430.000     4431.000     4432.000     4433.000     4434.000
  1135:     4435.000     4436.000     4437.000     4438.000     4439.000
  1140:     4440.000     4441.000     4442.000     4443.000     4444.000
  1145:     4445.000     4446.000     4447.000     4448.000     4449.000
  1150:     4450.000     4451.000     4452.000     4453.000     4454.000
  1155:     4455.000     4456.000     4457.000     4458.000     4459.000
  1160:     4460.000     4461.000     4462.000     4463.000     4464.000
  1165:     4465.000     4466.000     4467.000     4468.000     4469.000
  1170:     4470.000     4471.000     4472.000     4473.000     4474.000
  1175:     4475.000     4476.000     4477.000     4478.000     4479.000
  1180:     4480.000     4481.000     4482.000     4483.000     4484.000
  1185:     4485.000     4486.000     4487.000     4488.000     4489.000
  1190:     4490.000     4491.000     4492.000     4493.000     4494.000
  1195:     4495.000     4496.000     4497.000     4498.000     4499.000
  1200:     4500.000
R:
     0:      333.000      333.000      333.000
V:
     0:     1367.000     4125.000
W:
     0:     1367.000     4125.000
