File: C:\MED-PC IV\DATA\p138


Start Date: 09/15/17
End Date: 09/15/17
Subject: p138
Experiment: 0
Group: 0
Box: 8
Start Time: 14:16:36
End Time: 15:16:49
MSN: japede_L_90_90_90_R_30_30_30
B:       0.000
E:    2670.000
F:       0.000
G:       0.000
H:       0.000
I:       1.000
J:       1.000
K:       0.000
O:       0.000
P:       0.000
Q:       0.000
S:  360000.000
T:  360000.000
U:       0.000
X:       0.000
Y:       0.000
Z:       0.000
A:
     0:        0.010        0.250        0.220        0.230      799.840
     5:     1103.120     1899.740     3875.640     3875.320     3875.330
    10:     3875.350     3875.240     3875.130     4125.220     4125.230
    15:     4125.250     4125.340     6024.540     6024.320     6024.330
    20:     6024.350     6024.240     6024.120     6025.840     6274.220
    25:     6274.230     6274.250     6274.340     6770.120     7235.640
    30:     7235.320     7235.330     7235.350     7235.240     7235.130
    35:     7485.220     7485.230     7485.250     7485.340     7842.120
    40:     7973.130     8212.120     8549.120     8556.120     8861.120
    45:    10387.120    10940.120    10947.120    11182.120    11360.120
    50:    11624.130    11631.130    12013.120    12385.840    12672.640
    55:    12672.320    12672.330    12672.350    12672.240    12672.130
    60:    12922.220    12922.230    12922.250    12922.340    13417.130
    65:    13423.130    13544.120    13806.120    13811.120    13922.130
    70:    13929.130    14079.120    14085.120    14370.120    14377.120
    75:    14722.130    14955.120    14961.120    15026.120    15082.120
    80:    15089.120    15181.120    15189.120    15222.840    15676.640
    85:    15676.320    15676.330    15676.350    15676.240    15676.130
    90:    15774.740    15926.220    15926.230    15926.250    15926.340
    95:    16104.540    16104.320    16104.330    16104.350    16104.240
   100:    16104.120    16354.220    16354.230    16354.250    16354.340
   105:    16562.120    16834.130    17170.120    17287.130    17291.130
   110:    17419.130    17425.130    17550.120    17554.120    17626.840
   115:    17803.640    17803.320    17803.330    17803.350    17803.240
   120:    17803.130    17810.130    18053.220    18053.230    18053.250
   125:    18053.340    18270.120    18597.120    18812.130    18972.120
   130:    19053.840    19455.120    19706.640    19706.320    19706.330
   135:    19706.350    19706.240    19706.130    19956.220    19956.230
   140:    19956.250    19956.340    20160.120    20356.840    20524.640
   145:    20524.320    20524.330    20524.350    20524.240    20524.130
   150:    20654.740    20774.220    20774.230    20774.250    20774.340
   155:    21108.540    21108.320    21108.330    21108.350    21108.240
   160:    21108.120    21358.220    21358.230    21358.250    21358.340
   165:    21541.120    22334.120    22764.130    22882.120    23022.130
   170:    23214.130    23483.130    23491.130    23670.130    23676.130
   175:    23786.120    23974.840    24103.640    24103.320    24103.330
   180:    24103.350    24103.240    24103.130    24353.220    24353.230
   185:    24353.250    24353.340    24898.130    24906.130    25331.130
   190:    25338.130    25539.120    25544.120    25749.130    26229.130
   195:    26754.130    27072.120    28219.130    28314.130    28675.120
   200:    29075.130    29248.130    29553.840    29573.120    29579.120
   205:    29989.640    29989.320    29989.330    29989.350    29989.240
   210:    29989.130    30239.220    30239.230    30239.250    30239.340
   215:    30536.130    30739.840    30798.120    31034.640    31034.320
   220:    31034.330    31034.350    31034.240    31034.130    31284.220
   225:    31284.230    31284.250    31284.340    31484.840    31519.120
   230:    31785.640    31785.320    31785.330    31785.350    31785.240
   235:    31785.130    31791.130    32035.220    32035.230    32035.250
   240:    32035.340    32312.120    32320.120    32955.120    33560.120
   245:    33676.130    33683.130    34092.130    34735.840    35018.640
   250:    35018.320    35018.330    35018.350    35018.240    35018.130
   255:    35268.220    35268.230    35268.250    35268.340    35569.130
   260:    35958.130    36383.120    36390.120    36736.130    36832.130
   265:    36838.130    37137.120    38068.840    38413.640    38413.320
   270:    38413.330    38413.350    38413.240    38413.130    38419.130
   275:    38663.220    38663.230    38663.250    38663.340    39349.130
   280:    39493.130    39499.130    39610.130    39770.120    40357.120
   285:    40758.740    40897.540    40897.320    40897.330    40897.350
   290:    40897.240    40897.120    41147.220    41147.230    41147.250
   295:    41147.340    41351.120    41953.120    42307.130    42312.130
   300:    42432.120    43309.120    43585.120    43810.130    43914.120
   305:    44004.120    44010.120    44249.120    44280.120    44527.120
   310:    44532.120    44971.130    45173.120    45467.120    45840.120
   315:    45950.130    46538.120    46949.130    47247.740    47532.130
   320:    47645.540    47645.320    47645.330    47645.350    47645.240
   325:    47645.120    47895.220    47895.230    47895.250    47895.340
   330:    48333.120    48339.120    48460.130    48552.120    48668.130
   335:    48772.120    49325.120    49332.120    49460.130    49871.120
   340:    50141.130    50234.120    51101.120    51448.130    51628.130
   345:    51634.130    51951.120    51956.120    52035.120    52311.130
   350:    52837.120    53085.120    53220.130    53410.130    53531.120
   355:    53883.120    54387.120    55008.130    55403.130    55870.130
   360:    56150.120    56508.130    56685.120    56807.130    57045.130
   365:    57154.120    57160.120    57604.120    57611.120    58012.130
   370:    58120.130    58363.840    58521.640    58521.320    58521.330
   375:    58521.350    58521.240    58521.130    58771.220    58771.230
   380:    58771.250    58771.340    59048.120    59056.120    59342.120
   385:    59667.120    59797.130    59971.840    59985.640    59985.320
   390:    59985.330    59985.350    59985.240    59985.130    59993.130
   395:    60235.220    60235.230    60235.250    60235.340    60800.120
   400:    60807.120    61214.130    61431.120    61722.120    61728.120
   405:    61974.120    62144.130    63053.130    63059.130    63298.130
   410:    63954.120    63988.120    64436.120    65024.130    65468.120
   415:    66106.120    66245.120    66250.120    67248.130    67253.130
   420:    67356.130    67363.130    67616.120    67624.120    67955.120
   425:    68177.130    68394.120    68791.130    68901.120    69097.130
   430:    69101.130    69435.840    69831.120    69996.640    69996.320
   435:    69996.330    69996.350    69996.240    69996.130    70246.220
   440:    70246.230    70246.250    70246.340    71146.840    72246.120
   445:    72254.120    72543.640    72543.320    72543.330    72543.350
   450:    72543.240    72543.130    72793.220    72793.230    72793.250
   455:    72793.340    73125.120    73695.740    73953.130    74330.540
   460:    74330.320    74330.330    74330.350    74330.240    74330.120
   465:    74338.120    74580.220    74580.230    74580.250    74580.340
   470:    75114.120    75404.130    75495.130    75806.130    75959.130
   475:    76529.130    77021.120    77027.120    77260.120    77895.120
   480:    77993.840    78185.640    78185.320    78185.330    78185.350
   485:    78185.240    78185.130    78435.220    78435.230    78435.250
   490:    78435.340    78535.840    78929.120    79070.640    79070.320
   495:    79070.330    79070.350    79070.240    79070.130    79075.130
   500:    79320.220    79320.230    79320.250    79320.340    79859.130
   505:    80466.130    80920.840    81006.640    81006.320    81006.330
   510:    81006.350    81006.240    81006.130    81256.220    81256.230
   515:    81256.250    81256.340    81656.840    81815.120    82132.120
   520:    82418.640    82418.320    82418.330    82418.350    82418.240
   525:    82418.130    82668.220    82668.230    82668.250    82668.340
   530:    83284.120    83552.120    84214.120    84446.120    84453.120
   535:    84949.120    86168.840    86266.120    86272.120    86763.640
   540:    86763.320    86763.330    86763.350    86763.240    86763.130
   545:    86774.130    87013.220    87013.230    87013.250    87013.340
   550:    87315.120    87900.130    88330.120    88336.120    89147.130
   555:    89290.130    89984.120    90297.130    90302.130    90404.130
   560:    90412.130    91013.840    91224.120    91231.120    91776.640
   565:    91776.320    91776.330    91776.350    91776.240    91776.130
   570:    92026.220    92026.230    92026.250    92026.340    92542.120
   575:    93183.120    93190.120    93702.130    93928.130    93935.130
   580:    94049.130    94416.120    94422.120    94958.130    95661.130
   585:    95753.130    95760.130    96082.120    96620.120    96626.120
   590:    96807.130    96937.130    97052.130    97085.130    97090.130
   595:    97359.130    97531.130    97826.840    98680.740    98858.640
   600:    98858.320    98858.330    98858.350    98858.240    98858.130
   605:    99108.220    99108.230    99108.250    99108.340    99642.540
   610:    99642.320    99642.330    99642.350    99642.240    99642.120
   615:    99652.120    99657.120    99892.220    99892.230    99892.250
   620:    99892.340   100237.120   100681.130   101452.130   101457.130
   625:   101550.130   101783.120   102203.120   102350.130   102608.840
   630:   102748.120   102753.120   102887.120   103795.120   103995.640
   635:   103995.320   103995.330   103995.350   103995.240   103995.130
   640:   104245.220   104245.230   104245.250   104245.340   104657.120
   645:   104663.120   104815.120   104821.120   105060.120   105485.130
   650:   105574.130   105864.120   106192.740   106219.130   106224.130
   655:   106772.130   106777.130   106845.840   106924.540   106924.320
   660:   106924.330   106924.350   106924.240   106924.120   107174.220
   665:   107174.230   107174.250   107174.340   107843.640   107843.320
   670:   107843.330   107843.350   107843.240   107843.130   107848.130
   675:   108093.220   108093.230   108093.250   108093.340   108402.120
   680:   108406.120   108729.120   108951.130   108955.130   109152.130
   685:   109524.120   109530.120   109566.120   109572.120   110158.120
   690:   110252.130   110408.130   110414.130   110792.120   110957.130
   695:   111321.130   111493.840   111874.740   111894.640   111894.320
   700:   111894.330   111894.350   111894.240   111894.130   112144.220
   705:   112144.230   112144.250   112144.340   112422.540   112422.320
   710:   112422.330   112422.350   112422.240   112422.120   112436.120
   715:   112672.220   112672.230   112672.250   112672.340   112880.120
   720:   113215.120   113220.120   113416.130   113609.120   113616.120
   725:   113825.130   113844.840   113872.740   113946.640   113946.320
   730:   113946.330   113946.350   113946.240   113946.130   114196.220
   735:   114196.230   114196.250   114196.340   114553.540   114553.320
   740:   114553.330   114553.350   114553.240   114553.120   114559.120
   745:   114567.120   114803.220   114803.230   114803.250   114803.340
   750:   115319.120   115496.840   115546.640   115546.320   115546.330
   755:   115546.350   115546.240   115546.130   115551.130   115796.220
   760:   115796.230   115796.250   115796.340   116153.120   116159.120
   765:   116584.130   116766.120   117196.840   117683.120   117688.120
   770:   117834.640   117834.320   117834.330   117834.350   117834.240
   775:   117834.130   117841.130   118084.220   118084.230   118084.250
   780:   118084.340   118414.120   118566.120   118573.120   118918.120
   785:   118925.120   119505.130   119715.130   119721.130   119786.130
   790:   119976.130   120081.120   120303.120   121368.130   121374.130
   795:   121538.130   121703.740   121958.540   121958.320   121958.330
   800:   121958.350   121958.240   121958.120   122208.220   122208.230
   805:   122208.250   122208.340   122421.120   122429.120   122617.120
   810:   122626.120   122779.130   122916.130   123047.120   123059.120
   815:   123484.840   123499.120   123509.120   123635.640   123635.320
   820:   123635.330   123635.350   123635.240   123635.130   123885.220
   825:   123885.230   123885.250   123885.340   124185.840   124293.120
   830:   124301.120   124458.120   124798.640   124798.320   124798.330
   835:   124798.350   124798.240   124798.130   125048.220   125048.230
   840:   125048.250   125048.340   125442.120   125448.120   125582.120
   845:   125587.120   125714.130   126468.120   126480.120   126628.120
   850:   126633.120   126806.130   127465.130   127722.120   127729.120
   855:   128216.130   128317.130   128692.130   128699.130   128911.120
   860:   128916.120   129268.130   129277.130   129523.120   129657.130
   865:   130027.120   130033.120   130203.130   130663.120   131290.130
   870:   131348.840   131391.640   131391.320   131391.330   131391.350
   875:   131391.240   131391.130   131641.220   131641.230   131641.250
   880:   131641.340   131960.120   131967.120   132484.130   132641.840
   885:   132932.120   132938.120   133142.640   133142.320   133142.330
   890:   133142.350   133142.240   133142.130   133392.220   133392.230
   895:   133392.250   133392.340   133757.120   133851.120   134220.130
   900:   134356.120   134492.840   134498.640   134498.320   134498.330
   905:   134498.350   134498.240   134498.130   134748.220   134748.230
   910:   134748.250   134748.340   135054.120   135291.120   135408.740
   915:   135863.130   135965.540   135965.320   135965.330   135965.350
   920:   135965.240   135965.120   135975.120   135980.120   136215.220
   925:   136215.230   136215.250   136215.340   136440.120   136665.130
   930:   136781.120   136788.120   137145.120   137288.130   137294.130
   935:   137522.130   137665.120   138027.120   138520.130   138907.130
   940:   139348.840   139433.640   139433.320   139433.330   139433.350
   945:   139433.240   139433.130   139683.220   139683.230   139683.250
   950:   139683.340   140037.120   140176.120   140183.120   140476.120
   955:   140611.130   140683.840   140748.640   140748.320   140748.330
   960:   140748.350   140748.240   140748.130   140998.220   140998.230
   965:   140998.250   140998.340   141798.840   141892.640   141892.320
   970:   141892.330   141892.350   141892.240   141892.130   141898.130
   975:   142142.220   142142.230   142142.250   142142.340   142441.120
   980:   142791.130   142796.130   142956.120   143368.130   143373.130
   985:   143751.120   144142.840   144499.120   144506.120   144859.120
   990:   144866.120   145211.640   145211.320   145211.330   145211.350
   995:   145211.240   145211.130   145461.220   145461.230   145461.250
  1000:   145461.340   145812.120   146119.130   146125.130   146217.130
  1005:   146359.130   146365.130   146458.130   146579.120   146892.120
  1010:   146897.120   147861.840   147980.120   148184.640   148184.320
  1015:   148184.330   148184.350   148184.240   148184.130   148434.220
  1020:   148434.230   148434.250   148434.340   148734.840   149230.640
  1025:   149230.320   149230.330   149230.350   149230.240   149230.130
  1030:   149480.220   149480.230   149480.250   149480.340   149744.120
  1035:   149752.120   149888.120   150202.120   150382.130   150803.130
  1040:   150809.130   150950.130   151243.130   151325.130   151332.130
  1045:   151644.120   151650.120   151856.120   152064.130   152163.130
  1050:   152436.130   152554.130   152905.130   152988.130   153127.120
  1055:   153780.840   153803.640   153803.320   153803.330   153803.350
  1060:   153803.240   153803.130   154053.220   154053.230   154053.250
  1065:   154053.340   154407.120   154903.120   154908.120   155409.120
  1070:   155418.120   155544.130   155689.120   155715.740   156064.130
  1075:   156289.130   156704.540   156704.320   156704.330   156704.350
  1080:   156704.240   156704.120   156714.120   156719.120   156853.840
  1085:   156954.220   156954.230   156954.250   156954.340   157413.120
  1090:   157642.640   157642.320   157642.330   157642.350   157642.240
  1095:   157642.130   157892.220   157892.230   157892.250   157892.340
  1100:   158236.130   158242.130   158354.740   158366.540   158366.320
  1105:   158366.330   158366.350   158366.240   158366.120   158616.220
  1110:   158616.230   158616.250   158616.340   159644.130   159761.130
  1115:   159976.130   160445.120   160516.740   160554.130   160736.540
  1120:   160736.320   160736.330   160736.350   160736.240   160736.120
  1125:   160986.220   160986.230   160986.250   160986.340   161250.120
  1130:   161255.120   161402.120   161408.120   161780.130   161786.130
  1135:   161792.840   161882.640   161882.320   161882.330   161882.350
  1140:   161882.240   161882.130   162132.220   162132.230   162132.250
  1145:   162132.340   162597.130   162602.130   162709.120   162717.120
  1150:   162897.130   162901.130   163006.130   163110.130   163217.120
  1155:   163816.120   164068.130   164177.130   164289.120   164391.130
  1160:   164740.120   164747.120   165060.130   165465.130   165472.130
  1165:   165592.130   165598.130   165926.120   166139.130   166378.130
  1170:   166580.130   166845.130   166991.130   167262.130   167268.130
  1175:   167414.130   167526.120   167531.120   167790.130   167917.120
  1180:   167924.120   168493.120   168499.120   168671.120   169137.120
  1185:   169142.120   169327.130   169332.840   169627.120   170406.640
  1190:   170406.320   170406.330   170406.350   170406.240   170406.130
  1195:   170412.130   170656.220   170656.230   170656.250   170656.340
  1200:   171143.130   171244.130   171646.120   172210.130   172429.120
  1205:   172566.130   172815.120   173160.130   173244.130   173352.130
  1210:   173362.130   173472.120   173479.120   173650.130   173656.840
  1215:   174103.640   174103.320   174103.330   174103.350   174103.240
  1220:   174103.130   174353.220   174353.230   174353.250   174353.340
  1225:   174750.120   174890.120   175496.130   175707.120   175953.840
  1230:   175969.640   175969.320   175969.330   175969.350   175969.240
  1235:   175969.130   176219.220   176219.230   176219.250   176219.340
  1240:   176419.840   176544.120   176772.120   176943.640   176943.320
  1245:   176943.330   176943.350   176943.240   176943.130   177193.220
  1250:   177193.230   177193.250   177193.340   177538.120   177693.840
  1255:   177844.640   177844.320   177844.330   177844.350   177844.240
  1260:   177844.130   177865.130   178094.220   178094.230   178094.250
  1265:   178094.340   178461.120   178465.120   178788.130   178887.130
  1270:   178895.130   179101.120   179106.120   179414.130   179583.130
  1275:   179693.120   179699.120   180060.120   180186.130   180794.840
  1280:   180975.640   180975.320   180975.330   180975.350   180975.240
  1285:   180975.130   180998.130   181225.220   181225.230   181225.250
  1290:   181225.340   181824.120   181831.120   182004.130   182073.130
  1295:   182211.130   182369.120   182589.130   182595.130   182860.130
  1300:   183100.120   183762.120   183886.130   184107.120   184667.130
  1305:   184673.130   184866.120   184870.120   185181.130   185281.120
  1310:   185418.130   185487.130   185492.130   185593.130   185981.130
  1315:   185986.130   186084.130   186401.120   186942.120   186948.120
  1320:   187079.130   187084.130   187163.130   187367.120   187373.120
  1325:   187714.120   188061.120   188736.130   188804.130   189043.130
  1330:   189425.840   189705.120   189717.120   189893.640   189893.320
  1335:   189893.330   189893.350   189893.240   189893.130   190143.220
  1340:   190143.230   190143.250   190143.340   190343.840   190468.120
  1345:   190686.740   190826.640   190826.320   190826.330   190826.350
  1350:   190826.240   190826.130   191076.220   191076.230   191076.250
  1355:   191076.340   191373.540   191373.320   191373.330   191373.350
  1360:   191373.240   191373.120   191377.120   191623.220   191623.230
  1365:   191623.250   191623.340   191776.840   192305.120   192417.640
  1370:   192417.320   192417.330   192417.350   192417.240   192417.130
  1375:   192667.220   192667.230   192667.250   192667.340   193043.120
  1380:   193052.120   193246.130   193452.130   193621.120   193629.120
  1385:   193728.130   193821.130   193941.130   193947.130   194399.130
  1390:   194567.840   194771.640   194771.320   194771.330   194771.350
  1395:   194771.240   194771.130   195021.220   195021.230   195021.250
  1400:   195021.340   195417.120   195733.130   195812.130   195887.130
  1405:   195962.130   195970.130   196058.130   196398.120   196520.130
  1410:   196675.120   196874.130   196880.130   197116.130   197208.130
  1415:   197215.130   197366.120   197783.130   197912.120   198137.130
  1420:   198221.840   198262.120   198506.640   198506.320   198506.330
  1425:   198506.350   198506.240   198506.130   198512.130   198756.220
  1430:   198756.230   198756.250   198756.340   199045.120   199165.130
  1435:   199318.120   199325.120   199426.130   199603.130   199707.120
  1440:   200001.120   200104.130   200163.130   200170.130   200269.130
  1445:   200814.130   200820.130   200826.130   201031.120   201036.120
  1450:   201356.840   201480.640   201480.320   201480.330   201480.350
  1455:   201480.240   201480.130   201730.220   201730.230   201730.250
  1460:   201730.340   202013.120   202016.120   202569.130   202955.130
  1465:   203079.130   203329.120   203423.740   203534.130   203639.130
  1470:   203644.130   203797.130   203942.130   204495.130   205189.540
  1475:   205189.320   205189.330   205189.350   205189.240   205189.120
  1480:   205201.120   205439.220   205439.230   205439.250   205439.340
  1485:   206032.120   206147.130   206153.130   206330.840   206513.640
  1490:   206513.320   206513.330   206513.350   206513.240   206513.130
  1495:   206763.220   206763.230   206763.250   206763.340   207782.130
  1500:   208291.130   208371.130   208409.130   208633.130   208763.840
  1505:   208950.640   208950.320   208950.330   208950.350   208950.240
  1510:   208950.130   209200.220   209200.230   209200.250   209200.340
  1515:   209460.120   209469.120   209746.120   209864.130   209869.130
  1520:   210280.130   210565.120   210569.120   210994.120   211002.120
  1525:   211130.130   211481.130   211486.130   212430.120   212669.130
  1530:   212845.130   212852.130   213022.120   213027.120   213153.130
  1535:   213289.130   213746.120   213751.120   214005.130   214130.130
  1540:   214528.120   214534.120   214690.120   214938.120   214944.120
  1545:   216104.130   216110.130   216314.120   216483.130   216564.130
  1550:   216735.130   216800.840   216970.640   216970.320   216970.330
  1555:   216970.350   216970.240   216970.130   217220.220   217220.230
  1560:   217220.250   217220.340   217596.120   217696.120   217701.120
  1565:   218125.130   218305.130   218312.130   218562.120   218720.840
  1570:   218753.640   218753.320   218753.330   218753.350   218753.240
  1575:   218753.130   219003.220   219003.230   219003.250   219003.340
  1580:   219434.120   220089.120   220096.120   220400.130   220500.130
  1585:   220651.120   220655.120   220884.130   221208.120   221313.130
  1590:   221888.120   221895.120   222452.130   223056.120   223358.130
  1595:   223403.840   223508.640   223508.320   223508.330   223508.350
  1600:   223508.240   223508.130   223758.220   223758.230   223758.250
  1605:   223758.340   224129.120   224134.120   224483.120   224488.120
  1610:   224609.130   224685.130   224778.130   225013.130   225047.130
  1615:   225156.130   225258.840   225277.120   225860.640   225860.320
  1620:   225860.330   225860.350   225860.240   225860.130   226110.220
  1625:   226110.230   226110.250   226110.340   226339.740   226610.840
  1630:   226818.640   226818.320   226818.330   226818.350   226818.240
  1635:   226818.130   226824.130   227068.220   227068.230   227068.250
  1640:   227068.340   227468.840   227572.540   227572.320   227572.330
  1645:   227572.350   227572.240   227572.120   227579.120   227822.220
  1650:   227822.230   227822.250   227822.340   228496.120   228600.640
  1655:   228600.320   228600.330   228600.350   228600.240   228600.130
  1660:   228850.220   228850.230   228850.250   228850.340   229125.120
  1665:   229130.120   229396.130   229723.120   229729.120   229750.840
  1670:   230000.640   230000.320   230000.330   230000.350   230000.240
  1675:   230000.130   230250.220   230250.230   230250.250   230250.340
  1680:   230444.120   230592.130   230707.130   230722.740   230828.130
  1685:   231073.130   231420.540   231420.320   231420.330   231420.350
  1690:   231420.240   231420.120   231670.220   231670.230   231670.250
  1695:   231670.340   231750.840   232375.640   232375.320   232375.330
  1700:   232375.350   232375.240   232375.130   232625.220   232625.230
  1705:   232625.250   232625.340   233038.120   233225.840   233324.640
  1710:   233324.320   233324.330   233324.350   233324.240   233324.130
  1715:   233574.220   233574.230   233574.250   233574.340   233901.120
  1720:   233907.120   234048.120   234428.130   234697.120   234702.120
  1725:   235052.130   235885.120   236270.740   236293.540   236293.320
  1730:   236293.330   236293.350   236293.240   236293.120   236299.120
  1735:   236304.120   236543.220   236543.230   236543.250   236543.340
  1740:   236968.130   237070.120   237075.120   237323.130   237678.130
  1745:   237756.130   238074.840   238272.640   238272.320   238272.330
  1750:   238272.350   238272.240   238272.130   238522.220   238522.230
  1755:   238522.250   238522.340   239256.130   239332.130   239596.120
  1760:   239602.120   239722.840   239943.740   240317.540   240317.320
  1765:   240317.330   240317.350   240317.240   240317.120   240567.220
  1770:   240567.230   240567.250   240567.340   240884.120   240889.120
  1775:   241331.120   241335.120   241616.120   241874.120   243305.640
  1780:   243305.320   243305.330   243305.350   243305.240   243305.130
  1785:   243555.220   243555.230   243555.250   243555.340   243799.120
  1790:   243803.120   245131.130   245333.120   245465.130   245655.120
  1795:   246177.130   246667.740   246668.130   247098.130   247171.130
  1800:   247177.130   247379.130   248016.130   248111.130   248119.130
  1805:   248420.130   249172.130   249247.130   250013.130   250022.130
  1810:   250092.130   250555.840   250754.540   250754.320   250754.330
  1815:   250754.350   250754.240   250754.120   251004.220   251004.230
  1820:   251004.250   251004.340   251417.120   251421.120   251542.640
  1825:   251542.320   251542.330   251542.350   251542.240   251542.130
  1830:   251792.220   251792.230   251792.250   251792.340   252401.120
  1835:   252405.120   252639.120   252877.130   252979.120   252984.120
  1840:   253192.840   253395.640   253395.320   253395.330   253395.350
  1845:   253395.240   253395.130   253645.220   253645.230   253645.250
  1850:   253645.340   253897.120   253904.120   254064.120   254171.130
  1855:   254595.120   254847.130   254854.130   254996.130   255045.840
  1860:   255076.640   255076.320   255076.330   255076.350   255076.240
  1865:   255076.130   255326.220   255326.230   255326.250   255326.340
  1870:   255680.120   256661.130   256904.740   257179.540   257179.320
  1875:   257179.330   257179.350   257179.240   257179.120   257182.120
  1880:   257429.220   257429.230   257429.250   257429.340   257810.120
  1885:   257814.120   257942.130   257950.130   258611.120   258777.130
  1890:   259201.130   259386.130   260007.130   260136.130   260257.120
  1895:   260265.120   260654.120   260660.120   260787.130   261229.740
  1900:   261777.540   261777.320   261777.330   261777.350   261777.240
  1905:   261777.120   261781.120   261787.120   262027.220   262027.230
  1910:   262027.250   262027.340   262605.120   262728.130   263031.120
  1915:   263045.120   263154.130   263453.120   263827.740   263837.540
  1920:   263837.320   263837.330   263837.350   263837.240   263837.120
  1925:   264087.220   264087.230   264087.250   264087.340   264874.130
  1930:   265087.740   265326.840   265419.540   265419.320   265419.330
  1935:   265419.350   265419.240   265419.120   265425.120   265669.220
  1940:   265669.230   265669.250   265669.340   266117.120   266713.640
  1945:   266713.320   266713.330   266713.350   266713.240   266713.130
  1950:   266963.220   266963.230   266963.250   266963.340   267650.130
  1955:   267743.130   267871.120   267876.120   268372.130   268489.120
  1960:   268495.120   269469.740   269494.540   269494.320   269494.330
  1965:   269494.350   269494.240   269494.120   269744.220   269744.230
  1970:   269744.250   269744.340   270417.130   270444.740   270617.540
  1975:   270617.320   270617.330   270617.350   270617.240   270617.120
  1980:   270631.120   270867.220   270867.230   270867.250   270867.340
  1985:   271122.120   271413.120   271909.130   272301.120   272306.120
  1990:   272683.120   272689.120   273113.130   273219.130   273321.120
  1995:   273326.120   273554.120   273731.130   273867.740   274106.130
  2000:   274306.540   274306.320   274306.330   274306.350   274306.240
  2005:   274306.120   274311.120   274319.120   274556.220   274556.230
  2010:   274556.250   274556.340   274769.120   274774.120   275010.120
  2015:   275345.120   275462.130   275467.130   275663.840   276124.120
  2020:   276471.120   276478.120   276756.120   276759.120   276989.120
  2025:   276994.120   277141.640   277141.320   277141.330   277141.350
  2030:   277141.240   277141.130   277356.740   277391.220   277391.230
  2035:   277391.250   277391.340   277491.840   277754.540   277754.320
  2040:   277754.330   277754.350   277754.240   277754.120   278004.220
  2045:   278004.230   278004.250   278004.340   278246.120   278252.120
  2050:   278556.120   278560.120   279264.120   279270.120   279611.120
  2055:   279615.120   279738.640   279738.320   279738.330   279738.350
  2060:   279738.240   279738.130   279988.220   279988.230   279988.250
  2065:   279988.340   280088.840   281132.120   281408.640   281408.320
  2070:   281408.330   281408.350   281408.240   281408.130   281658.220
  2075:   281658.230   281658.250   281658.340   281858.840   282132.120
  2080:   282138.120   282272.120   282839.640   282839.320   282839.330
  2085:   282839.350   282839.240   282839.130   283089.220   283089.230
  2090:   283089.250   283089.340   283845.120   283849.120   284049.130
  2095:   284789.840   285028.120   285757.640   285757.320   285757.330
  2100:   285757.350   285757.240   285757.130   286007.220   286007.230
  2105:   286007.250   286007.340   286204.740   286472.540   286472.320
  2110:   286472.330   286472.350   286472.240   286472.120   286476.120
  2115:   286722.220   286722.230   286722.250   286722.340   286922.740
  2120:   287938.540   287938.320   287938.330   287938.350   287938.240
  2125:   287938.120   287943.120   288007.840   288188.220   288188.230
  2130:   288188.250   288188.340   288445.120   288699.120   289065.120
  2135:   289171.640   289171.320   289171.330   289171.350   289171.240
  2140:   289171.130   289421.220   289421.230   289421.250   289421.340
  2145:   289710.120   289714.120   289866.120   289983.130   290188.740
  2150:   290363.130   290445.130   290871.130   291217.130   291622.540
  2155:   291622.320   291622.330   291622.350   291622.240   291622.120
  2160:   291633.120   291821.840   291872.220   291872.230   291872.250
  2165:   291872.340   292118.120   293073.640   293073.320   293073.330
  2170:   293073.350   293073.240   293073.130   293323.220   293323.230
  2175:   293323.250   293323.340   293823.840   294217.640   294217.320
  2180:   294217.330   294217.350   294217.240   294217.130   294467.220
  2185:   294467.230   294467.250   294467.340   294667.840   295614.640
  2190:   295614.320   295614.330   295614.350   295614.240   295614.130
  2195:   295864.220   295864.230   295864.250   295864.340   296585.130
  2200:   296837.130   297012.120   297138.130   297319.120   297541.130
  2205:   297772.740   297819.540   297819.320   297819.330   297819.350
  2210:   297819.240   297819.120   298069.220   298069.230   298069.250
  2215:   298069.340   298292.120   298297.120   298850.130   299588.120
  2220:   299691.130   299699.130   299936.120   299942.120   300955.130
  2225:   301341.120   301763.130   301904.120   302189.130   302443.120
  2230:   302665.130   302964.840   302974.120   302978.120   303462.120
  2235:   303676.640   303676.320   303676.330   303676.350   303676.240
  2240:   303676.130   303926.220   303926.230   303926.250   303926.340
  2245:   304326.840   304513.120   304519.120   304998.640   304998.320
  2250:   304998.330   304998.350   304998.240   304998.130   305248.220
  2255:   305248.230   305248.250   305248.340   305622.120   305628.120
  2260:   305909.130   306081.120   306192.130   306608.120   306957.120
  2265:   306963.120   307321.120   307358.120   307670.120   307674.120
  2270:   307953.130   308068.120   308074.120   308430.130   308777.120
  2275:   308783.120   308950.130   309185.120   309313.130   309581.120
  2280:   309748.840   309818.640   309818.320   309818.330   309818.350
  2285:   309818.240   309818.130   310068.220   310068.230   310068.250
  2290:   310068.340   310369.740   310610.540   310610.320   310610.330
  2295:   310610.350   310610.240   310610.120   310768.840   310860.220
  2300:   310860.230   310860.250   310860.340   311163.120   311168.120
  2305:   311421.640   311421.320   311421.330   311421.350   311421.240
  2310:   311421.130   311671.220   311671.230   311671.250   311671.340
  2315:   311945.120   311948.120   312099.130   312565.130   312940.130
  2320:   313501.130   313573.130   313858.120   314055.130   314302.120
  2325:   314308.120   314589.120   315171.840   315540.640   315540.320
  2330:   315540.330   315540.350   315540.240   315540.130   315790.220
  2335:   315790.230   315790.250   315790.340   316142.120   316147.120
  2340:   316545.130   316662.130   316793.120   316798.120   316999.130
  2345:   317038.130   317518.120   317524.120   317619.130   317776.120
  2350:   318027.120   318033.120   318525.130   318716.130   319204.130
  2355:   319335.120   319654.130   319734.130   319881.120   319885.120
  2360:   320007.130   320290.840   320807.640   320807.320   320807.330
  2365:   320807.350   320807.240   320807.130   321057.220   321057.230
  2370:   321057.250   321057.340   321426.120   321430.120   321655.130
  2375:   321851.120   322032.130   322157.130   322763.130   323230.120
  2380:   323702.120   323857.840   323977.120   323984.120   324129.640
  2385:   324129.320   324129.330   324129.350   324129.240   324129.130
  2390:   324134.130   324379.220   324379.230   324379.250   324379.340
  2395:   324857.120   324863.120   325279.840   325824.640   325824.320
  2400:   325824.330   325824.350   325824.240   325824.130   326074.220
  2405:   326074.230   326074.250   326074.340   326174.840   326669.120
  2410:   326674.120   326794.640   326794.320   326794.330   326794.350
  2415:   326794.240   326794.130   327044.220   327044.230   327044.250
  2420:   327044.340   327760.740   327780.540   327780.320   327780.330
  2425:   327780.350   327780.240   327780.120   327844.840   328030.220
  2430:   328030.230   328030.250   328030.340   329004.640   329004.320
  2435:   329004.330   329004.350   329004.240   329004.130   329254.220
  2440:   329254.230   329254.250   329254.340   329454.840   329617.120
  2445:   330006.640   330006.320   330006.330   330006.350   330006.240
  2450:   330006.130   330011.130   330256.220   330256.230   330256.250
  2455:   330256.340   330456.840   330830.740   331702.640   331702.320
  2460:   331702.330   331702.350   331702.240   331702.130   331952.220
  2465:   331952.230   331952.250   331952.340   332322.540   332322.320
  2470:   332322.330   332322.350   332322.240   332322.120   332326.120
  2475:   332572.220   332572.230   332572.250   332572.340   332952.840
  2480:   333183.640   333183.320   333183.330   333183.350   333183.240
  2485:   333183.130   333433.220   333433.230   333433.250   333433.340
  2490:   333779.120   334038.130   334140.130   334603.120   334872.740
  2495:   334873.540   334873.320   334873.330   334873.350   334873.240
  2500:   334873.120   334877.120   335123.220   335123.230   335123.250
  2505:   335123.340   335810.130   336775.130   336917.130   337017.120
  2510:   337021.120   337234.130   337973.120   337977.120   338033.840
  2515:   338097.640   338097.320   338097.330   338097.350   338097.240
  2520:   338097.130   338114.130   338347.220   338347.230   338347.250
  2525:   338347.340   338725.120   338730.120   338979.120   338984.120
  2530:   339257.130   339262.130   339449.130   339831.130   340714.130
  2535:   340986.130   340993.130   342067.130   342161.120   342165.120
  2540:   342500.120   342801.130   344423.740   344786.540   344786.320
  2545:   344786.330   344786.350   344786.240   344786.120   344847.840
  2550:   345036.220   345036.230   345036.250   345036.340   345556.120
  2555:   345841.120   345848.120   346104.120   346110.120   346745.120
  2560:   347072.120   347079.120   347620.120   347987.120   348313.120
  2565:   348319.120   348386.120   348453.120   349001.640   349001.320
  2570:   349001.330   349001.350   349001.240   349001.130   349251.220
  2575:   349251.230   349251.250   349251.340   349533.120   349539.120
  2580:   349883.120   349996.130   350097.130   350203.120   350207.120
  2585:   350321.130   350325.130   350467.130   350614.130   350620.130
  2590:   350677.130   350818.130   350961.130   351073.120   351252.130
  2595:   351257.130   351359.120   351451.840   351657.640   351657.320
  2600:   351657.330   351657.350   351657.240   351657.130   351907.220
  2605:   351907.230   351907.250   351907.340   352312.120   352499.130
  2610:   352504.130   352590.130   352676.130   352806.120   352814.120
  2615:   354281.120   354374.130   354436.740   354921.540   354921.320
  2620:   354921.330   354921.350   354921.240   354921.120   354927.120
  2625:   355171.220   355171.230   355171.250   355171.340   355503.120
  2630:   355507.120   355714.120   355719.120   355998.120   356116.130
  2635:   356235.130   356528.120   356532.120   356538.120   357007.840
  2640:   357212.640   357212.320   357212.330   357212.350   357212.240
  2645:   357212.130   357217.130   357225.130   357462.220   357462.230
  2650:   357462.250   357462.340   358134.130   358262.840   358703.640
  2655:   358703.320   358703.330   358703.350   358703.240   358703.130
  2660:   358953.220   358953.230   358953.250   358953.340   359832.130
  2665:   360000.320   360000.330   360000.350   360000.020
C:
     0:        0.000      657.000      604.000       40.000      100.000
     5:        0.000
D:
     0:        0.000        0.000
L:
     0:      111.000      111.000      111.000
M:
     0:      900.000      901.000      902.000      903.000      904.000
     5:      905.000      906.000      907.000      908.000      909.000
    10:      910.000      911.000      912.000      913.000      914.000
    15:      915.000      916.000      917.000      918.000      919.000
    20:      920.000      921.000      922.000      923.000      924.000
    25:      925.000      926.000      927.000      928.000      929.000
    30:      930.000      931.000      932.000      933.000      934.000
    35:      935.000      936.000      937.000      938.000      939.000
    40:      940.000      941.000      942.000      943.000      944.000
    45:      945.000      946.000      947.000      948.000      949.000
    50:      950.000      951.000      952.000      953.000      954.000
    55:      955.000      956.000      957.000      958.000      959.000
    60:      960.000      961.000      962.000      963.000      964.000
    65:      965.000      966.000      967.000      968.000      969.000
    70:      970.000      971.000      972.000      973.000      974.000
    75:      975.000      976.000      977.000      978.000      979.000
    80:      980.000      981.000      982.000      983.000      984.000
    85:      985.000      986.000      987.000      988.000      989.000
    90:      990.000      991.000      992.000      993.000      994.000
    95:      995.000      996.000      997.000      998.000      999.000
   100:     1000.000     1001.000     1002.000     1003.000     1004.000
   105:     1005.000     1006.000     1007.000     1008.000     1009.000
   110:     1010.000     1011.000     1012.000     1013.000     1014.000
   115:     1015.000     1016.000     1017.000     1018.000     1019.000
   120:     1020.000     1021.000     1022.000     1023.000     1024.000
   125:     1025.000     1026.000     1027.000     1028.000     1029.000
   130:     1030.000     1031.000     1032.000     1033.000     1034.000
   135:     1035.000     1036.000     1037.000     1038.000     1039.000
   140:     1040.000     1041.000     1042.000     1043.000     1044.000
   145:     1045.000     1046.000     1047.000     1048.000     1049.000
   150:     1050.000     1051.000     1052.000     1053.000     1054.000
   155:     1055.000     1056.000     1057.000     1058.000     1059.000
   160:     1060.000     1061.000     1062.000     1063.000     1064.000
   165:     1065.000     1066.000     1067.000     1068.000     1069.000
   170:     1070.000     1071.000     1072.000     1073.000     1074.000
   175:     1075.000     1076.000     1077.000     1078.000     1079.000
   180:     1080.000     1081.000     1082.000     1083.000     1084.000
   185:     1085.000     1086.000     1087.000     1088.000     1089.000
   190:     1090.000     1091.000     1092.000     1093.000     1094.000
   195:     1095.000     1096.000     1097.000     1098.000     1099.000
   200:     1100.000     1101.000     1102.000     1103.000     1104.000
   205:     1105.000     1106.000     1107.000     1108.000     1109.000
   210:     1110.000     1111.000     1112.000     1113.000     1114.000
   215:     1115.000     1116.000     1117.000     1118.000     1119.000
   220:     1120.000     1121.000     1122.000     1123.000     1124.000
   225:     1125.000     1126.000     1127.000     1128.000     1129.000
   230:     1130.000     1131.000     1132.000     1133.000     1134.000
   235:     1135.000     1136.000     1137.000     1138.000     1139.000
   240:     1140.000     1141.000     1142.000     1143.000     1144.000
   245:     1145.000     1146.000     1147.000     1148.000     1149.000
   250:     1150.000     1151.000     1152.000     1153.000     1154.000
   255:     1155.000     1156.000     1157.000     1158.000     1159.000
   260:     1160.000     1161.000     1162.000     1163.000     1164.000
   265:     1165.000     1166.000     1167.000     1168.000     1169.000
   270:     1170.000     1171.000     1172.000     1173.000     1174.000
   275:     1175.000     1176.000     1177.000     1178.000     1179.000
   280:     1180.000     1181.000     1182.000     1183.000     1184.000
   285:     1185.000     1186.000     1187.000     1188.000     1189.000
   290:     1190.000     1191.000     1192.000     1193.000     1194.000
   295:     1195.000     1196.000     1197.000     1198.000     1199.000
   300:     1200.000     1201.000     1202.000     1203.000     1204.000
   305:     1205.000     1206.000     1207.000     1208.000     1209.000
   310:     1210.000     1211.000     1212.000     1213.000     1214.000
   315:     1215.000     1216.000     1217.000     1218.000     1219.000
   320:     1220.000     1221.000     1222.000     1223.000     1224.000
   325:     1225.000     1226.000     1227.000     1228.000     1229.000
   330:     1230.000     1231.000     1232.000     1233.000     1234.000
   335:     1235.000     1236.000     1237.000     1238.000     1239.000
   340:     1240.000     1241.000     1242.000     1243.000     1244.000
   345:     1245.000     1246.000     1247.000     1248.000     1249.000
   350:     1250.000     1251.000     1252.000     1253.000     1254.000
   355:     1255.000     1256.000     1257.000     1258.000     1259.000
   360:     1260.000     1261.000     1262.000     1263.000     1264.000
   365:     1265.000     1266.000     1267.000     1268.000     1269.000
   370:     1270.000     1271.000     1272.000     1273.000     1274.000
   375:     1275.000     1276.000     1277.000     1278.000     1279.000
   380:     1280.000     1281.000     1282.000     1283.000     1284.000
   385:     1285.000     1286.000     1287.000     1288.000     1289.000
   390:     1290.000     1291.000     1292.000     1293.000     1294.000
   395:     1295.000     1296.000     1297.000     1298.000     1299.000
   400:     1300.000     1301.000     1302.000     1303.000     1304.000
   405:     1305.000     1306.000     1307.000     1308.000     1309.000
   410:     1310.000     1311.000     1312.000     1313.000     1314.000
   415:     1315.000     1316.000     1317.000     1318.000     1319.000
   420:     1320.000     1321.000     1322.000     1323.000     1324.000
   425:     1325.000     1326.000     1327.000     1328.000     1329.000
   430:     1330.000     1331.000     1332.000     1333.000     1334.000
   435:     1335.000     1336.000     1337.000     1338.000     1339.000
   440:     1340.000     1341.000     1342.000     1343.000     1344.000
   445:     1345.000     1346.000     1347.000     1348.000     1349.000
   450:     1350.000     1351.000     1352.000     1353.000     1354.000
   455:     1355.000     1356.000     1357.000     1358.000     1359.000
   460:     1360.000     1361.000     1362.000     1363.000     1364.000
   465:     1365.000     1366.000     1367.000     1368.000     1369.000
   470:     1370.000     1371.000     1372.000     1373.000     1374.000
   475:     1375.000     1376.000     1377.000     1378.000     1379.000
   480:     1380.000     1381.000     1382.000     1383.000     1384.000
   485:     1385.000     1386.000     1387.000     1388.000     1389.000
   490:     1390.000     1391.000     1392.000     1393.000     1394.000
   495:     1395.000     1396.000     1397.000     1398.000     1399.000
   500:     1400.000     1401.000     1402.000     1403.000     1404.000
   505:     1405.000     1406.000     1407.000     1408.000     1409.000
   510:     1410.000     1411.000     1412.000     1413.000     1414.000
   515:     1415.000     1416.000     1417.000     1418.000     1419.000
   520:     1420.000     1421.000     1422.000     1423.000     1424.000
   525:     1425.000     1426.000     1427.000     1428.000     1429.000
   530:     1430.000     1431.000     1432.000     1433.000     1434.000
   535:     1435.000     1436.000     1437.000     1438.000     1439.000
   540:     1440.000     1441.000     1442.000     1443.000     1444.000
   545:     1445.000     1446.000     1447.000     1448.000     1449.000
   550:     1450.000     1451.000     1452.000     1453.000     1454.000
   555:     1455.000     1456.000     1457.000     1458.000     1459.000
   560:     1460.000     1461.000     1462.000     1463.000     1464.000
   565:     1465.000     1466.000     1467.000     1468.000     1469.000
   570:     1470.000     1471.000     1472.000     1473.000     1474.000
   575:     1475.000     1476.000     1477.000     1478.000     1479.000
   580:     1480.000     1481.000     1482.000     1483.000     1484.000
   585:     1485.000     1486.000     1487.000     1488.000     1489.000
   590:     1490.000     1491.000     1492.000     1493.000     1494.000
   595:     1495.000     1496.000     1497.000     1498.000     1499.000
   600:     1500.000
N:
     0:     3300.000     3301.000     3302.000     3303.000     3304.000
     5:     3305.000     3306.000     3307.000     3308.000     3309.000
    10:     3310.000     3311.000     3312.000     3313.000     3314.000
    15:     3315.000     3316.000     3317.000     3318.000     3319.000
    20:     3320.000     3321.000     3322.000     3323.000     3324.000
    25:     3325.000     3326.000     3327.000     3328.000     3329.000
    30:     3330.000     3331.000     3332.000     3333.000     3334.000
    35:     3335.000     3336.000     3337.000     3338.000     3339.000
    40:     3340.000     3341.000     3342.000     3343.000     3344.000
    45:     3345.000     3346.000     3347.000     3348.000     3349.000
    50:     3350.000     3351.000     3352.000     3353.000     3354.000
    55:     3355.000     3356.000     3357.000     3358.000     3359.000
    60:     3360.000     3361.000     3362.000     3363.000     3364.000
    65:     3365.000     3366.000     3367.000     3368.000     3369.000
    70:     3370.000     3371.000     3372.000     3373.000     3374.000
    75:     3375.000     3376.000     3377.000     3378.000     3379.000
    80:     3380.000     3381.000     3382.000     3383.000     3384.000
    85:     3385.000     3386.000     3387.000     3388.000     3389.000
    90:     3390.000     3391.000     3392.000     3393.000     3394.000
    95:     3395.000     3396.000     3397.000     3398.000     3399.000
   100:     3400.000     3401.000     3402.000     3403.000     3404.000
   105:     3405.000     3406.000     3407.000     3408.000     3409.000
   110:     3410.000     3411.000     3412.000     3413.000     3414.000
   115:     3415.000     3416.000     3417.000     3418.000     3419.000
   120:     3420.000     3421.000     3422.000     3423.000     3424.000
   125:     3425.000     3426.000     3427.000     3428.000     3429.000
   130:     3430.000     3431.000     3432.000     3433.000     3434.000
   135:     3435.000     3436.000     3437.000     3438.000     3439.000
   140:     3440.000     3441.000     3442.000     3443.000     3444.000
   145:     3445.000     3446.000     3447.000     3448.000     3449.000
   150:     3450.000     3451.000     3452.000     3453.000     3454.000
   155:     3455.000     3456.000     3457.000     3458.000     3459.000
   160:     3460.000     3461.000     3462.000     3463.000     3464.000
   165:     3465.000     3466.000     3467.000     3468.000     3469.000
   170:     3470.000     3471.000     3472.000     3473.000     3474.000
   175:     3475.000     3476.000     3477.000     3478.000     3479.000
   180:     3480.000     3481.000     3482.000     3483.000     3484.000
   185:     3485.000     3486.000     3487.000     3488.000     3489.000
   190:     3490.000     3491.000     3492.000     3493.000     3494.000
   195:     3495.000     3496.000     3497.000     3498.000     3499.000
   200:     3500.000     3501.000     3502.000     3503.000     3504.000
   205:     3505.000     3506.000     3507.000     3508.000     3509.000
   210:     3510.000     3511.000     3512.000     3513.000     3514.000
   215:     3515.000     3516.000     3517.000     3518.000     3519.000
   220:     3520.000     3521.000     3522.000     3523.000     3524.000
   225:     3525.000     3526.000     3527.000     3528.000     3529.000
   230:     3530.000     3531.000     3532.000     3533.000     3534.000
   235:     3535.000     3536.000     3537.000     3538.000     3539.000
   240:     3540.000     3541.000     3542.000     3543.000     3544.000
   245:     3545.000     3546.000     3547.000     3548.000     3549.000
   250:     3550.000     3551.000     3552.000     3553.000     3554.000
   255:     3555.000     3556.000     3557.000     3558.000     3559.000
   260:     3560.000     3561.000     3562.000     3563.000     3564.000
   265:     3565.000     3566.000     3567.000     3568.000     3569.000
   270:     3570.000     3571.000     3572.000     3573.000     3574.000
   275:     3575.000     3576.000     3577.000     3578.000     3579.000
   280:     3580.000     3581.000     3582.000     3583.000     3584.000
   285:     3585.000     3586.000     3587.000     3588.000     3589.000
   290:     3590.000     3591.000     3592.000     3593.000     3594.000
   295:     3595.000     3596.000     3597.000     3598.000     3599.000
   300:     3600.000     3601.000     3602.000     3603.000     3604.000
   305:     3605.000     3606.000     3607.000     3608.000     3609.000
   310:     3610.000     3611.000     3612.000     3613.000     3614.000
   315:     3615.000     3616.000     3617.000     3618.000     3619.000
   320:     3620.000     3621.000     3622.000     3623.000     3624.000
   325:     3625.000     3626.000     3627.000     3628.000     3629.000
   330:     3630.000     3631.000     3632.000     3633.000     3634.000
   335:     3635.000     3636.000     3637.000     3638.000     3639.000
   340:     3640.000     3641.000     3642.000     3643.000     3644.000
   345:     3645.000     3646.000     3647.000     3648.000     3649.000
   350:     3650.000     3651.000     3652.000     3653.000     3654.000
   355:     3655.000     3656.000     3657.000     3658.000     3659.000
   360:     3660.000     3661.000     3662.000     3663.000     3664.000
   365:     3665.000     3666.000     3667.000     3668.000     3669.000
   370:     3670.000     3671.000     3672.000     3673.000     3674.000
   375:     3675.000     3676.000     3677.000     3678.000     3679.000
   380:     3680.000     3681.000     3682.000     3683.000     3684.000
   385:     3685.000     3686.000     3687.000     3688.000     3689.000
   390:     3690.000     3691.000     3692.000     3693.000     3694.000
   395:     3695.000     3696.000     3697.000     3698.000     3699.000
   400:     3700.000     3701.000     3702.000     3703.000     3704.000
   405:     3705.000     3706.000     3707.000     3708.000     3709.000
   410:     3710.000     3711.000     3712.000     3713.000     3714.000
   415:     3715.000     3716.000     3717.000     3718.000     3719.000
   420:     3720.000     3721.000     3722.000     3723.000     3724.000
   425:     3725.000     3726.000     3727.000     3728.000     3729.000
   430:     3730.000     3731.000     3732.000     3733.000     3734.000
   435:     3735.000     3736.000     3737.000     3738.000     3739.000
   440:     3740.000     3741.000     3742.000     3743.000     3744.000
   445:     3745.000     3746.000     3747.000     3748.000     3749.000
   450:     3750.000     3751.000     3752.000     3753.000     3754.000
   455:     3755.000     3756.000     3757.000     3758.000     3759.000
   460:     3760.000     3761.000     3762.000     3763.000     3764.000
   465:     3765.000     3766.000     3767.000     3768.000     3769.000
   470:     3770.000     3771.000     3772.000     3773.000     3774.000
   475:     3775.000     3776.000     3777.000     3778.000     3779.000
   480:     3780.000     3781.000     3782.000     3783.000     3784.000
   485:     3785.000     3786.000     3787.000     3788.000     3789.000
   490:     3790.000     3791.000     3792.000     3793.000     3794.000
   495:     3795.000     3796.000     3797.000     3798.000     3799.000
   500:     3800.000     3801.000     3802.000     3803.000     3804.000
   505:     3805.000     3806.000     3807.000     3808.000     3809.000
   510:     3810.000     3811.000     3812.000     3813.000     3814.000
   515:     3815.000     3816.000     3817.000     3818.000     3819.000
   520:     3820.000     3821.000     3822.000     3823.000     3824.000
   525:     3825.000     3826.000     3827.000     3828.000     3829.000
   530:     3830.000     3831.000     3832.000     3833.000     3834.000
   535:     3835.000     3836.000     3837.000     3838.000     3839.000
   540:     3840.000     3841.000     3842.000     3843.000     3844.000
   545:     3845.000     3846.000     3847.000     3848.000     3849.000
   550:     3850.000     3851.000     3852.000     3853.000     3854.000
   555:     3855.000     3856.000     3857.000     3858.000     3859.000
   560:     3860.000     3861.000     3862.000     3863.000     3864.000
   565:     3865.000     3866.000     3867.000     3868.000     3869.000
   570:     3870.000     3871.000     3872.000     3873.000     3874.000
   575:     3875.000     3876.000     3877.000     3878.000     3879.000
   580:     3880.000     3881.000     3882.000     3883.000     3884.000
   585:     3885.000     3886.000     3887.000     3888.000     3889.000
   590:     3890.000     3891.000     3892.000     3893.000     3894.000
   595:     3895.000     3896.000     3897.000     3898.000     3899.000
   600:     3900.000     3901.000     3902.000     3903.000     3904.000
   605:     3905.000     3906.000     3907.000     3908.000     3909.000
   610:     3910.000     3911.000     3912.000     3913.000     3914.000
   615:     3915.000     3916.000     3917.000     3918.000     3919.000
   620:     3920.000     3921.000     3922.000     3923.000     3924.000
   625:     3925.000     3926.000     3927.000     3928.000     3929.000
   630:     3930.000     3931.000     3932.000     3933.000     3934.000
   635:     3935.000     3936.000     3937.000     3938.000     3939.000
   640:     3940.000     3941.000     3942.000     3943.000     3944.000
   645:     3945.000     3946.000     3947.000     3948.000     3949.000
   650:     3950.000     3951.000     3952.000     3953.000     3954.000
   655:     3955.000     3956.000     3957.000     3958.000     3959.000
   660:     3960.000     3961.000     3962.000     3963.000     3964.000
   665:     3965.000     3966.000     3967.000     3968.000     3969.000
   670:     3970.000     3971.000     3972.000     3973.000     3974.000
   675:     3975.000     3976.000     3977.000     3978.000     3979.000
   680:     3980.000     3981.000     3982.000     3983.000     3984.000
   685:     3985.000     3986.000     3987.000     3988.000     3989.000
   690:     3990.000     3991.000     3992.000     3993.000     3994.000
   695:     3995.000     3996.000     3997.000     3998.000     3999.000
   700:     4000.000     4001.000     4002.000     4003.000     4004.000
   705:     4005.000     4006.000     4007.000     4008.000     4009.000
   710:     4010.000     4011.000     4012.000     4013.000     4014.000
   715:     4015.000     4016.000     4017.000     4018.000     4019.000
   720:     4020.000     4021.000     4022.000     4023.000     4024.000
   725:     4025.000     4026.000     4027.000     4028.000     4029.000
   730:     4030.000     4031.000     4032.000     4033.000     4034.000
   735:     4035.000     4036.000     4037.000     4038.000     4039.000
   740:     4040.000     4041.000     4042.000     4043.000     4044.000
   745:     4045.000     4046.000     4047.000     4048.000     4049.000
   750:     4050.000     4051.000     4052.000     4053.000     4054.000
   755:     4055.000     4056.000     4057.000     4058.000     4059.000
   760:     4060.000     4061.000     4062.000     4063.000     4064.000
   765:     4065.000     4066.000     4067.000     4068.000     4069.000
   770:     4070.000     4071.000     4072.000     4073.000     4074.000
   775:     4075.000     4076.000     4077.000     4078.000     4079.000
   780:     4080.000     4081.000     4082.000     4083.000     4084.000
   785:     4085.000     4086.000     4087.000     4088.000     4089.000
   790:     4090.000     4091.000     4092.000     4093.000     4094.000
   795:     4095.000     4096.000     4097.000     4098.000     4099.000
   800:     4100.000     4101.000     4102.000     4103.000     4104.000
   805:     4105.000     4106.000     4107.000     4108.000     4109.000
   810:     4110.000     4111.000     4112.000     4113.000     4114.000
   815:     4115.000     4116.000     4117.000     4118.000     4119.000
   820:     4120.000     4121.000     4122.000     4123.000     4124.000
   825:     4125.000     4126.000     4127.000     4128.000     4129.000
   830:     4130.000     4131.000     4132.000     4133.000     4134.000
   835:     4135.000     4136.000     4137.000     4138.000     4139.000
   840:     4140.000     4141.000     4142.000     4143.000     4144.000
   845:     4145.000     4146.000     4147.000     4148.000     4149.000
   850:     4150.000     4151.000     4152.000     4153.000     4154.000
   855:     4155.000     4156.000     4157.000     4158.000     4159.000
   860:     4160.000     4161.000     4162.000     4163.000     4164.000
   865:     4165.000     4166.000     4167.000     4168.000     4169.000
   870:     4170.000     4171.000     4172.000     4173.000     4174.000
   875:     4175.000     4176.000     4177.000     4178.000     4179.000
   880:     4180.000     4181.000     4182.000     4183.000     4184.000
   885:     4185.000     4186.000     4187.000     4188.000     4189.000
   890:     4190.000     4191.000     4192.000     4193.000     4194.000
   895:     4195.000     4196.000     4197.000     4198.000     4199.000
   900:     4200.000     4201.000     4202.000     4203.000     4204.000
   905:     4205.000     4206.000     4207.000     4208.000     4209.000
   910:     4210.000     4211.000     4212.000     4213.000     4214.000
   915:     4215.000     4216.000     4217.000     4218.000     4219.000
   920:     4220.000     4221.000     4222.000     4223.000     4224.000
   925:     4225.000     4226.000     4227.000     4228.000     4229.000
   930:     4230.000     4231.000     4232.000     4233.000     4234.000
   935:     4235.000     4236.000     4237.000     4238.000     4239.000
   940:     4240.000     4241.000     4242.000     4243.000     4244.000
   945:     4245.000     4246.000     4247.000     4248.000     4249.000
   950:     4250.000     4251.000     4252.000     4253.000     4254.000
   955:     4255.000     4256.000     4257.000     4258.000     4259.000
   960:     4260.000     4261.000     4262.000     4263.000     4264.000
   965:     4265.000     4266.000     4267.000     4268.000     4269.000
   970:     4270.000     4271.000     4272.000     4273.000     4274.000
   975:     4275.000     4276.000     4277.000     4278.000     4279.000
   980:     4280.000     4281.000     4282.000     4283.000     4284.000
   985:     4285.000     4286.000     4287.000     4288.000     4289.000
   990:     4290.000     4291.000     4292.000     4293.000     4294.000
   995:     4295.000     4296.000     4297.000     4298.000     4299.000
  1000:     4300.000     4301.000     4302.000     4303.000     4304.000
  1005:     4305.000     4306.000     4307.000     4308.000     4309.000
  1010:     4310.000     4311.000     4312.000     4313.000     4314.000
  1015:     4315.000     4316.000     4317.000     4318.000     4319.000
  1020:     4320.000     4321.000     4322.000     4323.000     4324.000
  1025:     4325.000     4326.000     4327.000     4328.000     4329.000
  1030:     4330.000     4331.000     4332.000     4333.000     4334.000
  1035:     4335.000     4336.000     4337.000     4338.000     4339.000
  1040:     4340.000     4341.000     4342.000     4343.000     4344.000
  1045:     4345.000     4346.000     4347.000     4348.000     4349.000
  1050:     4350.000     4351.000     4352.000     4353.000     4354.000
  1055:     4355.000     4356.000     4357.000     4358.000     4359.000
  1060:     4360.000     4361.000     4362.000     4363.000     4364.000
  1065:     4365.000     4366.000     4367.000     4368.000     4369.000
  1070:     4370.000     4371.000     4372.000     4373.000     4374.000
  1075:     4375.000     4376.000     4377.000     4378.000     4379.000
  1080:     4380.000     4381.000     4382.000     4383.000     4384.000
  1085:     4385.000     4386.000     4387.000     4388.000     4389.000
  1090:     4390.000     4391.000     4392.000     4393.000     4394.000
  1095:     4395.000     4396.000     4397.000     4398.000     4399.000
  1100:     4400.000     4401.000     4402.000     4403.000     4404.000
  1105:     4405.000     4406.000     4407.000     4408.000     4409.000
  1110:     4410.000     4411.000     4412.000     4413.000     4414.000
  1115:     4415.000     4416.000     4417.000     4418.000     4419.000
  1120:     4420.000     4421.000     4422.000     4423.000     4424.000
  1125:     4425.000     4426.000     4427.000     4428.000     4429.000
  1130:     4430.000     4431.000     4432.000     4433.000     4434.000
  1135:     4435.000     4436.000     4437.000     4438.000     4439.000
  1140:     4440.000     4441.000     4442.000     4443.000     4444.000
  1145:     4445.000     4446.000     4447.000     4448.000     4449.000
  1150:     4450.000     4451.000     4452.000     4453.000     4454.000
  1155:     4455.000     4456.000     4457.000     4458.000     4459.000
  1160:     4460.000     4461.000     4462.000     4463.000     4464.000
  1165:     4465.000     4466.000     4467.000     4468.000     4469.000
  1170:     4470.000     4471.000     4472.000     4473.000     4474.000
  1175:     4475.000     4476.000     4477.000     4478.000     4479.000
  1180:     4480.000     4481.000     4482.000     4483.000     4484.000
  1185:     4485.000     4486.000     4487.000     4488.000     4489.000
  1190:     4490.000     4491.000     4492.000     4493.000     4494.000
  1195:     4495.000     4496.000     4497.000     4498.000     4499.000
  1200:     4500.000
R:
     0:      333.000      333.000      333.000
V:
     0:     1043.000     4190.000
W:
     0:     1043.000     4190.000
