File: C:\MED-PC IV\DATA\P510_S137_japede


Start Date: 11/13/17
End Date: 11/13/17
Subject: P510
Experiment: 0
Group: 0
Box: 6
Start Time: 14:26:07
End Time: 15:27:42
MSN: japede_L_24_225_225_R_360_25_25
B:       0.000
E:    4973.000
F:       0.000
G:       0.000
H:       0.000
I:       2.000
J:       2.000
K:       0.000
O:       0.000
P:       0.000
Q:       0.000
S:  360000.000
T:  360000.000
U:       0.000
X:       0.000
Y:       0.000
Z:       0.000
A:
     0:        0.010        0.250        0.220        0.230      103.120
     5:      340.130      420.130      650.120      690.120      845.130
    10:      942.130      950.130      957.130     1116.120     1227.130
    15:     1397.130     1499.130     1504.130     1666.120     1703.120
    20:     1834.130     1847.130     1963.130     2114.130     2122.130
    25:     2399.740     2456.130     2464.130     2691.540     2691.320
    30:     2691.330     2691.350     2691.240     2691.120     2941.220
    35:     2941.230     2941.250     2941.340     3641.740     4737.130
    40:     4739.130     5013.130     5893.130     5985.130     6480.130
    45:     6486.130     6603.540     6603.320     6603.330     6603.350
    50:     6603.240     6603.120     6853.220     6853.230     6853.250
    55:     6853.340     7083.120     7188.130     7296.120     7530.120
    60:     7640.130     7645.130     7741.120     7804.120     7999.130
    65:     8109.120     8200.130     8253.740     8423.540     8423.320
    70:     8423.330     8423.350     8423.240     8423.120     8673.220
    75:     8673.230     8673.250     8673.340     8824.130     8918.120
    80:     8925.120     9016.130     9086.120     9172.130     9247.120
    85:     9273.740     9452.130     9536.540     9536.320     9536.330
    90:     9536.350     9536.240     9536.120     9552.120     9786.220
    95:     9786.230     9786.250     9786.340    10049.120    10349.130
   100:    10437.120    10443.120    10522.130    10703.130    10710.130
   105:    10778.120    10858.130    11460.130    11472.130    11574.120
   110:    11798.130    11857.120    11969.130    12049.120    12136.130
   115:    12143.130    12207.120    12286.740    12333.130    12397.540
   120:    12397.320    12397.330    12397.350    12397.240    12397.120
   125:    12647.220    12647.230    12647.250    12647.340    12936.120
   130:    13037.130    13111.130    13192.120    13277.130    13283.130
   135:    13342.120    13504.120    13637.120    13730.130    13737.130
   140:    13798.120    13948.120    14023.130    14160.120    14304.120
   145:    14384.130    14915.120    15149.130    15157.130    15242.120
   150:    15284.120    15377.130    15389.130    15448.120    15547.740
   155:    15547.130    15642.540    15642.320    15642.330    15642.350
   160:    15642.240    15642.120    15651.120    15892.220    15892.230
   165:    15892.250    15892.340    16091.120    16099.120    16197.130
   170:    16202.130    16258.120    16376.130    16469.120    16543.130
   175:    16606.120    16691.130    16697.130    16747.120    16822.130
   180:    16886.120    17009.120    17082.130    17092.740    17136.540
   185:    17136.320    17136.330    17136.350    17136.240    17136.120
   190:    17386.220    17386.230    17386.250    17386.340    17530.120
   195:    17609.130    17674.120    17745.130    17804.120    17889.130
   200:    18078.120    18149.130    18205.120    18282.130    18339.120
   205:    18479.120    18549.130    18723.130    18778.120    18852.130
   210:    18904.120    18910.120    19356.120    19530.120    19537.120
   215:    19715.120    19822.130    19917.120    20000.130    20065.120
   220:    20148.130    20301.130    20361.120    20509.120    20667.120
   225:    20815.120    20900.130    20965.120    21052.130    21056.130
   230:    21106.120    21222.120    21304.130    21357.120    21473.130
   235:    21527.120    21609.120    21717.130    21783.120    21897.130
   240:    21964.120    22033.130    22088.120    22195.120    22315.130
   245:    22383.120    22483.130    22546.120    22618.130    22827.120
   250:    22983.120    23052.130    23224.130    23276.120    23368.130
   255:    23414.120    23565.130    23620.120    23783.120    23786.740
   260:    23889.130    23894.130    23940.540    23940.320    23940.330
   265:    23940.350    23940.240    23940.120    23948.120    24190.220
   270:    24190.230    24190.250    24190.340    24376.120    24449.130
   275:    24504.120    24513.120    24625.130    24631.130    24690.120
   280:    24768.130    24835.120    24840.120    24952.120    25022.130
   285:    25079.120    25155.130    25213.120    25430.130    25568.130
   290:    25714.130    25766.120    25876.120    25977.130    26033.120
   295:    26180.120    26259.130    26314.120    26549.130    26598.120
   300:    26684.130    26734.120    26790.740    26890.130    26941.540
   305:    26941.320    26941.330    26941.350    26941.240    26941.120
   310:    26951.120    27191.220    27191.230    27191.250    27191.340
   315:    27405.130    27458.120    27467.120    27582.120    27666.130
   320:    27719.120    27729.120    27834.120    27842.120    27891.740
   325:    27939.130    28002.540    28002.320    28002.330    28002.350
   330:    28002.240    28002.120    28252.220    28252.230    28252.250
   335:    28252.340    28402.120    28412.120    28486.130    28542.120
   340:    28611.130    28663.120    28739.130    28796.120    28879.130
   345:    28932.120    29011.130    29064.120    29072.120    29149.120
   350:    29222.130    29280.120    29370.120    29500.120    29509.120
   355:    29552.740    29647.130    29847.540    29847.320    29847.330
   360:    29847.350    29847.240    29847.120    29855.120    30097.220
   365:    30097.230    30097.250    30097.340    30212.120    30604.120
   370:    30711.130    30763.120    30772.120    30871.130    30921.120
   375:    31001.130    31061.120    31135.130    31185.120    31262.130
   380:    31313.120    31493.130    31543.120    31641.130    31699.120
   385:    31782.130    31828.120    31943.120    32087.130    32140.120
   390:    32251.120    32329.130    32381.120    32514.130    32565.120
   395:    32654.130    32712.120    32823.130    32869.120    32982.130
   400:    33039.120    33122.130    33175.120    33295.120    33414.120
   405:    33539.120    33637.130    33692.120    33829.130    33968.130
   410:    34023.120    34163.130    34214.120    34295.130    34422.130
   415:    34479.120    34560.130    34613.120    34744.120    34751.120
   420:    34817.130    34878.120    34950.130    35014.120    35020.120
   425:    35136.120    35209.130    35264.120    35349.120    35358.120
   430:    35433.130    35484.120    35641.130    36037.120    36097.740
   435:    36147.540    36147.320    36147.330    36147.350    36147.240
   440:    36147.120    36397.220    36397.230    36397.250    36397.340
   445:    36527.120    36658.120    36738.130    36794.120    36880.130
   450:    36931.120    37068.120    37135.130    37267.130    37344.120
   455:    37358.120    37461.120    37535.130    37592.120    37725.120
   460:    37851.130    37902.120    38031.120    38125.130    38137.130
   465:    38256.130    38315.120    38454.130    38504.120    38647.130
   470:    38797.740    38803.130    38807.130    38857.540    38857.320
   475:    38857.330    38857.350    38857.240    38857.120    39107.220
   480:    39107.230    39107.250    39107.340    39309.130    39361.120
   485:    39558.130    39607.120    39810.120    39818.120    39889.130
   490:    39944.120    39954.120    40445.120    40526.130    40586.120
   495:    40742.130    40929.120    41003.130    41010.130    41069.120
   500:    41144.130    41227.120    41628.130    41676.130    41738.120
   505:    41807.740    41853.130    41920.540    41920.320    41920.330
   510:    41920.350    41920.240    41920.120    42170.220    42170.230
   515:    42170.250    42170.340    42292.120    42298.120    42384.130
   520:    42434.120    42526.120    42597.130    42659.120    42744.130
   525:    42801.120    42876.130    42930.120    43046.120    43174.120
   530:    43285.120    43426.120    43502.130    43564.120    43678.130
   535:    43749.120    43830.130    43904.120    43977.130    44043.120
   540:    44222.130    44274.120    44372.130    44439.120    45112.130
   545:    45118.130    45226.120    45371.120    45750.120    45847.120
   550:    45966.130    46031.120    46170.130    46241.120    46326.130
   555:    46375.120    46384.120    46494.130    46553.120    46665.130
   560:    46723.120    46842.130    46892.120    47003.130    47019.130
   565:    47063.120    47177.130    47240.120    47345.130    47523.130
   570:    47571.120    47713.130    47766.120    47881.130    47942.120
   575:    48052.130    48109.120    48117.120    48215.130    48270.740
   580:    48274.540    48274.320    48274.330    48274.350    48274.240
   585:    48274.120    48283.120    48524.220    48524.230    48524.250
   590:    48524.340    48624.740    48665.540    48665.320    48665.330
   595:    48665.350    48665.240    48665.120    48915.220    48915.230
   600:    48915.250    48915.340    49022.120    49118.130    49176.120
   605:    49185.120    49283.130    49315.740    49338.540    49338.320
   610:    49338.330    49338.350    49338.240    49338.120    49347.120
   615:    49363.120    49588.220    49588.230    49588.250    49588.340
   620:    49711.120    49729.120    49802.130    49807.130    49854.120
   625:    49960.130    50018.120    50133.130    50139.130    50185.120
   630:    50297.120    50422.120    50430.120    50504.130    50557.120
   635:    50697.120    50801.130    50854.120    50888.740    50973.130
   640:    50978.130    51022.540    51022.320    51022.330    51022.350
   645:    51022.240    51022.120    51272.220    51272.230    51272.250
   650:    51272.340    51369.120    51464.130    51506.120    51618.130
   655:    51669.120    51676.120    51905.120    51981.130    52049.120
   660:    52120.130    52163.120    52236.130    52241.130    52301.120
   665:    52375.130    52377.130    52423.120    52472.740    52552.540
   670:    52552.320    52552.330    52552.350    52552.240    52552.120
   675:    52802.220    52802.230    52802.250    52802.340    52914.120
   680:    52923.120    53053.120    53275.120    53355.130    53360.130
   685:    53696.120    53800.130    53858.120    53972.130    54017.120
   690:    54132.130    54174.120    54292.130    54338.120    54461.120
   695:    54544.130    54588.120    54600.120    54700.130    54747.120
   700:    54834.130    54970.130    54975.130    55022.120    55130.120
   705:    55199.840    55244.640    55244.320    55244.330    55244.350
   710:    55244.240    55244.130    55494.220    55494.230    55494.250
   715:    55494.340    55678.120    55747.130    55803.120    55811.120
   720:    55911.130    55915.130    55963.120    56002.740    56064.130
   725:    56111.540    56111.320    56111.330    56111.350    56111.240
   730:    56111.120    56361.220    56361.230    56361.250    56361.340
   735:    56468.120    56600.120    56679.130    56728.120    56807.130
   740:    56813.130    56857.120    56865.120    56961.740    57036.130
   745:    57042.130    57089.540    57089.320    57089.330    57089.350
   750:    57089.240    57089.120    57095.120    57111.120    57339.220
   755:    57339.230    57339.250    57339.340    57516.120    57585.130
   760:    57637.120    57645.120    57729.130    57773.120    57850.130
   765:    57892.120    58021.120    58030.120    58100.130    58186.120
   770:    58267.130    58319.120    58393.130    58512.130    58563.120
   775:    58635.130    58641.130    58686.120    58825.120    59043.120
   780:    59048.120    59120.120    59129.120    59247.130    59418.120
   785:    59488.130    59539.740    59539.120    59548.540    59548.320
   790:    59548.330    59548.350    59548.240    59548.120    59798.220
   795:    59798.230    59798.250    59798.340    59906.120    59970.130
   800:    60019.120    60094.130    60133.120    60204.130    60256.120
   805:    60379.120    60495.120    60572.120    60642.130    60683.120
   810:    60751.130    60799.120    60869.130    60915.120    61071.120
   815:    61221.120    61329.120    61338.120    61417.120    61498.740
   820:    61541.540    61541.320    61541.330    61541.350    61541.240
   825:    61541.120    61791.220    61791.230    61791.250    61791.340
   830:    62019.120    62026.120    62112.130    62154.120    62163.120
   835:    62268.120    62339.130    62382.120    62393.120    62458.130
   840:    62512.120    62521.120    62590.130    62646.120    62691.740
   845:    62719.130    62778.540    62778.320    62778.330    62778.350
   850:    62778.240    62778.120    63028.220    63028.230    63028.250
   855:    63028.340    63120.120    63191.130    63248.120    63254.120
   860:    63363.120    63436.130    63483.120    63491.120    63559.130
   865:    63616.120    63748.120    63857.130    63916.120    63985.130
   870:    64029.120    64098.130    64158.120    64324.120    64334.120
   875:    64401.130    64444.120    64516.130    64563.120    64628.740
   880:    64691.540    64691.320    64691.330    64691.350    64691.240
   885:    64691.120    64941.220    64941.230    64941.250    64941.340
   890:    65056.120    65064.120    65135.130    65140.130    65196.120
   895:    65287.120    65347.130    65402.120    65412.120    65479.130
   900:    65529.120    65603.130    65657.120    65806.130    65858.120
   905:    65866.120    65933.130    65940.130    65986.120    66041.740
   910:    66055.130    66099.540    66099.320    66099.330    66099.350
   915:    66099.240    66099.120    66349.220    66349.230    66349.250
   920:    66349.340    66440.120    66447.120    66513.130    66568.120
   925:    66577.120    66643.130    66650.130    66695.120    66766.130
   930:    66887.130    67038.130    67044.130    67087.120    67217.120
   935:    67227.120    67249.740    67294.130    67353.540    67353.320
   940:    67353.330    67353.350    67353.240    67353.120    67368.120
   945:    67603.220    67603.230    67603.250    67603.340    67721.120
   950:    67728.120    67804.130    67852.120    67860.120    67987.120
   955:    68096.120    68104.120    68170.130    68224.120    68297.130
   960:    68348.120    68458.120    68467.120    68687.120    68759.130
   965:    68765.130    68888.130    68894.130    68936.120    68944.120
   970:    69051.120    69064.120    69172.130    69226.120    69234.120
   975:    69338.120    69442.120    69450.120    69530.130    69586.120
   980:    69658.130    69726.120    69791.130    69852.120    69861.120
   985:    69966.130    70003.740    70021.540    70021.320    70021.330
   990:    70021.350    70021.240    70021.120    70271.220    70271.230
   995:    70271.250    70271.340    70363.120    70369.120    70445.120
  1000:    70518.130    70570.120    70579.120    70692.130    70746.120
  1005:    70751.120    70827.130    70871.740    70879.540    70879.320
  1010:    70879.330    70879.350    70879.240    70879.120    71129.220
  1015:    71129.230    71129.250    71129.340    71217.120    71223.120
  1020:    71305.120    71374.130    71425.120    71434.120    71505.130
  1025:    71512.130    71557.120    71636.130    71643.130    71692.120
  1030:    71701.120    71836.120    71913.130    71961.120    72045.130
  1035:    72111.120    72218.120    72293.130    72638.130    72703.120
  1040:    72820.130    72881.120    73012.120    73090.130    73240.130
  1045:    73296.120    73419.120    73426.120    73507.130    73949.130
  1050:    74033.120    74168.120    74240.130    74297.120    74446.130
  1055:    74451.130    74500.120    74529.740    74642.540    74642.320
  1060:    74642.330    74642.350    74642.240    74642.120    74892.220
  1065:    74892.230    74892.250    74892.340    74994.840    75012.120
  1070:    75093.640    75093.320    75093.330    75093.350    75093.240
  1075:    75093.130    75343.220    75343.230    75343.250    75343.340
  1080:    75542.130    75548.130    75600.120    75740.120    76314.120
  1085:    76425.130    76492.120    76572.130    76575.130    76630.120
  1090:    76735.130    76799.120    76950.120    77029.130    77084.120
  1095:    77178.130    77229.120    77335.130    77389.120    77485.130
  1100:    77492.130    77537.120    77705.120    77799.130    77856.120
  1105:    77933.130    77995.120    78092.130    78161.120    78235.130
  1110:    78292.120    78366.130    78421.120    78492.130    78549.120
  1115:    78622.130    78677.120    78751.130    78813.120    78888.130
  1120:    78940.120    79041.130    79094.120    79166.130    79192.740
  1125:    79293.130    79350.540    79350.320    79350.330    79350.350
  1130:    79350.240    79350.120    79600.220    79600.230    79600.250
  1135:    79600.340    79700.120    79778.130    79831.120    79916.130
  1140:    79960.120    80098.120    80205.120    80279.130    80332.120
  1145:    80454.120    80546.120    80625.130    80680.120    80688.120
  1150:    80802.120    80814.120    80877.130    80922.120    81019.130
  1155:    81073.120    81196.120    81206.120    81310.120    81384.130
  1160:    81442.120    81545.120    81622.130    81686.120    81758.130
  1165:    81809.120    81987.120    82067.120    82073.120    82138.130
  1170:    82192.120    82341.130    82390.120    82398.120    82530.130
  1175:    82579.120    82587.120    82656.130    82712.120    82829.130
  1180:    82878.120    82887.120    82899.120    83021.130    83071.120
  1185:    83171.130    83217.120    83300.740    83322.130    83374.540
  1190:    83374.320    83374.330    83374.350    83374.240    83374.120
  1195:    83382.120    83624.220    83624.230    83624.250    83624.340
  1200:    83731.120    83818.120    83824.740    83891.130    83896.130
  1205:    83945.540    83945.320    83945.330    83945.350    83945.240
  1210:    83945.120    83954.120    84195.220    84195.230    84195.250
  1215:    84195.340    84315.120    84322.120    84395.130    84447.120
  1220:    84520.130    84528.130    84575.120    84595.740    84731.540
  1225:    84731.320    84731.330    84731.350    84731.240    84731.120
  1230:    84981.220    84981.230    84981.250    84981.340    85111.120
  1235:    85203.130    85253.120    85262.120    85399.120    85469.130
  1240:    85524.120    85602.130    85653.120    85772.120    85845.130
  1245:    85908.120    86019.120    86093.130    86137.120    86260.120
  1250:    86551.130    86617.120    86809.130    86860.120    86931.130
  1255:    86986.120    87181.120    87253.130    87308.120    87383.130
  1260:    87435.120    87445.120    87539.130    87665.130    87737.120
  1265:    87747.120    87868.120    87978.120    87981.740    87985.540
  1270:    87985.320    87985.330    87985.350    87985.240    87985.120
  1275:    88235.220    88235.230    88235.250    88235.340    88343.120
  1280:    88468.120    88540.130    88605.120    88698.120    88773.130
  1285:    88824.120    88930.120    89039.120    89165.120    89266.120
  1290:    89272.120    89341.130    89396.120    89470.130    89524.120
  1295:    89647.120    89717.130    89771.120    89848.120    89917.130
  1300:    89971.120    90102.120    90112.120    90210.130    90235.740
  1305:    90266.540    90266.320    90266.330    90266.350    90266.240
  1310:    90266.120    90516.220    90516.230    90516.250    90516.340
  1315:    90629.120    90639.120    90738.130    90811.120    90929.130
  1320:    90977.120    91054.130    91118.120    91231.130    91299.120
  1325:    91376.130    91439.120    91512.130    91646.130    91710.120
  1330:    91785.130    91843.840    91975.120    92125.120    92194.640
  1335:    92194.320    92194.330    92194.350    92194.240    92194.130
  1340:    92444.220    92444.230    92444.250    92444.340    92559.120
  1345:    92681.120    92753.130    92808.120    92906.130    92968.120
  1350:    93155.130    93212.120    93309.130    93416.740    93552.540
  1355:    93552.320    93552.330    93552.350    93552.240    93552.120
  1360:    93802.220    93802.230    93802.250    93802.340    93908.120
  1365:    93914.120    94024.120    94032.120    94126.130    94133.130
  1370:    94178.120    94251.130    94308.120    94408.130    94466.120
  1375:    94502.740    94573.130    94629.540    94629.320    94629.330
  1380:    94629.350    94629.240    94629.120    94644.120    94879.220
  1385:    94879.230    94879.250    94879.340    95004.120    95012.120
  1390:    95115.120    95184.130    95189.130    95235.120    95343.120
  1395:    95418.130    95472.120    95551.130    95596.120    95754.120
  1400:    95857.120    95930.130    95994.120    96099.120    96169.130
  1405:    96222.120    96301.130    96360.120    96439.130    96482.120
  1410:    96557.130    96615.120    96688.130    96747.120    96820.130
  1415:    96870.120    96940.130    97002.120    97075.130    97127.120
  1420:    97134.120    97237.120    97310.130    97360.120    97367.120
  1425:    97431.130    97440.130    97485.120    97595.130    97646.120
  1430:    97721.120    97787.130    97840.120    97849.120    97914.130
  1435:    97967.120    97975.120    98213.130    98264.120    98274.120
  1440:    98406.120    98521.130    98579.120    98680.130    98738.120
  1445:    98856.120    98937.130    98979.740    98996.540    98996.320
  1450:    98996.330    98996.350    98996.240    98996.120    99246.220
  1455:    99246.230    99246.250    99246.340    99343.120    99435.130
  1460:    99478.120    99551.130    99604.120    99748.130    99800.120
  1465:    99808.120    99915.120    99983.130   100029.120   100146.120
  1470:   100155.120   100244.130   100249.130   100296.120   100305.120
  1475:   100390.130   100445.120   100554.130   100716.130   100772.120
  1480:   100888.120   101102.130   101166.120   101292.120   101370.130
  1485:   101420.120   101521.130   101576.120   101677.130   101741.120
  1490:   101848.120   101991.130   102044.120   102558.120   102634.130
  1495:   102685.120   102805.130   102851.120   102970.130   103023.120
  1500:   103121.130   103180.120   103254.130   103310.120   103387.130
  1505:   103435.120   103446.740   103514.130   103669.130   103674.130
  1510:   103723.540   103723.320   103723.330   103723.350   103723.240
  1515:   103723.120   103973.220   103973.230   103973.250   103973.340
  1520:   104068.120   104144.130   104195.120   104376.130   104432.120
  1525:   104583.120   104705.120   104878.130   104927.120   105025.130
  1530:   105083.120   105157.130   105204.120   105290.120   105411.120
  1535:   105503.130   105548.120   105556.120   105615.130   105660.120
  1540:   105748.130   105802.120   105925.120   106000.130   106050.120
  1545:   106153.130   106160.130   106203.120   106312.120   106377.130
  1550:   106431.120   106498.130   106552.120   106673.120   106741.130
  1555:   106787.120   106901.120   106969.130   107012.120   107172.130
  1560:   107221.120   107345.130   107386.120   107498.130   107549.120
  1565:   107613.130   107661.120   107773.740   107786.540   107786.320
  1570:   107786.330   107786.350   107786.240   107786.120   108036.220
  1575:   108036.230   108036.250   108036.340   108120.120   108225.130
  1580:   108232.130   108277.120   108286.120   108394.130   108448.120
  1585:   108620.120   108627.120   108695.130   108747.120   108864.120
  1590:   108936.130   108991.120   109059.130   109113.120   109211.130
  1595:   109264.120   109352.120   109423.130   109429.130   109475.120
  1600:   109574.130   109625.120   109703.130   109755.120   109888.120
  1605:   109960.130   110010.120   110106.130   110155.120   110299.120
  1610:   110370.130   110426.120   110588.120   110724.120   110879.130
  1615:   110935.120   110946.120   111042.130   111097.120   111360.130
  1620:   111415.120   111503.130   111554.120   111564.120   111665.130
  1625:   111724.120   111811.130   111863.120   111875.120   111998.130
  1630:   112051.120   112174.130   112227.120   112365.130   112422.120
  1635:   112521.130   112577.120   112585.120   112746.120   112910.130
  1640:   112963.120   113127.120   113252.130   113306.120   113316.120
  1645:   113458.120   113551.130   113602.120   113903.130   114007.120
  1650:   114123.120   114404.120   114629.130   114698.120   114793.130
  1655:   114848.120   114962.130   115036.120   115177.120   115188.120
  1660:   115302.130   115356.120   115469.130   115531.120   115641.130
  1665:   115702.120   115806.130   115869.120   115881.120   115981.130
  1670:   116036.740   116048.540   116048.320   116048.330   116048.350
  1675:   116048.240   116048.120   116298.220   116298.230   116298.250
  1680:   116298.340   116423.120   116429.120   116774.120   116861.130
  1685:   116865.130   116917.120   117040.120   117117.130   117172.120
  1690:   117181.120   117260.130   117388.130   117448.120   117597.120
  1695:   117605.120   117677.130   117731.120   117810.130   117819.130
  1700:   117878.120   117989.130   118042.120   118168.130   118215.120
  1705:   118405.130   118470.120   118591.130   118729.130   118797.120
  1710:   118798.740   118914.130   118974.540   118974.320   118974.330
  1715:   118974.350   118974.240   118974.120   118990.120   119224.220
  1720:   119224.230   119224.250   119224.340   119353.120   119444.130
  1725:   119494.120   119616.120   119693.130   119756.120   119834.130
  1730:   119891.120   119971.130   119977.130   120043.120   120133.120
  1735:   120267.120   120276.120   120392.130   120447.120   120748.130
  1740:   120808.120   120929.120   121007.130   121063.120   121214.120
  1745:   121309.120   121388.130   121445.120   121564.130   121617.120
  1750:   121727.130   121791.120   121905.130   121968.120   122072.120
  1755:   122242.130   122299.120   122311.120   122459.130   122599.130
  1760:   122657.120   122668.120   122881.130   122939.120   123090.120
  1765:   123212.130   123272.120   123425.120   123501.130   123560.120
  1770:   123651.120   123727.130   123786.120   123795.120   123918.130
  1775:   124042.130   124049.130   124099.120   124204.130   124261.120
  1780:   124386.130   124442.120   124593.130   124648.120   124657.120
  1785:   124758.130   124810.120   124924.130   124984.120   125110.130
  1790:   125175.120   125287.130   125342.120   125474.130   125523.120
  1795:   125644.130   125695.120   125806.130   125988.130   126055.120
  1800:   126203.130   126277.120   126395.130   126450.120   126570.130
  1805:   126632.120   126739.130   126796.120   126943.130   127024.120
  1810:   127315.130   127380.120   127648.130   127747.120   127823.120
  1815:   127924.740   127976.540   127976.320   127976.330   127976.350
  1820:   127976.240   127976.120   128226.220   128226.230   128226.250
  1825:   128226.340   128365.120   128485.120   128563.130   128629.120
  1830:   128711.130   128759.120   128767.120   128848.130   128904.120
  1835:   128997.120   129069.130   129131.120   129246.120   129350.130
  1840:   129405.120   129656.120   129747.120   129873.120   129986.130
  1845:   129999.130   130047.120   130128.130   130177.120   130294.120
  1850:   130326.740   130446.540   130446.320   130446.330   130446.350
  1855:   130446.240   130446.120   130696.220   130696.230   130696.250
  1860:   130696.340   130796.740   130796.120   130924.540   130924.320
  1865:   130924.330   130924.350   130924.240   130924.120   131174.220
  1870:   131174.230   131174.250   131174.340   131299.120   131309.120
  1875:   131415.130   131469.120   131480.120   131603.130   131657.120
  1880:   131750.130   131800.120   131810.120   131947.130   131993.120
  1885:   132148.120   132231.130   132236.130   132284.120   132369.120
  1890:   132495.130   132547.120   132661.130   132710.120   132817.130
  1895:   132867.120   132964.120   133089.130   133145.120   133153.120
  1900:   133252.130   133313.120   133320.120   133417.130   133464.120
  1905:   133595.130   133645.120   133804.130   133855.120   133864.120
  1910:   134025.130   134077.120   134228.130   134276.120   134397.130
  1915:   134446.120   134456.120   134552.130   134601.120   134750.120
  1920:   134759.120   134879.120   134968.120   135046.130   135113.120
  1925:   135193.130   135197.130   135247.120   135412.120   135541.120
  1930:   135618.130   135681.120   135826.130   135883.120   135991.130
  1935:   136051.120   136223.130   136275.120   136360.130   136365.130
  1940:   136411.120   136530.130   136590.120   136717.120   136798.130
  1945:   136855.120   136874.740   136978.540   136978.320   136978.330
  1950:   136978.350   136978.240   136978.120   137228.220   137228.230
  1955:   137228.250   137228.340   137412.130   137477.120   137596.120
  1960:   137672.130   137729.120   137841.130   137899.120   138002.130
  1965:   138068.120   138161.120   138237.130   138299.120   138328.740
  1970:   138383.130   138449.540   138449.320   138449.330   138449.350
  1975:   138449.240   138449.120   138465.120   138699.220   138699.230
  1980:   138699.250   138699.340   138894.130   138974.120   139053.130
  1985:   139112.120   139197.130   139252.120   139372.120   139509.120
  1990:   139589.130   139594.130   139644.120   139653.120   139794.130
  1995:   139858.120   139972.130   139999.740   140041.540   140041.320
  2000:   140041.330   140041.350   140041.240   140041.120   140291.220
  2005:   140291.230   140291.250   140291.340   140429.120   140503.130
  2010:   140572.120   140582.120   140693.120   140764.130   140824.120
  2015:   140934.130   140942.130   141071.130   141135.120   141270.120
  2020:   141344.130   141394.120   141527.120   141605.130   141659.120
  2025:   141664.120   141782.120   141859.130   141929.120   142036.130
  2030:   142042.130   142185.120   142259.130   142265.130   142317.120
  2035:   142324.120   142428.130   142490.120   142592.130   142660.120
  2040:   142826.120   142903.120   143009.130   143065.120   143073.120
  2045:   143179.130   143248.120   143359.120   143369.120   143472.130
  2050:   143529.120   143649.130   143717.120   143829.130   143887.120
  2055:   143987.130   144049.120   144196.130   144242.120   144357.130
  2060:   144428.120   144583.120   144591.740   144694.130   144756.540
  2065:   144756.320   144756.330   144756.350   144756.240   144756.120
  2070:   144777.120   145006.220   145006.230   145006.250   145006.340
  2075:   145144.120   145228.120   145237.120   145427.130   145475.120
  2080:   145648.130   145704.120   145870.130   146031.120   146187.130
  2085:   146263.120   146870.120   146983.130   147036.120   147046.120
  2090:   147160.120   147297.130   147391.120   147564.120   147729.130
  2095:   147781.120   147934.120   148020.130   148087.120   148199.130
  2100:   148247.120   148371.130   148419.120   148570.130   148621.120
  2105:   148631.120   148747.130   148752.130   148897.130   148956.120
  2110:   149072.130   149078.130   149127.120   149241.130   149293.120
  2115:   149414.130   149468.120   149591.120   149667.130   149706.740
  2120:   149721.540   149721.320   149721.330   149721.350   149721.240
  2125:   149721.120   149971.220   149971.230   149971.250   149971.340
  2130:   150087.120   150212.130   150265.120   150275.120   150431.130
  2135:   150437.130   150471.740   150485.540   150485.320   150485.330
  2140:   150485.350   150485.240   150485.120   150495.120   150735.220
  2145:   150735.230   150735.250   150735.340   150847.120   150962.130
  2150:   150968.130   151024.120   151195.120   151333.120   151432.130
  2155:   151477.120   151623.130   151691.120   151772.130   151835.120
  2160:   151952.130   151999.120   152073.130   152133.120   152220.130
  2165:   152265.120   152335.740   152341.130   152401.540   152401.320
  2170:   152401.330   152401.350   152401.240   152401.120   152651.220
  2175:   152651.230   152651.250   152651.340   152756.120   152837.130
  2180:   152951.740   153013.540   153013.320   153013.330   153013.350
  2185:   153013.240   153013.120   153263.220   153263.230   153263.250
  2190:   153263.340   153381.120   153484.130   153539.120   153618.130
  2195:   153670.120   153786.120   153905.120   154051.120   154164.130
  2200:   154219.120   154380.130   154443.120   154544.130   154551.130
  2205:   154599.120   154663.740   154758.540   154758.320   154758.330
  2210:   154758.350   154758.240   154758.120   154769.120   155008.220
  2215:   155008.230   155008.250   155008.340   155130.120   155137.120
  2220:   155231.130   155237.130   155288.120   155298.120   155448.120
  2225:   155527.130   155589.120   155689.130   155755.120   155909.120
  2230:   156029.120   156142.120   156212.130   156271.120   156404.120
  2235:   156583.120   156593.120   156719.120   156799.130   156855.120
  2240:   156973.120   157056.130   157108.120   157221.130   157278.120
  2245:   157557.120   157638.130   157711.120   158108.740   158304.540
  2250:   158304.320   158304.330   158304.350   158304.240   158304.120
  2255:   158315.120   158319.120   158554.220   158554.230   158554.250
  2260:   158554.340   159189.120   159269.120   159368.130   159373.130
  2265:   159427.120   159528.130   159580.120   159691.130   159739.120
  2270:   159749.120   159918.120   160034.120   160142.130   160194.120
  2275:   160412.130   160416.130   160464.120   160634.130   160686.120
  2280:   160813.130   160859.120   160964.130   161012.120   161123.130
  2285:   161171.120   161364.130   161417.120   161424.120   161535.130
  2290:   161582.120   161675.130   161742.120   161860.120   161982.130
  2295:   162050.120   162149.130   162208.120   162348.120   162430.130
  2300:   162496.120   162554.740   162626.540   162626.320   162626.330
  2305:   162626.350   162626.240   162626.120   162876.220   162876.230
  2310:   162876.250   162876.340   162985.120   163086.130   163148.120
  2315:   163276.740   163285.540   163285.320   163285.330   163285.350
  2320:   163285.240   163285.120   163535.220   163535.230   163535.250
  2325:   163535.340   163828.120   163836.120   163921.130   163926.130
  2330:   163977.120   164104.120   164193.130   164241.120   164251.120
  2335:   164363.120   164453.130   164501.120   164513.120   164628.130
  2340:   164687.120   164839.120   164846.120   164926.120   165001.130
  2345:   165053.120   165063.120   165168.130   165216.120   165382.130
  2350:   165431.120   165435.740   165439.540   165439.320   165439.330
  2355:   165439.350   165439.240   165439.120   165689.220   165689.230
  2360:   165689.250   165689.340   165889.740   165959.540   165959.320
  2365:   165959.330   165959.350   165959.240   165959.120   165968.120
  2370:   166209.220   166209.230   166209.250   166209.340   166490.120
  2375:   166579.130   166584.130   166637.120   166709.740   166855.540
  2380:   166855.320   166855.330   166855.350   166855.240   166855.120
  2385:   167105.220   167105.230   167105.250   167105.340   167694.120
  2390:   167697.120   167834.120   167897.120   168002.130   168070.120
  2395:   168190.130   168239.120   168250.120   168408.120   168565.120
  2400:   168648.120   168660.120   168768.130   168828.120   168922.130
  2405:   168927.130   168975.120   169141.120   169248.130   169304.120
  2410:   169315.120   169428.120   169444.840   169542.640   169542.320
  2415:   169542.330   169542.350   169542.240   169542.130   169547.130
  2420:   169792.220   169792.230   169792.250   169792.340   169962.120
  2425:   170042.130   170048.130   170103.120   170257.120   170266.120
  2430:   170378.120   170455.130   170510.120   170520.120   170622.120
  2435:   170692.130   170759.120   170867.120   170876.120   170946.130
  2440:   171004.120   171102.130   171158.120   171166.120   171268.130
  2445:   171317.120   171327.120   171439.120   171561.130   171614.120
  2450:   171703.120   171712.120   171785.130   171842.120   171852.120
  2455:   171957.130   172014.120   172119.130   172168.120   172293.120
  2460:   172302.120   172388.120   172493.130   172549.120   172558.120
  2465:   172655.130   172782.130   172848.120   172962.130   173014.120
  2470:   173023.120   173127.130   173175.120   173321.120   173420.130
  2475:   173424.130   173475.120   173483.120   173585.130   173639.120
  2480:   173752.120   173805.740   173911.130   173960.540   173960.320
  2485:   173960.330   173960.350   173960.240   173960.120   173970.120
  2490:   174210.220   174210.230   174210.250   174210.340   174349.120
  2495:   174356.120   174499.130   174567.120   174679.130   174728.120
  2500:   174851.130   174857.130   174906.120   174915.120   175008.130
  2505:   175058.120   175070.120   175171.130   175216.120   175225.120
  2510:   175307.120   175391.130   175439.120   175450.120   175560.130
  2515:   175567.130   175612.120   175739.130   175788.120   175798.120
  2520:   175905.130   175953.120   176082.120   176199.130   176255.120
  2525:   176263.120   176401.130   176455.120   176558.120   176672.130
  2530:   176677.130   176730.120   176852.130   176907.120   176915.120
  2535:   177020.130   177239.130   177293.120   177410.130   177476.120
  2540:   177589.130   177655.120   177666.120   177770.130   177826.120
  2545:   177960.130   178017.120   178028.120   178140.130   178199.120
  2550:   178312.130   178318.130   178365.120   178479.130   178813.120
  2555:   178822.120   178924.120   179008.130   179061.120   179071.120
  2560:   179292.130   179299.130   179357.120   179489.130   179538.120
  2565:   179688.130   179862.130   180024.130   180072.120   180080.120
  2570:   180211.120   180216.120   180325.130   180459.130   180509.120
  2575:   180517.120   180696.130   180750.120   180758.120   180886.130
  2580:   180940.120   181084.130   181217.130   181269.120   181279.120
  2585:   181530.130   181599.120   181610.740   181715.130   181770.540
  2590:   181770.320   181770.330   181770.350   181770.240   181770.120
  2595:   182020.220   182020.230   182020.250   182020.340   182253.120
  2600:   182484.130   182493.130   182566.120   182665.130   182672.130
  2605:   182720.740   182724.540   182724.320   182724.330   182724.350
  2610:   182724.240   182724.120   182974.220   182974.230   182974.250
  2615:   182974.340   183569.120   183577.120   183623.120   183719.130
  2620:   183727.130   183788.120   183940.120   184974.740   187892.840
  2625:   202295.640   202295.320   202295.330   202295.350   202295.240
  2630:   202295.130   202545.220   202545.230   202545.250   202545.340
  2635:   204045.840   204891.640   204891.320   204891.330   204891.350
  2640:   204891.240   204891.130   205141.220   205141.230   205141.250
  2645:   205141.340   205361.130   205502.540   205502.320   205502.330
  2650:   205502.350   205502.240   205502.120   205752.220   205752.230
  2655:   205752.250   205752.340   206124.130   206214.120   206256.120
  2660:   206423.120   206498.120   206613.130   206729.120   206963.120
  2665:   207087.130   207092.130   207210.120   207404.120   207540.130
  2670:   207741.840   207775.640   207775.320   207775.330   207775.350
  2675:   207775.240   207775.130   207796.130   208025.220   208025.230
  2680:   208025.250   208025.340   208209.120   208213.120   208392.130
  2685:   208411.130   208553.120   208666.130   208676.130   208746.120
  2690:   208789.120   208881.130   208950.120   209061.130   209067.130
  2695:   209135.120   209255.130   209325.120   209368.120   209482.130
  2700:   209490.130   209553.120   209695.120   209823.120   209825.840
  2705:   209949.640   209949.320   209949.330   209949.350   209949.240
  2710:   209949.130   210199.220   210199.230   210199.250   210199.340
  2715:   210471.120   210481.120   210563.130   210568.130   210622.120
  2720:   210768.120   210799.840   210912.120   211019.640   211019.320
  2725:   211019.330   211019.350   211019.240   211019.130   211269.220
  2730:   211269.230   211269.250   211269.340   211472.120   211477.120
  2735:   211563.130   211575.130   211650.120   211752.130   211820.120
  2740:   211937.120   212020.130   212082.120   212201.120   212211.120
  2745:   212325.120   212336.120   212408.130   212415.130   212479.120
  2750:   212601.120   212687.130   212830.130   212837.130   213062.130
  2755:   213069.840   213359.640   213359.320   213359.330   213359.350
  2760:   213359.240   213359.130   213366.130   213609.220   213609.230
  2765:   213609.250   213609.340   214058.130   214064.130   214204.130
  2770:   214210.130   214339.130   214347.130   214528.130   214771.130
  2775:   214993.130   215191.130   215330.130   215336.130   215390.120
  2780:   215401.120   215530.130   215609.120   215799.130   215878.120
  2785:   216024.130   216083.120   216202.130   216267.120   216488.130
  2790:   216641.120   216709.840   216803.640   216803.320   216803.330
  2795:   216803.350   216803.240   216803.130   217053.220   217053.230
  2800:   217053.250   217053.340   217242.120   217250.120   217334.130
  2805:   217340.130   217395.120   217498.130   217558.120   217679.120
  2810:   217762.130   217820.120   217929.130   217995.120   218122.120
  2815:   218133.120   218265.120   218343.130   218404.120   218535.120
  2820:   218611.130   218653.840   218685.120   218806.640   218806.320
  2825:   218806.330   218806.350   218806.240   218806.130   219056.220
  2830:   219056.230   219056.250   219056.340   219175.120   219261.130
  2835:   219325.120   219356.840   219404.640   219404.320   219404.330
  2840:   219404.350   219404.240   219404.130   219411.130   219654.220
  2845:   219654.230   219654.250   219654.340   219828.120   219854.840
  2850:   219908.640   219908.320   219908.330   219908.350   219908.240
  2855:   219908.130   219915.130   219932.130   220158.220   220158.230
  2860:   220158.250   220158.340   220438.130   220443.130   220506.120
  2865:   220584.130   220590.130   220643.120   220717.130   220787.120
  2870:   220858.130   220952.130   221017.120   221094.130   221101.130
  2875:   221226.120   221301.130   221361.120   221434.130   221497.120
  2880:   221653.130   221725.120   221800.130   221859.120   222040.130
  2885:   222099.120   222192.130   222242.120   222327.130   222413.120
  2890:   222424.120   222521.130   222672.120   222682.120   222816.120
  2895:   222925.130   222991.120   223097.130   223166.120   223258.840
  2900:   223277.640   223277.320   223277.330   223277.350   223277.240
  2905:   223277.130   223287.130   223527.220   223527.230   223527.250
  2910:   223527.340   223663.120   223733.130   223797.130   223860.120
  2915:   223934.130   223940.130   224061.120   224137.130   224144.130
  2920:   224221.120   224233.120   224299.130   224375.120   224451.130
  2925:   224585.120   224594.120   224681.130   224687.130   224737.120
  2930:   224746.120   224856.120   224867.120   224934.130   224993.120
  2935:   225095.130   225165.120   225275.130   225446.130   225613.130
  2940:   225775.130   225834.120   225933.130   225992.120   226077.130
  2945:   226083.130   226138.120   226148.120   226280.130   226340.120
  2950:   226348.120   226531.120   226618.130   226692.120   226803.130
  2955:   226883.120   227008.130   227074.120   227239.130   227303.120
  2960:   227495.120   227502.120   227594.130   227657.120   227756.130
  2965:   227814.120   228029.130   228089.120   228193.130   228253.120
  2970:   228448.130   228612.130   228617.130   228757.130   229081.120
  2975:   229426.120   229627.840   229666.120   229747.640   229747.320
  2980:   229747.330   229747.350   229747.240   229747.130   229997.220
  2985:   229997.230   229997.250   229997.340   230145.120   230230.130
  2990:   230235.130   230289.120   230297.120   230352.740   230418.540
  2995:   230418.320   230418.330   230418.350   230418.240   230418.120
  3000:   230435.120   230668.220   230668.230   230668.250   230668.340
  3005:   230812.120   230817.120   230906.130   230957.120   230969.120
  3010:   231081.130   231222.130   231281.120   231415.120   231532.130
  3015:   231588.120   231761.130   231797.840   231835.120   231950.640
  3020:   231950.320   231950.330   231950.350   231950.240   231950.130
  3025:   232200.220   232200.230   232200.250   232200.340   232388.120
  3030:   232470.130   232528.120   232680.120   232690.120   232821.120
  3035:   232831.120   232902.130   232962.120   233043.130   233048.130
  3040:   233101.120   233178.130   233238.120   233359.120   233400.840
  3045:   233491.640   233491.320   233491.330   233491.350   233491.240
  3050:   233491.130   233741.220   233741.230   233741.250   233741.340
  3055:   233909.120   233987.130   234041.120   234051.120   234122.130
  3060:   234130.130   234141.840   234182.120   234262.640   234262.320
  3065:   234262.330   234262.350   234262.240   234262.130   234269.130
  3070:   234512.220   234512.230   234512.250   234512.340   234612.840
  3075:   234646.120   234654.120   234724.640   234724.320   234724.330
  3080:   234724.350   234724.240   234724.130   234739.130   234974.220
  3085:   234974.230   234974.250   234974.340   235098.120   235105.120
  3090:   235177.130   235248.130   235304.120   235314.120   235386.130
  3095:   235393.130   235444.120   235520.130   235659.120   235738.130
  3100:   235816.120   235825.120   235895.130   235953.120   236028.130
  3105:   236074.840   236086.120   236167.640   236167.320   236167.330
  3110:   236167.350   236167.240   236167.130   236417.220   236417.230
  3115:   236417.250   236417.340   236517.840   236520.120   236530.120
  3120:   236602.640   236602.320   236602.330   236602.350   236602.240
  3125:   236602.130   236612.130   236618.130   236852.220   236852.230
  3130:   236852.250   236852.340   237150.130   237231.120   237330.130
  3135:   237382.120   237392.120   237460.130   237550.120   237559.120
  3140:   237632.130   237638.130   237714.130   237767.120   237841.130
  3145:   237902.120   237909.120   237974.130   238061.130   238067.130
  3150:   238192.130   238272.120   238351.130   238358.130   238462.130
  3155:   238467.130   238530.120   238610.130   238616.130   238680.120
  3160:   238906.130   238964.120   238974.120   239074.130   239189.130
  3165:   239241.120   239348.130   239466.130   239513.120   239588.130
  3170:   239727.130   239887.130   239962.120   239972.120   240051.130
  3175:   240096.120   240224.120   240294.130   240431.120   240443.120
  3180:   240511.130   240516.130   240683.130   240749.120   240752.840
  3185:   240853.640   240853.320   240853.330   240853.350   240853.240
  3190:   240853.130   241103.220   241103.230   241103.250   241103.340
  3195:   241198.120   241329.130   241436.130   241497.120   241569.130
  3200:   241623.120   241700.130   241754.120   241764.120   241826.130
  3205:   241912.120   241975.130   242003.840   242104.640   242104.320
  3210:   242104.330   242104.350   242104.240   242104.130   242354.220
  3215:   242354.230   242354.250   242354.340   242490.130   242554.120
  3220:   242623.130   242628.130   242693.120   242771.130   242833.120
  3225:   242905.130   242985.120   243054.130   243108.120   243183.130
  3230:   243254.840   243291.640   243291.320   243291.330   243291.350
  3235:   243291.240   243291.130   243541.220   243541.230   243541.250
  3240:   243541.340   243646.120   243653.120   243732.130   243797.130
  3245:   243854.120   243925.130   243980.120   244052.130   244125.120
  3250:   244133.120   244177.130   244227.120   244292.130   244420.130
  3255:   244428.130   244476.120   244549.130   244594.120   244660.130
  3260:   244804.120   244873.130   244951.120   244961.120   245053.130
  3265:   245154.130   245262.120   245272.120   245335.130   245429.130
  3270:   245481.120   245550.130   245617.120   245687.130   245773.130
  3275:   245828.120   245940.130   245999.120   246100.130   246165.120
  3280:   246271.130   246328.120   246432.130   246491.120   246567.130
  3285:   246717.130   246741.840   246770.120   246777.120   246871.640
  3290:   246871.320   246871.330   246871.350   246871.240   246871.130
  3295:   247121.220   247121.230   247121.250   247121.340   247229.120
  3300:   247296.130   247374.130   247380.130   247428.120   247438.120
  3305:   247509.130   247625.130   247780.120   247845.130   247906.120
  3310:   247975.130   248086.130   248227.130   248283.120   248355.130
  3315:   248360.130   248500.130   248633.130   248691.120   248759.130
  3320:   248897.130   248921.840   248958.120   249030.640   249030.320
  3325:   249030.330   249030.350   249030.240   249030.130   249280.220
  3330:   249280.230   249280.250   249280.340   249391.120   249398.120
  3335:   249461.130   249523.120   249534.120   249596.130   249665.120
  3340:   249735.130   249806.130   249900.120   250042.130   250096.120
  3345:   250165.130   250218.120   250284.130   250362.120   250428.130
  3350:   250489.120   250556.130   250713.120   250721.120   250788.130
  3355:   250893.130   250947.120   250954.120   251014.130   251080.840
  3360:   251162.120   251173.120   251265.640   251265.320   251265.330
  3365:   251265.350   251265.240   251265.130   251515.220   251515.230
  3370:   251515.250   251515.340   251690.130   251773.130   251825.120
  3375:   251892.130   251972.120   251979.120   252072.130   252181.130
  3380:   252242.120   252315.130   252415.840   252421.640   252421.320
  3385:   252421.330   252421.350   252421.240   252421.130   252671.220
  3390:   252671.230   252671.250   252671.340   252769.120   252835.130
  3395:   252932.120   252995.130   253203.130   253265.120   253335.130
  3400:   253454.120   253571.840   253588.120   253653.640   253653.320
  3405:   253653.330   253653.350   253653.240   253653.130   253903.220
  3410:   253903.230   253903.250   253903.340   253998.120   254060.130
  3415:   254064.130   254180.130   254188.130   254241.120   254306.130
  3420:   254556.120   254617.130   254692.130   254698.130   254744.120
  3425:   254865.120   254957.130   255236.120   255244.120   255328.130
  3430:   255442.130   255540.130   255686.130   255803.840   255821.640
  3435:   255821.320   255821.330   255821.350   255821.240   255821.130
  3440:   256071.220   256071.230   256071.250   256071.340   256153.120
  3445:   256161.120   256220.130   256288.120   256356.130   256435.130
  3450:   256439.130   256489.120   256497.120   256560.130   256703.130
  3455:   256708.130   256756.120   256915.120   256999.130   257148.130
  3460:   257213.120   257320.130   257380.120   257452.130   257471.840
  3465:   257611.640   257611.320   257611.330   257611.350   257611.240
  3470:   257611.130   257861.220   257861.230   257861.250   257861.340
  3475:   257954.120   258020.130   258030.130   258087.120   258228.130
  3480:   258275.120   258284.120   258343.130   258419.120   258428.120
  3485:   258490.130   258614.120   258625.120   258731.120   258800.130
  3490:   258942.130   259003.120   259099.130   259159.120   259369.130
  3495:   259424.120   259510.130   259661.130   259717.120   259785.130
  3500:   259922.130   260043.130   260111.120   260206.130   260348.130
  3505:   260410.120   260482.130   260629.130   260687.120   260784.130
  3510:   260897.130   260951.120   261019.130   261191.120   261272.130
  3515:   261384.130   261517.120   261561.840   261600.640   261600.320
  3520:   261600.330   261600.350   261600.240   261600.130   261850.220
  3525:   261850.230   261850.250   261850.340   261956.120   262027.130
  3530:   262036.130   262110.120   262150.840   262177.640   262177.320
  3535:   262177.330   262177.350   262177.240   262177.130   262187.130
  3540:   262427.220   262427.230   262427.250   262427.340   262557.120
  3545:   262621.130   262696.130   262703.130   262766.120   262833.130
  3550:   262910.120   262918.120   262979.130   262987.130   263061.130
  3555:   263144.120   263219.130   263299.130   263390.130   263397.130
  3560:   263449.120   263512.130   263606.120   263615.120   263675.130
  3565:   263855.130   263999.130   264053.120   264128.130   264262.130
  3570:   264319.120   264327.840   264471.120   264536.640   264536.320
  3575:   264536.330   264536.350   264536.240   264536.130   264786.220
  3580:   264786.230   264786.250   264786.340   264884.120   264951.130
  3585:   264954.130   265010.120   265075.130   265153.130   265199.120
  3590:   265262.130   265324.120   265387.130   265469.130   265473.130
  3595:   265486.840   265525.120   265593.640   265593.320   265593.330
  3600:   265593.350   265593.240   265593.130   265843.220   265843.230
  3605:   265843.250   265843.340   265949.120   266087.130   266094.130
  3610:   266143.120   266212.130   266217.130   266292.120   266299.120
  3615:   266357.130   266462.120   266469.120   266532.130   266655.120
  3620:   266769.130   266914.130   266977.120   267071.130   267125.120
  3625:   267193.130   267243.840   267469.640   267469.320   267469.330
  3630:   267469.350   267469.240   267469.130   267719.220   267719.230
  3635:   267719.250   267719.340   267804.120   267869.130   267984.130
  3640:   268161.120   268226.130   268369.130   268514.130   268694.130
  3645:   268856.130   269001.130   269056.120   269136.130   269267.130
  3650:   269326.120   269419.840   269522.640   269522.320   269522.330
  3655:   269522.350   269522.240   269522.130   269772.220   269772.230
  3660:   269772.250   269772.340   269892.120   269958.130   270036.120
  3665:   270099.130   270168.130   270214.120   270358.120   270365.120
  3670:   270427.130   270506.130   270560.120   270626.130   270676.120
  3675:   270739.130   270878.130   270936.120   271024.130   271072.840
  3680:   271076.120   271088.120   271149.640   271149.320   271149.330
  3685:   271149.350   271149.240   271149.130   271399.220   271399.230
  3690:   271399.250   271399.340   271492.120   271656.130   271715.120
  3695:   271788.130   271868.120   271948.130   271954.130   272030.130
  3700:   272077.120   272142.130   272207.120   272274.130   272382.120
  3705:   272448.130   272514.120   272586.130   272677.130   272813.130
  3710:   272865.120   272936.130   272940.130   273058.120   273068.120
  3715:   273128.130   273240.120   273250.120   273312.130   273442.130
  3720:   273494.120   273567.130   273752.120   273849.130   273860.130
  3725:   273928.120   273998.130   274122.130   274126.130   274175.120
  3730:   274245.130   274248.130   274403.130   274475.120   274480.120
  3735:   274541.130   274608.120   274676.130   274699.840   274751.120
  3740:   274815.640   274815.320   274815.330   274815.350   274815.240
  3745:   274815.130   275065.220   275065.230   275065.250   275065.340
  3750:   275153.120   275220.130   275399.130   275404.130   275596.130
  3755:   275651.120   275716.130   275785.120   275844.130   275899.120
  3760:   275906.120   275966.130   276046.120   276111.130   276256.130
  3765:   276310.120   276376.130   276445.120   276523.130   276637.120
  3770:   276701.130   276824.130   276961.130   277021.120   277086.130
  3775:   277202.120   277211.120   277276.130   277387.130   277456.120
  3780:   277463.120   277594.130   277604.130   277674.120   277966.130
  3785:   277996.130   278265.840   278288.640   278288.320   278288.330
  3790:   278288.350   278288.240   278288.130   278538.220   278538.230
  3795:   278538.250   278538.340   278672.130   278728.120   278797.130
  3800:   278808.130   278862.120   278927.130   279017.130   279024.130
  3805:   279068.120   279134.130   279207.120   279276.130   279397.120
  3810:   279568.130   279775.130   280294.130   280367.120   280437.130
  3815:   280496.120   280565.130   280630.120   280702.130   281067.120
  3820:   281075.120   281179.120   281258.130   281388.130   281401.130
  3825:   281454.120   281543.130   281938.840   282341.120   282367.120
  3830:   282452.640   282452.320   282452.330   282452.350   282452.240
  3835:   282452.130   282702.220   282702.230   282702.250   282702.340
  3840:   282865.120   282935.130   283020.120   283085.130   283168.120
  3845:   283232.130   283326.130   283393.120   283470.130   283477.130
  3850:   283602.840   283606.640   283606.320   283606.330   283606.350
  3855:   283606.240   283606.130   283856.220   283856.230   283856.250
  3860:   283856.340   283977.120   283987.120   284047.130   284052.130
  3865:   284166.130   284171.130   284217.120   284224.120   284290.130
  3870:   284356.840   284367.120   284377.120   284433.640   284433.320
  3875:   284433.330   284433.350   284433.240   284433.130   284683.220
  3880:   284683.230   284683.250   284683.340   284858.130   284951.130
  3885:   284997.120   285006.120   285070.130   285143.120   285212.130
  3890:   285268.120   285337.130   285449.130   285539.130   285592.120
  3895:   285656.130   285811.120   285878.130   285961.130   286067.130
  3900:   286176.130   286183.130   286282.130   286349.120   286418.130
  3905:   286489.120   286556.130   286648.130   286755.130   286875.130
  3910:   286986.130   287147.130   287154.130   287206.120   287214.120
  3915:   287308.130   287449.130   287511.120   287602.130   287807.120
  3920:   287885.130   288148.130   288282.130   288288.130   288338.120
  3925:   288500.120   288593.130   288663.120   288731.130   288783.840
  3930:   288924.120   289020.640   289020.320   289020.330   289020.350
  3935:   289020.240   289020.130   289270.220   289270.230   289270.250
  3940:   289270.340   289446.130   289527.120   289535.120   289778.130
  3945:   289836.120   289905.130   289961.120   290031.130   290165.120
  3950:   290248.130   290385.130   290458.120   290542.130   290672.130
  3955:   290731.120   290832.130   290842.130   290900.120   290988.130
  3960:   291221.120   291235.120   291240.120   291488.130   291491.130
  3965:   291637.130   291722.120   291894.120   291963.130   292070.840
  3970:   292090.120   292161.640   292161.320   292161.330   292161.350
  3975:   292161.240   292161.130   292172.130   292411.220   292411.230
  3980:   292411.250   292411.340   292679.120   292748.130   292824.130
  3985:   292881.120   292947.130   292952.130   293035.130   293085.120
  3990:   293228.120   293296.130   293373.130   293456.130   293508.120
  3995:   293512.120   293578.130   293611.840   293647.120   293713.640
  4000:   293713.320   293713.330   293713.350   293713.240   293713.130
  4005:   293963.220   293963.230   293963.250   293963.340   294085.120
  4010:   294159.130   294235.130   294291.120   294301.120   294367.130
  4015:   294429.120   294500.130   294573.120   294648.130   294763.130
  4020:   294887.120   294959.130   295280.130   295356.120   295437.130
  4025:   295495.120   295601.130   295714.130   295779.120   295857.130
  4030:   296026.130   296143.130   296163.840   296264.640   296264.320
  4035:   296264.330   296264.350   296264.240   296264.130   296281.130
  4040:   296291.130   296514.220   296514.230   296514.250   296514.340
  4045:   296636.120   296710.130   296772.120   296842.130   296847.130
  4050:   296932.120   296997.130   297057.120   297132.130   297222.130
  4055:   297282.120   297357.130   297424.120   297497.130   297588.130
  4060:   297593.130   297702.130   297780.120   297855.130   297930.120
  4065:   298002.130   298014.840   298158.640   298158.320   298158.330
  4070:   298158.350   298158.240   298158.130   298408.220   298408.230
  4075:   298408.250   298408.340   298508.120   298589.130   298703.120
  4080:   298770.130   298808.840   298860.120   298928.640   298928.320
  4085:   298928.330   298928.350   298928.240   298928.130   298943.130
  4090:   299178.220   299178.230   299178.250   299178.340   299322.120
  4095:   299378.840   299391.640   299391.320   299391.330   299391.350
  4100:   299391.240   299391.130   299641.220   299641.230   299641.250
  4105:   299641.340   300342.120   300425.130   300529.130   300535.130
  4110:   300667.130   300673.130   300742.120   300816.130   300894.130
  4115:   300899.130   301031.120   301104.130   301240.130   301241.840
  4120:   301358.120   301431.640   301431.320   301431.330   301431.350
  4125:   301431.240   301431.130   301448.130   301681.220   301681.230
  4130:   301681.250   301681.340   301912.120   301990.130   302071.130
  4135:   302075.130   302204.120   302274.130   302355.130   302503.120
  4140:   302574.130   302678.130   302685.130   302748.120   302824.130
  4145:   302906.130   302915.130   302978.120   303055.130   303065.130
  4150:   303200.130   303207.130   303261.120   303345.130   303491.130
  4155:   303611.130   303722.130   303799.120   303904.130   304020.130
  4160:   304175.130   304363.130   304424.120   304524.130   304653.120
  4165:   304742.130   304887.130   305040.130   305197.130   305349.130
  4170:   305408.120   305493.130   305503.130   305655.130   305774.130
  4175:   305924.130   306249.120   306325.130   306475.120   306482.120
  4180:   306552.130   306707.130   306833.130   306900.120   307025.130
  4185:   307119.120   307181.840   307236.640   307236.320   307236.330
  4190:   307236.350   307236.240   307236.130   307486.220   307486.230
  4195:   307486.250   307486.340   307613.120   307623.120   307693.130
  4200:   307704.130   307794.120   307861.130   307945.130   307986.840
  4205:   308027.640   308027.320   308027.330   308027.350   308027.240
  4210:   308027.130   308044.130   308277.220   308277.230   308277.250
  4215:   308277.340   308402.120   308475.130   308480.130   308550.120
  4220:   308622.130   308628.130   308703.130   308709.130   308782.130
  4225:   308790.130   308838.120   308895.130   308902.130   308977.130
  4230:   309044.120   309112.130   309187.130   309256.120   309328.130
  4235:   309338.130   309377.840   309415.640   309415.320   309415.330
  4240:   309415.350   309415.240   309415.130   309665.220   309665.230
  4245:   309665.250   309665.340   309766.120   309834.130   309956.120
  4250:   310025.130   310168.130   310176.130   310241.120   310313.130
  4255:   310394.120   310469.130   310599.130   310754.130   310765.840
  4260:   310856.640   310856.320   310856.330   310856.350   310856.240
  4265:   310856.130   311106.220   311106.230   311106.250   311106.340
  4270:   311216.120   311284.130   311292.130   311337.130   311344.130
  4275:   311413.120   311483.130   311488.130   311560.130   311638.130
  4280:   311644.130   311731.120   311803.130   311883.130   311889.130
  4285:   311984.120   311993.120   312057.130   312138.130   312218.130
  4290:   312361.130   312452.130   312549.130   312558.130   312608.120
  4295:   312684.130   312766.120   312833.130   312922.130   313003.120
  4300:   313086.130   313260.130   313394.130   313400.130   313546.130
  4305:   313672.130   313777.130   313790.130   313846.120   313920.130
  4310:   314004.130   314116.130   314192.120   314196.120   314262.130
  4315:   314273.130   314351.120   314422.130   314517.130   314575.120
  4320:   314651.130   314740.130   314750.130   314825.120   314897.130
  4325:   314974.130   315034.120   315105.130   315279.130   315402.130
  4330:   315473.120   315547.130   315636.130   315709.120   315783.130
  4335:   315866.120   315876.120   315982.130   316116.120   316127.120
  4340:   316206.840   316298.640   316298.320   316298.330   316298.350
  4345:   316298.240   316298.130   316548.220   316548.230   316548.250
  4350:   316548.340   316659.120   316670.120   316737.130   316861.130
  4355:   316867.130   316938.120   316951.120   317020.130   317025.130
  4360:   317081.120   317150.130   317353.130   317659.130   317731.120
  4365:   317848.840   317858.640   317858.320   317858.330   317858.350
  4370:   317858.240   317858.130   318108.220   318108.230   318108.250
  4375:   318108.340   318283.130   318360.130   318364.130   318434.120
  4380:   318505.130   318641.120   318713.130   318833.120   318908.130
  4385:   318919.130   319056.130   319121.120   319195.130   319289.130
  4390:   319359.120   319436.130   319579.130   319671.130   319823.120
  4395:   319902.130   319908.130   319983.130   320051.120   320128.130
  4400:   320211.130   320336.120   320414.130   320536.130   320545.130
  4405:   320601.120   320684.130   320809.130   320945.130   321018.120
  4410:   321112.130   321254.130   321308.840   321402.640   321402.320
  4415:   321402.330   321402.350   321402.240   321402.130   321422.130
  4420:   321652.220   321652.230   321652.250   321652.340   321756.120
  4425:   321825.130   321943.120   321952.840   322009.640   322009.320
  4430:   322009.330   322009.350   322009.240   322009.130   322034.130
  4435:   322259.220   322259.230   322259.250   322259.340   322371.120
  4440:   322439.130   322524.120   322580.130   322689.120   322860.120
  4445:   322927.130   323004.130   323058.120   323132.130   323303.130
  4450:   323306.130   323442.130   323445.130   323538.130   323596.120
  4455:   323667.130   323778.120   323854.130   323975.130   324038.120
  4460:   324135.130   324221.120   324294.130   324302.130   324433.130
  4465:   324559.840   324576.640   324576.320   324576.330   324576.350
  4470:   324576.240   324576.130   324826.220   324826.230   324826.250
  4475:   324826.340   324988.130   325038.120   325112.130   325117.130
  4480:   325206.120   325274.130   325356.130   325362.130   325417.120
  4485:   325493.130   325499.130   325578.130   325707.130   325776.120
  4490:   325849.130   325937.120   325995.130   326120.130   326131.130
  4495:   326257.120   326321.130   326451.130   326681.130   326824.130
  4500:   326991.130   327026.840   327063.120   327130.640   327130.320
  4505:   327130.330   327130.350   327130.240   327130.130   327146.130
  4510:   327380.220   327380.230   327380.250   327380.340   327502.120
  4515:   327568.130   327647.130   327730.120   327797.130   327938.130
  4520:   327993.120   328063.130   328210.130   328357.130   328499.130
  4525:   328573.120   328640.130   328778.130   328835.120   328910.130
  4530:   329044.130   329052.130   329106.120   329180.840   329199.640
  4535:   329199.320   329199.330   329199.350   329199.240   329199.130
  4540:   329449.220   329449.230   329449.250   329449.340   329533.120
  4545:   329541.120   329603.130   329713.120   329782.130   329873.120
  4550:   329933.130   330019.130   330079.120   330140.130   330259.120
  4555:   330477.130   330612.130   330881.130   331024.130   331049.840
  4560:   331162.640   331162.320   331162.330   331162.350   331162.240
  4565:   331162.130   331412.220   331412.230   331412.250   331412.340
  4570:   331515.120   331577.130   331612.840   331659.120   331725.640
  4575:   331725.320   331725.330   331725.350   331725.240   331725.130
  4580:   331975.220   331975.230   331975.250   331975.340   332074.120
  4585:   332138.130   332222.120   332281.130   332440.130   332553.120
  4590:   332615.130   332619.130   332691.120   332761.130   332858.130
  4595:   332973.120   333043.130   333124.130   333133.130   333225.130
  4600:   333301.130   333385.120   333450.130   333570.130   333647.120
  4605:   333861.130   333995.130   334128.130   334266.130   334401.130
  4610:   334480.120   334549.130   334675.130   334787.130   334920.130
  4615:   335056.130   335191.130   335199.130   335257.120   335350.130
  4620:   335496.130   335629.130   335733.130   335864.130   335975.840
  4625:   336015.120   336080.640   336080.320   336080.330   336080.350
  4630:   336080.240   336080.130   336330.220   336330.230   336330.250
  4635:   336330.340   336450.120   336522.130   336721.130   336841.130
  4640:   336920.130   336926.130   336981.120   337048.130   337127.130
  4645:   337382.130   337527.130   337533.130   337584.120   337666.130
  4650:   337762.120   337838.130   337917.130   338050.130   338114.120
  4655:   338188.130   338268.130   338324.120   338389.130   338460.120
  4660:   338526.130   338596.120   338610.120   338805.120   338979.130
  4665:   339031.120   339100.130   339170.130   339236.120   339302.130
  4670:   339461.130   339568.130   339695.130   339826.130   339868.740
  4675:   339915.130   339965.540   339965.320   339965.330   339965.350
  4680:   339965.240   339965.120   340215.220   340215.230   340215.250
  4685:   340215.340   340313.120   340379.130   340489.120   340563.130
  4690:   340648.120   340711.130   340858.130   341017.130   341175.130
  4695:   341238.120   341328.130   341397.120   341406.120   341494.130
  4700:   341551.120   341623.130   341760.120   341830.840   341839.640
  4705:   341839.320   341839.330   341839.350   341839.240   341839.130
  4710:   342089.220   342089.230   342089.250   342089.340   342175.120
  4715:   342182.120   342245.130   342251.130   342331.120   342397.130
  4720:   342403.130   342544.130   342589.840   342617.120   342625.120
  4725:   342777.120   342845.640   342845.320   342845.330   342845.350
  4730:   342845.240   342845.130   343095.220   343095.230   343095.250
  4735:   343095.340   343229.120   343234.120   343298.130   343406.120
  4740:   343468.130   343604.130   343681.120   343737.130   343742.130
  4745:   343795.840   343967.640   343967.320   343967.330   343967.350
  4750:   343967.240   343967.130   343977.130   343982.130   344217.220
  4755:   344217.230   344217.250   344217.340   344304.120   344377.130
  4760:   344455.120   344516.130   344594.130   344655.120   344716.130
  4765:   344858.130   344938.130   345102.130   345214.120   345281.130
  4770:   345343.120   345409.130   345515.130   345642.130   345693.120
  4775:   345765.130   345885.130   345944.120   346013.130   346148.130
  4780:   346264.120   346274.120   346464.130   346600.130   346700.130
  4785:   346859.130   347001.130   347079.130   347178.130   347254.130
  4790:   347263.130   347312.120   347384.130   347389.130   347448.120
  4795:   347520.130   347596.130   347662.120   347730.130   347807.120
  4800:   347876.130   347951.130   347958.130   348018.120   348084.130
  4805:   348093.130   348169.130   348217.840   348231.120   348235.120
  4810:   348299.640   348299.320   348299.330   348299.350   348299.240
  4815:   348299.130   348549.220   348549.230   348549.250   348549.340
  4820:   348656.120   348723.130   348816.120   348881.130   348992.120
  4825:   349056.130   349153.130   349229.130   349290.120   349502.120
  4830:   349565.130   349575.130   349643.120   349711.130   349790.130
  4835:   349979.130   350049.840   350052.120   350160.120   350243.640
  4840:   350243.320   350243.330   350243.350   350243.240   350243.130
  4845:   350493.220   350493.230   350493.250   350493.340   350586.120
  4850:   350647.130   350747.120   350758.120   350821.130   350906.130
  4855:   350963.120   351034.130   351184.130   351256.120   351345.130
  4860:   351478.130   351623.120   351632.120   351693.130   351803.130
  4865:   351858.120   351929.130   352029.130   352134.130   352229.120
  4870:   352297.130   352431.130   352437.130   352561.130   352698.130
  4875:   352772.120   352860.130   353221.130   353323.120   353416.130
  4880:   353507.120   353570.130   353700.130   353837.130   353956.130
  4885:   354097.130   354163.120   354243.130   354306.120   355015.130
  4890:   355197.130   355293.840   355340.640   355340.320   355340.330
  4895:   355340.350   355340.240   355340.130   355590.220   355590.230
  4900:   355590.250   355590.340   355735.130   355824.120   355895.130
  4905:   356040.130   356100.120   356172.130   356282.120   356351.130
  4910:   356524.130   356593.120   356680.130   356739.120   356831.130
  4915:   356961.130   357038.120   357049.120   357112.130   357235.130
  4920:   357309.120   357398.130   357490.840   357533.640   357533.320
  4925:   357533.330   357533.350   357533.240   357533.130   357783.220
  4930:   357783.230   357783.250   357783.340   357898.120   357964.130
  4935:   358054.120   358120.130   358205.130   358253.120   358330.130
  4940:   358388.120   358455.130   358568.130   358643.130   358683.840
  4945:   358704.120   358847.120   358853.120   358913.640   358913.320
  4950:   358913.330   358913.350   358913.240   358913.130   358922.130
  4955:   359163.220   359163.230   359163.250   359163.340   359258.120
  4960:   359266.120   359496.120   359578.130   359647.120   359713.130
  4965:   359725.130   359849.130   359927.130   360000.320   360000.330
  4970:   360000.350   360000.020
C:
     0:        0.000     1796.000     1758.000       67.000       74.000
     5:        0.000
D:
     0:        0.000        0.000
L:
     0:      416.000       44.000       44.000
M:
     0:     1200.000     1201.000     1202.000     1203.000     1204.000
     5:     1205.000     1206.000     1207.000     1208.000     1209.000
    10:     1210.000     1211.000     1212.000     1213.000     1214.000
    15:     1215.000     1216.000     1217.000     1218.000     1219.000
    20:     1220.000     1221.000     1222.000     1223.000     1224.000
    25:     1225.000     1226.000     1227.000     1228.000     1229.000
    30:     1230.000     1231.000     1232.000     1233.000     1234.000
    35:     1235.000     1236.000     1237.000     1238.000     1239.000
    40:     1240.000     1241.000     1242.000     1243.000     1244.000
    45:     1245.000     1246.000     1247.000     1248.000     1249.000
    50:     1250.000     1251.000     1252.000     1253.000     1254.000
    55:     1255.000     1256.000     1257.000     1258.000     1259.000
    60:     1260.000     1261.000     1262.000     1263.000     1264.000
    65:     1265.000     1266.000     1267.000     1268.000     1269.000
    70:     1270.000     1271.000     1272.000     1273.000     1274.000
    75:     1275.000     1276.000     1277.000     1278.000     1279.000
    80:     1280.000     1281.000     1282.000     1283.000     1284.000
    85:     1285.000     1286.000     1287.000     1288.000     1289.000
    90:     1290.000     1291.000     1292.000     1293.000     1294.000
    95:     1295.000     1296.000     1297.000     1298.000     1299.000
   100:     1300.000     1301.000     1302.000     1303.000     1304.000
   105:     1305.000     1306.000     1307.000     1308.000     1309.000
   110:     1310.000     1311.000     1312.000     1313.000     1314.000
   115:     1315.000     1316.000     1317.000     1318.000     1319.000
   120:     1320.000     1321.000     1322.000     1323.000     1324.000
   125:     1325.000     1326.000     1327.000     1328.000     1329.000
   130:     1330.000     1331.000     1332.000     1333.000     1334.000
   135:     1335.000     1336.000     1337.000     1338.000     1339.000
   140:     1340.000     1341.000     1342.000     1343.000     1344.000
   145:     1345.000     1346.000     1347.000     1348.000     1349.000
   150:     1350.000     1351.000     1352.000     1353.000     1354.000
   155:     1355.000     1356.000     1357.000     1358.000     1359.000
   160:     1360.000     1361.000     1362.000     1363.000     1364.000
   165:     1365.000     1366.000     1367.000     1368.000     1369.000
   170:     1370.000     1371.000     1372.000     1373.000     1374.000
   175:     1375.000     1376.000     1377.000     1378.000     1379.000
   180:     1380.000     1381.000     1382.000     1383.000     1384.000
   185:     1385.000     1386.000     1387.000     1388.000     1389.000
   190:     1390.000     1391.000     1392.000     1393.000     1394.000
   195:     1395.000     1396.000     1397.000     1398.000     1399.000
   200:     1400.000     1401.000     1402.000     1403.000     1404.000
   205:     1405.000     1406.000     1407.000     1408.000     1409.000
   210:     1410.000     1411.000     1412.000     1413.000     1414.000
   215:     1415.000     1416.000     1417.000     1418.000     1419.000
   220:     1420.000     1421.000     1422.000     1423.000     1424.000
   225:     1425.000     1426.000     1427.000     1428.000     1429.000
   230:     1430.000     1431.000     1432.000     1433.000     1434.000
   235:     1435.000     1436.000     1437.000     1438.000     1439.000
   240:     1440.000     1441.000     1442.000     1443.000     1444.000
   245:     1445.000     1446.000     1447.000     1448.000     1449.000
   250:     1450.000     1451.000     1452.000     1453.000     1454.000
   255:     1455.000     1456.000     1457.000     1458.000     1459.000
   260:     1460.000     1461.000     1462.000     1463.000     1464.000
   265:     1465.000     1466.000     1467.000     1468.000     1469.000
   270:     1470.000     1471.000     1472.000     1473.000     1474.000
   275:     1475.000     1476.000     1477.000     1478.000     1479.000
   280:     1480.000     1481.000     1482.000     1483.000     1484.000
   285:     1485.000     1486.000     1487.000     1488.000     1489.000
   290:     1490.000     1491.000     1492.000     1493.000     1494.000
   295:     1495.000     1496.000     1497.000     1498.000     1499.000
   300:     1500.000     1501.000     1502.000     1503.000     1504.000
   305:     1505.000     1506.000     1507.000     1508.000     1509.000
   310:     1510.000     1511.000     1512.000     1513.000     1514.000
   315:     1515.000     1516.000     1517.000     1518.000     1519.000
   320:     1520.000     1521.000     1522.000     1523.000     1524.000
   325:     1525.000     1526.000     1527.000     1528.000     1529.000
   330:     1530.000     1531.000     1532.000     1533.000     1534.000
   335:     1535.000     1536.000     1537.000     1538.000     1539.000
   340:     1540.000     1541.000     1542.000     1543.000     1544.000
   345:     1545.000     1546.000     1547.000     1548.000     1549.000
   350:     1550.000     1551.000     1552.000     1553.000     1554.000
   355:     1555.000     1556.000     1557.000     1558.000     1559.000
   360:     1560.000     1561.000     1562.000     1563.000     1564.000
   365:     1565.000     1566.000     1567.000     1568.000     1569.000
   370:     1570.000     1571.000     1572.000     1573.000     1574.000
   375:     1575.000     1576.000     1577.000     1578.000     1579.000
   380:     1580.000     1581.000     1582.000     1583.000     1584.000
   385:     1585.000     1586.000     1587.000     1588.000     1589.000
   390:     1590.000     1591.000     1592.000     1593.000     1594.000
   395:     1595.000     1596.000     1597.000     1598.000     1599.000
   400:     1600.000     1601.000     1602.000     1603.000     1604.000
   405:     1605.000     1606.000     1607.000     1608.000     1609.000
   410:     1610.000     1611.000     1612.000     1613.000     1614.000
   415:     1615.000     1616.000     1617.000     1618.000     1619.000
   420:     1620.000     1621.000     1622.000     1623.000     1624.000
   425:     1625.000     1626.000     1627.000     1628.000     1629.000
   430:     1630.000     1631.000     1632.000     1633.000     1634.000
   435:     1635.000     1636.000     1637.000     1638.000     1639.000
   440:     1640.000     1641.000     1642.000     1643.000     1644.000
   445:     1645.000     1646.000     1647.000     1648.000     1649.000
   450:     1650.000     1651.000     1652.000     1653.000     1654.000
   455:     1655.000     1656.000     1657.000     1658.000     1659.000
   460:     1660.000     1661.000     1662.000     1663.000     1664.000
   465:     1665.000     1666.000     1667.000     1668.000     1669.000
   470:     1670.000     1671.000     1672.000     1673.000     1674.000
   475:     1675.000     1676.000     1677.000     1678.000     1679.000
   480:     1680.000     1681.000     1682.000     1683.000     1684.000
   485:     1685.000     1686.000     1687.000     1688.000     1689.000
   490:     1690.000     1691.000     1692.000     1693.000     1694.000
   495:     1695.000     1696.000     1697.000     1698.000     1699.000
   500:     1700.000     1701.000     1702.000     1703.000     1704.000
   505:     1705.000     1706.000     1707.000     1708.000     1709.000
   510:     1710.000     1711.000     1712.000     1713.000     1714.000
   515:     1715.000     1716.000     1717.000     1718.000     1719.000
   520:     1720.000     1721.000     1722.000     1723.000     1724.000
   525:     1725.000     1726.000     1727.000     1728.000     1729.000
   530:     1730.000     1731.000     1732.000     1733.000     1734.000
   535:     1735.000     1736.000     1737.000     1738.000     1739.000
   540:     1740.000     1741.000     1742.000     1743.000     1744.000
   545:     1745.000     1746.000     1747.000     1748.000     1749.000
   550:     1750.000     1751.000     1752.000     1753.000     1754.000
   555:     1755.000     1756.000     1757.000     1758.000     1759.000
   560:     1760.000     1761.000     1762.000     1763.000     1764.000
   565:     1765.000     1766.000     1767.000     1768.000     1769.000
   570:     1770.000     1771.000     1772.000     1773.000     1774.000
   575:     1775.000     1776.000     1777.000     1778.000     1779.000
   580:     1780.000     1781.000     1782.000     1783.000     1784.000
   585:     1785.000     1786.000     1787.000     1788.000     1789.000
   590:     1790.000     1791.000     1792.000     1793.000     1794.000
   595:     1795.000     1796.000     1797.000     1798.000     1799.000
   600:     1800.000     1801.000     1802.000     1803.000     1804.000
   605:     1805.000     1806.000     1807.000     1808.000     1809.000
   610:     1810.000     1811.000     1812.000     1813.000     1814.000
   615:     1815.000     1816.000     1817.000     1818.000     1819.000
   620:     1820.000     1821.000     1822.000     1823.000     1824.000
   625:     1825.000     1826.000     1827.000     1828.000     1829.000
   630:     1830.000     1831.000     1832.000     1833.000     1834.000
   635:     1835.000     1836.000     1837.000     1838.000     1839.000
   640:     1840.000     1841.000     1842.000     1843.000     1844.000
   645:     1845.000     1846.000     1847.000     1848.000     1849.000
   650:     1850.000     1851.000     1852.000     1853.000     1854.000
   655:     1855.000     1856.000     1857.000     1858.000     1859.000
   660:     1860.000     1861.000     1862.000     1863.000     1864.000
   665:     1865.000     1866.000     1867.000     1868.000     1869.000
   670:     1870.000     1871.000     1872.000     1873.000     1874.000
   675:     1875.000     1876.000     1877.000     1878.000     1879.000
   680:     1880.000     1881.000     1882.000     1883.000     1884.000
   685:     1885.000     1886.000     1887.000     1888.000     1889.000
   690:     1890.000     1891.000     1892.000     1893.000     1894.000
   695:     1895.000     1896.000     1897.000     1898.000     1899.000
   700:     1900.000     1901.000     1902.000     1903.000     1904.000
   705:     1905.000     1906.000     1907.000     1908.000     1909.000
   710:     1910.000     1911.000     1912.000     1913.000     1914.000
   715:     1915.000     1916.000     1917.000     1918.000     1919.000
   720:     1920.000     1921.000     1922.000     1923.000     1924.000
   725:     1925.000     1926.000     1927.000     1928.000     1929.000
   730:     1930.000     1931.000     1932.000     1933.000     1934.000
   735:     1935.000     1936.000     1937.000     1938.000     1939.000
   740:     1940.000     1941.000     1942.000     1943.000     1944.000
   745:     1945.000     1946.000     1947.000     1948.000     1949.000
   750:     1950.000     1951.000     1952.000     1953.000     1954.000
   755:     1955.000     1956.000     1957.000     1958.000     1959.000
   760:     1960.000     1961.000     1962.000     1963.000     1964.000
   765:     1965.000     1966.000     1967.000     1968.000     1969.000
   770:     1970.000     1971.000     1972.000     1973.000     1974.000
   775:     1975.000     1976.000     1977.000     1978.000     1979.000
   780:     1980.000     1981.000     1982.000     1983.000     1984.000
   785:     1985.000     1986.000     1987.000     1988.000     1989.000
   790:     1990.000     1991.000     1992.000     1993.000     1994.000
   795:     1995.000     1996.000     1997.000     1998.000     1999.000
   800:     2000.000     2001.000     2002.000     2003.000     2004.000
   805:     2005.000     2006.000     2007.000     2008.000     2009.000
   810:     2010.000     2011.000     2012.000     2013.000     2014.000
   815:     2015.000     2016.000     2017.000     2018.000     2019.000
   820:     2020.000     2021.000     2022.000     2023.000     2024.000
   825:     2025.000     2026.000     2027.000     2028.000     2029.000
   830:     2030.000     2031.000     2032.000     2033.000     2034.000
   835:     2035.000     2036.000     2037.000     2038.000     2039.000
   840:     2040.000     2041.000     2042.000     2043.000     2044.000
   845:     2045.000     2046.000     2047.000     2048.000     2049.000
   850:     2050.000     2051.000     2052.000     2053.000     2054.000
   855:     2055.000     2056.000     2057.000     2058.000     2059.000
   860:     2060.000     2061.000     2062.000     2063.000     2064.000
   865:     2065.000     2066.000     2067.000     2068.000     2069.000
   870:     2070.000     2071.000     2072.000     2073.000     2074.000
   875:     2075.000     2076.000     2077.000     2078.000     2079.000
   880:     2080.000     2081.000     2082.000     2083.000     2084.000
   885:     2085.000     2086.000     2087.000     2088.000     2089.000
   890:     2090.000     2091.000     2092.000     2093.000     2094.000
   895:     2095.000     2096.000     2097.000     2098.000     2099.000
   900:     2100.000     2101.000     2102.000     2103.000     2104.000
   905:     2105.000     2106.000     2107.000     2108.000     2109.000
   910:     2110.000     2111.000     2112.000     2113.000     2114.000
   915:     2115.000     2116.000     2117.000     2118.000     2119.000
   920:     2120.000     2121.000     2122.000     2123.000     2124.000
   925:     2125.000     2126.000     2127.000     2128.000     2129.000
   930:     2130.000     2131.000     2132.000     2133.000     2134.000
   935:     2135.000     2136.000     2137.000     2138.000     2139.000
   940:     2140.000     2141.000     2142.000     2143.000     2144.000
   945:     2145.000     2146.000     2147.000     2148.000     2149.000
   950:     2150.000     2151.000     2152.000     2153.000     2154.000
   955:     2155.000     2156.000     2157.000     2158.000     2159.000
   960:     2160.000     2161.000     2162.000     2163.000     2164.000
   965:     2165.000     2166.000     2167.000     2168.000     2169.000
   970:     2170.000     2171.000     2172.000     2173.000     2174.000
   975:     2175.000     2176.000     2177.000     2178.000     2179.000
   980:     2180.000     2181.000     2182.000     2183.000     2184.000
   985:     2185.000     2186.000     2187.000     2188.000     2189.000
   990:     2190.000     2191.000     2192.000     2193.000     2194.000
   995:     2195.000     2196.000     2197.000     2198.000     2199.000
  1000:     2200.000     2201.000     2202.000     2203.000     2204.000
  1005:     2205.000     2206.000     2207.000     2208.000     2209.000
  1010:     2210.000     2211.000     2212.000     2213.000     2214.000
  1015:     2215.000     2216.000     2217.000     2218.000     2219.000
  1020:     2220.000     2221.000     2222.000     2223.000     2224.000
  1025:     2225.000     2226.000     2227.000     2228.000     2229.000
  1030:     2230.000     2231.000     2232.000     2233.000     2234.000
  1035:     2235.000     2236.000     2237.000     2238.000     2239.000
  1040:     2240.000     2241.000     2242.000     2243.000     2244.000
  1045:     2245.000     2246.000     2247.000     2248.000     2249.000
  1050:     2250.000     2251.000     2252.000     2253.000     2254.000
  1055:     2255.000     2256.000     2257.000     2258.000     2259.000
  1060:     2260.000     2261.000     2262.000     2263.000     2264.000
  1065:     2265.000     2266.000     2267.000     2268.000     2269.000
  1070:     2270.000     2271.000     2272.000     2273.000     2274.000
  1075:     2275.000     2276.000     2277.000     2278.000     2279.000
  1080:     2280.000     2281.000     2282.000     2283.000     2284.000
  1085:     2285.000     2286.000     2287.000     2288.000     2289.000
  1090:     2290.000     2291.000     2292.000     2293.000     2294.000
  1095:     2295.000     2296.000     2297.000     2298.000     2299.000
  1100:     2300.000     2301.000     2302.000     2303.000     2304.000
  1105:     2305.000     2306.000     2307.000     2308.000     2309.000
  1110:     2310.000     2311.000     2312.000     2313.000     2314.000
  1115:     2315.000     2316.000     2317.000     2318.000     2319.000
  1120:     2320.000     2321.000     2322.000     2323.000     2324.000
  1125:     2325.000     2326.000     2327.000     2328.000     2329.000
  1130:     2330.000     2331.000     2332.000     2333.000     2334.000
  1135:     2335.000     2336.000     2337.000     2338.000     2339.000
  1140:     2340.000     2341.000     2342.000     2343.000     2344.000
  1145:     2345.000     2346.000     2347.000     2348.000     2349.000
  1150:     2350.000     2351.000     2352.000     2353.000     2354.000
  1155:     2355.000     2356.000     2357.000     2358.000     2359.000
  1160:     2360.000     2361.000     2362.000     2363.000     2364.000
  1165:     2365.000     2366.000     2367.000     2368.000     2369.000
  1170:     2370.000     2371.000     2372.000     2373.000     2374.000
  1175:     2375.000     2376.000     2377.000     2378.000     2379.000
  1180:     2380.000     2381.000     2382.000     2383.000     2384.000
  1185:     2385.000     2386.000     2387.000     2388.000     2389.000
  1190:     2390.000     2391.000     2392.000     2393.000     2394.000
  1195:     2395.000     2396.000     2397.000     2398.000     2399.000
  1200:     2400.000
N:
     0:     2700.000     2701.000     2702.000     2703.000     2704.000
     5:     2705.000     2706.000     2707.000     2708.000     2709.000
    10:     2710.000     2711.000     2712.000     2713.000     2714.000
    15:     2715.000     2716.000     2717.000     2718.000     2719.000
    20:     2720.000     2721.000     2722.000     2723.000     2724.000
    25:     2725.000     2726.000     2727.000     2728.000     2729.000
    30:     2730.000     2731.000     2732.000     2733.000     2734.000
    35:     2735.000     2736.000     2737.000     2738.000     2739.000
    40:     2740.000     2741.000     2742.000     2743.000     2744.000
    45:     2745.000     2746.000     2747.000     2748.000     2749.000
    50:     2750.000     2751.000     2752.000     2753.000     2754.000
    55:     2755.000     2756.000     2757.000     2758.000     2759.000
    60:     2760.000     2761.000     2762.000     2763.000     2764.000
    65:     2765.000     2766.000     2767.000     2768.000     2769.000
    70:     2770.000     2771.000     2772.000     2773.000     2774.000
    75:     2775.000     2776.000     2777.000     2778.000     2779.000
    80:     2780.000     2781.000     2782.000     2783.000     2784.000
    85:     2785.000     2786.000     2787.000     2788.000     2789.000
    90:     2790.000     2791.000     2792.000     2793.000     2794.000
    95:     2795.000     2796.000     2797.000     2798.000     2799.000
   100:     2800.000     2801.000     2802.000     2803.000     2804.000
   105:     2805.000     2806.000     2807.000     2808.000     2809.000
   110:     2810.000     2811.000     2812.000     2813.000     2814.000
   115:     2815.000     2816.000     2817.000     2818.000     2819.000
   120:     2820.000     2821.000     2822.000     2823.000     2824.000
   125:     2825.000     2826.000     2827.000     2828.000     2829.000
   130:     2830.000     2831.000     2832.000     2833.000     2834.000
   135:     2835.000     2836.000     2837.000     2838.000     2839.000
   140:     2840.000     2841.000     2842.000     2843.000     2844.000
   145:     2845.000     2846.000     2847.000     2848.000     2849.000
   150:     2850.000     2851.000     2852.000     2853.000     2854.000
   155:     2855.000     2856.000     2857.000     2858.000     2859.000
   160:     2860.000     2861.000     2862.000     2863.000     2864.000
   165:     2865.000     2866.000     2867.000     2868.000     2869.000
   170:     2870.000     2871.000     2872.000     2873.000     2874.000
   175:     2875.000     2876.000     2877.000     2878.000     2879.000
   180:     2880.000     2881.000     2882.000     2883.000     2884.000
   185:     2885.000     2886.000     2887.000     2888.000     2889.000
   190:     2890.000     2891.000     2892.000     2893.000     2894.000
   195:     2895.000     2896.000     2897.000     2898.000     2899.000
   200:     2900.000     2901.000     2902.000     2903.000     2904.000
   205:     2905.000     2906.000     2907.000     2908.000     2909.000
   210:     2910.000     2911.000     2912.000     2913.000     2914.000
   215:     2915.000     2916.000     2917.000     2918.000     2919.000
   220:     2920.000     2921.000     2922.000     2923.000     2924.000
   225:     2925.000     2926.000     2927.000     2928.000     2929.000
   230:     2930.000     2931.000     2932.000     2933.000     2934.000
   235:     2935.000     2936.000     2937.000     2938.000     2939.000
   240:     2940.000     2941.000     2942.000     2943.000     2944.000
   245:     2945.000     2946.000     2947.000     2948.000     2949.000
   250:     2950.000     2951.000     2952.000     2953.000     2954.000
   255:     2955.000     2956.000     2957.000     2958.000     2959.000
   260:     2960.000     2961.000     2962.000     2963.000     2964.000
   265:     2965.000     2966.000     2967.000     2968.000     2969.000
   270:     2970.000     2971.000     2972.000     2973.000     2974.000
   275:     2975.000     2976.000     2977.000     2978.000     2979.000
   280:     2980.000     2981.000     2982.000     2983.000     2984.000
   285:     2985.000     2986.000     2987.000     2988.000     2989.000
   290:     2990.000     2991.000     2992.000     2993.000     2994.000
   295:     2995.000     2996.000     2997.000     2998.000     2999.000
   300:     3000.000
R:
     0:       27.000      400.000      400.000
V:
     0:     1958.000     2802.000
W:
     0:     1958.000     2802.000
