File: C:\MED-PC IV\DATA\p530_s70_japede


Start Date: 09/05/17
End Date: 09/05/17
Subject: p530
Experiment: 0
Group: 0
Box: 8
Start Time: 16:31:01
End Time: 17:31:17
MSN: japede_L_30_30_30_R_90_90_90
B:       0.000
E:    3576.000
F:       0.000
G:       0.000
H:       0.000
I:       1.000
J:       1.000
K:       0.000
O:       0.000
P:       0.000
Q:       0.000
S:  360000.000
T:  360000.000
U:       0.000
X:       0.000
Y:       0.000
Z:       0.000
A:
     0:        0.010        0.250        0.220        0.230      319.120
     5:      514.120      568.120      689.120      737.120      786.120
    10:      899.740      925.540      925.320      925.330      925.350
    15:      925.240      925.120     1175.220     1175.230     1175.250
    20:     1175.340     2241.120     2249.120     2328.120     2427.120
    25:     2469.120     2580.120     3061.120     3111.120     3567.120
    30:     3756.120     3867.120     3874.120     3997.120     4003.120
    35:     4298.120     4499.120     4624.120     4675.740     5286.540
    40:     5286.320     5286.330     5286.350     5286.240     5286.120
    45:     5536.220     5536.230     5536.250     5536.340     5927.130
    50:     5936.740     5937.130     6341.540     6341.320     6341.330
    55:     6341.350     6341.240     6341.120     6591.220     6591.230
    60:     6591.250     6591.340     6815.130     6885.130     6988.120
    65:     6994.120     7142.120     7411.120     7643.120     7691.740
    70:     7756.540     7756.320     7756.330     7756.350     7756.240
    75:     7756.120     7762.120     8006.220     8006.230     8006.250
    80:     8006.340     8223.130     8257.130     8299.840     8300.640
    85:     8300.320     8300.330     8300.350     8300.240     8300.130
    90:     8550.220     8550.230     8550.250     8550.340     8878.120
    95:     8882.120     8990.120     9006.740     9203.540     9203.320
   100:     9203.330     9203.350     9203.240     9203.120     9453.220
   105:     9453.230     9453.250     9453.340     9668.130     9704.130
   110:     9864.120     9870.120    10104.120    10109.120    10155.120
   115:    10309.120    10493.120    10501.120    10686.120    10723.120
   120:    10730.120    10753.740    11057.540    11057.320    11057.330
   125:    11057.350    11057.240    11057.120    11307.220    11307.230
   130:    11307.250    11307.340    11549.130    11576.130    11688.120
   135:    11961.120    12015.120    12022.120    12230.120    12351.120
   140:    12533.120    12669.120    12999.120    13005.120    13160.120
   145:    13333.120    13365.120    13497.120    13828.120    14122.120
   150:    14272.120    14967.120    15565.120    16107.740    16121.540
   155:    16121.320    16121.330    16121.350    16121.240    16121.120
   160:    16371.220    16371.230    16371.250    16371.340    16709.130
   165:    16716.130    16746.130    16998.120    17029.120    17162.120
   170:    17349.120    17940.120    18109.120    18239.120    18266.120
   175:    18270.120    18560.120    18650.840    18735.120    19087.120
   180:    19390.120    19797.120    19983.120    20285.120    20828.120
   185:    20971.740    20988.540    20988.320    20988.330    20988.350
   190:    20988.240    20988.120    21001.120    21238.220    21238.230
   195:    21238.250    21238.340    21440.640    21440.320    21440.330
   200:    21440.350    21440.240    21440.130    21690.220    21690.230
   205:    21690.250    21690.340    22114.120    22124.120    22394.120
   210:    22592.120    22723.120    23351.130    23431.120    23611.120
   215:    23838.740    23956.540    23956.320    23956.330    23956.350
   220:    23956.240    23956.120    24206.220    24206.230    24206.250
   225:    24206.340    24419.130    24452.130    24575.120    24581.120
   230:    24815.120    24822.120    24963.120    24971.120    25125.120
   235:    25132.120    25299.120    25304.120    25455.120    25460.120
   240:    25641.120    25790.840    25836.120    25984.120    26307.120
   245:    26562.120    26744.120    26749.120    27032.120    27208.120
   250:    27361.120    27406.740    27490.640    27490.320    27490.330
   255:    27490.350    27490.240    27490.130    27740.220    27740.230
   260:    27740.250    27740.340    28082.540    28082.320    28082.330
   265:    28082.350    28082.240    28082.120    28090.120    28097.120
   270:    28332.220    28332.230    28332.250    28332.340    28537.130
   275:    28693.120    28702.120    28746.120    28916.120    29172.120
   280:    29205.120    29210.120    29338.120    29466.120    29620.120
   285:    29625.120    29634.120    29784.120    29791.120    29935.120
   290:    30469.120    30994.120    31090.130    31295.120    31422.120
   295:    32232.740    32328.130    32415.540    32415.320    32415.330
   300:    32415.350    32415.240    32415.120    32427.120    32434.120
   305:    32665.220    32665.230    32665.250    32665.340    32888.130
   310:    33009.120    33378.120    33383.120    33406.120    33412.120
   315:    33537.120    33955.120    34040.840    34467.120    34476.120
   320:    34897.120    35063.120    35271.120    35585.120    36008.120
   325:    36328.120    36335.120    36520.120    36641.120    36798.120
   330:    36924.120    37106.120    37263.120    37265.740    37271.540
   335:    37271.320    37271.330    37271.350    37271.240    37271.120
   340:    37285.120    37521.220    37521.230    37521.250    37521.340
   345:    37695.640    37695.320    37695.330    37695.350    37695.240
   350:    37695.130    37945.220    37945.230    37945.250    37945.340
   355:    38073.130    38194.120    38899.120    38907.120    39029.120
   360:    39057.120    39184.120    39305.120    39427.120    39521.740
   365:    39604.540    39604.320    39604.330    39604.350    39604.240
   370:    39604.120    39625.120    39854.220    39854.230    39854.250
   375:    39854.340    39954.740    40008.130    40041.130    40081.130
   380:    40164.540    40164.320    40164.330    40164.350    40164.240
   385:    40164.120    40170.120    40180.120    40414.220    40414.230
   390:    40414.250    40414.340    40572.130    40824.120    41102.120
   395:    41258.120    41557.120    42139.120    42443.120    42617.120
   400:    43389.120    43497.120    44123.120    44130.120    44296.120
   405:    44435.120    44921.120    45044.120    45079.120    45261.120
   410:    45266.120    45453.120    45637.120    45802.120    45988.120
   415:    46091.120    46414.740    46447.540    46447.320    46447.330
   420:    46447.350    46447.240    46447.120    46697.220    46697.230
   425:    46697.250    46697.340    46854.130    47471.120    47480.120
   430:    47645.840    47831.120    47968.120    48113.120    48257.120
   435:    48397.740    48406.540    48406.320    48406.330    48406.350
   440:    48406.240    48406.120    48656.220    48656.230    48656.250
   445:    48656.340    48931.640    48931.320    48931.330    48931.350
   450:    48931.240    48931.130    49181.220    49181.230    49181.250
   455:    49181.340    49302.130    49308.130    49617.120    49860.120
   460:    49999.120    50133.120    50258.120    50560.120    50912.120
   465:    51042.120    51364.120    51456.740    51659.540    51659.320
   470:    51659.330    51659.350    51659.240    51659.120    51684.120
   475:    51909.220    51909.230    51909.250    51909.340    52079.130
   480:    52192.120    52672.120    52940.120    53411.120    53798.120
   485:    53922.120    54066.120    54072.120    54104.120    54398.120
   490:    54669.120    54914.120    55009.740    55156.540    55156.320
   495:    55156.330    55156.350    55156.240    55156.120    55406.220
   500:    55406.230    55406.250    55406.340    55568.130    55681.840
   505:    55913.640    55913.320    55913.330    55913.350    55913.240
   510:    55913.130    56163.220    56163.230    56163.250    56163.340
   515:    56263.840    56759.640    56759.320    56759.330    56759.350
   520:    56759.240    56759.130    57009.220    57009.230    57009.250
   525:    57009.340    57286.120    57415.130    57506.740    57517.540
   530:    57517.320    57517.330    57517.350    57517.240    57517.120
   535:    57534.120    57767.220    57767.230    57767.250    57767.340
   540:    57952.130    57957.130    57992.130    58033.130    58131.120
   545:    58344.120    58508.120    58652.120    58785.120    58814.120
   550:    58967.740    58972.540    58972.320    58972.330    58972.350
   555:    58972.240    58972.120    59222.220    59222.230    59222.250
   560:    59222.340    59528.130    59560.130    59827.120    60175.120
   565:    60182.120    60336.120    60380.120    60532.120    60538.120
   570:    60622.740    60695.540    60695.320    60695.330    60695.350
   575:    60695.240    60695.120    60709.120    60718.120    60945.220
   580:    60945.230    60945.250    60945.340    61216.120    61222.120
   585:    61526.120    61541.120    61616.120    61819.120    61826.120
   590:    62148.120    62153.120    62308.120    62470.120    62599.120
   595:    62638.120    62768.120    62891.120    63283.120    63429.130
   600:    63764.120    64300.120    64439.120    64463.120    64620.120
   605:    64771.120    64981.120    65407.120    65588.120    65714.120
   610:    65749.120    65879.120    66005.120    66278.120    66283.120
   615:    66428.120    66921.120    67018.130    67092.120    67100.120
   620:    67225.120    67641.120    67883.120    68362.130    68498.120
   625:    68658.120    68758.130    68831.120    69311.120    69319.120
   630:    69450.120    69769.120    69934.120    70353.120    70522.120
   635:    70842.130    70937.120    70943.120    70945.740    70951.540
   640:    70951.320    70951.330    70951.350    70951.240    70951.120
   645:    71201.220    71201.230    71201.250    71201.340    71352.130
   650:    71461.120    71801.740    71869.540    71869.320    71869.330
   655:    71869.350    71869.240    71869.120    72119.220    72119.230
   660:    72119.250    72119.340    72365.130    72800.120    72808.120
   665:    72995.120    73339.120    73355.120    73581.120    74119.740
   670:    74180.540    74180.320    74180.330    74180.350    74180.240
   675:    74180.120    74188.120    74197.120    74430.220    74430.230
   680:    74430.250    74430.340    74575.130    74616.130    74879.120
   685:    75130.740    75426.540    75426.320    75426.330    75426.350
   690:    75426.240    75426.120    75442.120    75676.220    75676.230
   695:    75676.250    75676.340    75833.130    75839.130    75926.120
   700:    76419.130    76497.120    76870.120    76877.120    77262.120
   705:    77268.120    77360.130    77578.130    77674.120    77770.130
   710:    77840.120    78443.120    78452.120    78609.840    78955.640
   715:    78955.320    78955.330    78955.350    78955.240    78955.130
   720:    79205.220    79205.230    79205.250    79205.340    79403.130
   725:    79507.120    79688.120    79694.120    79702.120    79919.130
   730:    80351.120    80483.120    80490.120    80693.130    80789.120
   735:    80798.120    81080.130    81149.120    81438.120    82021.120
   740:    82359.120    82616.120    82862.130    83310.120    83318.120
   745:    83524.130    83551.130    83590.130    83667.120    83904.130
   750:    84011.120    84177.120    84276.740    84319.540    84319.320
   755:    84319.330    84319.350    84319.240    84319.120    84332.120
   760:    84340.120    84569.220    84569.230    84569.250    84569.340
   765:    84846.130    84964.120    84969.740    85187.540    85187.320
   770:    85187.330    85187.350    85187.240    85187.120    85437.220
   775:    85437.230    85437.250    85437.340    85699.120    85937.740
   780:    86013.540    86013.320    86013.330    86013.350    86013.240
   785:    86013.120    86027.120    86037.120    86263.220    86263.230
   790:    86263.250    86263.340    86405.840    86471.640    86471.320
   795:    86471.330    86471.350    86471.240    86471.130    86479.130
   800:    86721.220    86721.230    86721.250    86721.340    86763.740
   805:    86855.130    86921.840    86937.540    86937.320    86937.330
   810:    86937.350    86937.240    86937.120    86960.120    87187.220
   815:    87187.230    87187.250    87187.340    87344.640    87344.320
   820:    87344.330    87344.350    87344.240    87344.130    87594.220
   825:    87594.230    87594.250    87594.340    87868.120    87874.120
   830:    88170.120    88177.120    88642.120    88766.120    88890.120
   835:    89048.120    89426.120    89692.120    89826.120    89848.120
   840:    90101.120    90108.120    90415.120    90544.120    90552.120
   845:    90650.120    91004.120    91293.120    91299.120    91587.740
   850:    91622.540    91622.320    91622.330    91622.350    91622.240
   855:    91622.120    91872.220    91872.230    91872.250    91872.340
   860:    92067.130    92093.130    92177.120    93320.120    93721.130
   865:    93758.130    93846.120    94507.120    94949.120    94954.120
   870:    94997.120    95005.120    95161.120    95169.120    95386.130
   875:    95450.120    95647.130    95686.130    95693.130    95779.120
   880:    95945.120    96083.120    96194.840    96230.120    96590.120
   885:    96897.120    97142.120    97340.120    97472.740    97626.540
   890:    97626.320    97626.330    97626.350    97626.240    97626.120
   895:    97876.220    97876.230    97876.250    97876.340    98243.640
   900:    98243.320    98243.330    98243.350    98243.240    98243.130
   905:    98493.220    98493.230    98493.250    98493.340    98671.130
   910:    98751.120    99595.120    99730.120    99876.740   100025.540
   915:   100025.320   100025.330   100025.350   100025.240   100025.120
   920:   100193.840   100275.220   100275.230   100275.250   100275.340
   925:   100540.120   100657.640   100657.320   100657.330   100657.350
   930:   100657.240   100657.130   100675.740   100907.220   100907.230
   935:   100907.250   100907.340   101053.130   101058.130   101142.540
   940:   101142.320   101142.330   101142.350   101142.240   101142.120
   945:   101156.120   101392.220   101392.230   101392.250   101392.340
   950:   101555.130   101654.120   101792.740   101978.540   101978.320
   955:   101978.330   101978.350   101978.240   101978.120   102228.220
   960:   102228.230   102228.250   102228.340   102399.130   102804.120
   965:   102933.120   103063.120   103070.120   103077.120   103226.120
   970:   103232.120   103473.120   103719.120   103852.120   104005.120
   975:   104328.740   104558.540   104558.320   104558.330   104558.350
   980:   104558.240   104558.120   104572.120   104581.120   104808.220
   985:   104808.230   104808.250   104808.340   105074.130   105185.120
   990:   105506.120   105626.120   105632.120   105776.120   106029.120
   995:   106150.120   106560.120   106860.120   107131.120   107437.120
  1000:   107563.120   107692.120   108622.120   109097.120   109244.120
  1005:   109250.120   109670.120   109792.120   109940.120   110249.120
  1010:   110667.120   110886.130   110962.120   111065.120   111274.120
  1015:   111478.120   111899.120   112346.120   112351.120   112842.120
  1020:   112908.740   113064.130   113413.540   113413.320   113413.330
  1025:   113413.350   113413.240   113413.120   113424.120   113663.220
  1030:   113663.230   113663.250   113663.340   113885.120   114054.120
  1035:   114176.120   114297.120   114507.840   114706.120   114731.120
  1040:   114851.120   115010.120   115016.120   115043.120   115049.120
  1045:   115127.640   115127.320   115127.330   115127.350   115127.240
  1050:   115127.130   115363.740   115377.220   115377.230   115377.250
  1055:   115377.340   115578.540   115578.320   115578.330   115578.350
  1060:   115578.240   115578.120   115592.120   115600.120   115828.220
  1065:   115828.230   115828.250   115828.340   116018.120   116164.130
  1070:   116249.120   116469.120   116497.120   116501.120   116659.120
  1075:   117474.120   117482.120   117616.120   117976.120   118028.740
  1080:   118241.540   118241.320   118241.330   118241.350   118241.240
  1085:   118241.120   118491.220   118491.230   118491.250   118491.340
  1090:   118591.740   118703.540   118703.320   118703.330   118703.350
  1095:   118703.240   118703.120   118726.120   118953.220   118953.230
  1100:   118953.250   118953.340   119152.130   119158.130   119589.120
  1105:   119707.120   119856.120   119953.740   120015.540   120015.320
  1110:   120015.330   120015.350   120015.240   120015.120   120028.120
  1115:   120035.120   120043.120   120265.220   120265.230   120265.250
  1120:   120265.340   120800.120   120941.120   121040.120   121260.120
  1125:   121379.120   121512.120   121636.120   121766.120   121957.120
  1130:   121965.740   122075.540   122075.320   122075.330   122075.350
  1135:   122075.240   122075.120   122325.220   122325.230   122325.250
  1140:   122325.340   122584.130   122677.840   122681.120   122783.640
  1145:   122783.320   122783.330   122783.350   122783.240   122783.130
  1150:   122790.130   123033.220   123033.230   123033.250   123033.340
  1155:   123153.130   123372.120   123433.840   123496.120   123502.120
  1160:   123764.120   124399.120   124629.120   124894.120   124922.120
  1165:   125052.120   125219.120   125335.120   125341.120   125490.120
  1170:   125604.120   125768.120   126090.120   126317.120   127031.120
  1175:   127402.120   127409.120   128147.120   128522.120   128701.120
  1180:   128863.120   129312.640   129312.320   129312.330   129312.350
  1185:   129312.240   129312.130   129562.220   129562.230   129562.250
  1190:   129562.340   129797.120   130228.120   130701.120   130706.120
  1195:   130713.120   131057.120   131175.120   131480.120   131877.120
  1200:   132033.120   132377.120   132383.120   132425.740   132563.130
  1205:   132628.540   132628.320   132628.330   132628.350   132628.240
  1210:   132628.120   132647.120   132878.220   132878.230   132878.250
  1215:   132878.340   133095.130   133100.130   133186.120   133396.120
  1220:   133516.130   133578.740   133598.540   133598.320   133598.330
  1225:   133598.350   133598.240   133598.120   133611.120   133848.220
  1230:   133848.230   133848.250   133848.340   134047.130   134077.130
  1235:   134154.120   134320.120   134448.740   134623.540   134623.320
  1240:   134623.330   134623.350   134623.240   134623.120   134634.120
  1245:   134642.120   134873.220   134873.230   134873.250   134873.340
  1250:   135048.130   135138.120   135258.130   135385.120   135544.120
  1255:   135962.840   136191.120   136310.120   136548.120   136965.120
  1260:   137087.120   137370.120   137374.120   137700.120   137853.120
  1265:   137859.120   138020.120   138145.120   138182.120   138187.120
  1270:   138592.120   138817.120   138943.120   139072.640   139072.320
  1275:   139072.330   139072.350   139072.240   139072.130   139322.220
  1280:   139322.230   139322.250   139322.340   139536.120   139543.120
  1285:   139693.120   139914.120   140013.130   140093.120   140226.120
  1290:   140250.120   140354.130   140703.120   140916.130   140923.130
  1295:   141164.120   141340.120   141376.120   141468.130   141539.120
  1300:   141684.120   141778.130   141842.120   141943.130   142018.120
  1305:   142150.120   142180.120   142412.130   142645.120   142743.130
  1310:   142814.120   143111.130   143419.120   143557.120   143959.120
  1315:   144082.120   144245.130   144325.120   144534.130   144734.120
  1320:   145099.120   145105.120   145332.120   145439.120   145445.120
  1325:   145639.120   145740.120   146108.130   146184.120   146334.120
  1330:   146851.120   146975.130   147067.120   147667.130   147729.120
  1335:   147950.120   148307.120   148447.120   148543.130   149510.120
  1340:   149695.130   150047.130   150130.120   150418.130   150573.740
  1345:   150662.130   150740.540   150740.320   150740.330   150740.350
  1350:   150740.240   150740.120   150990.220   150990.230   150990.250
  1355:   150990.340   151192.130   151289.120   151451.120   151613.120
  1360:   151733.130   151894.130   151956.120   152078.120   152771.120
  1365:   153001.120   153462.120   153701.120   153707.120   154336.130
  1370:   154435.120   154490.740   154669.540   154669.320   154669.330
  1375:   154669.350   154669.240   154669.120   154680.120   154919.220
  1380:   154919.230   154919.250   154919.340   155219.740   155229.130
  1385:   155267.130   155537.540   155537.320   155537.330   155537.350
  1390:   155537.240   155537.120   155560.120   155787.220   155787.230
  1395:   155787.250   155787.340   155922.130   156087.740   156173.540
  1400:   156173.320   156173.330   156173.350   156173.240   156173.120
  1405:   156185.120   156191.120   156423.220   156423.230   156423.250
  1410:   156423.340   156549.130   156554.130   156630.120   156771.120
  1415:   156962.130   157027.120   157159.120   157295.120   157546.120
  1420:   157572.120   157579.120   157722.840   157727.120   157938.120
  1425:   158267.120   158388.120   158503.120   158798.120   158886.640
  1430:   158886.320   158886.330   158886.350   158886.240   158886.130
  1435:   159136.220   159136.230   159136.250   159136.340   159323.740
  1440:   159336.540   159336.320   159336.330   159336.350   159336.240
  1445:   159336.120   159343.120   159349.120   159586.220   159586.230
  1450:   159586.250   159586.340   159800.120   159949.120   159955.120
  1455:   160267.120   160509.130   160571.120   160843.120   161000.120
  1460:   161266.120   161607.130   161792.130   161862.120   161867.120
  1465:   162430.130   162690.120   162850.120   163021.120   163149.120
  1470:   163712.120   163874.120   164060.130   164139.120   164409.130
  1475:   164435.130   164522.120   164767.120   164773.120   164781.120
  1480:   165010.120   165231.120   165387.120   165624.130   165701.120
  1485:   165976.120   166103.120   166131.120   166137.120   166355.120
  1490:   166390.120   166397.120   166540.120   166586.740   166756.540
  1495:   166756.320   166756.330   166756.350   166756.240   166756.120
  1500:   166777.120   167006.220   167006.230   167006.250   167006.340
  1505:   167185.130   167481.120   167680.120   167776.130   168012.120
  1510:   168040.120   168167.120   168202.120   168317.120   168466.120
  1515:   168581.130   168829.120   168949.120   169184.120   169492.120
  1520:   169625.120   169862.120   170040.120   170047.120   170170.120
  1525:   170351.130   170762.120   171247.120   171336.840   171373.120
  1530:   171617.120   171716.120   171985.120   172032.120   172295.640
  1535:   172295.320   172295.330   172295.350   172295.240   172295.130
  1540:   172545.220   172545.230   172545.250   172545.340   172713.120
  1545:   172813.130   172896.120   173077.120   173281.120   173467.120
  1550:   173557.130   173647.120   174075.120   174193.130   174365.130
  1555:   174604.120   174782.120   174789.120   174806.740   174905.540
  1560:   174905.320   174905.330   174905.350   174905.240   174905.120
  1565:   174927.120   175155.220   175155.230   175155.250   175155.340
  1570:   175355.740   175366.130   175394.130   175492.540   175492.320
  1575:   175492.330   175492.350   175492.240   175492.120   175742.220
  1580:   175742.230   175742.250   175742.340   175969.120   175975.120
  1585:   176101.120   176185.130   176251.120   176379.120   176511.120
  1590:   176789.120   177051.120   177084.120   177145.840   177212.120
  1595:   177373.120   177513.120   177794.120   178091.120   178123.120
  1600:   178558.120   178962.120   178969.120   179175.120   179540.120
  1605:   179546.120   179553.120   179840.120   180023.640   180023.320
  1610:   180023.330   180023.350   180023.240   180023.130   180273.220
  1615:   180273.230   180273.250   180273.340   180542.120   180728.120
  1620:   181030.120   181386.120   181558.120   181690.120   181937.120
  1625:   182142.740   182242.540   182242.320   182242.330   182242.350
  1630:   182242.240   182242.120   182254.120   182261.120   182492.220
  1635:   182492.230   182492.250   182492.340   182626.130   182631.130
  1640:   182658.130   182724.120   182892.740   182909.540   182909.320
  1645:   182909.330   182909.350   182909.240   182909.120   182922.120
  1650:   182930.120   183159.220   183159.230   183159.250   183159.340
  1655:   183302.130   183392.120   183505.130   183512.130   183587.120
  1660:   183742.120   183866.120   184010.120   184138.120   184264.120
  1665:   184389.120   184559.740   184945.540   184945.320   184945.330
  1670:   184945.350   184945.240   184945.120   184952.120   184959.120
  1675:   184966.120   185195.220   185195.230   185195.250   185195.340
  1680:   185347.130   185429.120   185784.120   185795.740   185983.540
  1685:   185983.320   185983.330   185983.350   185983.240   185983.120
  1690:   186004.120   186233.220   186233.230   186233.250   186233.340
  1695:   186414.120   186570.130   186643.120   186801.120   186933.120
  1700:   187147.120   187284.120   187480.120   187651.120   187853.120
  1705:   188078.120   188200.120   188347.120   188498.120   188505.120
  1710:   188589.120   188596.120   188788.120   188892.130   188964.120
  1715:   188971.120   189227.120   189405.120   189752.120   189887.130
  1720:   190172.120   190305.120   190926.120   191170.120   191331.120
  1725:   191822.120   192225.130   192608.120   192971.130   193336.120
  1730:   193505.130   193536.130   194133.740   194318.540   194318.320
  1735:   194318.330   194318.350   194318.240   194318.120   194326.120
  1740:   194334.120   194568.220   194568.230   194568.250   194568.340
  1745:   195027.120   195068.740   195289.130   195360.540   195360.320
  1750:   195360.330   195360.350   195360.240   195360.120   195377.120
  1755:   195610.220   195610.230   195610.250   195610.340   195849.130
  1760:   195939.120   196052.120   196059.120   196197.120   196328.120
  1765:   196499.120   196626.120   196662.120   197330.120   197575.120
  1770:   197801.120   198062.120   198142.120   198346.130   198425.120
  1775:   198594.120   199013.120   199117.130   199204.120   199694.120
  1780:   199836.130   199900.120   200088.120   200244.120   200525.120
  1785:   201110.740   201278.540   201278.320   201278.330   201278.350
  1790:   201278.240   201278.120   201291.120   201299.120   201528.220
  1795:   201528.230   201528.250   201528.340   201653.130   201736.120
  1800:   201936.120   201965.120   202138.120   202301.120   202496.120
  1805:   202637.120   202724.130   202787.120   202907.120   203032.120
  1810:   203534.130   203605.120   203708.130   203789.120   203821.120
  1815:   203953.130   204033.120   204211.120   204439.120   204603.120
  1820:   204811.130   204928.740   205634.540   205634.320   205634.330
  1825:   205634.350   205634.240   205634.120   205647.120   205884.220
  1830:   205884.230   205884.250   205884.340   206185.130   206192.130
  1835:   206226.130   206318.120   206483.130   206492.130   206566.120
  1840:   206728.120   206850.120   207173.120   207179.120   207448.120
  1845:   207703.120   207892.120   208022.120   208173.120   208268.120
  1850:   208488.120   208784.740   208858.540   208858.320   208858.330
  1855:   208858.350   208858.240   208858.120   208872.120   209108.220
  1860:   209108.230   209108.250   209108.340   209342.130   209431.120
  1865:   209646.120   209822.120   209977.120   209983.120   210102.120
  1870:   210391.120   210548.120   210670.120   210701.120   210773.840
  1875:   210823.120   210901.640   210901.320   210901.330   210901.350
  1880:   210901.240   210901.130   211151.220   211151.230   211151.250
  1885:   211151.340   211319.130   211425.120   211565.120   211693.120
  1890:   211848.120   211978.120   211985.120   212125.120   212414.120
  1895:   212420.120   212503.120   212761.120   212888.120   212908.740
  1900:   213136.540   213136.320   213136.330   213136.350   213136.240
  1905:   213136.120   213386.220   213386.230   213386.250   213386.340
  1910:   213544.120   213550.120   213663.130   213769.120   213775.120
  1915:   214380.120   214549.130   214634.120   214784.130   215018.120
  1920:   215117.130   215146.130   215482.120   215675.120   215686.740
  1925:   215802.540   215802.320   215802.330   215802.350   215802.240
  1930:   215802.120   215817.120   215825.120   216052.220   216052.230
  1935:   216052.250   216052.340   216223.130   216303.120   216309.120
  1940:   216536.120   216686.120   216807.120   216949.120   217078.120
  1945:   217113.120   217347.120   217351.840   217510.120   217548.120
  1950:   217802.120   217965.120   218136.120   218277.120   218452.740
  1955:   218564.540   218564.320   218564.330   218564.350   218564.240
  1960:   218564.120   218580.120   218814.220   218814.230   218814.250
  1965:   218814.340   219018.640   219018.320   219018.330   219018.350
  1970:   219018.240   219018.130   219268.220   219268.230   219268.250
  1975:   219268.340   219471.120   219504.120   219510.120   219933.120
  1980:   220200.120   220235.120   220414.740   220551.130   220662.540
  1985:   220662.320   220662.330   220662.350   220662.240   220662.120
  1990:   220678.120   220912.220   220912.230   220912.250   220912.340
  1995:   221058.130   221145.120   221333.120   221339.120   221412.740
  2000:   221508.540   221508.320   221508.330   221508.350   221508.240
  2005:   221508.120   221522.120   221758.220   221758.230   221758.250
  2010:   221758.340   221768.840   221969.640   221969.320   221969.330
  2015:   221969.350   221969.240   221969.130   222219.220   222219.230
  2020:   222219.250   222219.340   222360.130   222366.130   222446.120
  2025:   222451.120   222458.740   222460.540   222460.320   222460.330
  2030:   222460.350   222460.240   222460.120   222710.220   222710.230
  2035:   222710.250   222710.340   222879.120   222910.120   222916.120
  2040:   223067.130   223110.740   223138.540   223138.320   223138.330
  2045:   223138.350   223138.240   223138.120   223153.120   223159.120
  2050:   223388.220   223388.230   223388.250   223388.340   223570.120
  2055:   223779.120   223910.120   223918.120   224121.120   224128.120
  2060:   224277.120   224397.130   224464.120   224587.120   224723.120
  2065:   224997.120   225148.120   225299.120   225555.120   225699.120
  2070:   225927.120   226590.120   226981.120   227175.120   227262.130
  2075:   227337.120   227848.120   227973.120   227979.120   228005.120
  2080:   228155.120   228280.120   228459.120   228602.120   228770.120
  2085:   228898.120   228903.120   229105.120   229228.120   229339.120
  2090:   229557.120   229568.120   229777.120   230105.120   230267.120
  2095:   230302.120   230680.120   230688.740   230831.540   230831.320
  2100:   230831.330   230831.350   230831.240   230831.120   230849.120
  2105:   230855.120   231081.220   231081.230   231081.250   231081.340
  2110:   231274.120   231280.120   231399.130   231485.120   231661.120
  2115:   231694.120   231861.120   231986.120   232124.120   232130.120
  2120:   232138.120   232281.120   232742.120   232952.120   233079.120
  2125:   233240.120   233361.120   233514.120   233781.120   233881.740
  2130:   234254.540   234254.320   234254.330   234254.350   234254.240
  2135:   234254.120   234267.120   234504.220   234504.230   234504.250
  2140:   234504.340   234715.130   234725.130   234757.130   234863.120
  2145:   235071.120   235077.120   235275.120   235281.120   235313.120
  2150:   235466.120   235504.740   235875.540   235875.320   235875.330
  2155:   235875.350   235875.240   235875.120   236125.220   236125.230
  2160:   236125.250   236125.340   236266.130   236373.120   236563.120
  2165:   236703.120   236709.120   236996.120   237309.130   237376.120
  2170:   237383.120   237594.120   237601.120   237733.120   237895.120
  2175:   238054.120   238225.740   238288.130   238392.540   238392.320
  2180:   238392.330   238392.350   238392.240   238392.120   238407.120
  2185:   238642.220   238642.230   238642.250   238642.340   238767.130
  2190:   238846.120   238852.120   239062.120   239068.120   239205.120
  2195:   239219.840   239342.120   239470.120   239608.120   239681.640
  2200:   239681.320   239681.330   239681.350   239681.240   239681.130
  2205:   239694.130   239931.220   239931.230   239931.250   239931.340
  2210:   240151.120   240309.120   240476.120   240731.840   240769.120
  2215:   240907.120   240936.120   241105.120   241118.120   241265.120
  2220:   241342.740   241382.540   241382.320   241382.330   241382.350
  2225:   241382.240   241382.120   241395.120   241403.120   241632.220
  2230:   241632.230   241632.250   241632.340   241793.640   241793.320
  2235:   241793.330   241793.350   241793.240   241793.130   242043.220
  2240:   242043.230   242043.250   242043.340   242161.130   242246.120
  2245:   242252.120   242402.120   242532.740   242560.540   242560.320
  2250:   242560.330   242560.350   242560.240   242560.120   242575.120
  2255:   242582.120   242810.220   242810.230   242810.250   242810.340
  2260:   243232.120   243362.120   243451.130   243524.120   243606.130
  2265:   243812.120   243935.120   243963.120   243972.120   244346.120
  2270:   245138.120   245485.120   245661.120   245965.120   246090.120
  2275:   246097.120   246124.120   246334.120   246410.740   246459.540
  2280:   246459.320   246459.330   246459.350   246459.240   246459.120
  2285:   246472.120   246709.220   246709.230   246709.250   246709.340
  2290:   246919.130   247006.120   247014.120   247222.120   247310.130
  2295:   247376.120   247502.120   247811.120   247935.120   248082.120
  2300:   248501.120   248624.120   248643.840   248784.120   248910.120
  2305:   249038.120   249405.120   249439.120   249670.640   249670.320
  2310:   249670.330   249670.350   249670.240   249670.130   249675.130
  2315:   249920.220   249920.230   249920.250   249920.340   250087.130
  2320:   250167.120   250174.120   250324.120   250500.120   250636.120
  2325:   250672.120   250678.120   250819.120   250824.120   250982.120
  2330:   251264.120   251271.120   251405.120   251508.130   251725.120
  2335:   251850.120   252008.120   252289.120   252413.120   252452.120
  2340:   252609.740   252661.540   252661.320   252661.330   252661.350
  2345:   252661.240   252661.120   252674.120   252911.220   252911.230
  2350:   252911.250   252911.340   253111.740   253169.130   253263.540
  2355:   253263.320   253263.330   253263.350   253263.240   253263.120
  2360:   253271.120   253277.120   253286.120   253513.220   253513.230
  2365:   253513.250   253513.340   253626.130   253711.120   253904.120
  2370:   254093.120   254253.120   254279.120   254403.120   254543.120
  2375:   254664.120   254785.120   254820.840   254906.120   255031.120
  2380:   255065.120   255184.120   255449.120   255821.120   256140.640
  2385:   256140.320   256140.330   256140.350   256140.240   256140.130
  2390:   256390.220   256390.230   256390.250   256390.340   256685.120
  2395:   256692.120   256796.130   256891.130   256897.130   256913.740
  2400:   256985.540   256985.320   256985.330   256985.350   256985.240
  2405:   256985.120   256991.120   256998.120   257005.120   257235.220
  2410:   257235.230   257235.250   257235.340   257435.740   257503.540
  2415:   257503.320   257503.330   257503.350   257503.240   257503.120
  2420:   257518.120   257753.220   257753.230   257753.250   257753.340
  2425:   257921.120   257927.120   258121.120   258128.120   258214.130
  2430:   258399.120   258520.120   258662.120   258668.120   258796.120
  2435:   259062.120   259153.740   259311.540   259311.320   259311.330
  2440:   259311.350   259311.240   259311.120   259334.120   259561.220
  2445:   259561.230   259561.250   259561.340   259715.130   259801.120
  2450:   260024.120   260030.120   260039.120   260182.120   260315.120
  2455:   260341.120   260349.120   260469.120   260475.120   260596.120
  2460:   260716.120   260855.120   260861.740   260861.120   260957.130
  2465:   261025.540   261025.320   261025.330   261025.350   261025.240
  2470:   261025.120   261039.120   261275.220   261275.230   261275.250
  2475:   261275.340   261493.130   261591.120   261935.120   262065.120
  2480:   262202.120   262232.120   262353.120   262475.740   262618.540
  2485:   262618.320   262618.330   262618.350   262618.240   262618.120
  2490:   262868.220   262868.230   262868.250   262868.340   263029.130
  2495:   263037.130   263043.130   263123.120   263291.120   263298.120
  2500:   263443.120   263522.130   263530.130   263603.120   263757.120
  2505:   263881.120   264246.120   264550.120   264827.120   264956.120
  2510:   264962.120   265126.120   265306.120   265431.120   265637.120
  2515:   265768.740   266052.540   266052.320   266052.330   266052.350
  2520:   266052.240   266052.120   266066.120   266075.120   266302.220
  2525:   266302.230   266302.250   266302.340   266587.130   266690.120
  2530:   266872.120   266995.120   267149.120   267155.120   267305.120
  2535:   267335.120   267884.120   268053.120   268138.130   268163.130
  2540:   268231.120   268238.120   268391.120   268531.120   268658.120
  2545:   268666.120   268815.120   268937.120   269069.120   269221.120
  2550:   269346.120   269471.120   269619.120   269690.840   269873.120
  2555:   270044.640   270044.320   270044.330   270044.350   270044.240
  2560:   270044.130   270294.220   270294.230   270294.250   270294.340
  2565:   270510.130   270545.130   270617.120   270623.120   270632.120
  2570:   270755.130   270917.130   270996.120   271143.120   271270.120
  2575:   271467.120   271598.120   271746.120   271872.120   271911.120
  2580:   272035.120   272203.120   272508.120   272660.120   273027.120
  2585:   273367.120   273616.120   273794.120   274063.120   274244.120
  2590:   274366.120   274373.120   274602.740   274643.540   274643.320
  2595:   274643.330   274643.350   274643.240   274643.120   274893.220
  2600:   274893.230   274893.250   274893.340   275098.130   275140.130
  2605:   275446.120   275627.120   275833.120   275990.120   276419.120
  2610:   276711.120   276944.120   277053.120   277061.120   277206.120
  2615:   277394.120   278219.120   278524.120   279080.120   279869.120
  2620:   280002.120   280299.120   280854.120   281010.120   281148.120
  2625:   281290.120   281420.120   282162.120   282290.120   282469.120
  2630:   282593.120   282893.740   282912.130   283484.540   283484.320
  2635:   283484.330   283484.350   283484.240   283484.120   283499.120
  2640:   283509.120   283734.220   283734.230   283734.250   283734.340
  2645:   283884.130   283913.130   284192.120   284493.120   284806.120
  2650:   285074.120   285204.120   285344.120   285576.120   285709.120
  2655:   285903.120   286160.120   286326.120   286332.120   286530.130
  2660:   286599.120   286703.120   286855.120   287081.120   287117.120
  2665:   287407.120   287546.120   287626.120   287802.120   288043.120
  2670:   288194.120   288337.130   288373.130   288454.120   288734.740
  2675:   288756.540   288756.320   288756.330   288756.350   288756.240
  2680:   288756.120   289006.220   289006.230   289006.250   289006.340
  2685:   289094.840   289219.120   289257.120   289264.120   289310.120
  2690:   289482.120   289714.120   289916.120   290235.120   290326.640
  2695:   290326.320   290326.330   290326.350   290326.240   290326.130
  2700:   290576.220   290576.230   290576.250   290576.340   290753.120
  2705:   290759.120   290793.120   290881.130   290951.120   291115.120
  2710:   291193.130   291389.120   291820.120   291968.120   292156.120
  2715:   292301.120   292451.120   292456.120   292574.120   292883.120
  2720:   293019.120   293174.120   293181.120   293387.120   293406.740
  2725:   293567.130   293638.540   293638.320   293638.330   293638.350
  2730:   293638.240   293638.120   293652.120   293888.220   293888.230
  2735:   293888.250   293888.340   294054.130   294067.130   294101.130
  2740:   294140.130   294236.120   294388.130   294397.130   294483.120
  2745:   294489.120   294520.120   294680.120   294809.120   294888.740
  2750:   294975.540   294975.320   294975.330   294975.350   294975.240
  2755:   294975.120   295225.220   295225.230   295225.250   295225.340
  2760:   295348.130   295353.130   295373.130   295621.120   295778.120
  2765:   295818.120   296150.120   296296.120   296435.120   296591.120
  2770:   296895.120   297228.130   297304.120   297450.120   297594.120
  2775:   297722.120   297728.120   297924.120   297929.120   298090.120
  2780:   298214.120   298289.120   298645.120   298816.120   298980.120
  2785:   299187.120   299318.120   299406.130   299412.130   299489.120
  2790:   299616.120   299975.120   300144.130   300239.120   300403.120
  2795:   300533.120   300711.120   300983.130   301072.120   301197.120
  2800:   301331.120   301477.120   301694.120   301892.120   302048.120
  2805:   302055.120   302175.130   302293.120   302390.130   302563.130
  2810:   302632.120   302730.130   302816.120   303044.120   303497.120
  2815:   303666.130   303676.840   303700.640   303700.320   303700.330
  2820:   303700.350   303700.240   303700.130   303950.220   303950.230
  2825:   303950.250   303950.340   304148.120   304155.120   304190.120
  2830:   304299.130   304372.120   304406.120   304516.130   304609.120
  2835:   304780.120   304870.130   304949.120   305038.130   305221.130
  2840:   305299.120   305332.120   305406.130   305434.130   305497.120
  2845:   305587.130   305596.130   305714.120   305812.130   305883.120
  2850:   305973.130   305998.130   306025.740   306070.540   306070.320
  2855:   306070.330   306070.350   306070.240   306070.120   306079.120
  2860:   306085.120   306320.220   306320.230   306320.250   306320.340
  2865:   306476.130   306658.130   306681.130   306743.120   306750.120
  2870:   306920.120   307030.130   307191.130   307219.130   307282.120
  2875:   307465.120   307584.120   307730.120   307850.120   307973.120
  2880:   308120.740   308139.540   308139.320   308139.330   308139.350
  2885:   308139.240   308139.120   308154.120   308162.120   308389.220
  2890:   308389.230   308389.250   308389.340   308533.130   308623.120
  2895:   308629.120   308737.130   308823.120   309005.120   309178.120
  2900:   309285.130   309367.120   309373.120   309475.130   309543.120
  2905:   309660.120   309911.130   309974.120   310064.130   310300.120
  2910:   310597.120   310818.130   310844.130   310916.120   311151.120
  2915:   311272.120   311423.120   311547.120   311585.120   311589.740
  2920:   311806.540   311806.320   311806.330   311806.350   311806.240
  2925:   311806.120   312056.220   312056.230   312056.250   312056.340
  2930:   312191.130   312196.130   312208.130   312256.740   312329.540
  2935:   312329.320   312329.330   312329.350   312329.240   312329.120
  2940:   312579.220   312579.230   312579.250   312579.340   312738.120
  2945:   312743.120   312776.120   312936.120   313084.120   313172.130
  2950:   313261.120   313479.740   313647.130   313722.540   313722.320
  2955:   313722.330   313722.350   313722.240   313722.120   313737.120
  2960:   313972.220   313972.230   313972.250   313972.340   314072.740
  2965:   314192.130   314198.130   314280.540   314280.320   314280.330
  2970:   314280.350   314280.240   314280.120   314295.120   314303.120
  2975:   314530.220   314530.230   314530.250   314530.340   314688.130
  2980:   314775.120   314782.120   314791.120   314930.740   314948.540
  2985:   314948.320   314948.330   314948.350   314948.240   314948.120
  2990:   314963.120   315198.220   315198.230   315198.250   315198.340
  2995:   315365.130   315473.120   315649.120   315655.120   315738.130
  3000:   315810.130   315907.120   316085.120   316091.120   316378.120
  3005:   316574.120   316723.120   316883.130   317216.120   317474.120
  3010:   317666.120   317793.120   317850.840   318090.120   318315.640
  3015:   318315.320   318315.330   318315.350   318315.240   318315.130
  3020:   318565.220   318565.230   318565.250   318565.340   318728.130
  3025:   318802.120   318809.120   318818.120   319035.130   319102.130
  3030:   319110.130   319234.120   319325.130   319398.740   319415.540
  3035:   319415.320   319415.330   319415.350   319415.240   319415.120
  3040:   319428.120   319437.120   319665.220   319665.230   319665.250
  3045:   319665.340   319874.120   320079.120   320085.120   320228.120
  3050:   320265.740   320390.540   320390.320   320390.330   320390.350
  3055:   320390.240   320390.120   320403.120   320412.120   320640.220
  3060:   320640.230   320640.250   320640.340   320908.130   321024.120
  3065:   321171.120   321341.120   321368.120   321375.120   321450.130
  3070:   321457.130   321613.130   321683.120   321825.120   321960.120
  3075:   322240.740   322362.540   322362.320   322362.330   322362.350
  3080:   322362.240   322362.120   322612.220   322612.230   322612.250
  3085:   322612.340   322765.130   322790.130   322881.120   323023.130
  3090:   323105.120   323342.130   323410.120   323528.120   323687.120
  3095:   323773.130   323862.120   323982.120   324106.120   324235.130
  3100:   324298.120   324312.740   324398.130   324472.540   324472.320
  3105:   324472.330   324472.350   324472.240   324472.120   324486.120
  3110:   324722.220   324722.230   324722.250   324722.340   324910.130
  3115:   324991.120   324997.120   325184.120   325191.120   325377.120
  3120:   325385.120   325530.120   325660.120   325786.120   326177.120
  3125:   326322.120   326443.120   326473.120   326480.120   326553.130
  3130:   326802.120   326865.840   326933.120   327134.120   327312.120
  3135:   327322.740   327465.540   327465.320   327465.330   327465.350
  3140:   327465.240   327465.120   327715.220   327715.230   327715.250
  3145:   327715.340   327961.120   328115.740   328137.540   328137.320
  3150:   328137.330   328137.350   328137.240   328137.120   328387.220
  3155:   328387.230   328387.250   328387.340   328487.740   328631.540
  3160:   328631.320   328631.330   328631.350   328631.240   328631.120
  3165:   328646.120   328654.120   328881.220   328881.230   328881.250
  3170:   328881.340   329089.640   329089.320   329089.330   329089.350
  3175:   329089.240   329089.130   329095.130   329339.220   329339.230
  3180:   329339.250   329339.340   329501.130   329508.130   329523.130
  3185:   329540.130   329570.130   329752.120   329781.740   329921.540
  3190:   329921.320   329921.330   329921.350   329921.240   329921.120
  3195:   329935.120   330171.220   330171.230   330171.250   330171.340
  3200:   330371.740   330403.540   330403.320   330403.330   330403.350
  3205:   330403.240   330403.120   330418.120   330653.220   330653.230
  3210:   330653.250   330653.340   330863.120   330870.120   331191.120
  3215:   331197.120   331282.130   331491.120   331498.120   331611.120
  3220:   331638.120   331646.120   331784.120   331924.120   332046.120
  3225:   332139.840   332207.120   332343.120   332492.120   332640.120
  3230:   332647.120   332787.120   333089.120   333217.120   333499.640
  3235:   333499.320   333499.330   333499.350   333499.240   333499.130
  3240:   333749.220   333749.230   333749.250   333749.340   333879.130
  3245:   333885.130   333913.130   333991.120   334032.120   334144.130
  3250:   334223.120   334400.120   334580.120   334731.120   334888.120
  3255:   335087.120   335113.120   335242.120   335253.740   335395.540
  3260:   335395.320   335395.330   335395.350   335395.240   335395.120
  3265:   335401.120   335408.120   335415.120   335645.220   335645.230
  3270:   335645.250   335645.340   335801.130   336047.120   336145.130
  3275:   336370.120   336377.120   336411.120   336546.120   336822.120
  3280:   336943.120   337100.120   337588.120   337671.130   337735.120
  3285:   337742.120   337864.120   338040.120   338180.120   338607.120
  3290:   338731.120   339088.120   339249.120   339394.120   339641.130
  3295:   339842.120   340109.120   340261.120   340429.120   340580.120
  3300:   340845.740   340862.540   340862.320   340862.330   340862.350
  3305:   340862.240   340862.120   340883.120   341112.220   341112.230
  3310:   341112.250   341112.340   341278.130   341282.130   341309.130
  3315:   341409.120   341412.740   341529.540   341529.320   341529.330
  3320:   341529.350   341529.240   341529.120   341535.120   341544.120
  3325:   341779.220   341779.230   341779.250   341779.340   341922.130
  3330:   341927.130   342035.120   342123.120   342211.130   342294.120
  3335:   342324.120   342488.120   342630.120   342752.120   342876.120
  3340:   343007.120   343157.120   343249.840   343439.120   344090.120
  3345:   344232.120   344482.120   344495.120   344649.120   344902.120
  3350:   345041.120   345303.120   345341.120   345489.120   345615.120
  3355:   345650.120   345879.740   345899.540   345899.320   345899.330
  3360:   345899.350   345899.240   345899.120   346149.220   346149.230
  3365:   346149.250   346149.340   346278.640   346278.320   346278.330
  3370:   346278.350   346278.240   346278.130   346283.130   346528.220
  3375:   346528.230   346528.250   346528.340   346767.130   346865.120
  3380:   346915.120   346921.120   347105.120   347142.120   347186.120
  3385:   347352.120   347496.120   347502.120   347530.120   347537.120
  3390:   347549.740   347691.540   347691.320   347691.330   347691.350
  3395:   347691.240   347691.120   347698.120   347706.120   347941.220
  3400:   347941.230   347941.250   347941.340   348128.840   348132.640
  3405:   348132.320   348132.330   348132.350   348132.240   348132.130
  3410:   348341.740   348382.220   348382.230   348382.250   348382.340
  3415:   348550.130   348634.540   348634.320   348634.330   348634.350
  3420:   348634.240   348634.120   348648.120   348884.220   348884.230
  3425:   348884.250   348884.340   349025.130   349031.130   349131.120
  3430:   349342.120   349349.120   349380.120   349539.120   349546.120
  3435:   349586.120   349705.120   349881.120   350037.120   350155.120
  3440:   350306.120   350625.120   350727.130   350832.120   351000.120
  3445:   351465.120   351587.120   351741.120   351812.120   352184.740
  3450:   352383.540   352383.320   352383.330   352383.350   352383.240
  3455:   352383.120   352395.120   352633.220   352633.230   352633.250
  3460:   352633.340   352787.130   352865.120   352873.120   353058.120
  3465:   353063.120   353239.120   353271.120   353278.120   353333.740
  3470:   353435.540   353435.320   353435.330   353435.350   353435.240
  3475:   353435.120   353443.120   353685.220   353685.230   353685.250
  3480:   353685.340   353838.130   353843.130   353931.120   353964.120
  3485:   354111.120   354117.120   354254.120   354260.120   354394.120
  3490:   354572.120   354716.120   354836.120   354842.120   354866.120
  3495:   355006.120   355129.120   355136.120   355167.120   355289.120
  3500:   355322.120   355444.120   355451.120   355477.120   355621.120
  3505:   355700.130   355782.840   355887.120   355923.120   356007.640
  3510:   356007.320   356007.330   356007.350   356007.240   356007.130
  3515:   356085.740   356257.220   356257.230   356257.250   356257.340
  3520:   356425.540   356425.320   356425.330   356425.350   356425.240
  3525:   356425.120   356431.120   356437.120   356444.120   356675.220
  3530:   356675.230   356675.250   356675.340   356848.120   356884.120
  3535:   356975.740   357073.540   357073.320   357073.330   357073.350
  3540:   357073.240   357073.120   357087.120   357323.220   357323.230
  3545:   357323.250   357323.340   357613.120   357647.120   357653.120
  3550:   357790.130   357876.120   358053.120   358221.120   358249.120
  3555:   358385.120   358417.120   358504.130   358573.120   358606.120
  3560:   358857.120   358979.120   359115.120   359238.120   359368.120
  3565:   359410.120   359594.120   359716.120   359848.120   359982.120
  3570:   359990.120   360000.320   360000.330   360000.350   360000.020
C:
     0:        0.000     1697.000      380.000      114.000       35.000
     5:        0.000
D:
     0:        0.000        0.000
L:
     0:      333.000      333.000      333.000
M:
     0:      900.000      901.000      902.000      903.000      904.000
     5:      905.000      906.000      907.000      908.000      909.000
    10:      910.000      911.000      912.000      913.000      914.000
    15:      915.000      916.000      917.000      918.000      919.000
    20:      920.000      921.000      922.000      923.000      924.000
    25:      925.000      926.000      927.000      928.000      929.000
    30:      930.000      931.000      932.000      933.000      934.000
    35:      935.000      936.000      937.000      938.000      939.000
    40:      940.000      941.000      942.000      943.000      944.000
    45:      945.000      946.000      947.000      948.000      949.000
    50:      950.000      951.000      952.000      953.000      954.000
    55:      955.000      956.000      957.000      958.000      959.000
    60:      960.000      961.000      962.000      963.000      964.000
    65:      965.000      966.000      967.000      968.000      969.000
    70:      970.000      971.000      972.000      973.000      974.000
    75:      975.000      976.000      977.000      978.000      979.000
    80:      980.000      981.000      982.000      983.000      984.000
    85:      985.000      986.000      987.000      988.000      989.000
    90:      990.000      991.000      992.000      993.000      994.000
    95:      995.000      996.000      997.000      998.000      999.000
   100:     1000.000     1001.000     1002.000     1003.000     1004.000
   105:     1005.000     1006.000     1007.000     1008.000     1009.000
   110:     1010.000     1011.000     1012.000     1013.000     1014.000
   115:     1015.000     1016.000     1017.000     1018.000     1019.000
   120:     1020.000     1021.000     1022.000     1023.000     1024.000
   125:     1025.000     1026.000     1027.000     1028.000     1029.000
   130:     1030.000     1031.000     1032.000     1033.000     1034.000
   135:     1035.000     1036.000     1037.000     1038.000     1039.000
   140:     1040.000     1041.000     1042.000     1043.000     1044.000
   145:     1045.000     1046.000     1047.000     1048.000     1049.000
   150:     1050.000     1051.000     1052.000     1053.000     1054.000
   155:     1055.000     1056.000     1057.000     1058.000     1059.000
   160:     1060.000     1061.000     1062.000     1063.000     1064.000
   165:     1065.000     1066.000     1067.000     1068.000     1069.000
   170:     1070.000     1071.000     1072.000     1073.000     1074.000
   175:     1075.000     1076.000     1077.000     1078.000     1079.000
   180:     1080.000     1081.000     1082.000     1083.000     1084.000
   185:     1085.000     1086.000     1087.000     1088.000     1089.000
   190:     1090.000     1091.000     1092.000     1093.000     1094.000
   195:     1095.000     1096.000     1097.000     1098.000     1099.000
   200:     1100.000     1101.000     1102.000     1103.000     1104.000
   205:     1105.000     1106.000     1107.000     1108.000     1109.000
   210:     1110.000     1111.000     1112.000     1113.000     1114.000
   215:     1115.000     1116.000     1117.000     1118.000     1119.000
   220:     1120.000     1121.000     1122.000     1123.000     1124.000
   225:     1125.000     1126.000     1127.000     1128.000     1129.000
   230:     1130.000     1131.000     1132.000     1133.000     1134.000
   235:     1135.000     1136.000     1137.000     1138.000     1139.000
   240:     1140.000     1141.000     1142.000     1143.000     1144.000
   245:     1145.000     1146.000     1147.000     1148.000     1149.000
   250:     1150.000     1151.000     1152.000     1153.000     1154.000
   255:     1155.000     1156.000     1157.000     1158.000     1159.000
   260:     1160.000     1161.000     1162.000     1163.000     1164.000
   265:     1165.000     1166.000     1167.000     1168.000     1169.000
   270:     1170.000     1171.000     1172.000     1173.000     1174.000
   275:     1175.000     1176.000     1177.000     1178.000     1179.000
   280:     1180.000     1181.000     1182.000     1183.000     1184.000
   285:     1185.000     1186.000     1187.000     1188.000     1189.000
   290:     1190.000     1191.000     1192.000     1193.000     1194.000
   295:     1195.000     1196.000     1197.000     1198.000     1199.000
   300:     1200.000     1201.000     1202.000     1203.000     1204.000
   305:     1205.000     1206.000     1207.000     1208.000     1209.000
   310:     1210.000     1211.000     1212.000     1213.000     1214.000
   315:     1215.000     1216.000     1217.000     1218.000     1219.000
   320:     1220.000     1221.000     1222.000     1223.000     1224.000
   325:     1225.000     1226.000     1227.000     1228.000     1229.000
   330:     1230.000     1231.000     1232.000     1233.000     1234.000
   335:     1235.000     1236.000     1237.000     1238.000     1239.000
   340:     1240.000     1241.000     1242.000     1243.000     1244.000
   345:     1245.000     1246.000     1247.000     1248.000     1249.000
   350:     1250.000     1251.000     1252.000     1253.000     1254.000
   355:     1255.000     1256.000     1257.000     1258.000     1259.000
   360:     1260.000     1261.000     1262.000     1263.000     1264.000
   365:     1265.000     1266.000     1267.000     1268.000     1269.000
   370:     1270.000     1271.000     1272.000     1273.000     1274.000
   375:     1275.000     1276.000     1277.000     1278.000     1279.000
   380:     1280.000     1281.000     1282.000     1283.000     1284.000
   385:     1285.000     1286.000     1287.000     1288.000     1289.000
   390:     1290.000     1291.000     1292.000     1293.000     1294.000
   395:     1295.000     1296.000     1297.000     1298.000     1299.000
   400:     1300.000     1301.000     1302.000     1303.000     1304.000
   405:     1305.000     1306.000     1307.000     1308.000     1309.000
   410:     1310.000     1311.000     1312.000     1313.000     1314.000
   415:     1315.000     1316.000     1317.000     1318.000     1319.000
   420:     1320.000     1321.000     1322.000     1323.000     1324.000
   425:     1325.000     1326.000     1327.000     1328.000     1329.000
   430:     1330.000     1331.000     1332.000     1333.000     1334.000
   435:     1335.000     1336.000     1337.000     1338.000     1339.000
   440:     1340.000     1341.000     1342.000     1343.000     1344.000
   445:     1345.000     1346.000     1347.000     1348.000     1349.000
   450:     1350.000     1351.000     1352.000     1353.000     1354.000
   455:     1355.000     1356.000     1357.000     1358.000     1359.000
   460:     1360.000     1361.000     1362.000     1363.000     1364.000
   465:     1365.000     1366.000     1367.000     1368.000     1369.000
   470:     1370.000     1371.000     1372.000     1373.000     1374.000
   475:     1375.000     1376.000     1377.000     1378.000     1379.000
   480:     1380.000     1381.000     1382.000     1383.000     1384.000
   485:     1385.000     1386.000     1387.000     1388.000     1389.000
   490:     1390.000     1391.000     1392.000     1393.000     1394.000
   495:     1395.000     1396.000     1397.000     1398.000     1399.000
   500:     1400.000     1401.000     1402.000     1403.000     1404.000
   505:     1405.000     1406.000     1407.000     1408.000     1409.000
   510:     1410.000     1411.000     1412.000     1413.000     1414.000
   515:     1415.000     1416.000     1417.000     1418.000     1419.000
   520:     1420.000     1421.000     1422.000     1423.000     1424.000
   525:     1425.000     1426.000     1427.000     1428.000     1429.000
   530:     1430.000     1431.000     1432.000     1433.000     1434.000
   535:     1435.000     1436.000     1437.000     1438.000     1439.000
   540:     1440.000     1441.000     1442.000     1443.000     1444.000
   545:     1445.000     1446.000     1447.000     1448.000     1449.000
   550:     1450.000     1451.000     1452.000     1453.000     1454.000
   555:     1455.000     1456.000     1457.000     1458.000     1459.000
   560:     1460.000     1461.000     1462.000     1463.000     1464.000
   565:     1465.000     1466.000     1467.000     1468.000     1469.000
   570:     1470.000     1471.000     1472.000     1473.000     1474.000
   575:     1475.000     1476.000     1477.000     1478.000     1479.000
   580:     1480.000     1481.000     1482.000     1483.000     1484.000
   585:     1485.000     1486.000     1487.000     1488.000     1489.000
   590:     1490.000     1491.000     1492.000     1493.000     1494.000
   595:     1495.000     1496.000     1497.000     1498.000     1499.000
   600:     1500.000     1501.000     1502.000     1503.000     1504.000
   605:     1505.000     1506.000     1507.000     1508.000     1509.000
   610:     1510.000     1511.000     1512.000     1513.000     1514.000
   615:     1515.000     1516.000     1517.000     1518.000     1519.000
   620:     1520.000     1521.000     1522.000     1523.000     1524.000
   625:     1525.000     1526.000     1527.000     1528.000     1529.000
   630:     1530.000     1531.000     1532.000     1533.000     1534.000
   635:     1535.000     1536.000     1537.000     1538.000     1539.000
   640:     1540.000     1541.000     1542.000     1543.000     1544.000
   645:     1545.000     1546.000     1547.000     1548.000     1549.000
   650:     1550.000     1551.000     1552.000     1553.000     1554.000
   655:     1555.000     1556.000     1557.000     1558.000     1559.000
   660:     1560.000     1561.000     1562.000     1563.000     1564.000
   665:     1565.000     1566.000     1567.000     1568.000     1569.000
   670:     1570.000     1571.000     1572.000     1573.000     1574.000
   675:     1575.000     1576.000     1577.000     1578.000     1579.000
   680:     1580.000     1581.000     1582.000     1583.000     1584.000
   685:     1585.000     1586.000     1587.000     1588.000     1589.000
   690:     1590.000     1591.000     1592.000     1593.000     1594.000
   695:     1595.000     1596.000     1597.000     1598.000     1599.000
   700:     1600.000     1601.000     1602.000     1603.000     1604.000
   705:     1605.000     1606.000     1607.000     1608.000     1609.000
   710:     1610.000     1611.000     1612.000     1613.000     1614.000
   715:     1615.000     1616.000     1617.000     1618.000     1619.000
   720:     1620.000     1621.000     1622.000     1623.000     1624.000
   725:     1625.000     1626.000     1627.000     1628.000     1629.000
   730:     1630.000     1631.000     1632.000     1633.000     1634.000
   735:     1635.000     1636.000     1637.000     1638.000     1639.000
   740:     1640.000     1641.000     1642.000     1643.000     1644.000
   745:     1645.000     1646.000     1647.000     1648.000     1649.000
   750:     1650.000     1651.000     1652.000     1653.000     1654.000
   755:     1655.000     1656.000     1657.000     1658.000     1659.000
   760:     1660.000     1661.000     1662.000     1663.000     1664.000
   765:     1665.000     1666.000     1667.000     1668.000     1669.000
   770:     1670.000     1671.000     1672.000     1673.000     1674.000
   775:     1675.000     1676.000     1677.000     1678.000     1679.000
   780:     1680.000     1681.000     1682.000     1683.000     1684.000
   785:     1685.000     1686.000     1687.000     1688.000     1689.000
   790:     1690.000     1691.000     1692.000     1693.000     1694.000
   795:     1695.000     1696.000     1697.000     1698.000     1699.000
   800:     1700.000     1701.000     1702.000     1703.000     1704.000
   805:     1705.000     1706.000     1707.000     1708.000     1709.000
   810:     1710.000     1711.000     1712.000     1713.000     1714.000
   815:     1715.000     1716.000     1717.000     1718.000     1719.000
   820:     1720.000     1721.000     1722.000     1723.000     1724.000
   825:     1725.000     1726.000     1727.000     1728.000     1729.000
   830:     1730.000     1731.000     1732.000     1733.000     1734.000
   835:     1735.000     1736.000     1737.000     1738.000     1739.000
   840:     1740.000     1741.000     1742.000     1743.000     1744.000
   845:     1745.000     1746.000     1747.000     1748.000     1749.000
   850:     1750.000     1751.000     1752.000     1753.000     1754.000
   855:     1755.000     1756.000     1757.000     1758.000     1759.000
   860:     1760.000     1761.000     1762.000     1763.000     1764.000
   865:     1765.000     1766.000     1767.000     1768.000     1769.000
   870:     1770.000     1771.000     1772.000     1773.000     1774.000
   875:     1775.000     1776.000     1777.000     1778.000     1779.000
   880:     1780.000     1781.000     1782.000     1783.000     1784.000
   885:     1785.000     1786.000     1787.000     1788.000     1789.000
   890:     1790.000     1791.000     1792.000     1793.000     1794.000
   895:     1795.000     1796.000     1797.000     1798.000     1799.000
   900:     1800.000     1801.000     1802.000     1803.000     1804.000
   905:     1805.000     1806.000     1807.000     1808.000     1809.000
   910:     1810.000     1811.000     1812.000     1813.000     1814.000
   915:     1815.000     1816.000     1817.000     1818.000     1819.000
   920:     1820.000     1821.000     1822.000     1823.000     1824.000
   925:     1825.000     1826.000     1827.000     1828.000     1829.000
   930:     1830.000     1831.000     1832.000     1833.000     1834.000
   935:     1835.000     1836.000     1837.000     1838.000     1839.000
   940:     1840.000     1841.000     1842.000     1843.000     1844.000
   945:     1845.000     1846.000     1847.000     1848.000     1849.000
   950:     1850.000     1851.000     1852.000     1853.000     1854.000
   955:     1855.000     1856.000     1857.000     1858.000     1859.000
   960:     1860.000     1861.000     1862.000     1863.000     1864.000
   965:     1865.000     1866.000     1867.000     1868.000     1869.000
   970:     1870.000     1871.000     1872.000     1873.000     1874.000
   975:     1875.000     1876.000     1877.000     1878.000     1879.000
   980:     1880.000     1881.000     1882.000     1883.000     1884.000
   985:     1885.000     1886.000     1887.000     1888.000     1889.000
   990:     1890.000     1891.000     1892.000     1893.000     1894.000
   995:     1895.000     1896.000     1897.000     1898.000     1899.000
  1000:     1900.000     1901.000     1902.000     1903.000     1904.000
  1005:     1905.000     1906.000     1907.000     1908.000     1909.000
  1010:     1910.000     1911.000     1912.000     1913.000     1914.000
  1015:     1915.000     1916.000     1917.000     1918.000     1919.000
  1020:     1920.000     1921.000     1922.000     1923.000     1924.000
  1025:     1925.000     1926.000     1927.000     1928.000     1929.000
  1030:     1930.000     1931.000     1932.000     1933.000     1934.000
  1035:     1935.000     1936.000     1937.000     1938.000     1939.000
  1040:     1940.000     1941.000     1942.000     1943.000     1944.000
  1045:     1945.000     1946.000     1947.000     1948.000     1949.000
  1050:     1950.000     1951.000     1952.000     1953.000     1954.000
  1055:     1955.000     1956.000     1957.000     1958.000     1959.000
  1060:     1960.000     1961.000     1962.000     1963.000     1964.000
  1065:     1965.000     1966.000     1967.000     1968.000     1969.000
  1070:     1970.000     1971.000     1972.000     1973.000     1974.000
  1075:     1975.000     1976.000     1977.000     1978.000     1979.000
  1080:     1980.000     1981.000     1982.000     1983.000     1984.000
  1085:     1985.000     1986.000     1987.000     1988.000     1989.000
  1090:     1990.000     1991.000     1992.000     1993.000     1994.000
  1095:     1995.000     1996.000     1997.000     1998.000     1999.000
  1100:     2000.000     2001.000     2002.000     2003.000     2004.000
  1105:     2005.000     2006.000     2007.000     2008.000     2009.000
  1110:     2010.000     2011.000     2012.000     2013.000     2014.000
  1115:     2015.000     2016.000     2017.000     2018.000     2019.000
  1120:     2020.000     2021.000     2022.000     2023.000     2024.000
  1125:     2025.000     2026.000     2027.000     2028.000     2029.000
  1130:     2030.000     2031.000     2032.000     2033.000     2034.000
  1135:     2035.000     2036.000     2037.000     2038.000     2039.000
  1140:     2040.000     2041.000     2042.000     2043.000     2044.000
  1145:     2045.000     2046.000     2047.000     2048.000     2049.000
  1150:     2050.000     2051.000     2052.000     2053.000     2054.000
  1155:     2055.000     2056.000     2057.000     2058.000     2059.000
  1160:     2060.000     2061.000     2062.000     2063.000     2064.000
  1165:     2065.000     2066.000     2067.000     2068.000     2069.000
  1170:     2070.000     2071.000     2072.000     2073.000     2074.000
  1175:     2075.000     2076.000     2077.000     2078.000     2079.000
  1180:     2080.000     2081.000     2082.000     2083.000     2084.000
  1185:     2085.000     2086.000     2087.000     2088.000     2089.000
  1190:     2090.000     2091.000     2092.000     2093.000     2094.000
  1195:     2095.000     2096.000     2097.000     2098.000     2099.000
  1200:     2100.000
N:
     0:     3300.000     3301.000     3302.000     3303.000     3304.000
     5:     3305.000     3306.000     3307.000     3308.000     3309.000
    10:     3310.000     3311.000     3312.000     3313.000     3314.000
    15:     3315.000     3316.000     3317.000     3318.000     3319.000
    20:     3320.000     3321.000     3322.000     3323.000     3324.000
    25:     3325.000     3326.000     3327.000     3328.000     3329.000
    30:     3330.000     3331.000     3332.000     3333.000     3334.000
    35:     3335.000     3336.000     3337.000     3338.000     3339.000
    40:     3340.000     3341.000     3342.000     3343.000     3344.000
    45:     3345.000     3346.000     3347.000     3348.000     3349.000
    50:     3350.000     3351.000     3352.000     3353.000     3354.000
    55:     3355.000     3356.000     3357.000     3358.000     3359.000
    60:     3360.000     3361.000     3362.000     3363.000     3364.000
    65:     3365.000     3366.000     3367.000     3368.000     3369.000
    70:     3370.000     3371.000     3372.000     3373.000     3374.000
    75:     3375.000     3376.000     3377.000     3378.000     3379.000
    80:     3380.000     3381.000     3382.000     3383.000     3384.000
    85:     3385.000     3386.000     3387.000     3388.000     3389.000
    90:     3390.000     3391.000     3392.000     3393.000     3394.000
    95:     3395.000     3396.000     3397.000     3398.000     3399.000
   100:     3400.000     3401.000     3402.000     3403.000     3404.000
   105:     3405.000     3406.000     3407.000     3408.000     3409.000
   110:     3410.000     3411.000     3412.000     3413.000     3414.000
   115:     3415.000     3416.000     3417.000     3418.000     3419.000
   120:     3420.000     3421.000     3422.000     3423.000     3424.000
   125:     3425.000     3426.000     3427.000     3428.000     3429.000
   130:     3430.000     3431.000     3432.000     3433.000     3434.000
   135:     3435.000     3436.000     3437.000     3438.000     3439.000
   140:     3440.000     3441.000     3442.000     3443.000     3444.000
   145:     3445.000     3446.000     3447.000     3448.000     3449.000
   150:     3450.000     3451.000     3452.000     3453.000     3454.000
   155:     3455.000     3456.000     3457.000     3458.000     3459.000
   160:     3460.000     3461.000     3462.000     3463.000     3464.000
   165:     3465.000     3466.000     3467.000     3468.000     3469.000
   170:     3470.000     3471.000     3472.000     3473.000     3474.000
   175:     3475.000     3476.000     3477.000     3478.000     3479.000
   180:     3480.000     3481.000     3482.000     3483.000     3484.000
   185:     3485.000     3486.000     3487.000     3488.000     3489.000
   190:     3490.000     3491.000     3492.000     3493.000     3494.000
   195:     3495.000     3496.000     3497.000     3498.000     3499.000
   200:     3500.000     3501.000     3502.000     3503.000     3504.000
   205:     3505.000     3506.000     3507.000     3508.000     3509.000
   210:     3510.000     3511.000     3512.000     3513.000     3514.000
   215:     3515.000     3516.000     3517.000     3518.000     3519.000
   220:     3520.000     3521.000     3522.000     3523.000     3524.000
   225:     3525.000     3526.000     3527.000     3528.000     3529.000
   230:     3530.000     3531.000     3532.000     3533.000     3534.000
   235:     3535.000     3536.000     3537.000     3538.000     3539.000
   240:     3540.000     3541.000     3542.000     3543.000     3544.000
   245:     3545.000     3546.000     3547.000     3548.000     3549.000
   250:     3550.000     3551.000     3552.000     3553.000     3554.000
   255:     3555.000     3556.000     3557.000     3558.000     3559.000
   260:     3560.000     3561.000     3562.000     3563.000     3564.000
   265:     3565.000     3566.000     3567.000     3568.000     3569.000
   270:     3570.000     3571.000     3572.000     3573.000     3574.000
   275:     3575.000     3576.000     3577.000     3578.000     3579.000
   280:     3580.000     3581.000     3582.000     3583.000     3584.000
   285:     3585.000     3586.000     3587.000     3588.000     3589.000
   290:     3590.000     3591.000     3592.000     3593.000     3594.000
   295:     3595.000     3596.000     3597.000     3598.000     3599.000
   300:     3600.000     3601.000     3602.000     3603.000     3604.000
   305:     3605.000     3606.000     3607.000     3608.000     3609.000
   310:     3610.000     3611.000     3612.000     3613.000     3614.000
   315:     3615.000     3616.000     3617.000     3618.000     3619.000
   320:     3620.000     3621.000     3622.000     3623.000     3624.000
   325:     3625.000     3626.000     3627.000     3628.000     3629.000
   330:     3630.000     3631.000     3632.000     3633.000     3634.000
   335:     3635.000     3636.000     3637.000     3638.000     3639.000
   340:     3640.000     3641.000     3642.000     3643.000     3644.000
   345:     3645.000     3646.000     3647.000     3648.000     3649.000
   350:     3650.000     3651.000     3652.000     3653.000     3654.000
   355:     3655.000     3656.000     3657.000     3658.000     3659.000
   360:     3660.000     3661.000     3662.000     3663.000     3664.000
   365:     3665.000     3666.000     3667.000     3668.000     3669.000
   370:     3670.000     3671.000     3672.000     3673.000     3674.000
   375:     3675.000     3676.000     3677.000     3678.000     3679.000
   380:     3680.000     3681.000     3682.000     3683.000     3684.000
   385:     3685.000     3686.000     3687.000     3688.000     3689.000
   390:     3690.000     3691.000     3692.000     3693.000     3694.000
   395:     3695.000     3696.000     3697.000     3698.000     3699.000
   400:     3700.000     3701.000     3702.000     3703.000     3704.000
   405:     3705.000     3706.000     3707.000     3708.000     3709.000
   410:     3710.000     3711.000     3712.000     3713.000     3714.000
   415:     3715.000     3716.000     3717.000     3718.000     3719.000
   420:     3720.000     3721.000     3722.000     3723.000     3724.000
   425:     3725.000     3726.000     3727.000     3728.000     3729.000
   430:     3730.000     3731.000     3732.000     3733.000     3734.000
   435:     3735.000     3736.000     3737.000     3738.000     3739.000
   440:     3740.000     3741.000     3742.000     3743.000     3744.000
   445:     3745.000     3746.000     3747.000     3748.000     3749.000
   450:     3750.000     3751.000     3752.000     3753.000     3754.000
   455:     3755.000     3756.000     3757.000     3758.000     3759.000
   460:     3760.000     3761.000     3762.000     3763.000     3764.000
   465:     3765.000     3766.000     3767.000     3768.000     3769.000
   470:     3770.000     3771.000     3772.000     3773.000     3774.000
   475:     3775.000     3776.000     3777.000     3778.000     3779.000
   480:     3780.000     3781.000     3782.000     3783.000     3784.000
   485:     3785.000     3786.000     3787.000     3788.000     3789.000
   490:     3790.000     3791.000     3792.000     3793.000     3794.000
   495:     3795.000     3796.000     3797.000     3798.000     3799.000
   500:     3800.000     3801.000     3802.000     3803.000     3804.000
   505:     3805.000     3806.000     3807.000     3808.000     3809.000
   510:     3810.000     3811.000     3812.000     3813.000     3814.000
   515:     3815.000     3816.000     3817.000     3818.000     3819.000
   520:     3820.000     3821.000     3822.000     3823.000     3824.000
   525:     3825.000     3826.000     3827.000     3828.000     3829.000
   530:     3830.000     3831.000     3832.000     3833.000     3834.000
   535:     3835.000     3836.000     3837.000     3838.000     3839.000
   540:     3840.000     3841.000     3842.000     3843.000     3844.000
   545:     3845.000     3846.000     3847.000     3848.000     3849.000
   550:     3850.000     3851.000     3852.000     3853.000     3854.000
   555:     3855.000     3856.000     3857.000     3858.000     3859.000
   560:     3860.000     3861.000     3862.000     3863.000     3864.000
   565:     3865.000     3866.000     3867.000     3868.000     3869.000
   570:     3870.000     3871.000     3872.000     3873.000     3874.000
   575:     3875.000     3876.000     3877.000     3878.000     3879.000
   580:     3880.000     3881.000     3882.000     3883.000     3884.000
   585:     3885.000     3886.000     3887.000     3888.000     3889.000
   590:     3890.000     3891.000     3892.000     3893.000     3894.000
   595:     3895.000     3896.000     3897.000     3898.000     3899.000
   600:     3900.000     3901.000     3902.000     3903.000     3904.000
   605:     3905.000     3906.000     3907.000     3908.000     3909.000
   610:     3910.000     3911.000     3912.000     3913.000     3914.000
   615:     3915.000     3916.000     3917.000     3918.000     3919.000
   620:     3920.000     3921.000     3922.000     3923.000     3924.000
   625:     3925.000     3926.000     3927.000     3928.000     3929.000
   630:     3930.000     3931.000     3932.000     3933.000     3934.000
   635:     3935.000     3936.000     3937.000     3938.000     3939.000
   640:     3940.000     3941.000     3942.000     3943.000     3944.000
   645:     3945.000     3946.000     3947.000     3948.000     3949.000
   650:     3950.000     3951.000     3952.000     3953.000     3954.000
   655:     3955.000     3956.000     3957.000     3958.000     3959.000
   660:     3960.000     3961.000     3962.000     3963.000     3964.000
   665:     3965.000     3966.000     3967.000     3968.000     3969.000
   670:     3970.000     3971.000     3972.000     3973.000     3974.000
   675:     3975.000     3976.000     3977.000     3978.000     3979.000
   680:     3980.000     3981.000     3982.000     3983.000     3984.000
   685:     3985.000     3986.000     3987.000     3988.000     3989.000
   690:     3990.000     3991.000     3992.000     3993.000     3994.000
   695:     3995.000     3996.000     3997.000     3998.000     3999.000
   700:     4000.000     4001.000     4002.000     4003.000     4004.000
   705:     4005.000     4006.000     4007.000     4008.000     4009.000
   710:     4010.000     4011.000     4012.000     4013.000     4014.000
   715:     4015.000     4016.000     4017.000     4018.000     4019.000
   720:     4020.000     4021.000     4022.000     4023.000     4024.000
   725:     4025.000     4026.000     4027.000     4028.000     4029.000
   730:     4030.000     4031.000     4032.000     4033.000     4034.000
   735:     4035.000     4036.000     4037.000     4038.000     4039.000
   740:     4040.000     4041.000     4042.000     4043.000     4044.000
   745:     4045.000     4046.000     4047.000     4048.000     4049.000
   750:     4050.000     4051.000     4052.000     4053.000     4054.000
   755:     4055.000     4056.000     4057.000     4058.000     4059.000
   760:     4060.000     4061.000     4062.000     4063.000     4064.000
   765:     4065.000     4066.000     4067.000     4068.000     4069.000
   770:     4070.000     4071.000     4072.000     4073.000     4074.000
   775:     4075.000     4076.000     4077.000     4078.000     4079.000
   780:     4080.000     4081.000     4082.000     4083.000     4084.000
   785:     4085.000     4086.000     4087.000     4088.000     4089.000
   790:     4090.000     4091.000     4092.000     4093.000     4094.000
   795:     4095.000     4096.000     4097.000     4098.000     4099.000
   800:     4100.000     4101.000     4102.000     4103.000     4104.000
   805:     4105.000     4106.000     4107.000     4108.000     4109.000
   810:     4110.000     4111.000     4112.000     4113.000     4114.000
   815:     4115.000     4116.000     4117.000     4118.000     4119.000
   820:     4120.000     4121.000     4122.000     4123.000     4124.000
   825:     4125.000     4126.000     4127.000     4128.000     4129.000
   830:     4130.000     4131.000     4132.000     4133.000     4134.000
   835:     4135.000     4136.000     4137.000     4138.000     4139.000
   840:     4140.000     4141.000     4142.000     4143.000     4144.000
   845:     4145.000     4146.000     4147.000     4148.000     4149.000
   850:     4150.000     4151.000     4152.000     4153.000     4154.000
   855:     4155.000     4156.000     4157.000     4158.000     4159.000
   860:     4160.000     4161.000     4162.000     4163.000     4164.000
   865:     4165.000     4166.000     4167.000     4168.000     4169.000
   870:     4170.000     4171.000     4172.000     4173.000     4174.000
   875:     4175.000     4176.000     4177.000     4178.000     4179.000
   880:     4180.000     4181.000     4182.000     4183.000     4184.000
   885:     4185.000     4186.000     4187.000     4188.000     4189.000
   890:     4190.000     4191.000     4192.000     4193.000     4194.000
   895:     4195.000     4196.000     4197.000     4198.000     4199.000
   900:     4200.000     4201.000     4202.000     4203.000     4204.000
   905:     4205.000     4206.000     4207.000     4208.000     4209.000
   910:     4210.000     4211.000     4212.000     4213.000     4214.000
   915:     4215.000     4216.000     4217.000     4218.000     4219.000
   920:     4220.000     4221.000     4222.000     4223.000     4224.000
   925:     4225.000     4226.000     4227.000     4228.000     4229.000
   930:     4230.000     4231.000     4232.000     4233.000     4234.000
   935:     4235.000     4236.000     4237.000     4238.000     4239.000
   940:     4240.000     4241.000     4242.000     4243.000     4244.000
   945:     4245.000     4246.000     4247.000     4248.000     4249.000
   950:     4250.000     4251.000     4252.000     4253.000     4254.000
   955:     4255.000     4256.000     4257.000     4258.000     4259.000
   960:     4260.000     4261.000     4262.000     4263.000     4264.000
   965:     4265.000     4266.000     4267.000     4268.000     4269.000
   970:     4270.000     4271.000     4272.000     4273.000     4274.000
   975:     4275.000     4276.000     4277.000     4278.000     4279.000
   980:     4280.000     4281.000     4282.000     4283.000     4284.000
   985:     4285.000     4286.000     4287.000     4288.000     4289.000
   990:     4290.000     4291.000     4292.000     4293.000     4294.000
   995:     4295.000     4296.000     4297.000     4298.000     4299.000
  1000:     4300.000     4301.000     4302.000     4303.000     4304.000
  1005:     4305.000     4306.000     4307.000     4308.000     4309.000
  1010:     4310.000     4311.000     4312.000     4313.000     4314.000
  1015:     4315.000     4316.000     4317.000     4318.000     4319.000
  1020:     4320.000     4321.000     4322.000     4323.000     4324.000
  1025:     4325.000     4326.000     4327.000     4328.000     4329.000
  1030:     4330.000     4331.000     4332.000     4333.000     4334.000
  1035:     4335.000     4336.000     4337.000     4338.000     4339.000
  1040:     4340.000     4341.000     4342.000     4343.000     4344.000
  1045:     4345.000     4346.000     4347.000     4348.000     4349.000
  1050:     4350.000     4351.000     4352.000     4353.000     4354.000
  1055:     4355.000     4356.000     4357.000     4358.000     4359.000
  1060:     4360.000     4361.000     4362.000     4363.000     4364.000
  1065:     4365.000     4366.000     4367.000     4368.000     4369.000
  1070:     4370.000     4371.000     4372.000     4373.000     4374.000
  1075:     4375.000     4376.000     4377.000     4378.000     4379.000
  1080:     4380.000     4381.000     4382.000     4383.000     4384.000
  1085:     4385.000     4386.000     4387.000     4388.000     4389.000
  1090:     4390.000     4391.000     4392.000     4393.000     4394.000
  1095:     4395.000     4396.000     4397.000     4398.000     4399.000
  1100:     4400.000     4401.000     4402.000     4403.000     4404.000
  1105:     4405.000     4406.000     4407.000     4408.000     4409.000
  1110:     4410.000     4411.000     4412.000     4413.000     4414.000
  1115:     4415.000     4416.000     4417.000     4418.000     4419.000
  1120:     4420.000     4421.000     4422.000     4423.000     4424.000
  1125:     4425.000     4426.000     4427.000     4428.000     4429.000
  1130:     4430.000     4431.000     4432.000     4433.000     4434.000
  1135:     4435.000     4436.000     4437.000     4438.000     4439.000
  1140:     4440.000     4441.000     4442.000     4443.000     4444.000
  1145:     4445.000     4446.000     4447.000     4448.000     4449.000
  1150:     4450.000     4451.000     4452.000     4453.000     4454.000
  1155:     4455.000     4456.000     4457.000     4458.000     4459.000
  1160:     4460.000     4461.000     4462.000     4463.000     4464.000
  1165:     4465.000     4466.000     4467.000     4468.000     4469.000
  1170:     4470.000     4471.000     4472.000     4473.000     4474.000
  1175:     4475.000     4476.000     4477.000     4478.000     4479.000
  1180:     4480.000     4481.000     4482.000     4483.000     4484.000
  1185:     4485.000     4486.000     4487.000     4488.000     4489.000
  1190:     4490.000     4491.000     4492.000     4493.000     4494.000
  1195:     4495.000     4496.000     4497.000     4498.000     4499.000
  1200:     4500.000
R:
     0:      111.000      111.000      111.000
V:
     0:     1563.000     4184.000
W:
     0:     1563.000     4184.000
