File: C:\MED-PC IV\DATA\p530_s132_japede


Start Date: 11/08/17
End Date: 11/08/17
Subject: p530
Experiment: 0
Group: 0
Box: 8
Start Time: 15:58:31
End Time: 16:58:54
MSN: japede_L_63_30_30_R_35_90_90
B:       0.000
E:    3663.000
F:       0.000
G:       0.000
H:       0.000
I:       2.000
J:       2.000
K:       0.000
O:       0.000
P:       0.000
Q:       0.000
S:  360000.000
T:  360000.000
U:       0.000
X:       0.000
Y:       0.000
Z:       0.000
A:
     0:        0.010        0.250        0.220        0.230      199.840
     5:      316.120      863.120      869.120      972.120     1121.120
    10:     1427.120     1509.120     1798.120     1892.120     1897.120
    15:     2129.120     2502.120     2752.120     2758.120     2844.120
    20:     3051.640     3051.320     3051.330     3051.350     3051.240
    25:     3051.130     3065.130     3301.220     3301.230     3301.250
    30:     3301.340     3905.120     3910.120     4043.120     4373.120
    35:     4688.120     4694.120     4801.120     4807.120     5006.120
    40:     5011.120     5153.130     5245.120     5594.120     5600.120
    45:     5833.120     5979.130     6215.120     6495.120     6501.120
    50:     6802.120     6893.120     6900.120     7190.120     7196.120
    55:     7287.120     7470.130     7477.130     7556.120     7689.130
    60:     7778.120     7784.120     7901.840     7978.120     8095.640
    65:     8095.320     8095.330     8095.350     8095.240     8095.130
    70:     8099.130     8345.220     8345.230     8345.250     8345.340
    75:     8813.130     8819.130     8918.120     8922.120     8930.120
    80:     9033.130     9040.130     9128.120     9456.130     9574.120
    85:     9648.120     9728.130     9830.120     9934.130     9968.130
    90:    10046.120    10145.840    10163.640    10163.320    10163.330
    95:    10163.350    10163.240    10163.130    10170.130    10177.130
   100:    10413.220    10413.230    10413.250    10413.340    10730.130
   105:    10734.130    10741.130    10866.120    10872.120    10879.120
   110:    10913.840    10990.640    10990.320    10990.330    10990.350
   115:    10990.240    10990.130    11240.220    11240.230    11240.250
   120:    11240.340    11494.120    11499.120    11667.130    11677.130
   125:    11706.130    11710.130    11799.120    11803.120    11917.120
   130:    11923.120    11982.120    12079.130    12086.130    12205.120
   135:    12314.130    12441.120    12680.120    12803.130    12888.120
   140:    13146.120    13388.120    13600.120    13947.130    13999.740
   145:    14125.130    14140.840    14215.540    14215.320    14215.330
   150:    14215.350    14215.240    14215.120    14465.220    14465.230
   155:    14465.250    14465.340    14775.640    14775.320    14775.330
   160:    14775.350    14775.240    14775.130    14780.130    14790.130
   165:    15025.220    15025.230    15025.250    15025.340    15692.130
   170:    15697.130    15887.130    15896.130    15996.120    16325.130
   175:    16445.120    16555.130    16564.130    16660.120    16817.120
   180:    17032.120    17457.120    17722.130    17786.120    17895.130
   185:    17904.130    17925.840    17976.120    18064.640    18064.320
   190:    18064.330    18064.350    18064.240    18064.130    18314.220
   195:    18314.230    18314.250    18314.340    18566.130    18596.130
   200:    18814.130    19000.130    19008.130    19433.130    19550.120
   205:    19751.120    19876.130    19883.130    19962.120    20473.120
   210:    20633.120    20781.130    20849.120    20993.130    21432.120
   215:    21708.130    21714.130    21907.130    22077.130    22298.130
   220:    22471.130    22634.130    23284.130    23290.130    23361.120
   225:    23536.120    23993.130    24165.130    24194.130    24389.130
   230:    24420.130    24489.120    24494.120    24592.130    24691.120
   235:    24786.130    24868.120    24994.130    25203.130    25233.130
   240:    25429.130    25433.130    25536.120    25640.130    25669.130
   245:    25675.130    25861.130    25942.120    26051.130    26058.130
   250:    26238.130    26244.130    26672.130    26679.130    26710.130
   255:    26715.130    26919.130    26927.130    27131.130    27347.120
   260:    27566.120    27676.130    27767.120    27937.130    27943.130
   265:    28412.130    28509.120    28633.130    29067.120    29181.130
   270:    29188.130    29219.130    29315.120    29477.130    29483.130
   275:    29695.120    29740.120    29746.120    29959.120    30206.130
   280:    30307.120    30472.120    30688.120    30822.130    30849.130
   285:    31429.130    31459.130    32024.130    32548.130    32791.130
   290:    32797.130    32827.130    32914.840    32919.120    33193.640
   295:    33193.320    33193.330    33193.350    33193.240    33193.130
   300:    33443.220    33443.230    33443.250    33443.340    33718.130
   305:    33744.130    33750.130    33832.120    33942.130    33949.130
   310:    33982.130    34055.120    34171.130    34362.130    34368.130
   315:    34550.130    34558.130    34832.130    34984.130    35013.130
   320:    35178.130    35526.130    35739.120    35810.130    35945.130
   325:    36401.130    36469.120    36630.130    36718.130    37166.130
   330:    37241.120    37247.120    37443.840    37763.640    37763.320
   335:    37763.330    37763.350    37763.240    37763.130    38013.220
   340:    38013.230    38013.250    38013.340    38349.130    38353.130
   345:    38385.130    38390.130    38542.130    38661.120    38666.120
   350:    38771.130    38850.120    39650.130    39840.130    39943.120
   355:    40147.120    40419.130    40457.130    40623.130    40631.130
   360:    40695.120    40893.130    41096.130    41302.130    41307.130
   365:    41499.130    41626.120    41632.120    42594.130    42622.130
   370:    42876.130    43165.740    43332.130    43539.130    44275.540
   375:    44275.320    44275.330    44275.350    44275.240    44275.120
   380:    44525.220    44525.230    44525.250    44525.340    44973.130
   385:    44981.130    45015.130    45021.130    45153.120    45431.130
   390:    45938.120    46241.130    46270.130    46439.130    46467.130
   395:    46786.130    46794.130    46873.120    47042.130    47658.130
   400:    47713.840    48002.640    48002.320    48002.330    48002.350
   405:    48002.240    48002.130    48009.130    48252.220    48252.230
   410:    48252.250    48252.340    48472.130    48506.130    48511.130
   415:    48600.120    49189.130    49474.130    49696.130    49823.120
   420:    49944.120    50064.120    50170.120    50370.130    50543.120
   425:    50615.130    50819.130    50891.120    51056.130    51196.130
   430:    51295.120    51552.840    51616.640    51616.320    51616.330
   435:    51616.350    51616.240    51616.130    51866.220    51866.230
   440:    51866.250    51866.340    52020.120    52154.130    52258.120
   445:    52389.130    52521.130    52600.120    52740.130    52810.120
   450:    52880.120    52925.740    52973.130    53071.540    53071.320
   455:    53071.330    53071.350    53071.240    53071.120    53083.120
   460:    53266.840    53321.220    53321.230    53321.250    53321.340
   465:    53522.640    53522.320    53522.330    53522.350    53522.240
   470:    53522.130    53772.220    53772.230    53772.250    53772.340
   475:    53994.130    54070.120    54075.120    54181.130    54189.130
   480:    54372.840    54624.120    54767.120    55165.640    55165.320
   485:    55165.330    55165.350    55165.240    55165.130    55415.220
   490:    55415.230    55415.250    55415.340    55583.120    55740.130
   495:    55833.120    55971.130    55979.130    56014.130    56019.130
   500:    56117.120    56123.120    56270.130    56278.130    56360.120
   505:    56673.130    56681.130    56781.120    56912.130    56951.130
   510:    57351.120    57736.130    58183.120    58415.840    58472.640
   515:    58472.320    58472.330    58472.350    58472.240    58472.130
   520:    58722.220    58722.230    58722.250    58722.340    58921.120
   525:    58927.120    59065.130    59071.130    59280.130    59288.130
   530:    59414.120    59531.130    59621.740    59862.130    60330.130
   535:    60646.540    60646.320    60646.330    60646.350    60646.240
   540:    60646.120    60896.220    60896.230    60896.250    60896.340
   545:    61197.130    61382.120    61389.120    61482.130    61607.130
   550:    61639.130    61734.120    62083.130    62089.130    62304.130
   555:    62311.130    62543.120    63153.120    63262.130    63346.120
   560:    63586.120    63655.120    63763.120    64086.120    64124.120
   565:    64295.120    64464.130    64561.120    64696.740    64728.540
   570:    64728.320    64728.330    64728.350    64728.240    64728.120
   575:    64978.220    64978.230    64978.250    64978.340    65192.130
   580:    65200.130    65230.130    65236.130    65340.120    65564.120
   585:    65570.120    66012.120    66117.130    66148.130    66463.120
   590:    66821.130    66828.130    67124.120    67227.130    67265.130
   595:    67337.120    67457.120    67620.120    67834.120    68021.120
   600:    68256.120    68318.120    68378.740    68438.540    68438.320
   605:    68438.330    68438.350    68438.240    68438.120    68444.120
   610:    68450.120    68688.220    68688.230    68688.250    68688.340
   615:    68861.130    68869.130    69213.130    69313.120    69770.120
   620:    69776.120    69884.130    69998.120    70173.120    70501.120
   625:    70535.120    70696.120    70762.120    71066.120    71307.120
   630:    71471.120    71754.120    71857.120    71969.130    72203.120
   635:    72340.130    72423.120    72522.120    72684.120    72974.120
   640:    73079.130    73177.120    73190.120    73312.130    73345.130
   645:    74036.120    74349.120    74355.120    74447.130    74713.120
   650:    74920.120    74922.840    74994.120    74999.120    75143.120
   655:    75256.640    75256.320    75256.330    75256.350    75256.240
   660:    75256.130    75506.220    75506.230    75506.250    75506.340
   665:    75694.130    75699.130    75705.130    75906.840    76168.640
   670:    76168.320    76168.330    76168.350    76168.240    76168.130
   675:    76418.220    76418.230    76418.250    76418.340    76702.130
   680:    76708.130    76818.840    77211.120    77385.120    77592.120
   685:    77763.120    78044.640    78044.320    78044.330    78044.350
   690:    78044.240    78044.130    78051.130    78294.220    78294.230
   695:    78294.250    78294.340    78688.740    78914.540    78914.320
   700:    78914.330    78914.350    78914.240    78914.120    79164.220
   705:    79164.230    79164.250    79164.340    79319.120    79437.130
   710:    79625.130    79774.120    79862.130    79962.120    80274.130
   715:    80294.840    80370.120    80475.640    80475.320    80475.330
   720:    80475.350    80475.240    80475.130    80725.220    80725.230
   725:    80725.250    80725.340    80925.840    80982.120    81110.640
   730:    81110.320    81110.330    81110.350    81110.240    81110.130
   735:    81360.220    81360.230    81360.250    81360.340    81529.120
   740:    81685.130    81723.130    81817.120    82014.120    82127.130
   745:    82159.130    82420.120    82496.130    82760.840    82877.120
   750:    83700.640    83700.320    83700.330    83700.350    83700.240
   755:    83700.130    83950.220    83950.230    83950.250    83950.340
   760:    84050.840    84327.640    84327.320    84327.330    84327.350
   765:    84327.240    84327.130    84333.130    84344.130    84577.220
   770:    84577.230    84577.250    84577.340    84903.130    85020.120
   775:    85103.130    85405.130    85536.130    85634.130    85724.120
   780:    85893.120    86120.130    86377.840    86571.120    86696.640
   785:    86696.320    86696.330    86696.350    86696.240    86696.130
   790:    86702.130    86946.220    86946.230    86946.250    86946.340
   795:    87250.130    87354.120    87438.130    87464.740    87624.540
   800:    87624.320    87624.330    87624.350    87624.240    87624.120
   805:    87639.120    87677.120    87874.220    87874.230    87874.250
   810:    87874.340    88093.120    88205.130    88308.120    88702.130
   815:    88788.120    88869.130    88953.120    89775.130    89782.130
   820:    89957.130    90043.120    90382.120    90641.130    90886.120
   825:    90966.130    91039.120    91117.130    91213.120    91382.120
   830:    91496.130    91503.130    92546.840    92704.120    92826.120
   835:    93211.120    93306.120    93483.120    93675.120    93681.120
   840:    94090.120    94174.740    94323.540    94323.320    94323.330
   845:    94323.350    94323.240    94323.120    94329.120    94335.120
   850:    94573.220    94573.230    94573.250    94573.340    94853.640
   855:    94853.320    94853.330    94853.350    94853.240    94853.130
   860:    95103.220    95103.230    95103.250    95103.340    95396.130
   865:    95402.130    95560.130    95565.130    95666.120    95753.130
   870:    96619.130    96625.130    96833.120    96967.130    97046.120
   875:    97353.130    97473.740    97816.540    97816.320    97816.330
   880:    97816.350    97816.240    97816.120    97829.120    97903.840
   885:    98066.220    98066.230    98066.250    98066.340    98226.640
   890:    98226.320    98226.330    98226.350    98226.240    98226.130
   895:    98233.130    98241.130    98476.220    98476.230    98476.250
   900:    98476.340    98629.120    98962.130    98972.130    99181.120
   905:    99326.130    99376.840    99542.640    99542.320    99542.330
   910:    99542.350    99542.240    99542.130    99792.220    99792.230
   915:    99792.250    99792.340    99991.120   100213.130   100292.840
   920:   100451.120   100456.120   100769.120   100886.120   101045.120
   925:   101055.120   101066.740   101184.640   101184.320   101184.330
   930:   101184.350   101184.240   101184.130   101434.220   101434.230
   935:   101434.250   101434.340   102097.540   102097.320   102097.330
   940:   102097.350   102097.240   102097.120   102347.220   102347.230
   945:   102347.250   102347.340   102652.120   102762.130   102805.130
   950:   102811.130   102934.840   103178.640   103178.320   103178.330
   955:   103178.350   103178.240   103178.130   103185.130   103247.740
   960:   103428.220   103428.230   103428.250   103428.340   103599.540
   965:   103599.320   103599.330   103599.350   103599.240   103599.120
   970:   103605.120   103612.120   103849.220   103849.230   103849.250
   975:   103849.340   104169.130   104347.130   104428.840   104509.640
   980:   104509.320   104509.330   104509.350   104509.240   104509.130
   985:   104759.220   104759.230   104759.250   104759.340   104940.120
   990:   105041.130   105300.130   105533.130   105675.130   105705.130
   995:   105810.120   106029.120   106200.120   106206.120   106309.130
  1000:   106506.120   107109.130   107116.130   107205.120   107218.120
  1005:   107298.130   107376.120   107517.130   108098.120   108104.120
  1010:   108194.120   108200.120   108325.120   108360.120   108366.120
  1015:   108460.130   108493.130   108500.130   109113.120   109197.130
  1020:   109279.120   109464.120   109706.120   109819.130   109897.120
  1025:   110180.130   110267.120   110272.120   110361.120   110559.840
  1030:   110805.120   111153.640   111153.320   111153.330   111153.350
  1035:   111153.240   111153.130   111403.220   111403.230   111403.250
  1040:   111403.340   111449.740   111530.540   111530.320   111530.330
  1045:   111530.350   111530.240   111530.120   111780.220   111780.230
  1050:   111780.250   111780.340   111880.740   111944.540   111944.320
  1055:   111944.330   111944.350   111944.240   111944.120   111957.120
  1060:   111965.120   112194.220   112194.230   112194.250   112194.340
  1065:   112321.120   112479.130   112603.840   112805.640   112805.320
  1070:   112805.330   112805.350   112805.240   112805.130   113055.220
  1075:   113055.230   113055.250   113055.340   113545.120   113661.130
  1080:   113668.130   114081.130   114164.120   114525.130   114531.130
  1085:   114799.130   114986.130   115428.130   115435.130   115636.120
  1090:   116182.130   116285.120   116488.130   116493.130   116655.840
  1095:   116994.740   117380.540   117380.320   117380.330   117380.350
  1100:   117380.240   117380.120   117386.120   117392.120   117630.220
  1105:   117630.230   117630.250   117630.340   117826.640   117826.320
  1110:   117826.330   117826.350   117826.240   117826.130   117832.130
  1115:   118076.220   118076.230   118076.250   118076.340   118270.120
  1120:   118393.130   118399.130   118530.740   118538.540   118538.320
  1125:   118538.330   118538.350   118538.240   118538.120   118788.220
  1130:   118788.230   118788.250   118788.340   119128.130   119242.120
  1135:   119247.120   119368.130   119556.120   119686.130   119692.130
  1140:   119763.120   120317.120   120503.120   120509.120   120645.130
  1145:   120725.120   120932.120   121149.120   121509.130   121580.120
  1150:   121791.120   122018.120   122146.120   122242.130   122328.120
  1155:   122423.130   122926.130   123165.130   123248.120   123422.130
  1160:   123453.130   123930.130   124204.120   124211.120   124480.120
  1165:   124487.120   124661.120   124837.120   124843.120   124885.120
  1170:   125206.130   125765.130   125862.120   125914.120   125922.120
  1175:   126099.130   126105.130   126664.120   126670.120   126897.130
  1180:   126979.120   127044.120   127224.120   127414.130   127493.120
  1185:   127576.840   127749.640   127749.320   127749.330   127749.350
  1190:   127749.240   127749.130   127999.220   127999.230   127999.250
  1195:   127999.340   128145.120   128278.130   128284.130   128475.130
  1200:   128485.130   128630.120   128728.130   128822.130   128933.120
  1205:   129063.130   129104.130   129242.130   129712.130   129979.120
  1210:   130497.120   130685.120   131026.130   131430.130   131438.130
  1215:   131621.130   131825.130   132604.130   132804.130   132897.120
  1220:   133313.130   133320.130   133467.130   133542.120   133938.130
  1225:   134196.120   134202.120   134557.120   134562.120   134568.120
  1230:   134726.130   134920.130   134996.120   135111.130   135324.120
  1235:   135681.120   135686.120   135877.120   136727.120   136734.120
  1240:   136860.130   136939.120   136946.120   136990.120   136998.120
  1245:   137088.740   137099.840   137245.640   137245.320   137245.330
  1250:   137245.350   137245.240   137245.130   137495.220   137495.230
  1255:   137495.250   137495.340   137618.540   137618.320   137618.330
  1260:   137618.350   137618.240   137618.120   137624.120   137632.120
  1265:   137642.120   137868.220   137868.230   137868.250   137868.340
  1270:   138021.120   138149.130   138157.130   138345.130   138541.130
  1275:   138774.130   138804.130   139032.130   139381.120   139487.130
  1280:   139586.130   139593.130   139773.120   140035.130   140118.120
  1285:   140124.120   140254.130   140360.120   140470.130   140502.130
  1290:   140568.740   140783.540   140783.320   140783.330   140783.350
  1295:   140783.240   140783.120   140796.120   141033.220   141033.230
  1300:   141033.250   141033.340   141186.120   141191.120   141195.840
  1305:   141329.640   141329.320   141329.330   141329.350   141329.240
  1310:   141329.130   141334.130   141342.130   141579.220   141579.230
  1315:   141579.250   141579.340   141738.120   141745.120   141863.130
  1320:   141870.130   142022.130   142113.120   142847.130   143341.130
  1325:   143557.120   143739.120   143779.840   143940.640   143940.320
  1330:   143940.330   143940.350   143940.240   143940.130   144190.220
  1335:   144190.230   144190.250   144190.340   144416.130   144424.130
  1340:   144666.120   144789.120   144790.840   145172.120   145185.120
  1345:   145347.640   145347.320   145347.330   145347.350   145347.240
  1350:   145347.130   145354.130   145364.130   145597.220   145597.230
  1355:   145597.250   145597.340   145855.130   145862.130   146035.130
  1360:   146149.120   146289.130   146398.130   146433.740   147180.130
  1365:   147261.540   147261.320   147261.330   147261.350   147261.240
  1370:   147261.120   147274.120   147511.220   147511.230   147511.250
  1375:   147511.340   147680.120   147897.130   148038.130   148362.120
  1380:   148397.840   148491.640   148491.320   148491.330   148491.350
  1385:   148491.240   148491.130   148741.220   148741.230   148741.250
  1390:   148741.340   148916.120   149001.130   149119.120   149570.130
  1395:   149792.130   149867.120   149924.120   150039.130   150269.120
  1400:   150274.120   150373.130   150655.120   150941.840   151159.120
  1405:   151250.640   151250.320   151250.330   151250.350   151250.240
  1410:   151250.130   151500.220   151500.230   151500.250   151500.340
  1415:   151711.740   151783.130   151788.130   151795.130   151804.130
  1420:   151877.540   151877.320   151877.330   151877.350   151877.240
  1425:   151877.120   151890.120   152127.220   152127.230   152127.250
  1430:   152127.340   152337.130   152625.130   152630.130   153100.840
  1435:   153390.120   153477.120   153617.640   153617.320   153617.330
  1440:   153617.350   153617.240   153617.130   153867.220   153867.230
  1445:   153867.250   153867.340   153999.120   154181.120   154319.130
  1450:   154397.120   154559.120   154740.130   154821.120   154961.130
  1455:   155035.120   155119.130   155201.120   155282.130   155380.130
  1460:   155638.120   155860.120   156023.120   156028.120   156204.130
  1465:   156673.130   156752.120   157004.130   157103.120   157274.120
  1470:   157567.130   157998.130   158151.120   158157.120   158267.840
  1475:   158564.120   158738.640   158738.320   158738.330   158738.350
  1480:   158738.240   158738.130   158988.220   158988.230   158988.250
  1485:   158988.340   159327.740   159385.130   159390.130   159494.540
  1490:   159494.320   159494.330   159494.350   159494.240   159494.120
  1495:   159507.120   159744.220   159744.230   159744.250   159744.340
  1500:   159875.120   159992.130   159999.130   160099.130   160105.130
  1505:   160201.120   160346.130   160573.130   160659.130   160838.130
  1510:   161126.130   161155.130   161162.130   161550.130   161557.130
  1515:   161636.120   161709.130   162019.120   162148.130   162653.130
  1520:   162762.120   162925.130   163019.130   163116.120   163120.120
  1525:   163251.130   163288.840   163660.640   163660.320   163660.330
  1530:   163660.350   163660.240   163660.130   163910.220   163910.230
  1535:   163910.250   163910.340   164039.120   164162.130   164168.130
  1540:   164276.120   164375.130   164678.130   164752.120   164909.130
  1545:   165214.130   165308.130   165315.130   165544.740   165645.540
  1550:   165645.320   165645.330   165645.350   165645.240   165645.120
  1555:   165657.120   165895.220   165895.230   165895.250   165895.340
  1560:   166046.120   166146.130   166706.130   166727.130   166924.130
  1565:   166929.130   166937.130   167026.120   167225.120   167816.130
  1570:   167914.120   168132.120   168911.130   168916.130   168924.130
  1575:   169195.740   169199.540   169199.320   169199.330   169199.350
  1580:   169199.240   169199.120   169212.120   169449.220   169449.230
  1585:   169449.250   169449.340   169583.120   169590.120   169700.130
  1590:   169877.130   170010.840   170112.120   170188.640   170188.320
  1595:   170188.330   170188.350   170188.240   170188.130   170438.220
  1600:   170438.230   170438.250   170438.340   170672.130   170685.130
  1605:   170944.130   170949.740   171184.540   171184.320   171184.330
  1610:   171184.350   171184.240   171184.120   171434.220   171434.230
  1615:   171434.250   171434.340   171612.120   171718.130   171748.130
  1620:   171988.130   171995.130   172028.130   172198.120   172204.120
  1625:   172274.130   172281.130   172528.120   172643.120   172762.130
  1630:   172850.120   172947.120   173638.840   173788.640   173788.320
  1635:   173788.330   173788.350   173788.240   173788.130   174038.220
  1640:   174038.230   174038.250   174038.340   174304.120   174424.130
  1645:   174430.130   174438.130   174474.130   174479.130   174573.120
  1650:   174916.130   174922.130   174993.120   175074.130   175162.120
  1655:   175289.120   175449.130   175486.130   175724.130   175738.840
  1660:   175933.640   175933.320   175933.330   175933.350   175933.240
  1665:   175933.130   176183.220   176183.230   176183.250   176183.340
  1670:   176457.130   176533.120   176648.130   176656.130   176765.120
  1675:   176956.120   177052.130   177096.130   177165.120   177451.130
  1680:   177624.130   177729.130   177735.130   177971.120   177985.120
  1685:   178101.120   178428.130   178435.130   178600.130   178693.120
  1690:   179731.130   179816.120   179975.130   180386.130   180615.120
  1695:   180634.740   180762.130   180839.540   180839.320   180839.330
  1700:   180839.350   180839.240   180839.120   180846.120   180852.120
  1705:   181089.220   181089.230   181089.250   181089.340   181255.120
  1710:   181328.130   181336.130   181440.120   181617.120   181624.120
  1715:   181661.120   181979.120   182032.120   182331.130   182594.130
  1720:   182601.130   182776.130   183176.130   183656.120   183662.120
  1725:   184032.120   184208.130   184280.120   184286.120   184392.130
  1730:   184625.120   184765.120   184770.120   184895.130   184989.740
  1735:   185024.540   185024.320   185024.330   185024.350   185024.240
  1740:   185024.120   185038.120   185274.220   185274.230   185274.250
  1745:   185274.340   185461.130   185469.130   185555.120   185712.120
  1750:   186153.120   186159.120   186283.840   186317.120   186324.120
  1755:   186475.120   186668.120   186801.640   186801.320   186801.330
  1760:   186801.350   186801.240   186801.130   187051.220   187051.230
  1765:   187051.250   187051.340   187281.130   187323.130   187329.130
  1770:   187406.130   187413.130   187490.120   187596.130   187632.130
  1775:   187638.130   187756.120   187851.840   188085.640   188085.320
  1780:   188085.330   188085.350   188085.240   188085.130   188335.220
  1785:   188335.230   188335.250   188335.340   188532.130   188538.130
  1790:   188827.130   188834.130   188910.120   189113.120   189306.120
  1795:   189504.120   189515.120   189574.740   189621.130   189626.130
  1800:   189633.130   189801.130   189884.130   190216.540   190216.320
  1805:   190216.330   190216.350   190216.240   190216.120   190229.120
  1810:   190236.120   190466.220   190466.230   190466.250   190466.340
  1815:   190635.840   190734.640   190734.320   190734.330   190734.350
  1820:   190734.240   190734.130   190984.220   190984.230   190984.250
  1825:   190984.340   191216.120   191229.120   191413.120   191544.120
  1830:   191799.120   191993.120   192144.130   192152.130   192354.130
  1835:   192386.130   192393.130   192604.120   192684.840   192803.120
  1840:   192809.120   192852.120   192950.640   192950.320   192950.330
  1845:   192950.350   192950.240   192950.130   193200.220   193200.230
  1850:   193200.250   193200.340   193341.120   193417.130   193501.120
  1855:   193606.130   193637.130   193643.130   193800.840   193864.640
  1860:   193864.320   193864.330   193864.350   193864.240   193864.130
  1865:   193869.130   193881.130   194114.220   194114.230   194114.250
  1870:   194114.340   194388.130   194395.130   194424.130   194431.130
  1875:   194473.130   194479.130   194642.130   194648.130   194655.130
  1880:   194861.120   195033.120   195221.120   195418.120   195541.120
  1885:   195721.120   195893.120   195899.120   195998.130   196021.130
  1890:   196114.120   196119.120   196284.120   196725.130   196766.130
  1895:   196991.120   197073.130   197162.120   197230.130   197331.120
  1900:   197500.130   197506.130   197567.120   197642.130   197720.120
  1905:   197798.130   197831.130   197837.130   198051.120   198057.120
  1910:   198124.130   198145.130   198329.130   198335.130   198573.130
  1915:   198658.120   198731.130   198839.120   199019.120   199476.120
  1920:   199481.120   199516.120   199523.120   199628.130   199777.130
  1925:   199783.130   199802.130   199997.130   200169.130   200327.130
  1930:   200335.130   200417.120   200491.130   200799.130   200870.120
  1935:   201142.120   201304.130   201386.120   201392.120   201640.130
  1940:   201718.120   201907.130   202225.130   202303.120   202308.120
  1945:   202442.130   202448.130   202740.120   202744.120   203259.120
  1950:   203322.120   203422.130   203429.130   203460.130   203531.120
  1955:   203715.120   203855.120   203965.130   203991.130   204157.120
  1960:   204244.130   204337.120   204366.740   204640.130   204648.130
  1965:   204814.840   205333.640   205333.320   205333.330   205333.350
  1970:   205333.240   205333.130   205347.130   205583.220   205583.230
  1975:   205583.250   205583.340   205868.130   205899.130   206093.130
  1980:   206178.540   206178.320   206178.330   206178.350   206178.240
  1985:   206178.120   206184.120   206192.120   206428.220   206428.230
  1990:   206428.250   206428.340   206592.120   206726.130   206816.120
  1995:   206822.120   207015.120   207124.130   207274.130   207355.120
  2000:   207547.120   207673.130   207679.130   207687.130   207856.130
  2005:   207890.130   207898.130   208286.130   208361.120   208366.120
  2010:   208560.130   208565.130   208835.130   208841.130   209035.130
  2015:   209136.120   209167.120   209228.130   209354.130   209437.120
  2020:   209443.120   209849.130   209855.130   209930.120   209936.120
  2025:   210251.130   210434.130   210628.130   210712.120   210921.120
  2030:   210957.120   211212.130   211407.120   211430.120   211437.120
  2035:   211610.130   211691.120   211810.130   211907.120   212150.120
  2040:   212156.120   212279.130   212355.120   212361.120   212683.840
  2045:   212992.120   213132.120   213355.120   213361.120   213462.640
  2050:   213462.320   213462.330   213462.350   213462.240   213462.130
  2055:   213712.220   213712.230   213712.250   213712.340   213918.130
  2060:   213953.130   213959.130   214132.120   214139.120   214251.130
  2065:   214504.120   214510.120   214576.130   214671.130   214912.120
  2070:   215016.130   215217.130   215350.130   215689.130   215764.120
  2075:   216098.130   216131.130   216196.120   216602.130   216690.120
  2080:   216835.120   217032.120   217486.120   217596.130   217864.120
  2085:   217870.120   217912.840   218086.120   218092.120   218244.120
  2090:   218604.120   218610.120   219104.120   219200.640   219200.320
  2095:   219200.330   219200.350   219200.240   219200.130   219450.220
  2100:   219450.230   219450.250   219450.340   219660.130   219836.130
  2105:   219842.130   219973.120   220146.130   220152.130   220466.130
  2110:   220638.130   220645.130   220779.130   221041.120   221669.130
  2115:   221886.130   221962.120   222161.120   222281.130   222734.120
  2120:   222936.130   223039.120   223073.120   223158.130   223241.120
  2125:   223340.130   223416.120   223421.120   223461.120   223558.130
  2130:   223592.130   223664.120   223738.130   223977.130   224054.120
  2135:   224117.130   224125.130   224202.120   224430.130   224436.130
  2140:   224533.130   224540.130   224621.120   224650.840   224695.640
  2145:   224695.320   224695.330   224695.350   224695.240   224695.130
  2150:   224945.220   224945.230   224945.250   224945.340   225297.130
  2155:   225304.130   225335.130   225433.120   225528.740   225530.130
  2160:   225539.130   226026.540   226026.320   226026.330   226026.350
  2165:   226026.240   226026.120   226033.120   226039.120   226049.120
  2170:   226070.120   226079.120   226088.120   226098.120   226276.220
  2175:   226276.230   226276.250   226276.340   226437.130   226441.130
  2180:   226449.130   226515.120   226819.130   226890.120   226902.120
  2185:   227176.740   227517.130   227598.540   227598.320   227598.330
  2190:   227598.350   227598.240   227598.120   227848.220   227848.230
  2195:   227848.250   227848.340   228162.130   228166.130   228174.130
  2200:   228274.120   228280.120   228426.120   228536.130   228628.120
  2205:   228842.120   229045.840   229164.120   229170.120   229337.120
  2210:   229558.640   229558.320   229558.330   229558.350   229558.240
  2215:   229558.130   229808.220   229808.230   229808.250   229808.340
  2220:   230439.130   230565.130   230572.130   230665.120   230758.130
  2225:   230764.130   230805.130   230949.130   230954.130   230963.130
  2230:   231181.120   231187.120   231471.120   231477.120   231551.130
  2235:   231766.120   231940.120   232021.130   232313.130   232667.130
  2240:   232742.120   232884.130   232948.740   233388.130   233422.130
  2245:   233499.540   233499.320   233499.330   233499.350   233499.240
  2250:   233499.120   233749.220   233749.230   233749.250   233749.340
  2255:   233938.130   233945.130   234243.120   234248.120   234339.130
  2260:   234420.120   234449.120   234655.120   234787.130   234870.120
  2265:   234973.130   235074.120   235239.120   235360.120   235366.120
  2270:   235449.740   235973.540   235973.320   235973.330   235973.350
  2275:   235973.240   235973.120   235989.120   236223.220   236223.230
  2280:   236223.250   236223.340   236408.840   236552.640   236552.320
  2285:   236552.330   236552.350   236552.240   236552.130   236802.220
  2290:   236802.230   236802.250   236802.340   237393.130   237411.130
  2295:   237420.130   237484.120   237626.130   237935.130   238033.120
  2300:   238183.130   238249.120   238424.130   238594.130   238745.130
  2305:   238948.120   239199.120   239205.120   239353.120   239546.120
  2310:   239552.120   239691.120   239802.130   239911.130   239985.120
  2315:   240177.120   240488.120   240656.130   240733.120   240739.120
  2320:   240993.120   241090.130   241310.130   241315.130   241388.120
  2325:   241483.130   241575.120   241759.120   242005.120   242155.120
  2330:   242217.120   242222.120   242390.120   242658.120   242663.120
  2335:   242775.130   242848.120   243230.120   243579.130   243666.120
  2340:   243772.130   243872.120   244069.120   244074.120   244081.120
  2345:   244129.120   244236.130   244270.130   244692.130   244774.120
  2350:   244816.120   244951.120   244955.120   245182.120   245189.120
  2355:   245369.120   245418.120   245426.120   245523.740   245591.130
  2360:   245673.540   245673.320   245673.330   245673.350   245673.240
  2365:   245673.120   245688.120   245923.220   245923.230   245923.250
  2370:   245923.340   246094.120   246174.130   246378.120   246485.120
  2375:   247108.120   247192.130   247273.120   247359.130   247392.130
  2380:   247455.120   247602.840   247655.640   247655.320   247655.330
  2385:   247655.350   247655.240   247655.130   247905.220   247905.230
  2390:   247905.250   247905.340   248039.120   248120.130   248123.740
  2395:   248286.130   248558.130   248733.130   248973.540   248973.320
  2400:   248973.330   248973.350   248973.240   248973.120   248987.120
  2405:   249223.220   249223.230   249223.250   249223.340   249506.130
  2410:   249511.130   249521.130   249551.130   249642.120   249710.120
  2415:   249902.120   249908.120   250038.120   250192.120   250373.120
  2420:   250378.120   250728.130   250822.120   250937.120   251100.130
  2425:   251108.130   251420.120   251523.130   251601.120   251623.740
  2430:   251764.130   251839.540   251839.320   251839.330   251839.350
  2435:   251839.240   251839.120   251843.120   251851.120   252089.220
  2440:   252089.230   252089.250   252089.340   252317.130   252330.130
  2445:   252424.120   252539.130   252545.130   252552.130   252621.120
  2450:   252716.130   252805.840   252806.120   252812.120   252853.120
  2455:   252991.640   252991.320   252991.330   252991.350   252991.240
  2460:   252991.130   253241.220   253241.230   253241.250   253241.340
  2465:   253426.120   253541.130   253547.130   253554.130   253640.120
  2470:   253760.130   253789.740   253844.540   253844.320   253844.330
  2475:   253844.350   253844.240   253844.120   253858.120   254094.220
  2480:   254094.230   254094.250   254094.340   254285.120   254290.120
  2485:   254297.120   254404.130   254411.130   254507.120   254687.120
  2490:   254940.120   255010.120   255132.120   255570.120   255575.120
  2495:   255656.120   255699.120   255890.120   256024.130   256096.120
  2500:   256349.120   256457.130   256537.120   256685.120   256714.120
  2505:   256886.120   256892.120   257072.120   257192.130   257276.120
  2510:   257476.120   257494.740   257573.130   258020.540   258020.320
  2515:   258020.330   258020.350   258020.240   258020.120   258270.220
  2520:   258270.230   258270.250   258270.340   258409.120   258415.120
  2525:   258521.130   258527.130   258607.120   258803.120   259027.120
  2530:   259093.120   259301.130   259385.120   259392.120   259579.120
  2535:   259693.120   259700.120   259807.120   259813.120   260139.120
  2540:   260297.120   260505.130   260511.130   260570.740   260584.540
  2545:   260584.320   260584.330   260584.350   260584.240   260584.120
  2550:   260598.120   260834.220   260834.230   260834.250   260834.340
  2555:   261009.130   261034.740   261043.130   261048.130   261121.540
  2560:   261121.320   261121.330   261121.350   261121.240   261121.120
  2565:   261187.120   261196.120   261371.220   261371.230   261371.250
  2570:   261371.340   261498.120   261503.120   261682.120   261688.120
  2575:   261964.120   262054.120   262099.120   262461.130   262543.120
  2580:   262954.130   263192.120   263295.130   263371.120   263494.130
  2585:   263499.130   263507.130   263574.120   263615.120   263761.120
  2590:   263767.120   263845.120   264093.130   264176.120   264317.120
  2595:   264476.120   264585.130   264665.120   264671.120   264828.120
  2600:   264965.120   264971.740   265418.540   265418.320   265418.330
  2605:   265418.350   265418.240   265418.120   265425.120   265431.120
  2610:   265439.120   265641.840   265668.220   265668.230   265668.250
  2615:   265668.340   265912.120   265917.120   266030.640   266030.320
  2620:   266030.330   266030.350   266030.240   266030.130   266035.130
  2625:   266043.130   266068.740   266280.220   266280.230   266280.250
  2630:   266280.340   266421.540   266421.320   266421.330   266421.350
  2635:   266421.240   266421.120   266426.120   266434.120   266671.220
  2640:   266671.230   266671.250   266671.340   266959.130   266966.130
  2645:   267074.120   267081.120   267434.120   267606.120   268007.120
  2650:   268013.120   268367.120   269147.120   269385.130   269685.120
  2655:   269831.120   269927.130   269945.130   270288.120   270475.130
  2660:   270555.120   270560.120   270671.740   270729.540   270729.320
  2665:   270729.330   270729.350   270729.240   270729.120   270744.120
  2670:   270979.220   270979.230   270979.250   270979.340   271286.130
  2675:   271500.120   271693.120   272015.120   272151.130   272157.130
  2680:   273044.120   273167.130   273239.120   273468.130   273685.120
  2685:   273857.120   273913.120   274056.120   274063.120   274327.120
  2690:   274489.130   274575.120   274692.130   275037.120   275336.120
  2695:   275794.130   275801.130   275907.120   276077.120   276245.120
  2700:   276251.120   276552.120   276776.120   276955.120   277180.120
  2705:   277349.120   277379.740   277442.130   277872.540   277872.320
  2710:   277872.330   277872.350   277872.240   277872.120   277878.120
  2715:   277885.120   278122.220   278122.230   278122.250   278122.340
  2720:   278242.120   278249.120   278439.120   278700.120   278778.120
  2725:   278835.120   278965.120   279324.130   279393.120   279528.120
  2730:   279534.120   279689.120   279754.120   279780.840   279874.640
  2735:   279874.320   279874.330   279874.350   279874.240   279874.130
  2740:   280124.220   280124.230   280124.250   280124.340   280235.120
  2745:   280241.120   280349.130   280418.120   280513.130   280715.120
  2750:   280721.120   280869.120   281047.120   281438.120   281582.120
  2755:   281823.120   281828.120   282101.130   282241.120   282472.120
  2760:   282672.120   282733.120   282919.120   283021.130   283101.120
  2765:   283271.130   283380.120   283453.130   283667.120   283672.120
  2770:   283750.130   283826.120   283946.120   284196.120   284201.120
  2775:   284270.130   284401.120   284464.130   284470.130   284542.120
  2780:   284619.120   284650.120   284762.120   284874.130   285050.130
  2785:   285366.120   285561.120   285649.130   285734.120   285890.130
  2790:   285897.130   286215.120   286221.120   286344.130   286350.130
  2795:   286414.120   286458.120   286522.740   286800.540   286800.320
  2800:   286800.330   286800.350   286800.240   286800.120   286820.120
  2805:   287050.220   287050.230   287050.250   287050.340   287266.130
  2810:   287273.130   287346.120   287723.120   288423.130   288732.120
  2815:   288846.120   288851.120   289306.120   289399.130   289475.120
  2820:   289712.120   289972.120   290038.120   290173.120   290433.120
  2825:   290439.120   290478.120   290644.120   290680.120   290859.130
  2830:   290866.130   291198.120   291708.130   291741.130   291887.120
  2835:   291944.120   291951.120   292028.130   292250.740   292267.540
  2840:   292267.320   292267.330   292267.350   292267.240   292267.120
  2845:   292282.120   292517.220   292517.230   292517.250   292517.340
  2850:   292710.120   292716.120   292722.120   292813.120   293001.120
  2855:   293072.120   293339.120   293421.120   293427.120   293514.130
  2860:   293582.120   293664.120   293704.120   293820.120   294182.120
  2865:   294304.130   294369.120   294620.130   294627.130   294699.120
  2870:   294704.120   294919.120   295024.130   295161.120   295302.120
  2875:   295444.120   295509.120   295578.130   295667.120   295673.120
  2880:   295733.120   296216.120   296423.120   296635.120   296641.120
  2885:   297003.120   297141.120   297424.120   297517.130   297748.120
  2890:   297913.120   297919.120   297985.120   298118.130   298152.130
  2895:   298156.130   298235.120   298299.120   298354.120   298417.740
  2900:   298565.540   298565.320   298565.330   298565.350   298565.240
  2905:   298565.120   298815.220   298815.230   298815.250   298815.340
  2910:   298988.120   298994.120   299103.130   299109.130   299175.120
  2915:   299325.120   299419.130   299524.130   299625.120   299726.130
  2920:   300065.120   300266.120   300424.840   300582.120   300646.120
  2925:   300763.120   301127.120   301411.640   301411.320   301411.330
  2930:   301411.350   301411.240   301411.130   301661.220   301661.230
  2935:   301661.250   301661.340   301829.130   301861.840   301899.120
  2940:   302205.640   302205.320   302205.330   302205.350   302205.240
  2945:   302205.130   302455.220   302455.230   302455.250   302455.340
  2950:   302702.130   302709.130   302716.130   302802.120   302808.120
  2955:   302907.130   302983.120   302990.120   303185.130   303346.120
  2960:   303427.130   303504.120   303633.130   303732.120   303739.120
  2965:   303793.120   303879.130   303913.130   303991.130   303999.130
  2970:   304074.120   304160.130   304240.120   304497.130   304565.120
  2975:   304633.120   304640.120   304801.120   304876.120   304882.120
  2980:   305049.120   305337.120   305486.130   305569.120   305764.120
  2985:   305771.120   305807.120   306162.120   306294.130   306365.120
  2990:   306472.130   306615.740   306750.540   306750.320   306750.330
  2995:   306750.350   306750.240   306750.120   306764.120   307000.220
  3000:   307000.230   307000.250   307000.340   307205.130   307284.120
  3005:   307437.120   307444.120   307529.130   307595.120   307675.120
  3010:   307679.120   307854.120   308036.120   308326.120   308773.120
  3015:   308780.120   308945.120   308951.120   309160.120   309335.120
  3020:   309583.120   309782.120   309920.130   309995.120   310001.120
  3025:   310041.120   310100.740   310317.130   310406.540   310406.320
  3030:   310406.330   310406.350   310406.240   310406.120   310656.220
  3035:   310656.230   310656.250   310656.340   310868.130   310893.130
  3040:   310899.130   310906.130   311130.120   311135.120   311284.120
  3045:   311462.120   311607.120   311789.120   311856.740   311903.130
  3050:   311967.540   311967.320   311967.330   311967.350   311967.240
  3055:   311967.120   311980.120   312217.220   312217.230   312217.250
  3060:   312217.340   312426.120   312525.130   312607.120   312612.120
  3065:   312797.120   312999.120   313126.120   313481.120   313488.120
  3070:   313564.120   313568.120   313751.120   313817.740   313895.540
  3075:   313895.320   313895.330   313895.350   313895.240   313895.120
  3080:   314145.220   314145.230   314145.250   314145.340   314434.120
  3085:   314533.120   314539.120   314723.120   314846.130   314918.120
  3090:   315041.120   315135.130   315213.120   315299.120   315460.120
  3095:   315465.120   315625.130   315751.120   315925.120   315988.120
  3100:   315995.120   316194.130   316245.740   316267.540   316267.320
  3105:   316267.330   316267.350   316267.240   316267.120   316283.120
  3110:   316517.220   316517.230   316517.250   316517.340   316692.130
  3115:   316729.130   316818.120   317090.120   317161.130   317233.120
  3120:   317369.120   317422.120   317599.120   317617.740   317719.540
  3125:   317719.320   317719.330   317719.350   317719.240   317719.120
  3130:   317736.120   317755.840   317969.220   317969.230   317969.250
  3135:   317969.340   318265.640   318265.320   318265.330   318265.350
  3140:   318265.240   318265.130   318515.220   318515.230   318515.250
  3145:   318515.340   318717.130   318749.130   318815.120   318822.120
  3150:   318960.130   319213.120   319340.120   319554.130   319562.130
  3155:   319648.120   319770.120   319915.840   319921.120   319926.120
  3160:   320141.640   320141.320   320141.330   320141.350   320141.240
  3165:   320141.130   320391.220   320391.230   320391.250   320391.340
  3170:   320593.120   320688.130   320693.130   320802.120   320808.120
  3175:   321005.130   321100.120   321168.120   321288.120   321460.130
  3180:   321546.130   321815.120   321876.120   322321.130   322524.130
  3185:   322605.120   322611.120   322742.130   322829.120   322902.120
  3190:   322973.130   323052.120   323069.740   323176.540   323176.320
  3195:   323176.330   323176.350   323176.240   323176.120   323190.120
  3200:   323246.120   323256.120   323426.220   323426.230   323426.250
  3205:   323426.340   323688.120   323747.120   323815.120   323821.120
  3210:   323981.120   324119.120   324188.120   324345.120   324580.120
  3215:   324675.120   324718.120   324967.120   325052.130   325151.120
  3220:   325320.120   325386.120   325451.120   325571.120   325733.120
  3225:   325791.120   325846.120   325944.120   326083.120   326328.120
  3230:   326491.840   326545.120   326721.120   326855.640   326855.320
  3235:   326855.330   326855.350   326855.240   326855.130   327105.220
  3240:   327105.230   327105.250   327105.340   327303.130   327384.120
  3245:   327490.120   327559.120   327719.120   327793.130   327865.120
  3250:   327975.130   328274.130   328349.120   328582.120   328896.120
  3255:   328902.120   329079.120   329212.130   329293.120   329349.120
  3260:   329534.120   329659.120   329880.120   329979.130   330006.130
  3265:   330072.120   330237.130   330245.130   330338.120   330415.130
  3270:   330505.120   330584.120   330590.120   330619.120   330777.120
  3275:   330910.130   330986.120   331058.130   331158.120   331226.120
  3280:   331402.120   331482.120   331651.120   331887.120   331948.120
  3285:   332005.120   332026.740   332163.540   332163.320   332163.330
  3290:   332163.350   332163.240   332163.120   332171.120   332179.120
  3295:   332413.220   332413.230   332413.250   332413.340   332578.130
  3300:   332609.130   332687.120   332824.120   332892.120   332899.120
  3305:   332960.120   333132.120   333138.120   333313.740   333371.540
  3310:   333371.320   333371.330   333371.350   333371.240   333371.120
  3315:   333384.120   333392.120   333423.120   333432.120   333441.120
  3320:   333451.120   333621.220   333621.230   333621.250   333621.340
  3325:   333815.130   333822.130   333897.120   334093.120   334099.120
  3330:   334478.120   334543.120   334597.120   334779.120   334787.120
  3335:   334874.130   334977.120   335032.120   335121.740   335155.130
  3340:   335276.540   335276.320   335276.330   335276.350   335276.240
  3345:   335276.120   335292.120   335405.840   335526.220   335526.230
  3350:   335526.250   335526.340   335774.640   335774.320   335774.330
  3355:   335774.350   335774.240   335774.130   336024.220   336024.230
  3360:   336024.250   336024.340   336187.120   336193.120   336308.130
  3365:   336316.130   336417.120   336530.130   336611.120   336622.120
  3370:   336721.130   336726.740   336755.130   336833.130   336906.540
  3375:   336906.320   336906.330   336906.350   336906.240   336906.120
  3380:   336911.120   336918.120   337156.220   337156.230   337156.250
  3385:   337156.340   337391.130   337431.130   337444.130   337453.130
  3390:   337526.120   337578.120   337648.120   337926.130   337935.130
  3395:   338032.120   338152.130   338158.130   338405.120   338677.120
  3400:   338683.120   338932.120   339153.120   339256.130   339331.120
  3405:   339389.120   339453.120   339570.120   339647.130   339656.740
  3410:   339851.540   339851.320   339851.330   339851.350   339851.240
  3415:   339851.120   339864.120   339872.120   340101.220   340101.230
  3420:   340101.250   340101.340   340453.120   340574.130   340583.130
  3425:   340780.130   340865.130   340896.130   340978.120   340984.120
  3430:   341156.120   341162.120   341246.130   341321.120   341464.120
  3435:   341469.120   341630.120   341635.120   341697.120   341771.130
  3440:   342100.130   342184.120   342190.120   342370.120   342431.120
  3445:   342511.120   342517.120   342695.120   342875.120   343009.130
  3450:   343082.120   343089.120   343244.120   343251.120   343307.120
  3455:   343488.120   343719.120   343807.120   343903.130   343976.120
  3460:   344055.120   344061.120   344189.120   344282.130   344356.120
  3465:   344520.120   344609.130   344678.120   344743.120   344876.130
  3470:   344943.120   345005.120   345011.120   345101.130   345236.120
  3475:   345296.120   345359.120   345549.120   345690.120   345720.120
  3480:   345810.130   345983.130   345993.130   346070.120   346252.120
  3485:   346344.130   346524.130   346741.120   346747.120   346844.130
  3490:   346924.120   347090.120   347281.120   347348.120   347861.120
  3495:   348317.130   348382.120   348425.120   348652.120   348701.740
  3500:   348817.540   348817.320   348817.330   348817.350   348817.240
  3505:   348817.120   348823.120   348829.120   349067.220   349067.230
  3510:   349067.250   349067.340   349324.130   349352.130   349363.130
  3515:   349434.120   349439.120   349639.120   349724.840   349804.120
  3520:   349926.640   349926.320   349926.330   349926.350   349926.240
  3525:   349926.130   349942.130   350176.220   350176.230   350176.250
  3530:   350176.340   350363.120   350480.130   350572.130   351206.120
  3535:   351212.120   351218.120   351321.130   351405.120   351411.120
  3540:   351588.120   351736.120   351832.130   351923.120   352034.130
  3545:   352067.740   352103.540   352103.320   352103.330   352103.350
  3550:   352103.240   352103.120   352114.120   352353.220   352353.230
  3555:   352353.250   352353.340   352514.120   352520.120   352730.120
  3560:   352916.120   352922.120   353064.120   353070.120   353184.120
  3565:   353191.120   353278.130   353354.120   353515.120   353521.120
  3570:   353660.120   353749.130   353825.120   353830.120   354004.120
  3575:   354076.840   354197.120   354301.120   354399.640   354399.320
  3580:   354399.330   354399.350   354399.240   354399.130   354649.220
  3585:   354649.230   354649.250   354649.340   354845.130   354853.130
  3590:   354941.120   354946.120   355067.130   355141.120   355147.120
  3595:   355245.130   355322.120   355483.120   355573.130   355658.120
  3600:   355721.120   355773.120   355842.130   355915.120   356093.120
  3605:   356262.120   356464.120   356612.120   356673.120   356822.120
  3610:   356853.740   356966.540   356966.320   356966.330   356966.350
  3615:   356966.240   356966.120   356971.120   356979.120   357216.220
  3620:   357216.230   357216.250   357216.340   357461.120   357508.120
  3625:   357515.120   357705.120   357711.120   357819.130   357881.120
  3630:   357887.120   358053.120   358344.130   358426.120   358616.740
  3635:   358618.540   358618.320   358618.330   358618.350   358618.240
  3640:   358618.120   358624.120   358632.120   358868.220   358868.230
  3645:   358868.250   358868.340   359023.130   359110.120   359202.120
  3650:   359209.120   359388.120   359394.120   359662.130   359772.120
  3655:   359860.130   359936.120   359941.120   360000.320   360000.330
  3660:   360000.350   360000.020
C:
     0:        0.000     1352.000     1022.000       62.000       66.000
     5:        0.000
D:
     0:        0.000        0.000
L:
     0:      158.000      333.000      333.000
M:
     0:     1200.000     1201.000     1202.000     1203.000     1204.000
     5:     1205.000     1206.000     1207.000     1208.000     1209.000
    10:     1210.000     1211.000     1212.000     1213.000     1214.000
    15:     1215.000     1216.000     1217.000     1218.000     1219.000
    20:     1220.000     1221.000     1222.000     1223.000     1224.000
    25:     1225.000     1226.000     1227.000     1228.000     1229.000
    30:     1230.000     1231.000     1232.000     1233.000     1234.000
    35:     1235.000     1236.000     1237.000     1238.000     1239.000
    40:     1240.000     1241.000     1242.000     1243.000     1244.000
    45:     1245.000     1246.000     1247.000     1248.000     1249.000
    50:     1250.000     1251.000     1252.000     1253.000     1254.000
    55:     1255.000     1256.000     1257.000     1258.000     1259.000
    60:     1260.000     1261.000     1262.000     1263.000     1264.000
    65:     1265.000     1266.000     1267.000     1268.000     1269.000
    70:     1270.000     1271.000     1272.000     1273.000     1274.000
    75:     1275.000     1276.000     1277.000     1278.000     1279.000
    80:     1280.000     1281.000     1282.000     1283.000     1284.000
    85:     1285.000     1286.000     1287.000     1288.000     1289.000
    90:     1290.000     1291.000     1292.000     1293.000     1294.000
    95:     1295.000     1296.000     1297.000     1298.000     1299.000
   100:     1300.000     1301.000     1302.000     1303.000     1304.000
   105:     1305.000     1306.000     1307.000     1308.000     1309.000
   110:     1310.000     1311.000     1312.000     1313.000     1314.000
   115:     1315.000     1316.000     1317.000     1318.000     1319.000
   120:     1320.000     1321.000     1322.000     1323.000     1324.000
   125:     1325.000     1326.000     1327.000     1328.000     1329.000
   130:     1330.000     1331.000     1332.000     1333.000     1334.000
   135:     1335.000     1336.000     1337.000     1338.000     1339.000
   140:     1340.000     1341.000     1342.000     1343.000     1344.000
   145:     1345.000     1346.000     1347.000     1348.000     1349.000
   150:     1350.000     1351.000     1352.000     1353.000     1354.000
   155:     1355.000     1356.000     1357.000     1358.000     1359.000
   160:     1360.000     1361.000     1362.000     1363.000     1364.000
   165:     1365.000     1366.000     1367.000     1368.000     1369.000
   170:     1370.000     1371.000     1372.000     1373.000     1374.000
   175:     1375.000     1376.000     1377.000     1378.000     1379.000
   180:     1380.000     1381.000     1382.000     1383.000     1384.000
   185:     1385.000     1386.000     1387.000     1388.000     1389.000
   190:     1390.000     1391.000     1392.000     1393.000     1394.000
   195:     1395.000     1396.000     1397.000     1398.000     1399.000
   200:     1400.000     1401.000     1402.000     1403.000     1404.000
   205:     1405.000     1406.000     1407.000     1408.000     1409.000
   210:     1410.000     1411.000     1412.000     1413.000     1414.000
   215:     1415.000     1416.000     1417.000     1418.000     1419.000
   220:     1420.000     1421.000     1422.000     1423.000     1424.000
   225:     1425.000     1426.000     1427.000     1428.000     1429.000
   230:     1430.000     1431.000     1432.000     1433.000     1434.000
   235:     1435.000     1436.000     1437.000     1438.000     1439.000
   240:     1440.000     1441.000     1442.000     1443.000     1444.000
   245:     1445.000     1446.000     1447.000     1448.000     1449.000
   250:     1450.000     1451.000     1452.000     1453.000     1454.000
   255:     1455.000     1456.000     1457.000     1458.000     1459.000
   260:     1460.000     1461.000     1462.000     1463.000     1464.000
   265:     1465.000     1466.000     1467.000     1468.000     1469.000
   270:     1470.000     1471.000     1472.000     1473.000     1474.000
   275:     1475.000     1476.000     1477.000     1478.000     1479.000
   280:     1480.000     1481.000     1482.000     1483.000     1484.000
   285:     1485.000     1486.000     1487.000     1488.000     1489.000
   290:     1490.000     1491.000     1492.000     1493.000     1494.000
   295:     1495.000     1496.000     1497.000     1498.000     1499.000
   300:     1500.000     1501.000     1502.000     1503.000     1504.000
   305:     1505.000     1506.000     1507.000     1508.000     1509.000
   310:     1510.000     1511.000     1512.000     1513.000     1514.000
   315:     1515.000     1516.000     1517.000     1518.000     1519.000
   320:     1520.000     1521.000     1522.000     1523.000     1524.000
   325:     1525.000     1526.000     1527.000     1528.000     1529.000
   330:     1530.000     1531.000     1532.000     1533.000     1534.000
   335:     1535.000     1536.000     1537.000     1538.000     1539.000
   340:     1540.000     1541.000     1542.000     1543.000     1544.000
   345:     1545.000     1546.000     1547.000     1548.000     1549.000
   350:     1550.000     1551.000     1552.000     1553.000     1554.000
   355:     1555.000     1556.000     1557.000     1558.000     1559.000
   360:     1560.000     1561.000     1562.000     1563.000     1564.000
   365:     1565.000     1566.000     1567.000     1568.000     1569.000
   370:     1570.000     1571.000     1572.000     1573.000     1574.000
   375:     1575.000     1576.000     1577.000     1578.000     1579.000
   380:     1580.000     1581.000     1582.000     1583.000     1584.000
   385:     1585.000     1586.000     1587.000     1588.000     1589.000
   390:     1590.000     1591.000     1592.000     1593.000     1594.000
   395:     1595.000     1596.000     1597.000     1598.000     1599.000
   400:     1600.000     1601.000     1602.000     1603.000     1604.000
   405:     1605.000     1606.000     1607.000     1608.000     1609.000
   410:     1610.000     1611.000     1612.000     1613.000     1614.000
   415:     1615.000     1616.000     1617.000     1618.000     1619.000
   420:     1620.000     1621.000     1622.000     1623.000     1624.000
   425:     1625.000     1626.000     1627.000     1628.000     1629.000
   430:     1630.000     1631.000     1632.000     1633.000     1634.000
   435:     1635.000     1636.000     1637.000     1638.000     1639.000
   440:     1640.000     1641.000     1642.000     1643.000     1644.000
   445:     1645.000     1646.000     1647.000     1648.000     1649.000
   450:     1650.000     1651.000     1652.000     1653.000     1654.000
   455:     1655.000     1656.000     1657.000     1658.000     1659.000
   460:     1660.000     1661.000     1662.000     1663.000     1664.000
   465:     1665.000     1666.000     1667.000     1668.000     1669.000
   470:     1670.000     1671.000     1672.000     1673.000     1674.000
   475:     1675.000     1676.000     1677.000     1678.000     1679.000
   480:     1680.000     1681.000     1682.000     1683.000     1684.000
   485:     1685.000     1686.000     1687.000     1688.000     1689.000
   490:     1690.000     1691.000     1692.000     1693.000     1694.000
   495:     1695.000     1696.000     1697.000     1698.000     1699.000
   500:     1700.000     1701.000     1702.000     1703.000     1704.000
   505:     1705.000     1706.000     1707.000     1708.000     1709.000
   510:     1710.000     1711.000     1712.000     1713.000     1714.000
   515:     1715.000     1716.000     1717.000     1718.000     1719.000
   520:     1720.000     1721.000     1722.000     1723.000     1724.000
   525:     1725.000     1726.000     1727.000     1728.000     1729.000
   530:     1730.000     1731.000     1732.000     1733.000     1734.000
   535:     1735.000     1736.000     1737.000     1738.000     1739.000
   540:     1740.000     1741.000     1742.000     1743.000     1744.000
   545:     1745.000     1746.000     1747.000     1748.000     1749.000
   550:     1750.000     1751.000     1752.000     1753.000     1754.000
   555:     1755.000     1756.000     1757.000     1758.000     1759.000
   560:     1760.000     1761.000     1762.000     1763.000     1764.000
   565:     1765.000     1766.000     1767.000     1768.000     1769.000
   570:     1770.000     1771.000     1772.000     1773.000     1774.000
   575:     1775.000     1776.000     1777.000     1778.000     1779.000
   580:     1780.000     1781.000     1782.000     1783.000     1784.000
   585:     1785.000     1786.000     1787.000     1788.000     1789.000
   590:     1790.000     1791.000     1792.000     1793.000     1794.000
   595:     1795.000     1796.000     1797.000     1798.000     1799.000
   600:     1800.000     1801.000     1802.000     1803.000     1804.000
   605:     1805.000     1806.000     1807.000     1808.000     1809.000
   610:     1810.000     1811.000     1812.000     1813.000     1814.000
   615:     1815.000     1816.000     1817.000     1818.000     1819.000
   620:     1820.000     1821.000     1822.000     1823.000     1824.000
   625:     1825.000     1826.000     1827.000     1828.000     1829.000
   630:     1830.000     1831.000     1832.000     1833.000     1834.000
   635:     1835.000     1836.000     1837.000     1838.000     1839.000
   640:     1840.000     1841.000     1842.000     1843.000     1844.000
   645:     1845.000     1846.000     1847.000     1848.000     1849.000
   650:     1850.000     1851.000     1852.000     1853.000     1854.000
   655:     1855.000     1856.000     1857.000     1858.000     1859.000
   660:     1860.000     1861.000     1862.000     1863.000     1864.000
   665:     1865.000     1866.000     1867.000     1868.000     1869.000
   670:     1870.000     1871.000     1872.000     1873.000     1874.000
   675:     1875.000     1876.000     1877.000     1878.000     1879.000
   680:     1880.000     1881.000     1882.000     1883.000     1884.000
   685:     1885.000     1886.000     1887.000     1888.000     1889.000
   690:     1890.000     1891.000     1892.000     1893.000     1894.000
   695:     1895.000     1896.000     1897.000     1898.000     1899.000
   700:     1900.000     1901.000     1902.000     1903.000     1904.000
   705:     1905.000     1906.000     1907.000     1908.000     1909.000
   710:     1910.000     1911.000     1912.000     1913.000     1914.000
   715:     1915.000     1916.000     1917.000     1918.000     1919.000
   720:     1920.000     1921.000     1922.000     1923.000     1924.000
   725:     1925.000     1926.000     1927.000     1928.000     1929.000
   730:     1930.000     1931.000     1932.000     1933.000     1934.000
   735:     1935.000     1936.000     1937.000     1938.000     1939.000
   740:     1940.000     1941.000     1942.000     1943.000     1944.000
   745:     1945.000     1946.000     1947.000     1948.000     1949.000
   750:     1950.000     1951.000     1952.000     1953.000     1954.000
   755:     1955.000     1956.000     1957.000     1958.000     1959.000
   760:     1960.000     1961.000     1962.000     1963.000     1964.000
   765:     1965.000     1966.000     1967.000     1968.000     1969.000
   770:     1970.000     1971.000     1972.000     1973.000     1974.000
   775:     1975.000     1976.000     1977.000     1978.000     1979.000
   780:     1980.000     1981.000     1982.000     1983.000     1984.000
   785:     1985.000     1986.000     1987.000     1988.000     1989.000
   790:     1990.000     1991.000     1992.000     1993.000     1994.000
   795:     1995.000     1996.000     1997.000     1998.000     1999.000
   800:     2000.000     2001.000     2002.000     2003.000     2004.000
   805:     2005.000     2006.000     2007.000     2008.000     2009.000
   810:     2010.000     2011.000     2012.000     2013.000     2014.000
   815:     2015.000     2016.000     2017.000     2018.000     2019.000
   820:     2020.000     2021.000     2022.000     2023.000     2024.000
   825:     2025.000     2026.000     2027.000     2028.000     2029.000
   830:     2030.000     2031.000     2032.000     2033.000     2034.000
   835:     2035.000     2036.000     2037.000     2038.000     2039.000
   840:     2040.000     2041.000     2042.000     2043.000     2044.000
   845:     2045.000     2046.000     2047.000     2048.000     2049.000
   850:     2050.000     2051.000     2052.000     2053.000     2054.000
   855:     2055.000     2056.000     2057.000     2058.000     2059.000
   860:     2060.000     2061.000     2062.000     2063.000     2064.000
   865:     2065.000     2066.000     2067.000     2068.000     2069.000
   870:     2070.000     2071.000     2072.000     2073.000     2074.000
   875:     2075.000     2076.000     2077.000     2078.000     2079.000
   880:     2080.000     2081.000     2082.000     2083.000     2084.000
   885:     2085.000     2086.000     2087.000     2088.000     2089.000
   890:     2090.000     2091.000     2092.000     2093.000     2094.000
   895:     2095.000     2096.000     2097.000     2098.000     2099.000
   900:     2100.000     2101.000     2102.000     2103.000     2104.000
   905:     2105.000     2106.000     2107.000     2108.000     2109.000
   910:     2110.000     2111.000     2112.000     2113.000     2114.000
   915:     2115.000     2116.000     2117.000     2118.000     2119.000
   920:     2120.000     2121.000     2122.000     2123.000     2124.000
   925:     2125.000     2126.000     2127.000     2128.000     2129.000
   930:     2130.000     2131.000     2132.000     2133.000     2134.000
   935:     2135.000     2136.000     2137.000     2138.000     2139.000
   940:     2140.000     2141.000     2142.000     2143.000     2144.000
   945:     2145.000     2146.000     2147.000     2148.000     2149.000
   950:     2150.000     2151.000     2152.000     2153.000     2154.000
   955:     2155.000     2156.000     2157.000     2158.000     2159.000
   960:     2160.000     2161.000     2162.000     2163.000     2164.000
   965:     2165.000     2166.000     2167.000     2168.000     2169.000
   970:     2170.000     2171.000     2172.000     2173.000     2174.000
   975:     2175.000     2176.000     2177.000     2178.000     2179.000
   980:     2180.000     2181.000     2182.000     2183.000     2184.000
   985:     2185.000     2186.000     2187.000     2188.000     2189.000
   990:     2190.000     2191.000     2192.000     2193.000     2194.000
   995:     2195.000     2196.000     2197.000     2198.000     2199.000
  1000:     2200.000     2201.000     2202.000     2203.000     2204.000
  1005:     2205.000     2206.000     2207.000     2208.000     2209.000
  1010:     2210.000     2211.000     2212.000     2213.000     2214.000
  1015:     2215.000     2216.000     2217.000     2218.000     2219.000
  1020:     2220.000     2221.000     2222.000     2223.000     2224.000
  1025:     2225.000     2226.000     2227.000     2228.000     2229.000
  1030:     2230.000     2231.000     2232.000     2233.000     2234.000
  1035:     2235.000     2236.000     2237.000     2238.000     2239.000
  1040:     2240.000     2241.000     2242.000     2243.000     2244.000
  1045:     2245.000     2246.000     2247.000     2248.000     2249.000
  1050:     2250.000     2251.000     2252.000     2253.000     2254.000
  1055:     2255.000     2256.000     2257.000     2258.000     2259.000
  1060:     2260.000     2261.000     2262.000     2263.000     2264.000
  1065:     2265.000     2266.000     2267.000     2268.000     2269.000
  1070:     2270.000     2271.000     2272.000     2273.000     2274.000
  1075:     2275.000     2276.000     2277.000     2278.000     2279.000
  1080:     2280.000     2281.000     2282.000     2283.000     2284.000
  1085:     2285.000     2286.000     2287.000     2288.000     2289.000
  1090:     2290.000     2291.000     2292.000     2293.000     2294.000
  1095:     2295.000     2296.000     2297.000     2298.000     2299.000
  1100:     2300.000     2301.000     2302.000     2303.000     2304.000
  1105:     2305.000     2306.000     2307.000     2308.000     2309.000
  1110:     2310.000     2311.000     2312.000     2313.000     2314.000
  1115:     2315.000     2316.000     2317.000     2318.000     2319.000
  1120:     2320.000     2321.000     2322.000     2323.000     2324.000
  1125:     2325.000     2326.000     2327.000     2328.000     2329.000
  1130:     2330.000     2331.000     2332.000     2333.000     2334.000
  1135:     2335.000     2336.000     2337.000     2338.000     2339.000
  1140:     2340.000     2341.000     2342.000     2343.000     2344.000
  1145:     2345.000     2346.000     2347.000     2348.000     2349.000
  1150:     2350.000     2351.000     2352.000     2353.000     2354.000
  1155:     2355.000     2356.000     2357.000     2358.000     2359.000
  1160:     2360.000     2361.000     2362.000     2363.000     2364.000
  1165:     2365.000     2366.000     2367.000     2368.000     2369.000
  1170:     2370.000     2371.000     2372.000     2373.000     2374.000
  1175:     2375.000     2376.000     2377.000     2378.000     2379.000
  1180:     2380.000     2381.000     2382.000     2383.000     2384.000
  1185:     2385.000     2386.000     2387.000     2388.000     2389.000
  1190:     2390.000     2391.000     2392.000     2393.000     2394.000
  1195:     2395.000     2396.000     2397.000     2398.000     2399.000
  1200:     2400.000
N:
     0:     2700.000     2701.000     2702.000     2703.000     2704.000
     5:     2705.000     2706.000     2707.000     2708.000     2709.000
    10:     2710.000     2711.000     2712.000     2713.000     2714.000
    15:     2715.000     2716.000     2717.000     2718.000     2719.000
    20:     2720.000     2721.000     2722.000     2723.000     2724.000
    25:     2725.000     2726.000     2727.000     2728.000     2729.000
    30:     2730.000     2731.000     2732.000     2733.000     2734.000
    35:     2735.000     2736.000     2737.000     2738.000     2739.000
    40:     2740.000     2741.000     2742.000     2743.000     2744.000
    45:     2745.000     2746.000     2747.000     2748.000     2749.000
    50:     2750.000     2751.000     2752.000     2753.000     2754.000
    55:     2755.000     2756.000     2757.000     2758.000     2759.000
    60:     2760.000     2761.000     2762.000     2763.000     2764.000
    65:     2765.000     2766.000     2767.000     2768.000     2769.000
    70:     2770.000     2771.000     2772.000     2773.000     2774.000
    75:     2775.000     2776.000     2777.000     2778.000     2779.000
    80:     2780.000     2781.000     2782.000     2783.000     2784.000
    85:     2785.000     2786.000     2787.000     2788.000     2789.000
    90:     2790.000     2791.000     2792.000     2793.000     2794.000
    95:     2795.000     2796.000     2797.000     2798.000     2799.000
   100:     2800.000     2801.000     2802.000     2803.000     2804.000
   105:     2805.000     2806.000     2807.000     2808.000     2809.000
   110:     2810.000     2811.000     2812.000     2813.000     2814.000
   115:     2815.000     2816.000     2817.000     2818.000     2819.000
   120:     2820.000     2821.000     2822.000     2823.000     2824.000
   125:     2825.000     2826.000     2827.000     2828.000     2829.000
   130:     2830.000     2831.000     2832.000     2833.000     2834.000
   135:     2835.000     2836.000     2837.000     2838.000     2839.000
   140:     2840.000     2841.000     2842.000     2843.000     2844.000
   145:     2845.000     2846.000     2847.000     2848.000     2849.000
   150:     2850.000     2851.000     2852.000     2853.000     2854.000
   155:     2855.000     2856.000     2857.000     2858.000     2859.000
   160:     2860.000     2861.000     2862.000     2863.000     2864.000
   165:     2865.000     2866.000     2867.000     2868.000     2869.000
   170:     2870.000     2871.000     2872.000     2873.000     2874.000
   175:     2875.000     2876.000     2877.000     2878.000     2879.000
   180:     2880.000     2881.000     2882.000     2883.000     2884.000
   185:     2885.000     2886.000     2887.000     2888.000     2889.000
   190:     2890.000     2891.000     2892.000     2893.000     2894.000
   195:     2895.000     2896.000     2897.000     2898.000     2899.000
   200:     2900.000     2901.000     2902.000     2903.000     2904.000
   205:     2905.000     2906.000     2907.000     2908.000     2909.000
   210:     2910.000     2911.000     2912.000     2913.000     2914.000
   215:     2915.000     2916.000     2917.000     2918.000     2919.000
   220:     2920.000     2921.000     2922.000     2923.000     2924.000
   225:     2925.000     2926.000     2927.000     2928.000     2929.000
   230:     2930.000     2931.000     2932.000     2933.000     2934.000
   235:     2935.000     2936.000     2937.000     2938.000     2939.000
   240:     2940.000     2941.000     2942.000     2943.000     2944.000
   245:     2945.000     2946.000     2947.000     2948.000     2949.000
   250:     2950.000     2951.000     2952.000     2953.000     2954.000
   255:     2955.000     2956.000     2957.000     2958.000     2959.000
   260:     2960.000     2961.000     2962.000     2963.000     2964.000
   265:     2965.000     2966.000     2967.000     2968.000     2969.000
   270:     2970.000     2971.000     2972.000     2973.000     2974.000
   275:     2975.000     2976.000     2977.000     2978.000     2979.000
   280:     2980.000     2981.000     2982.000     2983.000     2984.000
   285:     2985.000     2986.000     2987.000     2988.000     2989.000
   290:     2990.000     2991.000     2992.000     2993.000     2994.000
   295:     2995.000     2996.000     2997.000     2998.000     2999.000
   300:     3000.000
R:
     0:      285.000      111.000      111.000
V:
     0:     2256.000     2870.000
W:
     0:     2256.000     2870.000
