File: C:\MED-PC IV\DATA\p530_s173_japede


Start Date: 12/20/17
End Date: 12/20/17
Subject: p530
Experiment: 0
Group: 0
Box: 8
Start Time: 16:03:03
End Time: 17:03:22
MSN: japede_L_35_35_35_R_63_63_63
B:       0.000
E:    4102.000
F:       0.000
G:       0.000
H:       0.000
I:       2.000
J:       2.000
K:       0.000
O:       0.000
P:       0.000
Q:       0.000
S:  360000.000
T:  360000.000
U:       0.000
X:       0.000
Y:       0.000
Z:       0.000
A:
     0:        0.010        0.250        0.220        0.230      518.120
     5:      799.740     1133.540     1133.320     1133.330     1133.350
    10:     1133.240     1133.120     1139.120     1146.120     1153.120
    15:     1383.220     1383.230     1383.250     1383.340     2254.120
    20:     2260.120     2462.130     2581.120     2904.120     3050.130
    25:     3056.130     3180.120     3186.120     3360.130     3447.120
    30:     4056.130     4060.130     4151.120     4158.120     4468.130
    35:     4682.130     4683.740     4775.540     4775.320     4775.330
    40:     4775.350     4775.240     4775.120     4781.120     4787.120
    45:     5025.220     5025.230     5025.250     5025.340     5592.120
    50:     5599.120     5839.120     5845.120     6034.120     6041.120
    55:     6250.120     6256.120     6462.120     6467.120     6705.120
    60:     6711.120     6717.120     6828.120     6834.120     7106.120
    65:     7113.120     7120.120     7125.740     7443.540     7443.320
    70:     7443.330     7443.350     7443.240     7443.120     7449.120
    75:     7455.120     7693.220     7693.230     7693.250     7693.340
    80:     7928.130     8044.120     8076.120     8082.120     8271.120
    85:     8278.120     8511.120     8520.120     8637.130     8716.120
    90:     8723.120     8839.130     9036.120     9217.120     9224.120
    95:     9367.120     9553.120     9559.120     9896.120     9902.120
   100:    10099.120    10107.120    10372.120    10538.120    10677.120
   105:    11059.120    11065.120    11185.130    11190.130    11285.120
   110:    11632.120    11893.740    11948.540    11948.320    11948.330
   115:    11948.350    11948.240    11948.120    11999.840    12198.220
   120:    12198.230    12198.250    12198.340    12497.120    12503.120
   125:    12614.640    12614.320    12614.330    12614.350    12614.240
   130:    12614.130    12628.130    12864.220    12864.230    12864.250
   135:    12864.340    13058.120    13069.120    13447.120    13452.120
   140:    13459.120    13611.120    13821.120    13825.120    13833.120
   145:    13954.130    13961.130    14040.120    14219.120    14224.120
   150:    14231.120    14407.120    14412.120    14559.120    14769.120
   155:    15016.120    15022.120    15227.120    15231.120    15580.120
   160:    15586.120    15692.130    15921.120    15928.120    16639.120
   165:    16985.120    16992.120    17088.130    17163.120    17170.120
   170:    17497.120    17944.130    18035.120    18041.120    19088.120
   175:    19338.120    19483.120    19489.120    19842.130    20498.740
   180:    22883.540    22883.320    22883.330    22883.350    22883.240
   185:    22883.120    22895.120    23133.220    23133.230    23133.250
   190:    23133.340    23694.120    23883.120    24164.840    24182.120
   195:    24360.120    24774.120    24780.120    24786.120    24966.120
   200:    24972.120    25141.120    25233.740    25664.540    25664.320
   205:    25664.330    25664.350    25664.240    25664.120    25669.120
   210:    25679.120    25914.220    25914.230    25914.250    25914.340
   215:    26323.120    26515.120    26684.120    26691.120    27056.120
   220:    27062.120    27216.120    27223.120    27345.120    27351.120
   225:    27481.120    27659.120    28014.740    28249.540    28249.320
   230:    28249.330    28249.350    28249.240    28249.120    28256.120
   235:    28263.120    28270.120    28499.220    28499.230    28499.250
   240:    28499.340    28753.120    28764.120    28957.120    28962.120
   245:    29150.120    29380.120    29386.120    29545.120    29728.120
   250:    29881.120    29886.120    30073.120    30231.120    30399.120
   255:    30406.120    30572.120    31023.120    31587.120    31593.120
   260:    31899.740    32818.540    32818.320    32818.330    32818.350
   265:    32818.240    32818.120    32830.120    33068.220    33068.230
   270:    33068.250    33068.340    33278.640    33278.320    33278.330
   275:    33278.350    33278.240    33278.130    33283.130    33291.130
   280:    33368.740    33528.220    33528.230    33528.250    33528.340
   285:    33828.540    33828.320    33828.330    33828.350    33828.240
   290:    33828.120    34078.220    34078.230    34078.250    34078.340
   295:    34317.120    34322.120    34484.120    34490.120    34495.120
   300:    34799.120    34806.120    34933.130    35003.120    35120.120
   305:    35262.120    35795.120    36243.130    36250.130    36346.120
   310:    36508.120    36773.130    36777.130    36853.120    36878.740
   315:    36988.540    36988.320    36988.330    36988.350    36988.240
   320:    36988.120    37005.120    37238.220    37238.230    37238.250
   325:    37238.340    37400.130    37500.120    37506.120    37605.130
   330:    37612.130    37697.120    37702.120    37803.130    37902.120
   335:    38028.840    38049.120    38056.120    38199.120    38340.120
   340:    38467.120    38472.120    38803.120    38965.120    39095.120
   345:    39249.120    39255.120    39535.120    39678.120    39683.120
   350:    39770.640    39770.320    39770.330    39770.350    39770.240
   355:    39770.130    40020.220    40020.230    40020.250    40020.340
   360:    40292.120    40296.120    40413.130    40420.130    40501.120
   365:    40507.120    40654.120    40926.120    41055.120    41232.120
   370:    41239.120    41500.120    41682.120    41688.120    41694.120
   375:    42338.740    42473.540    42473.320    42473.330    42473.350
   380:    42473.240    42473.120    42486.120    42723.220    42723.230
   385:    42723.250    42723.340    42948.120    42954.120    42960.120
   390:    43139.120    43145.120    43180.120    43272.130    43351.120
   395:    43444.130    43515.120    43519.120    43735.130    44009.120
   400:    44015.120    44375.120    44741.120    44865.130    45075.120
   405:    45168.130    45248.120    45405.120    45677.120    45766.130
   410:    45836.120    46273.120    46355.130    46694.120    47069.120
   415:    47222.120    47333.130    47340.130    47682.120    47813.120
   420:    47964.120    48438.120    48444.120    48509.120    48541.120
   425:    48579.120    48677.120    48911.120    49344.120    49430.130
   430:    49589.130    49680.120    49768.130    49833.120    50123.740
   435:    50823.540    50823.320    50823.330    50823.350    50823.240
   440:    50823.120    50831.120    50840.120    51073.220    51073.230
   445:    51073.250    51073.340    51173.740    51187.540    51187.320
   450:    51187.330    51187.350    51187.240    51187.120    51193.120
   455:    51207.120    51420.840    51437.220    51437.230    51437.250
   460:    51437.340    51595.120    51601.120    51826.120    51839.120
   465:    52013.120    52213.120    52221.120    52538.640    52538.320
   470:    52538.330    52538.350    52538.240    52538.130    52788.220
   475:    52788.230    52788.250    52788.340    52915.120    52926.120
   480:    53014.130    53094.120    53187.130    53528.120    53980.120
   485:    54206.120    54212.120    54219.120    54407.120    54413.120
   490:    54523.120    54645.130    55010.120    55102.130    55175.120
   495:    55356.120    55361.120    55368.120    55437.740    55467.130
   500:    55727.540    55727.320    55727.330    55727.350    55727.240
   505:    55727.120    55733.120    55977.220    55977.230    55977.250
   510:    55977.340    56077.740    56259.540    56259.320    56259.330
   515:    56259.350    56259.240    56259.120    56264.120    56270.120
   520:    56279.120    56509.220    56509.230    56509.250    56509.340
   525:    56768.120    56775.120    56994.120    57007.120    57171.120
   530:    57176.120    57335.120    57488.840    57654.120    57890.120
   535:    58150.120    58156.120    58164.120    58338.120    58346.120
   540:    58502.120    58508.120    58515.120    58626.120    58631.120
   545:    58791.640    58791.320    58791.330    58791.350    58791.240
   550:    58791.130    59041.220    59041.230    59041.250    59041.340
   555:    59208.130    59214.130    59304.120    59313.120    59424.130
   560:    59429.130    59545.120    59551.120    59859.120    59865.120
   565:    59873.120    60013.120    60183.120    60572.120    60983.120
   570:    61447.120    61453.120    61460.120    61736.130    61822.120
   575:    62184.120    62464.120    62644.120    62649.120    62709.740
   580:    63391.540    63391.320    63391.330    63391.350    63391.240
   585:    63391.120    63409.120    63641.220    63641.230    63641.250
   590:    63641.340    63933.120    63939.120    63946.120    64063.120
   595:    64211.120    64586.120    64706.120    64713.120    64827.130
   600:    64834.130    64898.120    64905.120    65174.120    65301.120
   605:    65306.120    65448.120    65564.130    66094.120    66341.840
   610:    66443.120    66618.120    66810.120    66817.120    66825.120
   615:    67018.120    67562.120    67567.120    67575.120    67778.120
   620:    67786.120    68097.120    68234.120    68242.120    68415.120
   625:    68606.120    68780.120    69098.120    69272.120    69451.120
   630:    69865.120    70320.640    70320.320    70320.330    70320.350
   635:    70320.240    70320.130    70570.220    70570.230    70570.250
   640:    70570.340    70732.120    70835.130    70842.130    71447.120
   645:    71887.120    72094.120    72357.120    72363.120    72370.120
   650:    72473.130    72581.120    72587.120    72593.120    72887.130
   655:    72970.840    73041.740    73096.540    73096.320    73096.330
   660:    73096.350    73096.240    73096.120    73346.220    73346.230
   665:    73346.250    73346.340    73648.120    73661.120    73800.120
   670:    73889.640    73889.320    73889.330    73889.350    73889.240
   675:    73889.130    73904.130    74139.220    74139.230    74139.250
   680:    74139.340    74308.120    74315.120    74322.120    74437.130
   685:    74514.120    74519.120    74697.120    75083.120    75407.120
   690:    75413.120    75723.120    75921.120    76076.120    76082.120
   695:    76418.120    76424.120    76572.120    76578.120    76709.120
   700:    76796.130    76916.120    77129.130    77134.130    77141.130
   705:    77293.120    77463.120    77825.120    78311.130    78439.840
   710:    78984.120    79117.120    79212.640    79212.320    79212.330
   715:    79212.350    79212.240    79212.130    79462.220    79462.230
   720:    79462.250    79462.340    79725.120    79846.740    79966.540
   725:    79966.320    79966.330    79966.350    79966.240    79966.120
   730:    79972.120    79978.120    80216.220    80216.230    80216.250
   735:    80216.340    80444.120    80450.120    80456.120    80516.740
   740:    80982.540    80982.320    80982.330    80982.350    80982.240
   745:    80982.120    80990.120    81232.220    81232.230    81232.250
   750:    81232.340    81513.120    81525.120    81748.130    81854.120
   755:    81860.120    81868.120    82064.120    82069.120    82077.120
   760:    82169.120    82175.120    82182.120    82397.130    82403.130
   765:    82672.120    82678.120    82685.120    82766.130    82861.120
   770:    82867.120    83030.120    83042.120    83196.120    83203.120
   775:    83376.120    83677.120    83683.120    83782.120    83787.120
   780:    83793.120    84280.130    84541.120    84547.120    84795.120
   785:    84802.120    85140.120    85788.120    85794.120    85996.120
   790:    86002.120    86183.120    86533.120    86545.120    86646.120
   795:    86732.130    86841.120    86848.120    87193.120    87243.120
   800:    87379.120    87581.120    87588.120    87832.120    88138.120
   805:    88332.120    88338.120    88422.130    88698.120    88851.120
   810:    89162.130    89350.120    89363.120    89857.130    89934.120
   815:    90099.120    90283.120    90289.120    90296.120    90378.130
   820:    90451.120    90632.740    90801.130    90874.540    90874.320
   825:    90874.330    90874.350    90874.240    90874.120    91124.220
   830:    91124.230    91124.250    91124.340    91325.130    91332.130
   835:    91450.120    91463.120    92016.120    92169.120    92175.120
   840:    92183.120    92324.740    92362.840    92454.540    92454.320
   845:    92454.330    92454.350    92454.240    92454.120    92471.120
   850:    92704.220    92704.230    92704.250    92704.340    92860.640
   855:    92860.320    92860.330    92860.350    92860.240    92860.130
   860:    92867.130    92875.130    93110.220    93110.230    93110.250
   865:    93110.340    93342.120    93346.120    93353.120    93500.120
   870:    93597.130    93710.120    93932.120    93938.120    93945.120
   875:    94004.740    94133.540    94133.320    94133.330    94133.350
   880:    94133.240    94133.120    94140.120    94383.220    94383.230
   885:    94383.250    94383.340    94483.740    94628.540    94628.320
   890:    94628.330    94628.350    94628.240    94628.120    94635.120
   895:    94644.120    94878.220    94878.230    94878.250    94878.340
   900:    95001.120    95015.120    95134.120    95229.130    95303.120
   905:    95649.120    95747.120    95752.120    96020.130    96027.130
   910:    96203.120    96208.120    96675.120    96678.740    96865.540
   915:    96865.320    96865.330    96865.350    96865.240    96865.120
   920:    96870.120    96877.120    97115.220    97115.230    97115.250
   925:    97115.340    97283.120    97288.120    97296.120    97410.130
   930:    97502.120    97507.120    97513.120    97682.120    97688.120
   935:    97780.130    97877.120    98064.120    98070.120    98183.120
   940:    98272.130    98286.130    98483.130    98580.120    98788.120
   945:    98793.120    98801.120    99008.120    99014.120    99021.120
   950:    99210.120    99650.120    99828.120    99835.120    99842.120
   955:   100137.120   100289.120   100295.120   100482.120   100600.120
   960:   100615.740   100697.130   100704.130   100798.540   100798.320
   965:   100798.330   100798.350   100798.240   100798.120   100803.120
   970:   100810.120   101048.220   101048.230   101048.250   101048.340
   975:   101190.120   101196.120   101204.120   101363.120   101587.120
   980:   101717.120   101723.120   101862.120   102203.120   102209.120
   985:   102375.120   102381.120   102388.120   102557.120   102748.740
   990:   102890.540   102890.320   102890.330   102890.350   102890.240
   995:   102890.120   102902.120   103140.220   103140.230   103140.250
  1000:   103140.340   103314.130   103320.130   103408.120   103628.130
  1005:   103740.740   103744.540   103744.320   103744.330   103744.350
  1010:   103744.240   103744.120   103750.120   103756.120   103994.220
  1015:   103994.230   103994.250   103994.340   104148.130   104154.130
  1020:   104238.120   104243.120   104468.120   104658.120   104664.120
  1025:   104671.120   104750.130   104997.120   105225.120   105231.120
  1030:   105779.130   105915.120   105920.120   106156.130   106295.120
  1035:   106459.120   106464.120   106471.120   106627.120   106777.120
  1040:   106877.120   106999.120   107006.120   107433.120   107438.120
  1045:   107445.120   107758.130   107933.120   108018.130   108201.130
  1050:   108209.130   108455.120   108727.120   108733.120   108881.120
  1055:   108893.120   108922.120   109094.740   109166.540   109166.320
  1060:   109166.330   109166.350   109166.240   109166.120   109172.120
  1065:   109180.120   109416.220   109416.230   109416.250   109416.340
  1070:   109571.130   109577.130   109586.130   109667.120   109674.120
  1075:   109844.120   109851.120   110024.120   110561.120   110731.120
  1080:   110738.120   110746.120   110880.120   111042.120   111048.120
  1085:   111054.120   111082.120   111357.130   111510.840   111654.120
  1090:   111887.640   111887.320   111887.330   111887.350   111887.240
  1095:   111887.130   112137.220   112137.230   112137.250   112137.340
  1100:   112302.130   112393.120   112399.120   112406.120   112512.120
  1105:   112518.120   112625.130   112631.130   112917.120   113341.130
  1110:   113563.120   113568.120   113818.130   113893.120   113983.130
  1115:   113997.130   114302.130   114428.120   114434.120   114637.840
  1120:   114814.120   114821.120   114939.120   115035.640   115035.320
  1125:   115035.330   115035.350   115035.240   115035.130   115041.130
  1130:   115047.130   115285.220   115285.230   115285.250   115285.340
  1135:   115415.120   115420.120   115642.130   115723.130   115951.130
  1140:   115957.130   116034.120   116251.120   116425.120   116544.130
  1145:   116616.740   116623.540   116623.320   116623.330   116623.350
  1150:   116623.240   116623.120   116873.220   116873.230   116873.250
  1155:   116873.340   117038.130   117050.130   117122.120   117135.120
  1160:   117213.130   117286.120   117468.120   117630.120   117927.120
  1165:   118210.120   118346.120   118680.120   118686.120   118693.120
  1170:   118827.120   119267.130   119274.130   119368.130   119471.120
  1175:   119625.130   119714.120   119874.120   120078.120   120186.130
  1180:   120471.130   120564.120   120570.120   120797.120   120803.120
  1185:   120873.740   121060.130   121248.130   121443.130   121722.540
  1190:   121722.320   121722.330   121722.350   121722.240   121722.120
  1195:   121734.120   121972.220   121972.230   121972.250   121972.340
  1200:   122122.130   122128.130   122229.120   122236.120   122517.120
  1205:   122527.120   122622.130   122634.130   122724.120   122730.120
  1210:   122823.130   122924.120   122930.120   122937.120   123119.120
  1215:   123125.120   123309.130   123623.130   123731.120   123738.120
  1220:   123845.130   124151.120   124172.740   124264.540   124264.320
  1225:   124264.330   124264.350   124264.240   124264.120   124269.120
  1230:   124276.120   124514.220   124514.230   124514.250   124514.340
  1235:   124643.120   124649.120   124816.120   124829.120   124914.740
  1240:   124946.130   125057.540   125057.320   125057.330   125057.350
  1245:   125057.240   125057.120   125064.120   125072.120   125307.220
  1250:   125307.230   125307.250   125307.340   125445.120   125459.120
  1255:   125536.130   125609.120   125795.130   125801.130   125870.120
  1260:   125993.120   126147.120   126236.120   126242.120   126648.130
  1265:   126655.130   126834.120   126967.130   127315.120   127505.120
  1270:   127507.740   127511.540   127511.320   127511.330   127511.350
  1275:   127511.240   127511.120   127761.220   127761.230   127761.250
  1280:   127761.340   127896.120   127907.120   127999.130   128221.120
  1285:   128407.120   128521.120   128614.130   128676.120   129019.120
  1290:   129024.120   129031.120   129171.130   129378.120   129522.120
  1295:   129528.120   129730.130   129925.130   129931.130   130211.120
  1300:   130217.120   130361.740   130592.130   130695.540   130695.320
  1305:   130695.330   130695.350   130695.240   130695.120   130700.120
  1310:   130707.120   130945.220   130945.230   130945.250   130945.340
  1315:   131078.120   131092.120   131121.120   131282.130   131485.120
  1320:   131490.120   131966.120   132146.120   132326.120   132331.120
  1325:   132338.120   132442.120   132569.130   132753.120   132907.120
  1330:   133062.120   133174.120   133180.120   133331.120   133337.120
  1335:   133566.120   133685.840   133793.120   133939.640   133939.320
  1340:   133939.330   133939.350   133939.240   133939.130   134189.220
  1345:   134189.230   134189.250   134189.340   134334.120   134525.120
  1350:   134530.120   134538.120   134618.130   134623.130   134703.120
  1355:   134790.130   134874.120   134996.120   135295.130   135775.120
  1360:   135781.120   135873.120   135878.120   135945.740   136246.540
  1365:   136246.320   136246.330   136246.350   136246.240   136246.120
  1370:   136259.120   136496.220   136496.230   136496.250   136496.340
  1375:   136635.120   136650.120   136820.120   136826.120   136910.130
  1380:   137016.120   137029.120   137112.130   137118.130   137182.120
  1385:   137188.120   137278.130   137354.120   137566.120   137579.120
  1390:   137662.130   137758.120   137764.120   137853.130   137922.120
  1395:   137928.120   137935.120   138135.120   138196.740   138482.540
  1400:   138482.320   138482.330   138482.350   138482.240   138482.120
  1405:   138488.120   138495.120   138732.220   138732.230   138732.250
  1410:   138732.340   138927.120   139128.120   139141.120   139322.120
  1415:   139327.120   139501.120   139598.130   139664.120   139888.130
  1420:   140013.120   140018.120   140025.120   140129.120   140135.120
  1425:   140226.130   140289.120   140295.120   140470.120   140552.130
  1430:   140622.120   140732.120   140921.130   141220.130   141306.120
  1435:   141450.120   141565.120   141708.120   141791.130   142044.130
  1440:   142145.120   142434.120   142521.130   142591.120   142598.120
  1445:   142689.840   143111.120   143264.120   143386.120   143472.640
  1450:   143472.320   143472.330   143472.350   143472.240   143472.130
  1455:   143722.220   143722.230   143722.250   143722.340   143822.840
  1460:   143848.120   143934.640   143934.320   143934.330   143934.350
  1465:   143934.240   143934.130   144184.220   144184.230   144184.250
  1470:   144184.340   144302.120   144509.130   144521.130   144878.130
  1475:   144886.130   145056.120   145203.120   145290.130   145591.130
  1480:   145939.120   146037.120   146213.120   146303.130   146432.740
  1485:   146432.120   146438.540   146438.320   146438.330   146438.350
  1490:   146438.240   146438.120   146688.220   146688.230   146688.250
  1495:   146688.340   146842.120   146850.120   147325.130   147411.120
  1500:   147416.120   147578.120   147584.120   147881.130   148073.130
  1505:   148262.120   148267.120   148275.120   148715.130   148822.120
  1510:   148918.120   149100.120   149105.120   149112.120   149176.120
  1515:   149282.130   149410.120   149416.120   149642.130   149647.130
  1520:   149654.130   149753.120   149758.120   149934.120   150028.120
  1525:   150149.130   150591.130   150698.120   150988.740   151538.540
  1530:   151538.320   151538.330   151538.350   151538.240   151538.120
  1535:   151543.120   151550.120   151788.220   151788.230   151788.250
  1540:   151788.340   151913.120   151924.120   152063.130   152076.130
  1545:   152175.120   152401.120   152488.130   152585.120   152784.130
  1550:   153132.130   153481.130   153571.120   153577.120   153679.130
  1555:   153870.130   154205.120   154448.120   155009.130   155552.120
  1560:   155762.120   156322.120   156334.120   156368.120   156374.120
  1565:   156382.120   156806.120   156884.840   157024.120   157038.120
  1570:   157290.120   157590.640   157590.320   157590.330   157590.350
  1575:   157590.240   157590.130   157840.220   157840.230   157840.250
  1580:   157840.340   158288.740   158301.130   158306.130   158506.130
  1585:   158611.540   158611.320   158611.330   158611.350   158611.240
  1590:   158611.120   158617.120   158624.120   158861.220   158861.230
  1595:   158861.250   158861.340   158979.120   158984.120   158990.120
  1600:   159258.120   159874.120   160313.120   160402.130   160728.120
  1605:   160820.120   160827.120   161639.130   161912.120   162132.120
  1610:   162317.120   162323.120   162936.120   162949.120   163366.120
  1615:   163462.130   163694.130   163848.130   164263.120   164435.120
  1620:   164447.120   164639.120   164645.120   164924.130   164989.130
  1625:   165001.130   165360.120   165696.120   165709.120   165802.120
  1630:   165807.120   166187.120   166339.120   166423.130   166500.120
  1635:   166655.120   166744.130   166757.130   167044.130   167428.120
  1640:   167624.130   167713.120   167929.120   168051.120   168474.120
  1645:   168482.120   168699.120   168814.120   168820.120   168827.120
  1650:   169049.120   169055.120   169310.120   169468.120   169790.120
  1655:   169884.130   169977.120   169983.120   170208.120   170361.740
  1660:   170375.540   170375.320   170375.330   170375.350   170375.240
  1665:   170375.120   170381.120   170388.120   170625.220   170625.230
  1670:   170625.250   170625.340   170865.120   170925.740   171073.540
  1675:   171073.320   171073.330   171073.350   171073.240   171073.120
  1680:   171086.120   171323.220   171323.230   171323.250   171323.340
  1685:   171464.120   171470.120   171477.120   171571.130   171647.120
  1690:   171653.120   171736.130   171819.120   171823.740   171994.540
  1695:   171994.320   171994.330   171994.350   171994.240   171994.120
  1700:   172001.120   172006.120   172244.220   172244.230   172244.250
  1705:   172244.340   172340.840   172380.640   172380.320   172380.330
  1710:   172380.350   172380.240   172380.130   172630.220   172630.230
  1715:   172630.250   172630.340   172776.120   172780.120   172930.840
  1720:   172982.120   173083.640   173083.320   173083.330   173083.350
  1725:   173083.240   173083.130   173333.220   173333.230   173333.250
  1730:   173333.340   173584.130   173592.130   173688.120   173702.120
  1735:   173859.120   173864.120   173872.120   173990.120   174079.130
  1740:   174148.120   174154.120   174264.130   174329.120   174333.840
  1745:   174335.120   174528.640   174528.320   174528.330   174528.350
  1750:   174528.240   174528.130   174534.130   174778.220   174778.230
  1755:   174778.250   174778.340   174929.130   174941.130   175024.120
  1760:   175037.120   175134.130   175145.130   175385.120   175391.120
  1765:   175571.120   175666.120   175889.120   175895.120   175902.120
  1770:   176082.120   176087.120   176885.120   177124.120   177244.120
  1775:   177327.130   177425.120   177548.120   177709.130   177809.120
  1780:   177823.120   178014.130   178320.120   178443.130   178559.120
  1785:   179046.120   179052.120   179171.130   179262.120   179346.130
  1790:   179418.120   179424.120   179516.120   179523.120   179674.120
  1795:   179681.120   179840.120   180044.740   180442.540   180442.320
  1800:   180442.330   180442.350   180442.240   180442.120   180448.120
  1805:   180455.120   180692.220   180692.230   180692.250   180692.340
  1810:   180811.120   180817.120   180827.120   180917.130   180987.120
  1815:   180993.120   181164.120   181170.120   181394.130   181500.120
  1820:   181506.120   181679.120   181769.130   181839.120   182009.120
  1825:   182015.120   182098.130   182176.120   182181.120   182187.120
  1830:   182192.740   182568.540   182568.320   182568.330   182568.350
  1835:   182568.240   182568.120   182818.220   182818.230   182818.250
  1840:   182818.340   182946.130   182954.130   183035.120   183042.120
  1845:   183051.120   183210.120   183215.120   183223.120   183336.120
  1850:   183438.130   183528.120   183970.120   184199.120   184318.120
  1855:   184828.120   184834.120   185109.120   185290.120   185389.120
  1860:   185543.120   185549.120   185618.740   185764.540   185764.320
  1865:   185764.330   185764.350   185764.240   185764.120   185776.120
  1870:   186014.220   186014.230   186014.250   186014.340   186130.120
  1875:   186136.120   186254.120   186727.120   186993.120   187526.120
  1880:   187532.120   187651.120   187831.120   187837.120   187944.130
  1885:   188026.120   188200.120   188512.120   188690.120   188853.120
  1890:   188984.120   188991.120   189404.120   190233.120   190239.120
  1895:   190360.130   190450.120   190456.120   190746.130   190983.120
  1900:   191139.120   191214.740   191283.540   191283.320   191283.330
  1905:   191283.350   191283.240   191283.120   191298.120   191533.220
  1910:   191533.230   191533.250   191533.340   191660.130   191749.120
  1915:   191760.120   191922.120   191926.120   192133.740   192220.540
  1920:   192220.320   192220.330   192220.350   192220.240   192220.120
  1925:   192226.120   192470.220   192470.230   192470.250   192470.340
  1930:   192606.130   192724.120   192729.120   192737.120   192882.120
  1935:   192888.120   193057.120   193253.120   193546.130   193634.120
  1940:   193640.120   193670.740   193806.540   193806.320   193806.330
  1945:   193806.350   193806.240   193806.120   193822.120   194056.220
  1950:   194056.230   194056.250   194056.340   194184.120   194315.120
  1955:   194321.120   194407.130   194419.130   194490.120   194608.120
  1960:   194689.130   194697.130   194765.120   194944.120   194950.120
  1965:   195066.120   195157.130   195228.120   195382.120   195573.120
  1970:   195750.120   195870.130   196182.120   196219.120   196226.120
  1975:   196256.740   196417.540   196417.320   196417.330   196417.350
  1980:   196417.240   196417.120   196422.120   196430.120   196667.220
  1985:   196667.230   196667.250   196667.340   197073.120   197079.120
  1990:   197194.130   197206.130   197423.130   197528.120   197534.120
  1995:   197703.120   198034.120   198069.120   198073.120   198402.120
  2000:   198408.120   198590.120   198595.120   198715.120   198721.120
  2005:   198835.120   199074.130   199398.120   199403.120   199495.130
  2010:   199574.120   199667.120   199752.130   199906.120   199994.130
  2015:   200007.130   200070.120   200169.120   200415.130   200608.120
  2020:   200713.130   200789.120   200908.130   201005.120   201011.120
  2025:   201243.130   201248.130   201467.740   201599.130   201666.540
  2030:   201666.320   201666.330   201666.350   201666.240   201666.120
  2035:   201678.840   201679.120   201916.220   201916.230   201916.250
  2040:   201916.340   202063.640   202063.320   202063.330   202063.350
  2045:   202063.240   202063.130   202074.130   202080.130   202116.740
  2050:   202313.220   202313.230   202313.250   202313.340   202594.540
  2055:   202594.320   202594.330   202594.350   202594.240   202594.120
  2060:   202614.120   202844.220   202844.230   202844.250   202844.340
  2065:   202913.840   203036.640   203036.320   203036.330   203036.350
  2070:   203036.240   203036.130   203042.130   203044.740   203048.130
  2075:   203286.220   203286.230   203286.250   203286.340   203417.540
  2080:   203417.320   203417.330   203417.350   203417.240   203417.120
  2085:   203422.120   203428.120   203435.120   203667.220   203667.230
  2090:   203667.250   203667.340   203797.120   203801.120   204024.120
  2095:   204029.120   204190.120   204196.120   204372.120   204525.120
  2100:   204531.120   204817.120   205231.120   205353.120   205536.120
  2105:   205542.120   205647.120   205921.120   206032.120   206039.120
  2110:   206167.740   206226.540   206226.320   206226.330   206226.350
  2115:   206226.240   206226.120   206476.220   206476.230   206476.250
  2120:   206476.340   206724.120   206730.120   206876.120   207001.130
  2125:   207008.130   207105.120   207112.120   207207.130   207452.120
  2130:   207777.130   207908.120   207913.120   207976.740   208105.540
  2135:   208105.320   208105.330   208105.350   208105.240   208105.120
  2140:   208110.120   208117.120   208355.220   208355.230   208355.250
  2145:   208355.340   208504.130   208511.130   208591.120   208598.120
  2150:   208604.120   208768.120   209056.120   209062.120   209230.120
  2155:   209235.120   209393.120   209508.130   209584.120   209692.120
  2160:   209837.120   210043.120   210149.130   210154.130   210245.120
  2165:   210251.120   210258.120   210339.130   210407.120   210413.120
  2170:   210573.120   210718.120   210725.120   210868.130   210957.120
  2175:   210963.120   211278.120   211283.120   211459.120   211465.120
  2180:   211768.120   211774.120   211890.120   211896.120   212079.120
  2185:   212422.120   212429.120   212537.120   212689.120   212958.120
  2190:   212964.120   213255.120   213261.120   213364.130   213445.120
  2195:   213535.130   213646.120   213653.120   213811.120   213817.120
  2200:   214039.120   214049.120   214247.120   214253.120   214479.120
  2205:   214484.120   214676.120   214681.120   214852.120   215054.130
  2210:   215216.120   215377.120   215805.130   215874.120   215880.120
  2215:   216071.120   216447.120   216532.130   216609.120   216614.120
  2220:   216732.120   216823.130   216899.120   216996.120   217001.120
  2225:   217183.130   217329.120   217412.130   217512.120   217667.120
  2230:   217760.130   217854.120   217860.120   218199.120   218205.120
  2235:   218304.130   218394.120   218484.130   218607.120   218813.120
  2240:   218909.130   219158.120   219164.120   219314.120   219320.120
  2245:   219409.120   219415.120   219575.120   219588.120   219955.740
  2250:   220118.540   220118.320   220118.330   220118.350   220118.240
  2255:   220118.120   220124.120   220130.120   220368.220   220368.230
  2260:   220368.250   220368.340   220548.130   220658.120   220663.120
  2265:   220669.120   220757.120   220763.120   220974.130   221083.120
  2270:   221196.120   221346.120   221547.120   221773.120   221911.120
  2275:   222067.130   222190.120   222195.120   222342.120   222486.840
  2280:   222579.120   222796.640   222796.320   222796.330   222796.350
  2285:   222796.240   222796.130   222809.130   223046.220   223046.230
  2290:   223046.250   223046.340   223199.120   223204.120   223210.120
  2295:   223334.120   223340.120   223428.130   223446.840   223530.120
  2300:   223616.640   223616.320   223616.330   223616.350   223616.240
  2305:   223616.130   223866.220   223866.230   223866.250   223866.340
  2310:   223979.120   223985.120   224107.120   224113.120   224212.130
  2315:   224218.130   224754.120   224982.120   225073.130   225140.120
  2320:   225147.120   225307.120   225567.120   225686.130   225753.120
  2325:   225900.120   226254.120   226440.120   226568.740   226625.540
  2330:   226625.320   226625.330   226625.350   226625.240   226625.120
  2335:   226875.220   226875.230   226875.250   226875.340   227122.120
  2340:   227134.120   227224.130   227326.120   227819.120   227999.120
  2345:   228087.120   228208.120   228214.120   228389.120   228522.120
  2350:   228723.120   228832.120   229242.120   229248.120   229450.120
  2355:   229455.120   229643.130   229649.130   229751.120   229758.120
  2360:   229848.130   229955.120   230116.120   230122.120   230350.120
  2365:   230400.120   230584.120   230589.120   230666.840   230745.120
  2370:   230750.120   230989.640   230989.320   230989.330   230989.350
  2375:   230989.240   230989.130   231239.220   231239.230   231239.250
  2380:   231239.340   231390.120   231401.120   231520.120   231616.130
  2385:   231630.130   231693.120   231699.120   231813.120   231945.120
  2390:   231950.120   232206.130   232309.120   232760.120   232763.120
  2395:   232852.130   232926.120   233163.120   233170.120   233250.130
  2400:   233321.120   233327.120   233479.120   233930.120   233936.120
  2405:   234264.130   234358.120   234364.120   234370.120   234572.120
  2410:   234578.120   234665.130   234671.130   234738.120   234744.120
  2415:   235085.130   235239.840   235372.640   235372.320   235372.330
  2420:   235372.350   235372.240   235372.130   235622.220   235622.230
  2425:   235622.250   235622.340   235751.130   235760.130   235784.130
  2430:   235980.120   236057.130   236151.120   236236.130   236467.120
  2435:   236473.120   236944.130   237134.120   237140.120   237272.120
  2440:   237363.130   237666.120   237672.120   237995.120   238200.120
  2445:   238207.120   238319.120   238326.120   238534.120   239022.840
  2450:   239029.120   239131.640   239131.320   239131.330   239131.350
  2455:   239131.240   239131.130   239148.130   239381.220   239381.230
  2460:   239381.250   239381.340   239614.120   239625.120   239718.130
  2465:   239898.130   240473.120   240479.120   240486.120   240654.120
  2470:   240660.120   240775.740   240785.540   240785.320   240785.330
  2475:   240785.350   240785.240   240785.120   240791.120   240800.120
  2480:   241035.220   241035.230   241035.250   241035.340   241200.130
  2485:   241212.130   241307.120   241418.130   241523.120   241726.120
  2490:   241731.120   241850.120   241856.120   242029.120   242034.120
  2495:   242307.130   242411.120   242416.120   242558.120   242711.120
  2500:   243159.120   243384.120   243391.120   243560.120   244028.120
  2505:   244033.120   244130.120   244691.120   244728.120   244930.120
  2510:   244935.120   244942.120   245035.740   245059.130   245161.540
  2515:   245161.320   245161.330   245161.350   245161.240   245161.120
  2520:   245175.120   245411.220   245411.230   245411.250   245411.340
  2525:   245653.120   245658.120   245666.120   245759.130   245870.120
  2530:   245882.120   245962.130   246030.120   246035.120   246291.130
  2535:   246555.130   246651.120   246811.740   246817.540   246817.320
  2540:   246817.330   246817.350   246817.240   246817.120   246828.120
  2545:   247067.220   247067.230   247067.250   247067.340   247188.120
  2550:   247193.120   247316.130   247322.130   247456.120   247650.120
  2555:   247655.120   247662.120   247744.130   247844.120   247849.120
  2560:   247983.120   248178.120   248184.120   248302.120   248391.130
  2565:   248459.120   248465.120   248654.120   248781.840   248798.120
  2570:   248984.120   249076.640   249076.320   249076.330   249076.350
  2575:   249076.240   249076.130   249326.220   249326.230   249326.250
  2580:   249326.340   249445.120   249451.120   249467.740   249582.130
  2585:   249664.540   249664.320   249664.330   249664.350   249664.240
  2590:   249664.120   249914.220   249914.230   249914.250   249914.340
  2595:   250077.130   250091.130   250114.740   250170.540   250170.320
  2600:   250170.330   250170.350   250170.240   250170.120   250183.120
  2605:   250420.220   250420.230   250420.250   250420.340   250568.130
  2610:   250575.130   250626.840   250669.120   250683.120   250716.120
  2615:   250722.120   250857.120   250862.120   251048.120   251053.120
  2620:   251180.120   251186.120   251353.120   251547.640   251547.320
  2625:   251547.330   251547.350   251547.240   251547.130   251554.130
  2630:   251561.130   251797.220   251797.230   251797.250   251797.340
  2635:   251927.130   251939.130   252041.120   252053.120   252202.130
  2640:   252306.120   252531.120   252753.120   252759.120   252910.120
  2645:   253020.740   253110.130   253116.130   253205.130   253365.540
  2650:   253365.320   253365.330   253365.350   253365.240   253365.120
  2655:   253379.120   253615.220   253615.230   253615.250   253615.340
  2660:   253761.120   253766.120   253772.120   253887.130   253974.120
  2665:   253987.120   254143.120   254149.120   254303.120   254447.120
  2670:   254453.120   254564.120   254570.120   254661.130   254761.120
  2675:   254766.120   254951.120   254956.120   255067.130   255151.120
  2680:   255300.120   255306.120   255313.120   255532.120   255915.740
  2685:   256039.540   256039.320   256039.330   256039.350   256039.240
  2690:   256039.120   256289.220   256289.230   256289.250   256289.340
  2695:   256593.120   256599.120   256605.120   256717.120   256854.120
  2700:   257013.120   257021.120   257189.740   257205.540   257205.320
  2705:   257205.330   257205.350   257205.240   257205.120   257455.220
  2710:   257455.230   257455.250   257455.340   257634.120   257639.120
  2715:   257758.120   257764.120   257897.120   258013.120   258018.120
  2720:   258128.120   258385.120   258505.120   258667.120   258797.840
  2725:   259010.120   259168.120   259174.120   259303.120   259309.120
  2730:   259477.120   259483.120   259621.120   260146.120   260308.120
  2735:   260394.640   260394.320   260394.330   260394.350   260394.240
  2740:   260394.130   260407.130   260644.220   260644.230   260644.250
  2745:   260644.340   260787.120   260793.120   260875.130   260953.120
  2750:   260959.120   261313.120   261465.120   261552.130   261640.120
  2755:   261799.120   261855.740   261935.540   261935.320   261935.330
  2760:   261935.350   261935.240   261935.120   261940.120   261947.120
  2765:   262185.220   262185.230   262185.250   262185.340   262320.130
  2770:   262392.120   262406.120   262844.120   262851.120   262968.120
  2775:   262974.120   262985.740   263086.540   263086.320   263086.330
  2780:   263086.350   263086.240   263086.120   263101.120   263336.220
  2785:   263336.230   263336.250   263336.340   263450.120   263456.120
  2790:   263463.120   263613.120   263724.130   263730.130   263824.120
  2795:   263900.130   263974.120   263980.120   264065.130   264359.120
  2800:   264507.120   264512.120   264600.130   264674.120   264789.120
  2805:   264844.840   264934.120   265045.120   265192.120   265625.640
  2810:   265625.320   265625.330   265625.350   265625.240   265625.130
  2815:   265875.220   265875.230   265875.250   265875.340   266005.120
  2820:   266011.120   266104.130   266111.130   266197.120   266202.120
  2825:   266289.130   266372.120   266459.130   266471.130   266567.120
  2830:   266852.130   266928.120   266934.120   267056.120   267233.120
  2835:   267239.120   267439.130   267536.120   267543.120   267662.120
  2840:   267668.120   267835.120   267841.120   267988.120   267994.120
  2845:   268131.130   268231.120   268280.120   268286.120   268441.120
  2850:   268591.120   268597.120   268752.120   268758.120   268937.120
  2855:   269047.130   269122.120   269128.120   269375.840   269508.640
  2860:   269508.320   269508.330   269508.350   269508.240   269508.130
  2865:   269513.130   269519.130   269758.220   269758.230   269758.250
  2870:   269758.340   269947.130   270031.120   270037.120   270168.130
  2875:   270250.120   270255.120   270342.130   270416.120   270422.120
  2880:   270518.120   270727.130   270732.130   270920.120   271153.130
  2885:   271165.130   271241.120   271482.130   271555.120   271561.120
  2890:   271644.130   271715.120   271721.120   271806.130   271889.120
  2895:   271936.740   272041.540   272041.320   272041.330   272041.350
  2900:   272041.240   272041.120   272047.120   272054.120   272291.220
  2905:   272291.230   272291.250   272291.340   272412.120   272418.120
  2910:   272493.130   272500.130   272587.120   272591.740   272722.540
  2915:   272722.320   272722.330   272722.350   272722.240   272722.120
  2920:   272734.120   272972.220   272972.230   272972.250   272972.340
  2925:   273085.120   273097.120   273215.130   273222.130   273308.120
  2930:   273314.120   273470.120   273619.120   273625.120   273769.130
  2935:   273833.120   274055.120   274207.120   274213.120   274299.130
  2940:   274368.120   274523.120   274683.120   274688.120   274979.120
  2945:   274985.120   275151.120   275461.130   275671.120   275677.120
  2950:   275794.120   275801.120   275968.120   275974.120   276144.120
  2955:   276151.120   276306.120   276623.120   276630.120   276778.120
  2960:   276784.120   276870.130   276943.120   277035.120   277310.130
  2965:   277389.120   277505.120   277513.120   277629.120   277636.120
  2970:   277890.120   277895.120   278002.130   278078.120   278084.120
  2975:   278234.120   278431.120   278438.120   278445.120   278551.120
  2980:   278745.130   278757.130   279072.740   279381.540   279381.320
  2985:   279381.330   279381.350   279381.240   279381.120   279387.120
  2990:   279395.120   279631.220   279631.230   279631.250   279631.340
  2995:   279758.130   279765.130   279860.120   279866.120   279873.120
  3000:   280027.120   280032.120   280039.120   280178.120   280189.120
  3005:   280221.120   280646.120   280651.120   280658.120   280754.120
  3010:   280761.120   280869.120   281131.740   281136.540   281136.320
  3015:   281136.330   281136.350   281136.240   281136.120   281141.120
  3020:   281148.120   281386.220   281386.230   281386.250   281386.340
  3025:   281521.120   281525.120   281532.120   281669.120   281821.120
  3030:   281827.120   281962.120   282086.740   282293.540   282293.320
  3035:   282293.330   282293.350   282293.240   282293.120   282307.120
  3040:   282543.220   282543.230   282543.250   282543.340   282686.120
  3045:   282692.120   282758.840   282802.120   282808.120   283094.120
  3050:   283278.120   283284.120   283395.640   283395.320   283395.330
  3055:   283395.350   283395.240   283395.130   283645.220   283645.230
  3060:   283645.250   283645.340   283767.130   283772.130   283864.120
  3065:   283870.120   283907.120   283913.120   284043.740   284045.840
  3070:   284050.540   284050.320   284050.330   284050.350   284050.240
  3075:   284050.120   284055.120   284300.220   284300.230   284300.250
  3080:   284300.340   284434.640   284434.320   284434.330   284434.350
  3085:   284434.240   284434.130   284447.130   284455.130   284684.220
  3090:   284684.230   284684.250   284684.340   284814.120   284826.120
  3095:   284938.130   285011.120   285017.120   285101.130   285181.120
  3100:   285186.120   285268.130   285280.130   285373.120   285400.740
  3105:   285451.130   285526.540   285526.320   285526.330   285526.350
  3110:   285526.240   285526.120   285532.120   285538.120   285776.220
  3115:   285776.230   285776.250   285776.340   285985.120   286148.130
  3120:   286223.120   286230.120   286342.130   286376.740   286455.540
  3125:   286455.320   286455.330   286455.350   286455.240   286455.120
  3130:   286705.220   286705.230   286705.250   286705.340   286817.120
  3135:   286884.840   286962.120   286969.120   287034.640   287034.320
  3140:   287034.330   287034.350   287034.240   287034.130   287040.130
  3145:   287284.220   287284.230   287284.250   287284.340   287428.130
  3150:   287523.120   287530.120   287538.120   287635.130   287720.120
  3155:   287857.120   287863.120   288035.130   288132.120   288138.120
  3160:   288254.130   288512.120   288517.120   288681.120   288950.120
  3165:   288955.120   289109.120   289235.120   289241.120   289424.120
  3170:   289457.120   289579.120   289585.120   289722.120   289870.120
  3175:   290133.120   290139.120   290205.740   290246.130   290370.540
  3180:   290370.320   290370.330   290370.350   290370.240   290370.120
  3185:   290382.120   290620.220   290620.230   290620.250   290620.340
  3190:   290756.120   290762.120   290882.120   290888.120   290969.130
  3195:   291072.120   291077.120   291187.130   291391.130   291502.120
  3200:   291667.120   291672.120   291820.740   291899.540   291899.320
  3205:   291899.330   291899.350   291899.240   291899.120   291911.120
  3210:   292149.220   292149.230   292149.250   292149.340   292184.840
  3215:   292263.640   292263.320   292263.330   292263.350   292263.240
  3220:   292263.130   292277.130   292513.220   292513.230   292513.250
  3225:   292513.340   292653.120   292658.120   292665.120   292752.130
  3230:   292851.120   292939.130   293013.120   293025.120   293199.120
  3235:   293446.120   293583.120   293742.120   293750.120   293915.120
  3240:   294158.120   294164.120   294367.120   294372.120   294380.120
  3245:   294515.120   294873.130   294879.130   294886.130   294990.130
  3250:   295003.130   295264.120   295367.120   295373.120   295486.120
  3255:   295492.120   295779.120   295849.740   295869.540   295869.320
  3260:   295869.330   295869.350   295869.240   295869.120   295882.120
  3265:   296119.220   296119.230   296119.250   296119.340   296334.120
  3270:   296339.120   296346.120   296484.120   296496.120   296519.740
  3275:   296706.540   296706.320   296706.330   296706.350   296706.240
  3280:   296706.120   296720.120   296956.220   296956.230   296956.250
  3285:   296956.340   297080.120   297170.130   297176.130   297256.740
  3290:   297270.540   297270.320   297270.330   297270.350   297270.240
  3295:   297270.120   297276.120   297283.120   297520.220   297520.230
  3300:   297520.250   297520.340   297631.120   297636.120   297642.120
  3305:   297836.120   297842.120   297848.120   297994.120   298000.120
  3310:   298132.120   298250.120   298256.120   298415.120   298535.120
  3315:   298540.120   298609.130   298894.120   299107.120   299224.120
  3320:   299391.120   299396.120   299597.120   299603.120   299692.120
  3325:   299987.120   299993.120   300077.130   300146.120   300151.120
  3330:   300337.120   300343.120   300453.120   300459.120   300702.120
  3335:   300715.120   300720.740   300847.540   300847.320   300847.330
  3340:   300847.350   300847.240   300847.120   300853.120   301097.220
  3345:   301097.230   301097.250   301097.340   301411.120   301423.120
  3350:   301544.130   301609.120   301615.120   301735.120   301875.120
  3355:   301882.120   302014.120   302150.120   302263.130   302268.130
  3360:   302357.120   302363.120   302369.120   302487.120   302497.740
  3365:   302651.540   302651.320   302651.330   302651.350   302651.240
  3370:   302651.120   302668.120   302901.220   302901.230   302901.250
  3375:   302901.340   303022.130   303028.130   303119.120   303133.120
  3380:   303211.120   303478.120   303484.120   303673.120   303793.120
  3385:   304162.120   304341.120   304347.120   304469.120   304562.130
  3390:   304640.120   304777.120   304783.120   305064.120   305212.120
  3395:   305302.130   305381.120   305555.120   305710.120   306039.120
  3400:   306186.120   306301.740   306418.540   306418.320   306418.330
  3405:   306418.350   306418.240   306418.120   306668.220   306668.230
  3410:   306668.250   306668.340   306778.130   306784.130   306792.130
  3415:   306996.120   307002.120   307119.120   307125.120   307245.120
  3420:   307390.120   307395.120   307402.120   307599.130   307699.120
  3425:   307822.130   308073.120   308329.120   308335.120   308446.120
  3430:   308452.120   308597.120   308602.120   308710.120   308854.120
  3435:   308860.120   308979.120   308985.120   309141.120   309146.120
  3440:   309296.120   309478.120   309729.120   309881.120   309968.130
  3445:   310039.120   310413.120   310420.120   310668.740   310751.540
  3450:   310751.320   310751.330   310751.350   310751.240   310751.120
  3455:   310756.120   310763.120   311001.220   311001.230   311001.250
  3460:   311001.340   311225.120   311231.120   311238.120   311378.120
  3465:   311392.120   311421.120   311427.120   311562.120   311661.130
  3470:   311813.840   311842.120   311930.640   311930.320   311930.330
  3475:   311930.350   311930.240   311930.130   312180.220   312180.230
  3480:   312180.250   312180.340   312305.120   312311.120   312395.130
  3485:   312492.120   312678.120   312842.120   313150.120   313474.120
  3490:   313588.120   313710.120   313715.120   313818.130   314144.130
  3495:   314222.120   314367.120   314559.120   314736.120   314742.120
  3500:   314952.120   314958.120   315037.120   315044.120   315192.120
  3505:   315308.120   315313.120   315506.130   315571.120   315860.120
  3510:   315867.120   316171.130   316180.130   316286.120   316292.120
  3515:   316378.130   316627.120   316773.120   316779.120   316951.120
  3520:   317103.120   317108.120   317523.120   317530.120   317537.120
  3525:   317646.120   317652.120   317701.740   317797.540   317797.320
  3530:   317797.330   317797.350   317797.240   317797.120   317810.120
  3535:   318047.220   318047.230   318047.250   318047.340   318193.120
  3540:   318199.120   318316.120   318321.120   318427.130   318495.120
  3545:   318643.120   318650.120   318756.120   318893.120   319031.120
  3550:   319261.120   319575.120   319650.130   319741.120   319748.120
  3555:   319891.120   320005.130   320143.120   320252.120   320411.120
  3560:   320417.120   320510.120   320700.120   320859.120   320951.120
  3565:   321102.120   321147.740   321245.540   321245.320   321245.330
  3570:   321245.350   321245.240   321245.120   321250.120   321258.120
  3575:   321495.220   321495.230   321495.250   321495.340   321632.130
  3580:   321704.120   321822.120   321909.130   321979.120   322153.120
  3585:   322294.120   322432.120   322587.120   322754.120   322760.120
  3590:   322842.120   322848.120   322960.120   323098.120   323104.120
  3595:   323208.120   323347.120   323470.120   323651.120   323741.130
  3600:   323807.120   323892.130   323958.120   324087.120   324268.120
  3605:   324480.120   324487.120   324614.120   324758.120   324765.120
  3610:   324921.120   324928.120   325180.840   325198.120   325287.120
  3615:   325293.120   325525.640   325525.320   325525.330   325525.350
  3620:   325525.240   325525.130   325536.130   325595.740   325775.220
  3625:   325775.230   325775.250   325775.340   325926.130   325932.130
  3630:   326031.540   326031.320   326031.330   326031.350   326031.240
  3635:   326031.120   326281.220   326281.230   326281.250   326281.340
  3640:   326396.120   326401.120   326408.120   326531.120   326536.120
  3645:   326639.130   326720.120   327083.120   327089.120   327185.130
  3650:   327324.120   327330.120   327486.120   327635.120   327640.120
  3655:   327954.130   328048.120   328236.120   328242.120   328249.120
  3660:   328354.120   328507.120   328616.120   328849.130   328945.120
  3665:   329031.120   329263.120   329269.120   329447.120   329453.120
  3670:   329675.120   329681.120   329829.120   329968.120   330086.130
  3675:   330168.120   330175.840   330351.120   330358.120   330438.640
  3680:   330438.320   330438.330   330438.350   330438.240   330438.130
  3685:   330688.220   330688.230   330688.250   330688.340   330834.120
  3690:   330869.120   330961.130   331054.130   331128.130   331196.120
  3695:   331283.130   331428.130   331506.120   331512.120   331981.120
  3700:   332159.120   332295.120   332424.120   332430.120   332523.130
  3705:   332587.120   332593.120   332759.120   332765.120   332913.120
  3710:   333070.120   333076.120   333223.120   333241.120   333440.130
  3715:   333592.130   333599.130   333678.120   333681.740   333685.540
  3720:   333685.320   333685.330   333685.350   333685.240   333685.120
  3725:   333935.220   333935.230   333935.250   333935.340   334116.120
  3730:   334122.120   334414.120   334489.130   334836.120   335281.130
  3735:   335360.120   335530.120   335535.120   335641.130   335712.120
  3740:   335719.120   335735.740   335872.540   335872.320   335872.330
  3745:   335872.350   335872.240   335872.120   335879.120   335886.120
  3750:   336122.220   336122.230   336122.250   336122.340   336319.120
  3755:   336325.120   336331.120   336493.120   336663.120   336670.120
  3760:   336781.120   336959.120   336966.120   337109.120   337193.120
  3765:   337198.120   337205.120   337297.130   337390.120   337396.120
  3770:   337422.740   337507.540   337507.320   337507.330   337507.350
  3775:   337507.240   337507.120   337525.120   337757.220   337757.230
  3780:   337757.250   337757.340   337883.120   337895.120   338069.120
  3785:   338075.120   338109.120   338282.120   338438.120   338549.120
  3790:   338555.120   338640.130   338733.120   338824.130   339041.120
  3795:   339285.120   339436.120   339442.120   339583.120   339590.120
  3800:   339702.120   339828.120   339834.120   339990.120   339997.120
  3805:   340078.130   340151.120   340157.120   340288.840   340353.120
  3810:   340523.120   340704.640   340704.320   340704.330   340704.350
  3815:   340704.240   340704.130   340717.130   340954.220   340954.230
  3820:   340954.250   340954.340   341075.120   341081.120   341181.130
  3825:   341187.130   341195.130   341457.740   341470.540   341470.320
  3830:   341470.330   341470.350   341470.240   341470.120   341482.120
  3835:   341720.220   341720.230   341720.250   341720.340   341954.120
  3840:   341959.120   342140.120   342304.120   342310.120   342433.120
  3845:   342520.740   342525.130   342612.540   342612.320   342612.330
  3850:   342612.350   342612.240   342612.120   342862.220   342862.230
  3855:   342862.250   342862.340   343118.130   343130.130   343218.120
  3860:   343233.120   343401.120   343492.130   343565.120   343570.120
  3865:   343742.120   343858.130   343955.120   343962.120   344047.130
  3870:   344117.120   344295.120   344497.120   344503.120   344616.120
  3875:   344747.120   344753.120   344928.130   344962.740   345020.540
  3880:   345020.320   345020.330   345020.350   345020.240   345020.120
  3885:   345270.220   345270.230   345270.250   345270.340   345354.840
  3890:   345387.640   345387.320   345387.330   345387.350   345387.240
  3895:   345387.130   345393.130   345637.220   345637.230   345637.250
  3900:   345637.340   345845.120   345856.120   345887.120   345892.120
  3905:   346048.120   346055.120   346134.130   346216.120   346322.130
  3910:   346458.120   346563.130   346650.120   346755.130   346842.120
  3915:   347004.120   347010.120   347037.840   347095.640   347095.320
  3920:   347095.330   347095.350   347095.240   347095.130   347345.220
  3925:   347345.230   347345.250   347345.340   347490.130   347589.120
  3930:   347595.120   347870.740   348045.840   348115.540   348115.320
  3935:   348115.330   348115.350   348115.240   348115.120   348121.120
  3940:   348129.120   348365.220   348365.230   348365.250   348365.340
  3945:   348477.120   348482.120   348488.120   348681.120   348687.120
  3950:   348771.640   348771.320   348771.330   348771.350   348771.240
  3955:   348771.130   348785.130   349021.220   349021.230   349021.250
  3960:   349021.340   349236.120   349241.120   349248.120   349449.120
  3965:   349455.120   349608.120   349614.120   349705.130   349887.130
  3970:   349951.120   350096.120   350102.120   350207.120   350373.120
  3975:   350515.120   350624.120   350768.120   350774.120   350997.130
  3980:   351068.120   351329.120   351335.120   351424.130   351429.130
  3985:   351634.130   351640.130   351790.130   351887.120   351898.120
  3990:   351998.130   352066.120   352177.120   352317.120   352323.120
  3995:   352493.120   352636.120   352790.120   352796.120   352927.120
  4000:   353087.120   353093.120   353305.120   353310.120   353423.120
  4005:   353538.120   353544.120   353630.130   353703.120   353800.130
  4010:   353874.120   353880.120   354137.120   354143.120   354165.740
  4015:   354295.540   354295.320   354295.330   354295.350   354295.240
  4020:   354295.120   354545.220   354545.230   354545.250   354545.340
  4025:   354750.120   354877.120   355020.120   355026.120   355164.120
  4030:   355312.120   355452.120   355547.120   355552.120   355669.120
  4035:   355785.130   355874.120   355887.120   355945.740   356018.540
  4040:   356018.320   356018.330   356018.350   356018.240   356018.120
  4045:   356024.120   356030.120   356268.220   356268.230   356268.250
  4050:   356268.340   356475.120   356488.120   356587.130   356685.120
  4055:   356691.120   356698.120   356828.120   356834.120   356947.120
  4060:   357043.120   357163.120   357247.130   357253.130   357324.120
  4065:   357411.130   357531.120   357683.120   357802.120   357914.120
  4070:   358052.120   358138.130   358144.130   358335.120   358341.120
  4075:   358741.120   358883.120   359000.130   359081.120   359086.120
  4080:   359259.120   359368.740   359376.130   359473.540   359473.320
  4085:   359473.330   359473.350   359473.240   359473.120   359723.220
  4090:   359723.230   359723.250   359723.340   359839.130   359847.130
  4095:   359916.120   359921.120   360000.320   360000.330   360000.350
  4100:   360000.020
C:
     0:        0.000     2152.000      571.000       96.000       41.000
     5:        0.000
D:
     0:        0.000        0.000
L:
     0:      285.000      285.000      285.000
M:
     0:     1200.000     1201.000     1202.000     1203.000     1204.000
     5:     1205.000     1206.000     1207.000     1208.000     1209.000
    10:     1210.000     1211.000     1212.000     1213.000     1214.000
    15:     1215.000     1216.000     1217.000     1218.000     1219.000
    20:     1220.000     1221.000     1222.000     1223.000     1224.000
    25:     1225.000     1226.000     1227.000     1228.000     1229.000
    30:     1230.000     1231.000     1232.000     1233.000     1234.000
    35:     1235.000     1236.000     1237.000     1238.000     1239.000
    40:     1240.000     1241.000     1242.000     1243.000     1244.000
    45:     1245.000     1246.000     1247.000     1248.000     1249.000
    50:     1250.000     1251.000     1252.000     1253.000     1254.000
    55:     1255.000     1256.000     1257.000     1258.000     1259.000
    60:     1260.000     1261.000     1262.000     1263.000     1264.000
    65:     1265.000     1266.000     1267.000     1268.000     1269.000
    70:     1270.000     1271.000     1272.000     1273.000     1274.000
    75:     1275.000     1276.000     1277.000     1278.000     1279.000
    80:     1280.000     1281.000     1282.000     1283.000     1284.000
    85:     1285.000     1286.000     1287.000     1288.000     1289.000
    90:     1290.000     1291.000     1292.000     1293.000     1294.000
    95:     1295.000     1296.000     1297.000     1298.000     1299.000
   100:     1300.000     1301.000     1302.000     1303.000     1304.000
   105:     1305.000     1306.000     1307.000     1308.000     1309.000
   110:     1310.000     1311.000     1312.000     1313.000     1314.000
   115:     1315.000     1316.000     1317.000     1318.000     1319.000
   120:     1320.000     1321.000     1322.000     1323.000     1324.000
   125:     1325.000     1326.000     1327.000     1328.000     1329.000
   130:     1330.000     1331.000     1332.000     1333.000     1334.000
   135:     1335.000     1336.000     1337.000     1338.000     1339.000
   140:     1340.000     1341.000     1342.000     1343.000     1344.000
   145:     1345.000     1346.000     1347.000     1348.000     1349.000
   150:     1350.000     1351.000     1352.000     1353.000     1354.000
   155:     1355.000     1356.000     1357.000     1358.000     1359.000
   160:     1360.000     1361.000     1362.000     1363.000     1364.000
   165:     1365.000     1366.000     1367.000     1368.000     1369.000
   170:     1370.000     1371.000     1372.000     1373.000     1374.000
   175:     1375.000     1376.000     1377.000     1378.000     1379.000
   180:     1380.000     1381.000     1382.000     1383.000     1384.000
   185:     1385.000     1386.000     1387.000     1388.000     1389.000
   190:     1390.000     1391.000     1392.000     1393.000     1394.000
   195:     1395.000     1396.000     1397.000     1398.000     1399.000
   200:     1400.000     1401.000     1402.000     1403.000     1404.000
   205:     1405.000     1406.000     1407.000     1408.000     1409.000
   210:     1410.000     1411.000     1412.000     1413.000     1414.000
   215:     1415.000     1416.000     1417.000     1418.000     1419.000
   220:     1420.000     1421.000     1422.000     1423.000     1424.000
   225:     1425.000     1426.000     1427.000     1428.000     1429.000
   230:     1430.000     1431.000     1432.000     1433.000     1434.000
   235:     1435.000     1436.000     1437.000     1438.000     1439.000
   240:     1440.000     1441.000     1442.000     1443.000     1444.000
   245:     1445.000     1446.000     1447.000     1448.000     1449.000
   250:     1450.000     1451.000     1452.000     1453.000     1454.000
   255:     1455.000     1456.000     1457.000     1458.000     1459.000
   260:     1460.000     1461.000     1462.000     1463.000     1464.000
   265:     1465.000     1466.000     1467.000     1468.000     1469.000
   270:     1470.000     1471.000     1472.000     1473.000     1474.000
   275:     1475.000     1476.000     1477.000     1478.000     1479.000
   280:     1480.000     1481.000     1482.000     1483.000     1484.000
   285:     1485.000     1486.000     1487.000     1488.000     1489.000
   290:     1490.000     1491.000     1492.000     1493.000     1494.000
   295:     1495.000     1496.000     1497.000     1498.000     1499.000
   300:     1500.000     1501.000     1502.000     1503.000     1504.000
   305:     1505.000     1506.000     1507.000     1508.000     1509.000
   310:     1510.000     1511.000     1512.000     1513.000     1514.000
   315:     1515.000     1516.000     1517.000     1518.000     1519.000
   320:     1520.000     1521.000     1522.000     1523.000     1524.000
   325:     1525.000     1526.000     1527.000     1528.000     1529.000
   330:     1530.000     1531.000     1532.000     1533.000     1534.000
   335:     1535.000     1536.000     1537.000     1538.000     1539.000
   340:     1540.000     1541.000     1542.000     1543.000     1544.000
   345:     1545.000     1546.000     1547.000     1548.000     1549.000
   350:     1550.000     1551.000     1552.000     1553.000     1554.000
   355:     1555.000     1556.000     1557.000     1558.000     1559.000
   360:     1560.000     1561.000     1562.000     1563.000     1564.000
   365:     1565.000     1566.000     1567.000     1568.000     1569.000
   370:     1570.000     1571.000     1572.000     1573.000     1574.000
   375:     1575.000     1576.000     1577.000     1578.000     1579.000
   380:     1580.000     1581.000     1582.000     1583.000     1584.000
   385:     1585.000     1586.000     1587.000     1588.000     1589.000
   390:     1590.000     1591.000     1592.000     1593.000     1594.000
   395:     1595.000     1596.000     1597.000     1598.000     1599.000
   400:     1600.000     1601.000     1602.000     1603.000     1604.000
   405:     1605.000     1606.000     1607.000     1608.000     1609.000
   410:     1610.000     1611.000     1612.000     1613.000     1614.000
   415:     1615.000     1616.000     1617.000     1618.000     1619.000
   420:     1620.000     1621.000     1622.000     1623.000     1624.000
   425:     1625.000     1626.000     1627.000     1628.000     1629.000
   430:     1630.000     1631.000     1632.000     1633.000     1634.000
   435:     1635.000     1636.000     1637.000     1638.000     1639.000
   440:     1640.000     1641.000     1642.000     1643.000     1644.000
   445:     1645.000     1646.000     1647.000     1648.000     1649.000
   450:     1650.000     1651.000     1652.000     1653.000     1654.000
   455:     1655.000     1656.000     1657.000     1658.000     1659.000
   460:     1660.000     1661.000     1662.000     1663.000     1664.000
   465:     1665.000     1666.000     1667.000     1668.000     1669.000
   470:     1670.000     1671.000     1672.000     1673.000     1674.000
   475:     1675.000     1676.000     1677.000     1678.000     1679.000
   480:     1680.000     1681.000     1682.000     1683.000     1684.000
   485:     1685.000     1686.000     1687.000     1688.000     1689.000
   490:     1690.000     1691.000     1692.000     1693.000     1694.000
   495:     1695.000     1696.000     1697.000     1698.000     1699.000
   500:     1700.000     1701.000     1702.000     1703.000     1704.000
   505:     1705.000     1706.000     1707.000     1708.000     1709.000
   510:     1710.000     1711.000     1712.000     1713.000     1714.000
   515:     1715.000     1716.000     1717.000     1718.000     1719.000
   520:     1720.000     1721.000     1722.000     1723.000     1724.000
   525:     1725.000     1726.000     1727.000     1728.000     1729.000
   530:     1730.000     1731.000     1732.000     1733.000     1734.000
   535:     1735.000     1736.000     1737.000     1738.000     1739.000
   540:     1740.000     1741.000     1742.000     1743.000     1744.000
   545:     1745.000     1746.000     1747.000     1748.000     1749.000
   550:     1750.000     1751.000     1752.000     1753.000     1754.000
   555:     1755.000     1756.000     1757.000     1758.000     1759.000
   560:     1760.000     1761.000     1762.000     1763.000     1764.000
   565:     1765.000     1766.000     1767.000     1768.000     1769.000
   570:     1770.000     1771.000     1772.000     1773.000     1774.000
   575:     1775.000     1776.000     1777.000     1778.000     1779.000
   580:     1780.000     1781.000     1782.000     1783.000     1784.000
   585:     1785.000     1786.000     1787.000     1788.000     1789.000
   590:     1790.000     1791.000     1792.000     1793.000     1794.000
   595:     1795.000     1796.000     1797.000     1798.000     1799.000
   600:     1800.000     1801.000     1802.000     1803.000     1804.000
   605:     1805.000     1806.000     1807.000     1808.000     1809.000
   610:     1810.000     1811.000     1812.000     1813.000     1814.000
   615:     1815.000     1816.000     1817.000     1818.000     1819.000
   620:     1820.000     1821.000     1822.000     1823.000     1824.000
   625:     1825.000     1826.000     1827.000     1828.000     1829.000
   630:     1830.000     1831.000     1832.000     1833.000     1834.000
   635:     1835.000     1836.000     1837.000     1838.000     1839.000
   640:     1840.000     1841.000     1842.000     1843.000     1844.000
   645:     1845.000     1846.000     1847.000     1848.000     1849.000
   650:     1850.000     1851.000     1852.000     1853.000     1854.000
   655:     1855.000     1856.000     1857.000     1858.000     1859.000
   660:     1860.000     1861.000     1862.000     1863.000     1864.000
   665:     1865.000     1866.000     1867.000     1868.000     1869.000
   670:     1870.000     1871.000     1872.000     1873.000     1874.000
   675:     1875.000     1876.000     1877.000     1878.000     1879.000
   680:     1880.000     1881.000     1882.000     1883.000     1884.000
   685:     1885.000     1886.000     1887.000     1888.000     1889.000
   690:     1890.000     1891.000     1892.000     1893.000     1894.000
   695:     1895.000     1896.000     1897.000     1898.000     1899.000
   700:     1900.000     1901.000     1902.000     1903.000     1904.000
   705:     1905.000     1906.000     1907.000     1908.000     1909.000
   710:     1910.000     1911.000     1912.000     1913.000     1914.000
   715:     1915.000     1916.000     1917.000     1918.000     1919.000
   720:     1920.000     1921.000     1922.000     1923.000     1924.000
   725:     1925.000     1926.000     1927.000     1928.000     1929.000
   730:     1930.000     1931.000     1932.000     1933.000     1934.000
   735:     1935.000     1936.000     1937.000     1938.000     1939.000
   740:     1940.000     1941.000     1942.000     1943.000     1944.000
   745:     1945.000     1946.000     1947.000     1948.000     1949.000
   750:     1950.000     1951.000     1952.000     1953.000     1954.000
   755:     1955.000     1956.000     1957.000     1958.000     1959.000
   760:     1960.000     1961.000     1962.000     1963.000     1964.000
   765:     1965.000     1966.000     1967.000     1968.000     1969.000
   770:     1970.000     1971.000     1972.000     1973.000     1974.000
   775:     1975.000     1976.000     1977.000     1978.000     1979.000
   780:     1980.000     1981.000     1982.000     1983.000     1984.000
   785:     1985.000     1986.000     1987.000     1988.000     1989.000
   790:     1990.000     1991.000     1992.000     1993.000     1994.000
   795:     1995.000     1996.000     1997.000     1998.000     1999.000
   800:     2000.000     2001.000     2002.000     2003.000     2004.000
   805:     2005.000     2006.000     2007.000     2008.000     2009.000
   810:     2010.000     2011.000     2012.000     2013.000     2014.000
   815:     2015.000     2016.000     2017.000     2018.000     2019.000
   820:     2020.000     2021.000     2022.000     2023.000     2024.000
   825:     2025.000     2026.000     2027.000     2028.000     2029.000
   830:     2030.000     2031.000     2032.000     2033.000     2034.000
   835:     2035.000     2036.000     2037.000     2038.000     2039.000
   840:     2040.000     2041.000     2042.000     2043.000     2044.000
   845:     2045.000     2046.000     2047.000     2048.000     2049.000
   850:     2050.000     2051.000     2052.000     2053.000     2054.000
   855:     2055.000     2056.000     2057.000     2058.000     2059.000
   860:     2060.000     2061.000     2062.000     2063.000     2064.000
   865:     2065.000     2066.000     2067.000     2068.000     2069.000
   870:     2070.000     2071.000     2072.000     2073.000     2074.000
   875:     2075.000     2076.000     2077.000     2078.000     2079.000
   880:     2080.000     2081.000     2082.000     2083.000     2084.000
   885:     2085.000     2086.000     2087.000     2088.000     2089.000
   890:     2090.000     2091.000     2092.000     2093.000     2094.000
   895:     2095.000     2096.000     2097.000     2098.000     2099.000
   900:     2100.000     2101.000     2102.000     2103.000     2104.000
   905:     2105.000     2106.000     2107.000     2108.000     2109.000
   910:     2110.000     2111.000     2112.000     2113.000     2114.000
   915:     2115.000     2116.000     2117.000     2118.000     2119.000
   920:     2120.000     2121.000     2122.000     2123.000     2124.000
   925:     2125.000     2126.000     2127.000     2128.000     2129.000
   930:     2130.000     2131.000     2132.000     2133.000     2134.000
   935:     2135.000     2136.000     2137.000     2138.000     2139.000
   940:     2140.000     2141.000     2142.000     2143.000     2144.000
   945:     2145.000     2146.000     2147.000     2148.000     2149.000
   950:     2150.000     2151.000     2152.000     2153.000     2154.000
   955:     2155.000     2156.000     2157.000     2158.000     2159.000
   960:     2160.000     2161.000     2162.000     2163.000     2164.000
   965:     2165.000     2166.000     2167.000     2168.000     2169.000
   970:     2170.000     2171.000     2172.000     2173.000     2174.000
   975:     2175.000     2176.000     2177.000     2178.000     2179.000
   980:     2180.000     2181.000     2182.000     2183.000     2184.000
   985:     2185.000     2186.000     2187.000     2188.000     2189.000
   990:     2190.000     2191.000     2192.000     2193.000     2194.000
   995:     2195.000     2196.000     2197.000     2198.000     2199.000
  1000:     2200.000     2201.000     2202.000     2203.000     2204.000
  1005:     2205.000     2206.000     2207.000     2208.000     2209.000
  1010:     2210.000     2211.000     2212.000     2213.000     2214.000
  1015:     2215.000     2216.000     2217.000     2218.000     2219.000
  1020:     2220.000     2221.000     2222.000     2223.000     2224.000
  1025:     2225.000     2226.000     2227.000     2228.000     2229.000
  1030:     2230.000     2231.000     2232.000     2233.000     2234.000
  1035:     2235.000     2236.000     2237.000     2238.000     2239.000
  1040:     2240.000     2241.000     2242.000     2243.000     2244.000
  1045:     2245.000     2246.000     2247.000     2248.000     2249.000
  1050:     2250.000     2251.000     2252.000     2253.000     2254.000
  1055:     2255.000     2256.000     2257.000     2258.000     2259.000
  1060:     2260.000     2261.000     2262.000     2263.000     2264.000
  1065:     2265.000     2266.000     2267.000     2268.000     2269.000
  1070:     2270.000     2271.000     2272.000     2273.000     2274.000
  1075:     2275.000     2276.000     2277.000     2278.000     2279.000
  1080:     2280.000     2281.000     2282.000     2283.000     2284.000
  1085:     2285.000     2286.000     2287.000     2288.000     2289.000
  1090:     2290.000     2291.000     2292.000     2293.000     2294.000
  1095:     2295.000     2296.000     2297.000     2298.000     2299.000
  1100:     2300.000     2301.000     2302.000     2303.000     2304.000
  1105:     2305.000     2306.000     2307.000     2308.000     2309.000
  1110:     2310.000     2311.000     2312.000     2313.000     2314.000
  1115:     2315.000     2316.000     2317.000     2318.000     2319.000
  1120:     2320.000     2321.000     2322.000     2323.000     2324.000
  1125:     2325.000     2326.000     2327.000     2328.000     2329.000
  1130:     2330.000     2331.000     2332.000     2333.000     2334.000
  1135:     2335.000     2336.000     2337.000     2338.000     2339.000
  1140:     2340.000     2341.000     2342.000     2343.000     2344.000
  1145:     2345.000     2346.000     2347.000     2348.000     2349.000
  1150:     2350.000     2351.000     2352.000     2353.000     2354.000
  1155:     2355.000     2356.000     2357.000     2358.000     2359.000
  1160:     2360.000     2361.000     2362.000     2363.000     2364.000
  1165:     2365.000     2366.000     2367.000     2368.000     2369.000
  1170:     2370.000     2371.000     2372.000     2373.000     2374.000
  1175:     2375.000     2376.000     2377.000     2378.000     2379.000
  1180:     2380.000     2381.000     2382.000     2383.000     2384.000
  1185:     2385.000     2386.000     2387.000     2388.000     2389.000
  1190:     2390.000     2391.000     2392.000     2393.000     2394.000
  1195:     2395.000     2396.000     2397.000     2398.000     2399.000
  1200:     2400.000
N:
     0:     2700.000     2701.000     2702.000     2703.000     2704.000
     5:     2705.000     2706.000     2707.000     2708.000     2709.000
    10:     2710.000     2711.000     2712.000     2713.000     2714.000
    15:     2715.000     2716.000     2717.000     2718.000     2719.000
    20:     2720.000     2721.000     2722.000     2723.000     2724.000
    25:     2725.000     2726.000     2727.000     2728.000     2729.000
    30:     2730.000     2731.000     2732.000     2733.000     2734.000
    35:     2735.000     2736.000     2737.000     2738.000     2739.000
    40:     2740.000     2741.000     2742.000     2743.000     2744.000
    45:     2745.000     2746.000     2747.000     2748.000     2749.000
    50:     2750.000     2751.000     2752.000     2753.000     2754.000
    55:     2755.000     2756.000     2757.000     2758.000     2759.000
    60:     2760.000     2761.000     2762.000     2763.000     2764.000
    65:     2765.000     2766.000     2767.000     2768.000     2769.000
    70:     2770.000     2771.000     2772.000     2773.000     2774.000
    75:     2775.000     2776.000     2777.000     2778.000     2779.000
    80:     2780.000     2781.000     2782.000     2783.000     2784.000
    85:     2785.000     2786.000     2787.000     2788.000     2789.000
    90:     2790.000     2791.000     2792.000     2793.000     2794.000
    95:     2795.000     2796.000     2797.000     2798.000     2799.000
   100:     2800.000     2801.000     2802.000     2803.000     2804.000
   105:     2805.000     2806.000     2807.000     2808.000     2809.000
   110:     2810.000     2811.000     2812.000     2813.000     2814.000
   115:     2815.000     2816.000     2817.000     2818.000     2819.000
   120:     2820.000     2821.000     2822.000     2823.000     2824.000
   125:     2825.000     2826.000     2827.000     2828.000     2829.000
   130:     2830.000     2831.000     2832.000     2833.000     2834.000
   135:     2835.000     2836.000     2837.000     2838.000     2839.000
   140:     2840.000     2841.000     2842.000     2843.000     2844.000
   145:     2845.000     2846.000     2847.000     2848.000     2849.000
   150:     2850.000     2851.000     2852.000     2853.000     2854.000
   155:     2855.000     2856.000     2857.000     2858.000     2859.000
   160:     2860.000     2861.000     2862.000     2863.000     2864.000
   165:     2865.000     2866.000     2867.000     2868.000     2869.000
   170:     2870.000     2871.000     2872.000     2873.000     2874.000
   175:     2875.000     2876.000     2877.000     2878.000     2879.000
   180:     2880.000     2881.000     2882.000     2883.000     2884.000
   185:     2885.000     2886.000     2887.000     2888.000     2889.000
   190:     2890.000     2891.000     2892.000     2893.000     2894.000
   195:     2895.000     2896.000     2897.000     2898.000     2899.000
   200:     2900.000     2901.000     2902.000     2903.000     2904.000
   205:     2905.000     2906.000     2907.000     2908.000     2909.000
   210:     2910.000     2911.000     2912.000     2913.000     2914.000
   215:     2915.000     2916.000     2917.000     2918.000     2919.000
   220:     2920.000     2921.000     2922.000     2923.000     2924.000
   225:     2925.000     2926.000     2927.000     2928.000     2929.000
   230:     2930.000     2931.000     2932.000     2933.000     2934.000
   235:     2935.000     2936.000     2937.000     2938.000     2939.000
   240:     2940.000     2941.000     2942.000     2943.000     2944.000
   245:     2945.000     2946.000     2947.000     2948.000     2949.000
   250:     2950.000     2951.000     2952.000     2953.000     2954.000
   255:     2955.000     2956.000     2957.000     2958.000     2959.000
   260:     2960.000     2961.000     2962.000     2963.000     2964.000
   265:     2965.000     2966.000     2967.000     2968.000     2969.000
   270:     2970.000     2971.000     2972.000     2973.000     2974.000
   275:     2975.000     2976.000     2977.000     2978.000     2979.000
   280:     2980.000     2981.000     2982.000     2983.000     2984.000
   285:     2985.000     2986.000     2987.000     2988.000     2989.000
   290:     2990.000     2991.000     2992.000     2993.000     2994.000
   295:     2995.000     2996.000     2997.000     2998.000     2999.000
   300:     3000.000
R:
     0:      158.000      158.000      158.000
V:
     0:     2224.000     2995.000
W:
     0:     2224.000     2995.000
