File: C:\MED-PC IV\DATA\p530_s152_japede


Start Date: 11/28/17
End Date: 11/28/17
Subject: p530
Experiment: 0
Group: 0
Box: 8
Start Time: 15:59:57
End Time: 17:00:30
MSN: japede_L_135_135_135_R_27_27_27
B:       0.000
E:    3631.000
F:       0.000
G:       0.000
H:       0.000
I:       2.000
J:       2.000
K:       0.000
O:       0.000
P:       0.000
Q:       0.000
S:  360000.000
T:  360000.000
U:       0.000
X:       0.000
Y:       0.000
Z:       0.000
A:
     0:        0.010        0.250        0.220        0.230      315.120
     5:      754.120      843.120      849.120      946.120      953.120
    10:     1306.120     1848.120     1854.120     1936.120     2039.120
    15:     2099.840     2467.640     2467.320     2467.330     2467.350
    20:     2467.240     2467.130     2717.220     2717.230     2717.250
    25:     2717.340     3640.130     3821.120     3828.120     4171.120
    30:     4178.120     4382.130     4389.130     4491.120     4499.120
    35:     4917.840     4958.120     5663.640     5663.320     5663.330
    40:     5663.350     5663.240     5663.130     5913.220     5913.230
    45:     5913.250     5913.340     6473.120     6785.120     7076.120
    50:     7481.130     7489.130     7821.120     7828.120     8096.130
    55:     8313.840     8466.120     9303.120     9784.640     9784.320
    60:     9784.330     9784.350     9784.240     9784.130    10034.220
    65:    10034.230    10034.250    10034.340    10426.120    10563.130
    70:    10570.130    10834.840    11157.120    11280.640    11280.320
    75:    11280.330    11280.350    11280.240    11280.130    11530.220
    80:    11530.230    11530.250    11530.340    11840.120    12252.120
    85:    12723.120    13350.120    14283.120    15309.120    15609.120
    90:    16022.120    16839.120    17399.740    17530.840    18908.540
    95:    18908.320    18908.330    18908.350    18908.240    18908.120
   100:    18915.120    18923.120    19158.220    19158.230    19158.250
   105:    19158.340    19374.640    19374.320    19374.330    19374.350
   110:    19374.240    19374.130    19381.130    19389.130    19624.220
   115:    19624.230    19624.250    19624.340    19856.120    20030.120
   120:    20124.840    20183.120    20898.120    21145.120    22282.120
   125:    22782.120    24573.120    24952.120    24957.120    25646.120
   130:    25653.120    25827.120    26140.120    26519.120    26704.120
   135:    27453.120    27992.120    28422.120    28751.120    28931.120
   140:    29049.640    29049.320    29049.330    29049.350    29049.240
   145:    29049.130    29299.220    29299.230    29299.250    29299.340
   150:    29543.120    29550.120    30555.120    30699.840    30999.640
   155:    30999.320    30999.330    30999.350    30999.240    30999.130
   160:    31158.740    31249.220    31249.230    31249.250    31249.340
   165:    31479.540    31479.320    31479.330    31479.350    31479.240
   170:    31479.120    31729.220    31729.230    31729.250    31729.340
   175:    32170.130    32649.840    32735.120    32948.640    32948.320
   180:    32948.330    32948.350    32948.240    32948.130    33198.220
   185:    33198.230    33198.250    33198.340    33463.130    33567.120
   190:    34779.130    34898.130    35118.130    35526.130    35634.130
   195:    35741.120    36174.130    36300.130    36340.130    36347.130
   200:    36428.130    36598.840    36675.640    36675.320    36675.330
   205:    36675.350    36675.240    36675.130    36925.220    36925.230
   210:    36925.250    36925.340    37306.130    37405.130    37438.130
   215:    37443.130    37549.130    37713.120    37800.130    37910.130
   220:    38547.130    39076.130    39125.840    39897.640    39897.320
   225:    39897.330    39897.350    39897.240    39897.130    39911.130
   230:    40147.220    40147.230    40147.250    40147.340    40313.120
   235:    40490.130    40578.130    40584.130    40705.130    40732.130
   240:    40740.130    40882.130    40991.130    41095.130    41242.130
   245:    41326.130    41467.130    41631.130    41658.130    41663.130
   250:    41671.130    41960.130    41995.130    42001.130    42065.130
   255:    42072.130    42155.130    42265.120    42574.130    42647.840
   260:    42854.120    42929.640    42929.320    42929.330    42929.350
   265:    42929.240    42929.130    43179.220    43179.230    43179.250
   270:    43179.340    43389.120    43395.120    43632.130    43753.130
   275:    43758.130    43849.130    44034.130    44156.130    44266.130
   280:    44435.130    44568.130    44579.840    44950.640    44950.320
   285:    44950.330    44950.350    44950.240    44950.130    45200.220
   290:    45200.230    45200.250    45200.340    45377.120    45572.130
   295:    45579.130    45666.130    45754.130    45788.130    45795.130
   300:    46008.130    46124.130    46131.130    46338.130    46377.130
   305:    46384.130    46600.840    46749.640    46749.320    46749.330
   310:    46749.350    46749.240    46749.130    46999.220    46999.230
   315:    46999.250    46999.340    47175.130    47291.130    47413.120
   320:    47551.130    47737.120    47975.130    48045.130    48611.130
   325:    48923.120    49099.840    49325.640    49325.320    49325.330
   330:    49325.350    49325.240    49325.130    49575.220    49575.230
   335:    49575.250    49575.340    49872.130    50171.130    50204.130
   340:    50295.130    50432.130    50460.130    50468.130    50670.130
   345:    50683.130    50775.130    50901.130    50933.130    51098.130
   350:    51130.130    51268.130    51311.130    51319.130    51529.130
   355:    51544.130    51987.130    52106.120    52180.130    52389.120
   360:    52616.130    52888.130    52896.130    52927.130    52932.130
   365:    53095.130    53209.130    53305.130    53348.130    53464.130
   370:    53903.130    53948.130    54155.130    54539.130    54545.130
   375:    54796.130    55054.130    55275.840    55336.640    55336.320
   380:    55336.330    55336.350    55336.240    55336.130    55586.220
   385:    55586.230    55586.250    55586.340    55742.120    55749.120
   390:    55873.130    55915.130    55968.130    56078.130    56349.130
   395:    56448.130    56540.130    56575.130    56750.130    56756.130
   400:    56819.130    57061.120    57067.120    57145.130    57254.130
   405:    57286.130    57408.130    57491.130    57529.130    57637.130
   410:    57739.130    57774.130    57886.840    57981.640    57981.320
   415:    57981.330    57981.350    57981.240    57981.130    57988.130
   420:    58231.220    58231.230    58231.250    58231.340    58394.120
   425:    58400.120    58531.840    58544.640    58544.320    58544.330
   430:    58544.350    58544.240    58544.130    58550.130    58794.220
   435:    58794.230    58794.250    58794.340    59001.130    59009.130
   440:    59094.840    59117.640    59117.320    59117.330    59117.350
   445:    59117.240    59117.130    59122.130    59129.130    59137.130
   450:    59367.220    59367.230    59367.250    59367.340    59709.130
   455:    59722.130    59854.130    59860.130    59981.130    60230.130
   460:    60267.840    60350.640    60350.320    60350.330    60350.350
   465:    60350.240    60350.130    60600.220    60600.230    60600.250
   470:    60600.340    60806.130    60839.130    60846.130    61103.130
   475:    61110.130    61181.120    61569.130    61723.130    61855.130
   480:    62015.130    62044.130    62051.130    62171.130    62177.130
   485:    62432.130    62439.130    62570.130    62601.130    62695.130
   490:    62827.130    62861.130    63126.130    63133.130    63326.130
   495:    63334.130    63480.130    63487.130    63755.130    63763.130
   500:    63805.130    63964.130    64001.130    64200.130    64471.130
   505:    64478.130    64564.130    64659.130    64778.130    64785.130
   510:    65104.130    65114.130    65144.130    65151.130    65256.130
   515:    65438.130    65444.130    65860.130    65884.130    66249.130
   520:    66549.130    66623.120    66730.130    66820.130    67241.130
   525:    67248.130    67396.130    67405.130    67437.130    67596.130
   530:    67676.130    67776.120    67851.130    67991.120    68282.130
   535:    68594.130    68601.130    69098.130    69260.130    69267.130
   540:    69441.130    69448.130    69529.740    69659.130    69666.130
   545:    69713.130    69841.130    70042.130    70083.130    70347.130
   550:    70443.540    70443.320    70443.330    70443.350    70443.240
   555:    70443.120    70693.220    70693.230    70693.250    70693.340
   560:    70954.120    71175.120    71337.120    71570.120    71855.120
   565:    71988.130    72549.120    72623.130    72667.130    72673.130
   570:    73190.130    73197.130    73382.130    73389.130    73709.130
   575:    73809.120    74066.130    74370.130    74379.130    74586.130
   580:    74755.130    74892.130    75030.130    75567.130    75657.130
   585:    75822.120    75928.130    75935.130    76134.130    76175.130
   590:    76693.130    76786.120    76876.130    77586.120    77997.130
   595:    78108.120    78191.130    78495.130    78501.130    78721.130
   600:    79009.130    79320.120    79326.120    79457.130    79605.130
   605:    79822.130    79861.130    79868.130    79943.120    80599.130
   610:    80698.130    80861.130    80867.130    80968.130    80997.130
   615:    81098.130    81100.840    81485.640    81485.320    81485.330
   620:    81485.350    81485.240    81485.130    81735.220    81735.230
   625:    81735.250    81735.340    81949.120    81977.120    82083.130
   630:    82142.130    82172.130    82371.130    82600.130    82607.130
   635:    82744.130    82900.130    82905.130    82912.130    83001.130
   640:    83085.120    83212.130    83336.130    83367.130    83583.120
   645:    83635.840    83658.640    83658.320    83658.330    83658.350
   650:    83658.240    83658.130    83665.130    83673.130    83908.220
   655:    83908.230    83908.250    83908.340    84063.120    84145.130
   660:    84162.130    84194.130    84202.130    84308.840    84328.640
   665:    84328.320    84328.330    84328.350    84328.240    84328.130
   670:    84578.220    84578.230    84578.250    84578.340    84859.130
   675:    84864.130    84873.130    84924.130    85077.130    85199.130
   680:    85591.130    85788.120    85793.120    85907.130    86038.130
   685:    86209.130    86215.130    86348.120    86431.130    86631.130
   690:    87079.130    87599.130    87706.120    87780.130    87788.130
   695:    88063.130    88136.120    88630.120    88843.130    88967.130
   700:    89285.130    89401.130    89593.130    89643.130    89804.130
   705:    89811.130    89940.130    90202.130    90292.120    90520.130
   710:    90799.130    90808.130    90895.130    91082.130    91115.130
   715:    91355.130    91454.130    91667.120    91746.130    91843.130
   720:    91849.130    92287.130    92387.130    92395.130    92674.130
   725:    92678.840    92885.640    92885.320    92885.330    92885.350
   730:    92885.240    92885.130    93135.220    93135.230    93135.250
   735:    93135.340    93340.130    93471.120    93563.130    93812.130
   740:    93822.130    93833.130    93953.120    93993.740    94150.130
   745:    94156.130    94164.130    94195.130    94335.840    94447.640
   750:    94447.320    94447.330    94447.350    94447.240    94447.130
   755:    94455.130    94697.220    94697.230    94697.250    94697.340
   760:    94864.540    94864.320    94864.330    94864.350    94864.240
   765:    94864.120    94869.120    94897.840    95114.220    95114.230
   770:    95114.250    95114.340    95347.120    95471.120    95597.640
   775:    95597.320    95597.330    95597.350    95597.240    95597.130
   780:    95603.130    95610.130    95847.220    95847.230    95847.250
   785:    95847.340    96065.120    96070.120    96147.840    96191.640
   790:    96191.320    96191.330    96191.350    96191.240    96191.130
   795:    96201.130    96441.220    96441.230    96441.250    96441.340
   800:    96600.130    96607.130    96638.130    96756.120    96878.130
   805:    96884.130    97142.120    97270.130    97276.130    97421.130
   810:    97673.130    97801.130    98041.840    98277.640    98277.320
   815:    98277.330    98277.350    98277.240    98277.130    98283.130
   820:    98527.220    98527.230    98527.250    98527.340    98687.120
   825:    98777.130    98847.130    98856.130    98955.130    98961.130
   830:    99079.130    99116.130    99380.130    99427.840    99786.640
   835:    99786.320    99786.330    99786.350    99786.240    99786.130
   840:    99800.130   100036.220   100036.230   100036.250   100036.340
   845:   100202.120   100208.120   100571.130   100578.130   100853.130
   850:   100860.130   100964.130   101291.130   101300.130   101452.130
   855:   101542.120   101807.130   101986.130   102073.130   102081.130
   860:   102113.130   102465.130   102808.130   102837.130   103084.120
   865:   103168.130   103320.130   103629.130   103636.130   103667.130
   870:   103673.130   103941.130   104446.130   104481.130   104578.130
   875:   104585.130   104621.130   104705.120   104711.120   104902.120
   880:   104906.120   104998.130   105037.130   105378.130   105566.130
   885:   105574.130   105847.130   105951.120   106581.130   106588.130
   890:   106620.130   106627.130   106880.130   106991.130   107135.130
   895:   107142.130   107430.130   107579.130   107696.120   107790.130
   900:   107892.120   107898.120   107969.130   108097.120   108173.130
   905:   108181.130   108236.840   108280.120   108597.640   108597.320
   910:   108597.330   108597.350   108597.240   108597.130   108847.220
   915:   108847.230   108847.250   108847.340   109325.130   109331.130
   920:   109337.130   109567.130   109726.130   109734.130   110082.130
   925:   110089.130   110427.130   110514.130   110612.130   110702.130
   930:   110710.130   110807.120   110909.130   111003.130   111009.130
   935:   111407.130   111414.130   111724.130   111756.130   111762.130
   940:   111852.120   112128.130   112137.130   112297.130   112303.130
   945:   112309.130   112533.120   112645.130   112647.840   112689.640
   950:   112689.320   112689.330   112689.350   112689.240   112689.130
   955:   112939.220   112939.230   112939.250   112939.340   113115.120
   960:   113122.120   113773.130   113805.130   113811.130   114016.130
   965:   114225.130   114231.130   114384.130   114391.130   114491.130
   970:   114671.130   114815.130   114823.130   114896.120   114994.130
   975:   115000.130   115221.130   115259.130   115267.130   115356.130
   980:   115363.130   115568.130   115704.130   115879.130   115887.130
   985:   115919.130   116085.130   116120.130   116287.130   116464.130
   990:   116569.130   116599.130   116606.130   116695.130   116704.130
   995:   116809.130   116816.130   116985.130   117194.130   117321.130
  1000:   117355.130   117506.130   117513.130   117671.130   117743.120
  1005:   117858.130   117865.130   117923.130   118169.130   118365.120
  1010:   118552.130   118645.130   118680.130   118798.120   118969.120
  1015:   119047.130   119182.130   119278.130   119439.130   119477.130
  1020:   119569.130   119575.130   119700.130   119841.130   119939.840
  1025:   120021.640   120021.320   120021.330   120021.350   120021.240
  1030:   120021.130   120038.130   120271.220   120271.230   120271.250
  1035:   120271.340   120398.120   120511.130   120518.130   120874.130
  1040:   120983.130   121118.130   121127.130   121153.130   121341.130
  1045:   121778.130   122027.130   122035.130   122145.130   122152.130
  1050:   122457.120   122534.130   122673.130   122711.130   122718.130
  1055:   122791.130   122801.130   122960.130   123107.130   123834.130
  1060:   123870.130   124012.130   124173.130   124524.130   124716.130
  1065:   124892.130   124975.130   125388.130   125677.130   125682.130
  1070:   125873.130   126181.130   126289.120   126517.130   126675.130
  1075:   126825.130   126834.130   127112.130   127150.130   127236.130
  1080:   127336.120   127341.120   127550.130   127557.130   127711.130
  1085:   127771.840   127893.640   127893.320   127893.330   127893.350
  1090:   127893.240   127893.130   128143.220   128143.230   128143.250
  1095:   128143.340   128299.120   128418.130   128798.130   128806.130
  1100:   128836.130   128916.130   129086.130   129266.130   129398.130
  1105:   129428.130   129554.130   129561.130   129723.130   129895.130
  1110:   129933.130   130026.130   130034.130   130289.130   130325.130
  1115:   130332.130   130718.130   130726.130   130951.130   130959.130
  1120:   130992.130   131168.130   131176.130   132265.130   132958.130
  1125:   132966.130   133000.130   133343.840   133346.640   133346.320
  1130:   133346.330   133346.350   133346.240   133346.130   133354.130
  1135:   133596.220   133596.230   133596.250   133596.340   133721.120
  1140:   133727.120   133827.130   133834.130   133896.840   133957.640
  1145:   133957.320   133957.330   133957.350   133957.240   133957.130
  1150:   134207.220   134207.230   134207.250   134207.340   134406.120
  1155:   134505.130   134535.130   134541.130   134694.130   134707.840
  1160:   135373.640   135373.320   135373.330   135373.350   135373.240
  1165:   135373.130   135623.220   135623.230   135623.250   135623.340
  1170:   135978.130   136293.130   136299.130   136323.840   136710.640
  1175:   136710.320   136710.330   136710.350   136710.240   136710.130
  1180:   136723.130   136960.220   136960.230   136960.250   136960.340
  1185:   137125.120   137477.130   137482.130   137488.130   137611.130
  1190:   137643.130   137650.130   137728.130   137735.130   137767.130
  1195:   137774.130   137936.130   138067.130   138235.130   138241.130
  1200:   138291.130   138564.130   138593.130   138599.130   138707.130
  1205:   138840.130   139006.130   139012.130   139097.130   139104.130
  1210:   139263.130   139423.130   139532.130   139640.130   139747.130
  1215:   139753.130   139784.130   139908.130   139936.130   139943.130
  1220:   140068.130   140077.130   140108.130   140287.130   140435.130
  1225:   140633.130   140731.120   140805.130   140812.130   141138.130
  1230:   141177.130   141260.840   141444.640   141444.320   141444.330
  1235:   141444.350   141444.240   141444.130   141694.220   141694.230
  1240:   141694.250   141694.340   141886.130   141897.130   142238.130
  1245:   142246.130   142363.130   142565.130   142571.130   143026.130
  1250:   143368.120   143458.130   143620.130   143780.130   143788.130
  1255:   143897.130   143925.130   143932.130   144075.130   144287.130
  1260:   144493.130   144500.130   144614.740   144777.130   144812.130
  1265:   144938.130   144980.130   145089.130   145123.130   145294.840
  1270:   145431.640   145431.320   145431.330   145431.350   145431.240
  1275:   145431.130   145681.220   145681.230   145681.250   145681.340
  1280:   146052.130   146058.130   146294.130   146301.130   146420.130
  1285:   146451.130   146456.130   146716.130   146722.130   146730.130
  1290:   147087.130   147207.130   147241.130   147314.130   147320.130
  1295:   147496.130   147503.130   147594.130   147841.130   148081.840
  1300:   148092.640   148092.320   148092.330   148092.350   148092.240
  1305:   148092.130   148342.220   148342.230   148342.250   148342.340
  1310:   148471.540   148471.320   148471.330   148471.350   148471.240
  1315:   148471.120   148721.220   148721.230   148721.250   148721.340
  1320:   148911.120   148917.120   149014.130   149254.130   149445.130
  1325:   149588.130   149697.130   149825.130   149831.130   149910.130
  1330:   149946.130   150134.130   150165.130   150258.130   150342.840
  1335:   150411.640   150411.320   150411.330   150411.350   150411.240
  1340:   150411.130   150422.130   150429.130   150661.220   150661.230
  1345:   150661.250   150661.340   150824.120   150830.120   150941.130
  1350:   150946.130   151121.740   151459.130   151735.130   151913.130
  1355:   152048.130   152055.130   152083.130   152090.130   152276.130
  1360:   152662.130   152784.130   152792.130   153071.130   153404.130
  1365:   153543.130   153790.130   153822.130   153829.130   154013.130
  1370:   154155.130   154435.130   155493.130   155569.130   155578.130
  1375:   155613.130   155767.130   155774.130   155953.130   155960.130
  1380:   156041.130   156323.540   156323.320   156323.330   156323.350
  1385:   156323.240   156323.120   156573.220   156573.230   156573.250
  1390:   156573.340   156661.840   156755.640   156755.320   156755.330
  1395:   156755.350   156755.240   156755.130   156762.130   156770.130
  1400:   157005.220   157005.230   157005.250   157005.340   157268.130
  1405:   157274.130   157305.840   157562.120   157852.640   157852.320
  1410:   157852.330   157852.350   157852.240   157852.130   158073.740
  1415:   158102.220   158102.230   158102.250   158102.340   158427.540
  1420:   158427.320   158427.330   158427.350   158427.240   158427.120
  1425:   158433.120   158439.120   158677.220   158677.230   158677.250
  1430:   158677.340   158819.120   158915.130   158922.130   159047.130
  1435:   159507.130   160002.840   160045.640   160045.320   160045.330
  1440:   160045.350   160045.240   160045.130   160051.130   160295.220
  1445:   160295.230   160295.250   160295.340   160621.120   160626.120
  1450:   160633.120   160746.130   160752.130   160759.130   160896.130
  1455:   160979.130   161192.130   161295.840   161414.640   161414.320
  1460:   161414.330   161414.350   161414.240   161414.130   161664.220
  1465:   161664.230   161664.250   161664.340   161816.120   161921.130
  1470:   161926.130   161932.130   162138.130   162145.130   162573.130
  1475:   162684.130   162770.130   162877.130   162883.130   162890.130
  1480:   163047.130   163167.130   163532.130   163652.120   163973.130
  1485:   164345.120   164964.840   165111.640   165111.320   165111.330
  1490:   165111.350   165111.240   165111.130   165361.220   165361.230
  1495:   165361.250   165361.340   165507.120   165613.130   165710.130
  1500:   165717.130   165844.130   165853.130   165877.740   165995.130
  1505:   166181.130   166187.130   166398.130   166405.130   166702.130
  1510:   166840.130   166861.840   167060.640   167060.320   167060.330
  1515:   167060.350   167060.240   167060.130   167310.220   167310.230
  1520:   167310.250   167310.340   167714.130   167750.130   167861.130
  1525:   167868.130   168010.840   168281.640   168281.320   168281.330
  1530:   168281.350   168281.240   168281.130   168531.220   168531.230
  1535:   168531.250   168531.340   168685.540   168685.320   168685.330
  1540:   168685.350   168685.240   168685.120   168935.220   168935.230
  1545:   168935.250   168935.340   169031.840   169084.120   169192.640
  1550:   169192.320   169192.330   169192.350   169192.240   169192.130
  1555:   169198.130   169442.220   169442.230   169442.250   169442.340
  1560:   170358.130   170619.130   170772.130   170920.130   170925.130
  1565:   171020.130   171414.130   171420.130   171429.130   171560.130
  1570:   171734.130   171843.130   172129.130   172172.130   172527.130
  1575:   172534.130   172687.130   172888.130   172954.130   172962.130
  1580:   173069.130   173076.130   173265.130   174496.130   174612.130
  1585:   174728.120   174961.130   175109.130   175210.130   175399.130
  1590:   175891.130   176197.120   176204.120   176494.130   176714.130
  1595:   176722.130   176860.130   177246.130   177500.130   177613.120
  1600:   177713.130   177743.130   177750.130   177918.130   178001.130
  1605:   178103.130   178362.130   178527.130   178607.130   178862.130
  1610:   178869.130   178960.120   179062.130   179094.130   179174.120
  1615:   179267.130   179586.130   179845.120   180465.120   180578.130
  1620:   180735.130   180834.130   180842.130   181175.130   181423.130
  1625:   181552.130   181592.130   181598.130   181725.130   181850.130
  1630:   181973.120   182051.130   182231.130   182354.120   182455.130
  1635:   182612.130   182894.130   182942.840   183586.640   183586.320
  1640:   183586.330   183586.350   183586.240   183586.130   183594.130
  1645:   183836.220   183836.230   183836.250   183836.340   183989.120
  1650:   184101.130   184107.130   184113.130   184295.130   184563.130
  1655:   184898.130   184928.130   184934.130   185091.130   185473.130
  1660:   185498.130   185591.130   185671.130   185935.130   186090.130
  1665:   186119.130   186251.130   186388.130   186535.740   186536.840
  1670:   186804.640   186804.320   186804.330   186804.350   186804.240
  1675:   186804.130   186810.130   187054.220   187054.230   187054.250
  1680:   187054.340   187154.840   187198.540   187198.320   187198.330
  1685:   187198.350   187198.240   187198.120   187203.120   187210.120
  1690:   187448.220   187448.230   187448.250   187448.340   187610.120
  1695:   187616.120   187749.640   187749.320   187749.330   187749.350
  1700:   187749.240   187749.130   187756.130   187764.130   187999.220
  1705:   187999.230   187999.250   187999.340   188201.130   188209.130
  1710:   188295.120   188301.120   188399.840   188409.640   188409.320
  1715:   188409.330   188409.350   188409.240   188409.130   188420.130
  1720:   188659.220   188659.230   188659.250   188659.340   188921.130
  1725:   188928.130   188962.130   188968.130   189250.120   189330.130
  1730:   189361.130   189367.130   189669.130   189910.130   189916.130
  1735:   190048.740   190201.540   190201.320   190201.330   190201.350
  1740:   190201.240   190201.120   190259.840   190451.220   190451.230
  1745:   190451.250   190451.340   190650.640   190650.320   190650.330
  1750:   190650.350   190650.240   190650.130   190656.130   190663.130
  1755:   190900.220   190900.230   190900.250   190900.340   190951.740
  1760:   191076.540   191076.320   191076.330   191076.350   191076.240
  1765:   191076.120   191089.120   191326.220   191326.230   191326.250
  1770:   191326.340   191509.130   191514.130   191595.120   191716.120
  1775:   191721.120   191985.120   192700.840   193159.640   193159.320
  1780:   193159.330   193159.350   193159.240   193159.130   193409.220
  1785:   193409.230   193409.250   193409.340   193549.120   193555.120
  1790:   193733.130   193739.130   193820.130   193858.130   194014.130
  1795:   194019.130   194164.120   194169.120   194316.130   194677.130
  1800:   194884.130   194889.130   194909.840   195227.640   195227.320
  1805:   195227.330   195227.350   195227.240   195227.130   195235.130
  1810:   195477.220   195477.230   195477.250   195477.340   195639.120
  1815:   195748.130   195754.130   195777.840   195839.640   195839.320
  1820:   195839.330   195839.350   195839.240   195839.130   196089.220
  1825:   196089.230   196089.250   196089.340   196223.120   196230.120
  1830:   196364.130   196372.130   196501.130   196509.130   196542.130
  1835:   196664.130   196823.130   197022.120   197095.130   197298.130
  1840:   197535.130   197566.130   197572.130   197613.130   197619.130
  1845:   197915.130   198813.130   198822.130   198903.130   198910.130
  1850:   199002.130   199424.130   199552.130   199591.130   199778.130
  1855:   199925.130   199930.130   200112.130   200665.130   200816.130
  1860:   200824.130   201052.130   201205.130   201350.130   201389.840
  1865:   201910.640   201910.320   201910.330   201910.350   201910.240
  1870:   201910.130   201917.130   201926.130   202160.220   202160.230
  1875:   202160.250   202160.340   202260.840   202512.640   202512.320
  1880:   202512.330   202512.350   202512.240   202512.130   202518.130
  1885:   202524.130   202531.130   202762.220   202762.230   202762.250
  1890:   202762.340   202976.130   203009.130   203110.120   203625.130
  1895:   203658.130   203663.130   203838.120   203915.130   204061.130
  1900:   204171.130   204202.130   204452.130   204749.130   204756.130
  1905:   204896.130   204962.840   205183.640   205183.320   205183.330
  1910:   205183.350   205183.240   205183.130   205433.220   205433.230
  1915:   205433.250   205433.340   205574.120   205578.120   205585.120
  1920:   205689.130   205696.130   205840.130   205986.130   206165.130
  1925:   206198.130   206204.130   206282.130   206326.740   206640.130
  1930:   206885.130   207106.130   207114.130   207295.130   207303.130
  1935:   207465.130   207600.130   207774.130   207781.130   207924.130
  1940:   208314.540   208314.320   208314.330   208314.350   208314.240
  1945:   208314.120   208321.120   208564.220   208564.230   208564.250
  1950:   208564.340   208865.130   208871.130   208944.120   208950.120
  1955:   209108.120   209416.130   209594.130   209788.120   209794.120
  1960:   209886.130   210109.120   210133.840   210290.640   210290.320
  1965:   210290.330   210290.350   210290.240   210290.130   210540.220
  1970:   210540.230   210540.250   210540.340   210700.120   210808.130
  1975:   211339.130   211449.130   211811.130   211929.120   211935.120
  1980:   212006.130   212114.130   212655.130   212967.130   213111.130
  1985:   213117.130   213140.840   213154.640   213154.320   213154.330
  1990:   213154.350   213154.240   213154.130   213404.220   213404.230
  1995:   213404.250   213404.340   213522.120   213527.120   213533.120
  2000:   213635.130   213647.130   213779.120   213784.120   213895.130
  2005:   214003.130   214941.130   215032.130   215345.130   215518.130
  2010:   215914.130   216064.740   216066.130   216149.130   216156.130
  2015:   216261.130   216268.130   216430.130   216531.130   216802.130
  2020:   216808.130   216952.130   217031.130   217070.130   217078.130
  2025:   217104.840   217179.640   217179.320   217179.330   217179.350
  2030:   217179.240   217179.130   217429.220   217429.230   217429.250
  2035:   217429.340   217560.540   217560.320   217560.330   217560.350
  2040:   217560.240   217560.120   217566.120   217574.120   217810.220
  2045:   217810.230   217810.250   217810.340   217935.120   218049.130
  2050:   218055.130   218424.130   218431.130   219195.130   219202.130
  2055:   219428.130   219435.130   219574.130   219692.130   219698.130
  2060:   219819.130   219826.130   220170.130   220198.130   220546.130
  2065:   220768.120   220868.130   220974.130   221249.120   221463.120
  2070:   221829.840   221896.640   221896.320   221896.330   221896.350
  2075:   221896.240   221896.130   222146.220   222146.230   222146.250
  2080:   222146.340   222298.120   222304.120   222416.130   222423.130
  2085:   222611.130   222745.120   223327.130   223606.130   223639.130
  2090:   223744.130   224120.130   224127.130   224290.130   224521.120
  2095:   224615.130   224790.130   225028.130   225035.130   225149.130
  2100:   225266.130   225346.840   225703.640   225703.320   225703.330
  2105:   225703.350   225703.240   225703.130   225708.130   225953.220
  2110:   225953.230   225953.250   225953.340   226080.120   226085.120
  2115:   226093.120   226184.130   226193.130   226268.130   226382.130
  2120:   226496.130   226569.130   226653.130   226766.130   226808.130
  2125:   227160.130   227234.130   227355.130   227398.130   227405.130
  2130:   227672.130   227704.130   227879.130   227885.130   227916.130
  2135:   228047.130   228057.130   228156.130   228264.130   228271.130
  2140:   228387.130   228395.130   228453.840   228525.640   228525.320
  2145:   228525.330   228525.350   228525.240   228525.130   228775.220
  2150:   228775.230   228775.250   228775.340   229020.120   229027.120
  2155:   229149.130   229557.130   229575.840   229589.640   229589.320
  2160:   229589.330   229589.350   229589.240   229589.130   229595.130
  2165:   229839.220   229839.230   229839.250   229839.340   229939.840
  2170:   230027.640   230027.320   230027.330   230027.350   230027.240
  2175:   230027.130   230033.130   230277.220   230277.230   230277.250
  2180:   230277.340   230503.120   230513.120   230617.130   230622.130
  2185:   230629.130   230670.130   230905.130   230945.130   231135.120
  2190:   231240.130   231247.130   231517.130   231789.130   231954.130
  2195:   231977.840   232569.120   232695.640   232695.320   232695.330
  2200:   232695.350   232695.240   232695.130   232945.220   232945.230
  2205:   232945.250   232945.340   233145.840   233285.640   233285.320
  2210:   233285.330   233285.350   233285.240   233285.130   233535.220
  2215:   233535.230   233535.250   233535.340   233735.840   233817.120
  2220:   233963.640   233963.320   233963.330   233963.350   233963.240
  2225:   233963.130   234213.220   234213.230   234213.250   234213.340
  2230:   234368.120   234373.120   234382.120   234498.130   234534.130
  2235:   234666.130   234803.130   234830.130   234992.130   235023.130
  2240:   235030.130   235573.130   235602.130   235651.130   235771.130
  2245:   235993.130   236002.130   236190.130   236342.130   236349.130
  2250:   236713.840   236728.640   236728.320   236728.330   236728.350
  2255:   236728.240   236728.130   236735.130   236745.130   236978.220
  2260:   236978.230   236978.250   236978.340   237172.120   237177.120
  2265:   237287.130   237294.130   237358.130   237478.130   237610.130
  2270:   237677.130   237778.840   237831.640   237831.320   237831.330
  2275:   237831.350   237831.240   237831.130   237837.130   238081.220
  2280:   238081.230   238081.250   238081.340   238244.120   238276.120
  2285:   238281.120   238378.130   238383.130   238391.130   238431.130
  2290:   238597.130   238767.130   238968.130   238981.840   239120.640
  2295:   239120.320   239120.330   239120.350   239120.240   239120.130
  2300:   239370.220   239370.230   239370.250   239370.340   239533.120
  2305:   239538.120   239545.120   239648.130   239704.130   239770.840
  2310:   239780.640   239780.320   239780.330   239780.350   239780.240
  2315:   239780.130   239786.130   239792.130   239798.130   240030.220
  2320:   240030.230   240030.250   240030.340   240258.120   240263.120
  2325:   240271.120   240463.130   240491.130   240628.130   240822.130
  2330:   241062.130   241070.130   241231.130   241280.130   241287.130
  2335:   241378.120   241592.130   241599.130   241630.130   241636.130
  2340:   241892.130   242028.130   242098.130   242104.130   242211.130
  2345:   242245.130   242253.130   242287.130   242396.130   242516.130
  2350:   242522.130   242529.130   242630.840   242766.640   242766.320
  2355:   242766.330   242766.350   242766.240   242766.130   243016.220
  2360:   243016.230   243016.250   243016.340   243253.120   243259.120
  2365:   243385.130   243392.130   243574.130   243607.130   243784.130
  2370:   243791.130   243910.130   244112.130   244291.130   244298.130
  2375:   244898.130   244904.130   245099.130   245258.130   245516.840
  2380:   245864.640   245864.320   245864.330   245864.350   245864.240
  2385:   245864.130   246114.220   246114.230   246114.250   246114.340
  2390:   246281.120   246287.120   246555.130   247138.130   247243.130
  2395:   247381.130   247414.840   247588.640   247588.320   247588.330
  2400:   247588.350   247588.240   247588.130   247838.220   247838.230
  2405:   247838.250   247838.340   247991.120   247996.120   248003.120
  2410:   248116.130   248124.130   248190.130   248439.130   248473.130
  2415:   248622.130   248657.130   248732.130   248740.130   249138.840
  2420:   249285.640   249285.320   249285.330   249285.350   249285.240
  2425:   249285.130   249535.220   249535.230   249535.250   249535.340
  2430:   249635.840   249705.120   249850.640   249850.320   249850.330
  2435:   249850.350   249850.240   249850.130   250100.220   250100.230
  2440:   250100.250   250100.340   250223.120   250319.130   250352.130
  2445:   250703.130   250877.130   250908.130   251038.130   251045.130
  2450:   251237.130   251374.130   251382.130   251508.130   251717.130
  2455:   252010.740   252478.130   252596.130   253069.540   253069.320
  2460:   253069.330   253069.350   253069.240   253069.120   253082.120
  2465:   253100.840   253319.220   253319.230   253319.250   253319.340
  2470:   253475.120   253554.120   253665.640   253665.320   253665.330
  2475:   253665.350   253665.240   253665.130   253671.130   253680.130
  2480:   253915.220   253915.230   253915.250   253915.340   254060.120
  2485:   254067.120   254159.130   254219.740   254372.540   254372.320
  2490:   254372.330   254372.350   254372.240   254372.120   254622.220
  2495:   254622.230   254622.250   254622.340   254767.120   254773.120
  2500:   254871.130   255087.130   255116.130   255409.130   255515.840
  2505:   255702.640   255702.320   255702.330   255702.350   255702.240
  2510:   255702.130   255952.220   255952.230   255952.250   255952.340
  2515:   256125.120   256131.120   256243.130   256249.130   256284.130
  2520:   256289.130   256485.130   256552.840   256609.120   256714.640
  2525:   256714.320   256714.330   256714.350   256714.240   256714.130
  2530:   256964.220   256964.230   256964.250   256964.340   257294.130
  2535:   257493.130   257499.130   257507.130   257875.130   257906.130
  2540:   257913.130   258046.130   258154.120   258387.130   258417.130
  2545:   258424.130   258589.130   258764.840   258880.640   258880.320
  2550:   258880.330   258880.350   258880.240   258880.130   259130.220
  2555:   259130.230   259130.250   259130.340   259230.840   259258.120
  2560:   259264.120   259613.640   259613.320   259613.330   259613.350
  2565:   259613.240   259613.130   259863.220   259863.230   259863.250
  2570:   259863.340   260033.120   260038.120   260132.130   260250.130
  2575:   260258.130   260299.130   260398.120   260475.130   260617.130
  2580:   260625.130   260720.120   260792.130   260911.130   261029.130
  2585:   261146.120   261338.130   261641.130   261781.130   261813.130
  2590:   261993.130   262090.130   262203.130   262299.120   262388.130
  2595:   262499.130   262673.130   262854.130   262861.130   262939.130
  2600:   262986.130   263199.130   263263.840   263372.640   263372.320
  2605:   263372.330   263372.350   263372.240   263372.130   263378.130
  2610:   263622.220   263622.230   263622.250   263622.340   263889.130
  2615:   263896.130   263983.120   263989.120   264100.130   264376.130
  2620:   264459.130   264465.130   265019.130   265107.130   265244.130
  2625:   265273.130   265280.130   265409.130   265520.130   265548.130
  2630:   265555.130   265689.130   265898.130   266010.130   266129.130
  2635:   266225.130   266257.130   266414.130   266422.130   266530.130
  2640:   266880.130   266992.130   267022.130   267196.130   267202.130
  2645:   267310.130   267648.130   267843.130   267922.840   268428.640
  2650:   268428.320   268428.330   268428.350   268428.240   268428.130
  2655:   268678.220   268678.230   268678.250   268678.340   268778.840
  2660:   268833.120   268938.640   268938.320   268938.330   268938.350
  2665:   268938.240   268938.130   269188.220   269188.230   269188.250
  2670:   269188.340   269457.120   269462.120   269577.130   269584.130
  2675:   269772.130   269897.130   270037.120   270148.130   270397.130
  2680:   270636.120   270755.130   270762.130   270972.130   271170.130
  2685:   271254.120   271260.120   271329.130   271560.130   271598.130
  2690:   271776.130   271788.840   272255.120   272262.120   272828.640
  2695:   272828.320   272828.330   272828.350   272828.240   272828.130
  2700:   272835.130   273078.220   273078.230   273078.250   273078.340
  2705:   273262.120   273269.120   273356.130   273364.130   273440.130
  2710:   273575.130   273762.130   274057.130   274063.130   274170.130
  2715:   274396.130   274492.130   274520.130   274616.130   274625.130
  2720:   274709.130   275017.130   275395.130   275532.120   275538.120
  2725:   275655.130   275768.130   275860.130   275891.130   276037.130
  2730:   276042.130   276216.130   276223.130   276380.130   276523.130
  2735:   276678.840   276836.640   276836.320   276836.330   276836.350
  2740:   276836.240   276836.130   277086.220   277086.230   277086.250
  2745:   277086.340   277186.840   277212.120   277216.120   277503.640
  2750:   277503.320   277503.330   277503.350   277503.240   277503.130
  2755:   277753.220   277753.230   277753.250   277753.340   277917.120
  2760:   277922.120   277930.120   278028.130   278065.130   278071.130
  2765:   278422.740   278460.130   278770.130   278943.130   279019.130
  2770:   279027.130   279350.130   279357.130   279438.130   279463.130
  2775:   279599.130   279937.130   280322.130   280558.130   280653.840
  2780:   280739.640   280739.320   280739.330   280739.350   280739.240
  2785:   280739.130   280746.130   280989.220   280989.230   280989.250
  2790:   280989.340   281089.840   281153.540   281153.320   281153.330
  2795:   281153.350   281153.240   281153.120   281403.220   281403.230
  2800:   281403.250   281403.340   281534.120   281683.120   281793.640
  2805:   281793.320   281793.330   281793.350   281793.240   281793.130
  2810:   281800.130   281807.130   282043.220   282043.230   282043.250
  2815:   282043.340   282201.120   282206.120   282214.120   282297.130
  2820:   282557.130   282562.130   282612.130   283137.130   283251.130
  2825:   283270.130   283394.130   283539.130   284343.130   284353.130
  2830:   284603.740   284693.540   284693.320   284693.330   284693.350
  2835:   284693.240   284693.120   284707.120   284943.220   284943.230
  2840:   284943.250   284943.340   285112.130   285213.120   285367.120
  2845:   285843.130   285926.120   286300.130   286307.130   286449.130
  2850:   286636.130   286642.130   286643.840   286790.640   286790.320
  2855:   286790.330   286790.350   286790.240   286790.130   287040.220
  2860:   287040.230   287040.250   287040.340   287210.120   287247.120
  2865:   287436.130   287538.130   287546.130   287575.130   287582.130
  2870:   287684.130   287802.130   287891.120   287896.120   287904.120
  2875:   287989.130   288180.130   288352.130   288360.130   288561.130
  2880:   288654.130   288682.130   288688.130   288770.120   288776.120
  2885:   288882.130   289215.130   289635.130   289940.840   290018.640
  2890:   290018.320   290018.330   290018.350   290018.240   290018.130
  2895:   290268.220   290268.230   290268.250   290268.340   290475.120
  2900:   290481.120   290586.130   290655.130   290660.130   290700.130
  2905:   290706.130   290782.130   290817.130   290823.130   290863.130
  2910:   291038.130   291069.130   291076.130   291320.130   291474.130
  2915:   291480.130   291488.130   291836.130   291843.130   291874.130
  2920:   291961.130   292052.120   292302.130   292394.130   292489.130
  2925:   292499.130   292531.130   292612.130   292713.130   292837.130
  2930:   293087.130   293096.130   293208.130   293215.130   293352.130
  2935:   293421.130   293502.130   293625.130   293632.130   293709.130
  2940:   293871.120   293968.130   294291.130   294298.130   294517.130
  2945:   294559.130   294721.130   294767.130   294877.130   295196.130
  2950:   295353.130   295463.130   295606.130   295733.130   295740.130
  2955:   295934.130   296039.120   296347.130   296463.130   296898.130
  2960:   296968.840   297042.640   297042.320   297042.330   297042.350
  2965:   297042.240   297042.130   297052.130   297059.130   297292.220
  2970:   297292.230   297292.250   297292.340   297467.120   297473.120
  2975:   297835.130   297843.130   297971.130   298012.130   298192.840
  2980:   298267.640   298267.320   298267.330   298267.350   298267.240
  2985:   298267.130   298517.220   298517.230   298517.250   298517.340
  2990:   298669.120   298675.120   298681.120   298788.130   299161.130
  2995:   299250.130   299277.130   299284.130   299577.130   299584.130
  3000:   299752.130   299905.130   299911.130   299944.130   300117.840
  3005:   300268.640   300268.320   300268.330   300268.350   300268.240
  3010:   300268.130   300280.130   300287.130   300518.220   300518.230
  3015:   300518.250   300518.340   300663.120   300668.120   300875.130
  3020:   300882.130   300980.130   300986.130   301027.130   301033.130
  3025:   301199.130   301207.130   301252.130   301413.130   301418.130
  3030:   301601.130   301608.130   301909.130   302012.130   302019.130
  3035:   302048.130   302056.130   302534.130   302645.130   302651.130
  3040:   302718.840   302746.640   302746.320   302746.330   302746.350
  3045:   302746.240   302746.130   302996.220   302996.230   302996.250
  3050:   302996.340   303141.120   303147.120   303240.130   303451.130
  3055:   303536.130   303647.130   303832.130   303837.130   303935.120
  3060:   304041.130   304216.130   304442.130   304556.130   304707.130
  3065:   304820.130   304979.130   305054.120   305538.130   305735.130
  3070:   305746.130   305896.840   305943.740   306088.640   306088.320
  3075:   306088.330   306088.350   306088.240   306088.130   306338.220
  3080:   306338.230   306338.250   306338.340   306634.540   306634.320
  3085:   306634.330   306634.350   306634.240   306634.120   306640.120
  3090:   306646.120   306884.220   306884.230   306884.250   306884.340
  3095:   307008.120   307013.120   307123.130   307129.130   307247.130
  3100:   307279.130   307284.130   307338.840   307423.640   307423.320
  3105:   307423.330   307423.350   307423.240   307423.130   307429.130
  3110:   307439.130   307673.220   307673.230   307673.250   307673.340
  3115:   307840.120   307984.740   308123.130   308130.130   308166.130
  3120:   308172.130   308263.130   308362.130   308391.130   308398.130
  3125:   308521.130   308707.130   308737.130   308744.130   308925.130
  3130:   309211.130   309253.130   309259.130   309350.540   309350.320
  3135:   309350.330   309350.350   309350.240   309350.120   309600.220
  3140:   309600.230   309600.250   309600.340   309993.130   310082.120
  3145:   310089.120   310223.130   310231.130   310455.130   310461.130
  3150:   310560.120   310566.120   310676.130   310864.120   310871.120
  3155:   311169.130   311287.120   311395.130   311402.130   311565.130
  3160:   311698.130   311924.130   311938.130   312029.130   312060.130
  3165:   312158.120   312256.130   312573.840   313023.640   313023.320
  3170:   313023.330   313023.350   313023.240   313023.130   313273.220
  3175:   313273.230   313273.250   313273.340   313386.120   313392.120
  3180:   313512.130   313518.130   313609.130   313614.130   313796.130
  3185:   313933.130   314168.130   314173.840   314265.120   314358.640
  3190:   314358.320   314358.330   314358.350   314358.240   314358.130
  3195:   314608.220   314608.230   314608.250   314608.340   314768.120
  3200:   314773.120   314781.120   314884.130   314891.130   314929.130
  3205:   314935.130   315024.130   315059.130   315066.130   315233.130
  3210:   315239.130   315282.130   315289.130   315440.120   315530.130
  3215:   315560.130   315708.840   315772.640   315772.320   315772.330
  3220:   315772.350   315772.240   315772.130   315779.130   316022.220
  3225:   316022.230   316022.250   316022.340   316141.120   316147.120
  3230:   316249.130   316378.130   316414.130   316675.130   316682.130
  3235:   316837.120   316843.120   316949.130   316954.130   317113.130
  3240:   317120.130   317295.130   317457.130   317608.120   317615.120
  3245:   317706.130   317737.130   317743.130   317827.120   317834.120
  3250:   317906.130   318133.130   318161.130   318169.130   318343.130
  3255:   318348.130   318486.130   319200.740   319808.540   319808.320
  3260:   319808.330   319808.350   319808.240   319808.120   320058.220
  3265:   320058.230   320058.250   320058.340   320210.120   320216.120
  3270:   320354.130   320492.130   320725.130   320731.130   320817.130
  3275:   320935.130   321022.840   321090.640   321090.320   321090.330
  3280:   321090.350   321090.240   321090.130   321097.130   321104.130
  3285:   321340.220   321340.230   321340.250   321340.340   321848.120
  3290:   321853.120   321861.120   321964.130   321972.130   322054.130
  3295:   322547.130   322631.120   322809.130   322816.130   322944.130
  3300:   323109.130   323116.130   323205.130   323768.130   323940.130
  3305:   324238.120   324442.130   324535.120   324609.130   324740.840
  3310:   324757.640   324757.320   324757.330   324757.350   324757.240
  3315:   324757.130   324760.130   325007.220   325007.230   325007.250
  3320:   325007.340   325223.120   325305.130   325348.130   325560.130
  3325:   325606.130   325607.840   325674.640   325674.320   325674.330
  3330:   325674.350   325674.240   325674.130   325682.130   325924.220
  3335:   325924.230   325924.250   325924.340   326137.130   326141.130
  3340:   326181.130   326308.130   326313.130   326747.130   326836.130
  3345:   326987.130   327073.130   327106.130   327224.840   327251.640
  3350:   327251.320   327251.330   327251.350   327251.240   327251.130
  3355:   327258.130   327358.740   327501.220   327501.230   327501.250
  3360:   327501.340   327660.540   327660.320   327660.330   327660.350
  3365:   327660.240   327660.120   327665.120   327672.120   327701.840
  3370:   327910.220   327910.230   327910.250   327910.340   328972.120
  3375:   328979.120   329217.640   329217.320   329217.330   329217.350
  3380:   329217.240   329217.130   329222.130   329467.220   329467.230
  3385:   329467.250   329467.340   329667.840   330166.640   330166.320
  3390:   330166.330   330166.350   330166.240   330166.130   330416.220
  3395:   330416.230   330416.250   330416.340   330566.120   330572.120
  3400:   330676.130   330725.130   330731.130   330844.130   330850.130
  3405:   330858.130   330932.130   331207.130   331214.130   331221.130
  3410:   331354.120   331461.130   331543.130   331643.130   331739.120
  3415:   331743.120   331854.130   332144.130   332290.130   332434.130
  3420:   332474.130   332481.130   333017.130   333161.120   333243.130
  3425:   333274.130   333282.130   333477.130   333484.130   333711.130
  3430:   333718.130   333845.130   333995.130   334091.120   334097.120
  3435:   334269.120   334380.130   334641.120   334839.130   334845.130
  3440:   334986.130   335295.130   335445.130   335529.130   335646.130
  3445:   335650.130   335659.130   335868.130   336013.130   336101.130
  3450:   336109.130   336686.120   336749.130   336843.130   337099.130
  3455:   337209.130   337373.130   337380.130   337543.120   338114.120
  3460:   338379.120   338480.130   338654.130   338738.130   338756.130
  3465:   338966.130   338972.130   339137.130   339334.120   339643.130
  3470:   339812.130   339908.120   339915.120   339990.130   340145.130
  3475:   340378.120   340451.130   340458.130   340554.130   340562.130
  3480:   340724.120   340989.130   341100.120   341210.130   341328.120
  3485:   341403.130   341485.130   341999.120   342158.130   342275.120
  3490:   342364.130   342462.130   342547.130   342554.130   342995.130
  3495:   343473.130   343760.130   343766.130   343939.130   344175.120
  3500:   344180.120   344453.120   344603.130   344610.130   344706.120
  3505:   344776.130   344888.120   345016.840   345208.640   345208.320
  3510:   345208.330   345208.350   345208.240   345208.130   345458.220
  3515:   345458.230   345458.250   345458.340   345613.120   345701.130
  3520:   345706.130   345712.130   345797.130   346085.120   346185.130
  3525:   346372.130   346460.130   346489.130   346496.130   346629.130
  3530:   347085.130   347287.130   347371.130   347377.130   347469.120
  3535:   347567.130   347623.130   347832.130   347958.840   348017.640
  3540:   348017.320   348017.330   348017.350   348017.240   348017.130
  3545:   348024.130   348267.220   348267.230   348267.250   348267.340
  3550:   348415.120   348421.120   348897.130   349044.120   349050.120
  3555:   349144.130   349733.130   349895.130   350301.130   350662.130
  3560:   351153.130   351158.130   351244.130   351251.130   351445.130
  3565:   351574.120   351646.130   351655.130   351862.130   352017.130
  3570:   352049.130   352360.130   352466.130   352579.130   352604.130
  3575:   352739.130   352973.130   352979.130   353095.130   353101.130
  3580:   353285.130   353487.130   353494.130   353721.130   353753.130
  3585:   353760.130   353863.130   354237.130   354367.130   354503.130
  3590:   354814.130   354894.120   355175.130   355489.120   355696.120
  3595:   355996.130   356043.130   356171.130   356211.130   356905.130
  3600:   357237.120   357381.130   357740.130   357943.130   358158.130
  3605:   358371.130   358498.130   358586.130   358709.130   358722.130
  3610:   358753.130   358918.130   359099.130   359240.130   359245.130
  3615:   359267.840   359444.640   359444.320   359444.330   359444.350
  3620:   359444.240   359444.130   359694.220   359694.230   359694.250
  3625:   359694.340   360000.320   360000.330   360000.350   360000.020
C:
     0:        0.000      444.000     1848.000       21.000      112.000
     5:        0.000
D:
     0:        0.000        0.000
L:
     0:       74.000       74.000       74.000
M:
     0:     1200.000     1201.000     1202.000     1203.000     1204.000
     5:     1205.000     1206.000     1207.000     1208.000     1209.000
    10:     1210.000     1211.000     1212.000     1213.000     1214.000
    15:     1215.000     1216.000     1217.000     1218.000     1219.000
    20:     1220.000     1221.000     1222.000     1223.000     1224.000
    25:     1225.000     1226.000     1227.000     1228.000     1229.000
    30:     1230.000     1231.000     1232.000     1233.000     1234.000
    35:     1235.000     1236.000     1237.000     1238.000     1239.000
    40:     1240.000     1241.000     1242.000     1243.000     1244.000
    45:     1245.000     1246.000     1247.000     1248.000     1249.000
    50:     1250.000     1251.000     1252.000     1253.000     1254.000
    55:     1255.000     1256.000     1257.000     1258.000     1259.000
    60:     1260.000     1261.000     1262.000     1263.000     1264.000
    65:     1265.000     1266.000     1267.000     1268.000     1269.000
    70:     1270.000     1271.000     1272.000     1273.000     1274.000
    75:     1275.000     1276.000     1277.000     1278.000     1279.000
    80:     1280.000     1281.000     1282.000     1283.000     1284.000
    85:     1285.000     1286.000     1287.000     1288.000     1289.000
    90:     1290.000     1291.000     1292.000     1293.000     1294.000
    95:     1295.000     1296.000     1297.000     1298.000     1299.000
   100:     1300.000     1301.000     1302.000     1303.000     1304.000
   105:     1305.000     1306.000     1307.000     1308.000     1309.000
   110:     1310.000     1311.000     1312.000     1313.000     1314.000
   115:     1315.000     1316.000     1317.000     1318.000     1319.000
   120:     1320.000     1321.000     1322.000     1323.000     1324.000
   125:     1325.000     1326.000     1327.000     1328.000     1329.000
   130:     1330.000     1331.000     1332.000     1333.000     1334.000
   135:     1335.000     1336.000     1337.000     1338.000     1339.000
   140:     1340.000     1341.000     1342.000     1343.000     1344.000
   145:     1345.000     1346.000     1347.000     1348.000     1349.000
   150:     1350.000     1351.000     1352.000     1353.000     1354.000
   155:     1355.000     1356.000     1357.000     1358.000     1359.000
   160:     1360.000     1361.000     1362.000     1363.000     1364.000
   165:     1365.000     1366.000     1367.000     1368.000     1369.000
   170:     1370.000     1371.000     1372.000     1373.000     1374.000
   175:     1375.000     1376.000     1377.000     1378.000     1379.000
   180:     1380.000     1381.000     1382.000     1383.000     1384.000
   185:     1385.000     1386.000     1387.000     1388.000     1389.000
   190:     1390.000     1391.000     1392.000     1393.000     1394.000
   195:     1395.000     1396.000     1397.000     1398.000     1399.000
   200:     1400.000     1401.000     1402.000     1403.000     1404.000
   205:     1405.000     1406.000     1407.000     1408.000     1409.000
   210:     1410.000     1411.000     1412.000     1413.000     1414.000
   215:     1415.000     1416.000     1417.000     1418.000     1419.000
   220:     1420.000     1421.000     1422.000     1423.000     1424.000
   225:     1425.000     1426.000     1427.000     1428.000     1429.000
   230:     1430.000     1431.000     1432.000     1433.000     1434.000
   235:     1435.000     1436.000     1437.000     1438.000     1439.000
   240:     1440.000     1441.000     1442.000     1443.000     1444.000
   245:     1445.000     1446.000     1447.000     1448.000     1449.000
   250:     1450.000     1451.000     1452.000     1453.000     1454.000
   255:     1455.000     1456.000     1457.000     1458.000     1459.000
   260:     1460.000     1461.000     1462.000     1463.000     1464.000
   265:     1465.000     1466.000     1467.000     1468.000     1469.000
   270:     1470.000     1471.000     1472.000     1473.000     1474.000
   275:     1475.000     1476.000     1477.000     1478.000     1479.000
   280:     1480.000     1481.000     1482.000     1483.000     1484.000
   285:     1485.000     1486.000     1487.000     1488.000     1489.000
   290:     1490.000     1491.000     1492.000     1493.000     1494.000
   295:     1495.000     1496.000     1497.000     1498.000     1499.000
   300:     1500.000     1501.000     1502.000     1503.000     1504.000
   305:     1505.000     1506.000     1507.000     1508.000     1509.000
   310:     1510.000     1511.000     1512.000     1513.000     1514.000
   315:     1515.000     1516.000     1517.000     1518.000     1519.000
   320:     1520.000     1521.000     1522.000     1523.000     1524.000
   325:     1525.000     1526.000     1527.000     1528.000     1529.000
   330:     1530.000     1531.000     1532.000     1533.000     1534.000
   335:     1535.000     1536.000     1537.000     1538.000     1539.000
   340:     1540.000     1541.000     1542.000     1543.000     1544.000
   345:     1545.000     1546.000     1547.000     1548.000     1549.000
   350:     1550.000     1551.000     1552.000     1553.000     1554.000
   355:     1555.000     1556.000     1557.000     1558.000     1559.000
   360:     1560.000     1561.000     1562.000     1563.000     1564.000
   365:     1565.000     1566.000     1567.000     1568.000     1569.000
   370:     1570.000     1571.000     1572.000     1573.000     1574.000
   375:     1575.000     1576.000     1577.000     1578.000     1579.000
   380:     1580.000     1581.000     1582.000     1583.000     1584.000
   385:     1585.000     1586.000     1587.000     1588.000     1589.000
   390:     1590.000     1591.000     1592.000     1593.000     1594.000
   395:     1595.000     1596.000     1597.000     1598.000     1599.000
   400:     1600.000     1601.000     1602.000     1603.000     1604.000
   405:     1605.000     1606.000     1607.000     1608.000     1609.000
   410:     1610.000     1611.000     1612.000     1613.000     1614.000
   415:     1615.000     1616.000     1617.000     1618.000     1619.000
   420:     1620.000     1621.000     1622.000     1623.000     1624.000
   425:     1625.000     1626.000     1627.000     1628.000     1629.000
   430:     1630.000     1631.000     1632.000     1633.000     1634.000
   435:     1635.000     1636.000     1637.000     1638.000     1639.000
   440:     1640.000     1641.000     1642.000     1643.000     1644.000
   445:     1645.000     1646.000     1647.000     1648.000     1649.000
   450:     1650.000     1651.000     1652.000     1653.000     1654.000
   455:     1655.000     1656.000     1657.000     1658.000     1659.000
   460:     1660.000     1661.000     1662.000     1663.000     1664.000
   465:     1665.000     1666.000     1667.000     1668.000     1669.000
   470:     1670.000     1671.000     1672.000     1673.000     1674.000
   475:     1675.000     1676.000     1677.000     1678.000     1679.000
   480:     1680.000     1681.000     1682.000     1683.000     1684.000
   485:     1685.000     1686.000     1687.000     1688.000     1689.000
   490:     1690.000     1691.000     1692.000     1693.000     1694.000
   495:     1695.000     1696.000     1697.000     1698.000     1699.000
   500:     1700.000     1701.000     1702.000     1703.000     1704.000
   505:     1705.000     1706.000     1707.000     1708.000     1709.000
   510:     1710.000     1711.000     1712.000     1713.000     1714.000
   515:     1715.000     1716.000     1717.000     1718.000     1719.000
   520:     1720.000     1721.000     1722.000     1723.000     1724.000
   525:     1725.000     1726.000     1727.000     1728.000     1729.000
   530:     1730.000     1731.000     1732.000     1733.000     1734.000
   535:     1735.000     1736.000     1737.000     1738.000     1739.000
   540:     1740.000     1741.000     1742.000     1743.000     1744.000
   545:     1745.000     1746.000     1747.000     1748.000     1749.000
   550:     1750.000     1751.000     1752.000     1753.000     1754.000
   555:     1755.000     1756.000     1757.000     1758.000     1759.000
   560:     1760.000     1761.000     1762.000     1763.000     1764.000
   565:     1765.000     1766.000     1767.000     1768.000     1769.000
   570:     1770.000     1771.000     1772.000     1773.000     1774.000
   575:     1775.000     1776.000     1777.000     1778.000     1779.000
   580:     1780.000     1781.000     1782.000     1783.000     1784.000
   585:     1785.000     1786.000     1787.000     1788.000     1789.000
   590:     1790.000     1791.000     1792.000     1793.000     1794.000
   595:     1795.000     1796.000     1797.000     1798.000     1799.000
   600:     1800.000     1801.000     1802.000     1803.000     1804.000
   605:     1805.000     1806.000     1807.000     1808.000     1809.000
   610:     1810.000     1811.000     1812.000     1813.000     1814.000
   615:     1815.000     1816.000     1817.000     1818.000     1819.000
   620:     1820.000     1821.000     1822.000     1823.000     1824.000
   625:     1825.000     1826.000     1827.000     1828.000     1829.000
   630:     1830.000     1831.000     1832.000     1833.000     1834.000
   635:     1835.000     1836.000     1837.000     1838.000     1839.000
   640:     1840.000     1841.000     1842.000     1843.000     1844.000
   645:     1845.000     1846.000     1847.000     1848.000     1849.000
   650:     1850.000     1851.000     1852.000     1853.000     1854.000
   655:     1855.000     1856.000     1857.000     1858.000     1859.000
   660:     1860.000     1861.000     1862.000     1863.000     1864.000
   665:     1865.000     1866.000     1867.000     1868.000     1869.000
   670:     1870.000     1871.000     1872.000     1873.000     1874.000
   675:     1875.000     1876.000     1877.000     1878.000     1879.000
   680:     1880.000     1881.000     1882.000     1883.000     1884.000
   685:     1885.000     1886.000     1887.000     1888.000     1889.000
   690:     1890.000     1891.000     1892.000     1893.000     1894.000
   695:     1895.000     1896.000     1897.000     1898.000     1899.000
   700:     1900.000     1901.000     1902.000     1903.000     1904.000
   705:     1905.000     1906.000     1907.000     1908.000     1909.000
   710:     1910.000     1911.000     1912.000     1913.000     1914.000
   715:     1915.000     1916.000     1917.000     1918.000     1919.000
   720:     1920.000     1921.000     1922.000     1923.000     1924.000
   725:     1925.000     1926.000     1927.000     1928.000     1929.000
   730:     1930.000     1931.000     1932.000     1933.000     1934.000
   735:     1935.000     1936.000     1937.000     1938.000     1939.000
   740:     1940.000     1941.000     1942.000     1943.000     1944.000
   745:     1945.000     1946.000     1947.000     1948.000     1949.000
   750:     1950.000     1951.000     1952.000     1953.000     1954.000
   755:     1955.000     1956.000     1957.000     1958.000     1959.000
   760:     1960.000     1961.000     1962.000     1963.000     1964.000
   765:     1965.000     1966.000     1967.000     1968.000     1969.000
   770:     1970.000     1971.000     1972.000     1973.000     1974.000
   775:     1975.000     1976.000     1977.000     1978.000     1979.000
   780:     1980.000     1981.000     1982.000     1983.000     1984.000
   785:     1985.000     1986.000     1987.000     1988.000     1989.000
   790:     1990.000     1991.000     1992.000     1993.000     1994.000
   795:     1995.000     1996.000     1997.000     1998.000     1999.000
   800:     2000.000     2001.000     2002.000     2003.000     2004.000
   805:     2005.000     2006.000     2007.000     2008.000     2009.000
   810:     2010.000     2011.000     2012.000     2013.000     2014.000
   815:     2015.000     2016.000     2017.000     2018.000     2019.000
   820:     2020.000     2021.000     2022.000     2023.000     2024.000
   825:     2025.000     2026.000     2027.000     2028.000     2029.000
   830:     2030.000     2031.000     2032.000     2033.000     2034.000
   835:     2035.000     2036.000     2037.000     2038.000     2039.000
   840:     2040.000     2041.000     2042.000     2043.000     2044.000
   845:     2045.000     2046.000     2047.000     2048.000     2049.000
   850:     2050.000     2051.000     2052.000     2053.000     2054.000
   855:     2055.000     2056.000     2057.000     2058.000     2059.000
   860:     2060.000     2061.000     2062.000     2063.000     2064.000
   865:     2065.000     2066.000     2067.000     2068.000     2069.000
   870:     2070.000     2071.000     2072.000     2073.000     2074.000
   875:     2075.000     2076.000     2077.000     2078.000     2079.000
   880:     2080.000     2081.000     2082.000     2083.000     2084.000
   885:     2085.000     2086.000     2087.000     2088.000     2089.000
   890:     2090.000     2091.000     2092.000     2093.000     2094.000
   895:     2095.000     2096.000     2097.000     2098.000     2099.000
   900:     2100.000     2101.000     2102.000     2103.000     2104.000
   905:     2105.000     2106.000     2107.000     2108.000     2109.000
   910:     2110.000     2111.000     2112.000     2113.000     2114.000
   915:     2115.000     2116.000     2117.000     2118.000     2119.000
   920:     2120.000     2121.000     2122.000     2123.000     2124.000
   925:     2125.000     2126.000     2127.000     2128.000     2129.000
   930:     2130.000     2131.000     2132.000     2133.000     2134.000
   935:     2135.000     2136.000     2137.000     2138.000     2139.000
   940:     2140.000     2141.000     2142.000     2143.000     2144.000
   945:     2145.000     2146.000     2147.000     2148.000     2149.000
   950:     2150.000     2151.000     2152.000     2153.000     2154.000
   955:     2155.000     2156.000     2157.000     2158.000     2159.000
   960:     2160.000     2161.000     2162.000     2163.000     2164.000
   965:     2165.000     2166.000     2167.000     2168.000     2169.000
   970:     2170.000     2171.000     2172.000     2173.000     2174.000
   975:     2175.000     2176.000     2177.000     2178.000     2179.000
   980:     2180.000     2181.000     2182.000     2183.000     2184.000
   985:     2185.000     2186.000     2187.000     2188.000     2189.000
   990:     2190.000     2191.000     2192.000     2193.000     2194.000
   995:     2195.000     2196.000     2197.000     2198.000     2199.000
  1000:     2200.000     2201.000     2202.000     2203.000     2204.000
  1005:     2205.000     2206.000     2207.000     2208.000     2209.000
  1010:     2210.000     2211.000     2212.000     2213.000     2214.000
  1015:     2215.000     2216.000     2217.000     2218.000     2219.000
  1020:     2220.000     2221.000     2222.000     2223.000     2224.000
  1025:     2225.000     2226.000     2227.000     2228.000     2229.000
  1030:     2230.000     2231.000     2232.000     2233.000     2234.000
  1035:     2235.000     2236.000     2237.000     2238.000     2239.000
  1040:     2240.000     2241.000     2242.000     2243.000     2244.000
  1045:     2245.000     2246.000     2247.000     2248.000     2249.000
  1050:     2250.000     2251.000     2252.000     2253.000     2254.000
  1055:     2255.000     2256.000     2257.000     2258.000     2259.000
  1060:     2260.000     2261.000     2262.000     2263.000     2264.000
  1065:     2265.000     2266.000     2267.000     2268.000     2269.000
  1070:     2270.000     2271.000     2272.000     2273.000     2274.000
  1075:     2275.000     2276.000     2277.000     2278.000     2279.000
  1080:     2280.000     2281.000     2282.000     2283.000     2284.000
  1085:     2285.000     2286.000     2287.000     2288.000     2289.000
  1090:     2290.000     2291.000     2292.000     2293.000     2294.000
  1095:     2295.000     2296.000     2297.000     2298.000     2299.000
  1100:     2300.000     2301.000     2302.000     2303.000     2304.000
  1105:     2305.000     2306.000     2307.000     2308.000     2309.000
  1110:     2310.000     2311.000     2312.000     2313.000     2314.000
  1115:     2315.000     2316.000     2317.000     2318.000     2319.000
  1120:     2320.000     2321.000     2322.000     2323.000     2324.000
  1125:     2325.000     2326.000     2327.000     2328.000     2329.000
  1130:     2330.000     2331.000     2332.000     2333.000     2334.000
  1135:     2335.000     2336.000     2337.000     2338.000     2339.000
  1140:     2340.000     2341.000     2342.000     2343.000     2344.000
  1145:     2345.000     2346.000     2347.000     2348.000     2349.000
  1150:     2350.000     2351.000     2352.000     2353.000     2354.000
  1155:     2355.000     2356.000     2357.000     2358.000     2359.000
  1160:     2360.000     2361.000     2362.000     2363.000     2364.000
  1165:     2365.000     2366.000     2367.000     2368.000     2369.000
  1170:     2370.000     2371.000     2372.000     2373.000     2374.000
  1175:     2375.000     2376.000     2377.000     2378.000     2379.000
  1180:     2380.000     2381.000     2382.000     2383.000     2384.000
  1185:     2385.000     2386.000     2387.000     2388.000     2389.000
  1190:     2390.000     2391.000     2392.000     2393.000     2394.000
  1195:     2395.000     2396.000     2397.000     2398.000     2399.000
  1200:     2400.000
N:
     0:     2700.000     2701.000     2702.000     2703.000     2704.000
     5:     2705.000     2706.000     2707.000     2708.000     2709.000
    10:     2710.000     2711.000     2712.000     2713.000     2714.000
    15:     2715.000     2716.000     2717.000     2718.000     2719.000
    20:     2720.000     2721.000     2722.000     2723.000     2724.000
    25:     2725.000     2726.000     2727.000     2728.000     2729.000
    30:     2730.000     2731.000     2732.000     2733.000     2734.000
    35:     2735.000     2736.000     2737.000     2738.000     2739.000
    40:     2740.000     2741.000     2742.000     2743.000     2744.000
    45:     2745.000     2746.000     2747.000     2748.000     2749.000
    50:     2750.000     2751.000     2752.000     2753.000     2754.000
    55:     2755.000     2756.000     2757.000     2758.000     2759.000
    60:     2760.000     2761.000     2762.000     2763.000     2764.000
    65:     2765.000     2766.000     2767.000     2768.000     2769.000
    70:     2770.000     2771.000     2772.000     2773.000     2774.000
    75:     2775.000     2776.000     2777.000     2778.000     2779.000
    80:     2780.000     2781.000     2782.000     2783.000     2784.000
    85:     2785.000     2786.000     2787.000     2788.000     2789.000
    90:     2790.000     2791.000     2792.000     2793.000     2794.000
    95:     2795.000     2796.000     2797.000     2798.000     2799.000
   100:     2800.000     2801.000     2802.000     2803.000     2804.000
   105:     2805.000     2806.000     2807.000     2808.000     2809.000
   110:     2810.000     2811.000     2812.000     2813.000     2814.000
   115:     2815.000     2816.000     2817.000     2818.000     2819.000
   120:     2820.000     2821.000     2822.000     2823.000     2824.000
   125:     2825.000     2826.000     2827.000     2828.000     2829.000
   130:     2830.000     2831.000     2832.000     2833.000     2834.000
   135:     2835.000     2836.000     2837.000     2838.000     2839.000
   140:     2840.000     2841.000     2842.000     2843.000     2844.000
   145:     2845.000     2846.000     2847.000     2848.000     2849.000
   150:     2850.000     2851.000     2852.000     2853.000     2854.000
   155:     2855.000     2856.000     2857.000     2858.000     2859.000
   160:     2860.000     2861.000     2862.000     2863.000     2864.000
   165:     2865.000     2866.000     2867.000     2868.000     2869.000
   170:     2870.000     2871.000     2872.000     2873.000     2874.000
   175:     2875.000     2876.000     2877.000     2878.000     2879.000
   180:     2880.000     2881.000     2882.000     2883.000     2884.000
   185:     2885.000     2886.000     2887.000     2888.000     2889.000
   190:     2890.000     2891.000     2892.000     2893.000     2894.000
   195:     2895.000     2896.000     2897.000     2898.000     2899.000
   200:     2900.000     2901.000     2902.000     2903.000     2904.000
   205:     2905.000     2906.000     2907.000     2908.000     2909.000
   210:     2910.000     2911.000     2912.000     2913.000     2914.000
   215:     2915.000     2916.000     2917.000     2918.000     2919.000
   220:     2920.000     2921.000     2922.000     2923.000     2924.000
   225:     2925.000     2926.000     2927.000     2928.000     2929.000
   230:     2930.000     2931.000     2932.000     2933.000     2934.000
   235:     2935.000     2936.000     2937.000     2938.000     2939.000
   240:     2940.000     2941.000     2942.000     2943.000     2944.000
   245:     2945.000     2946.000     2947.000     2948.000     2949.000
   250:     2950.000     2951.000     2952.000     2953.000     2954.000
   255:     2955.000     2956.000     2957.000     2958.000     2959.000
   260:     2960.000     2961.000     2962.000     2963.000     2964.000
   265:     2965.000     2966.000     2967.000     2968.000     2969.000
   270:     2970.000     2971.000     2972.000     2973.000     2974.000
   275:     2975.000     2976.000     2977.000     2978.000     2979.000
   280:     2980.000     2981.000     2982.000     2983.000     2984.000
   285:     2985.000     2986.000     2987.000     2988.000     2989.000
   290:     2990.000     2991.000     2992.000     2993.000     2994.000
   295:     2995.000     2996.000     2997.000     2998.000     2999.000
   300:     3000.000
R:
     0:      370.000      370.000      370.000
V:
     0:     1883.000     2891.000
W:
     0:     1883.000     2891.000
