File: C:\MED-PC IV\DATA\p530_s92_japede


Start Date: 09/29/17
End Date: 09/29/17
Subject: p530
Experiment: 0
Group: 0
Box: 8
Start Time: 16:37:40
End Time: 17:37:57
MSN: japede_L_90_90_90_R_30_30_30
B:       0.000
E:    3232.000
F:       0.000
G:       0.000
H:       0.000
I:       1.000
J:       1.000
K:       0.000
O:       0.000
P:       0.000
Q:       0.000
S:  360000.000
T:  360000.000
U:       0.000
X:       0.000
Y:       0.000
Z:       0.000
A:
     0:        0.010        0.250        0.220        0.230      303.130
     5:      431.130     1008.130     1016.130     1511.130     1518.130
    10:     1560.130     1568.130     1778.130     2011.120     2018.120
    15:     2187.120     2280.120     2391.120     3237.120     3361.130
    20:     3789.120     3799.840     4157.640     4157.320     4157.330
    25:     4157.350     4157.240     4157.130     4407.220     4407.230
    30:     4407.250     4407.340     4996.130     5346.120     5460.130
    35:     5663.130     5670.130     5890.120     6013.130     6108.120
    40:     6462.120     6501.120     6633.130     6640.130     6867.130
    45:     6899.740     7207.840     7215.540     7215.320     7215.330
    50:     7215.350     7215.240     7215.120     7465.220     7465.230
    55:     7465.250     7465.340     7822.640     7822.320     7822.330
    60:     7822.350     7822.240     7822.130     7826.130     8072.220
    65:     8072.230     8072.250     8072.340     8656.120     8834.130
    70:     8928.120     9051.130     9145.120     9372.840     9654.640
    75:     9654.320     9654.330     9654.350     9654.240     9654.130
    80:     9904.220     9904.230     9904.250     9904.340     9965.740
    85:    10105.130    10315.130    10414.540    10414.320    10414.330
    90:    10414.350    10414.240    10414.120    10664.220    10664.230
    95:    10664.250    10664.340    10855.130    10862.130    10901.130
   100:    10982.120    10990.120    11119.130    11126.130    11218.120
   105:    11337.130    11343.130    11404.840    11476.120    11678.120
   110:    11684.120    11794.640    11794.320    11794.330    11794.350
   115:    11794.240    11794.130    12044.220    12044.230    12044.250
   120:    12044.340    12342.130    12555.130    12665.120    12775.130
   125:    12864.740    13451.540    13451.320    13451.330    13451.350
   130:    13451.240    13451.120    13464.120    13701.220    13701.230
   135:    13701.250    13701.340    13857.130    13901.740    14014.130
   140:    14050.130    14170.130    14177.130    14366.130    14565.130
   145:    14652.540    14652.320    14652.330    14652.350    14652.240
   150:    14652.120    14902.220    14902.230    14902.250    14902.340
   155:    15339.120    15453.130    15549.120    15555.120    15662.130
   160:    15802.740    15861.130    15962.540    15962.320    15962.330
   165:    15962.350    15962.240    15962.120    16212.220    16212.230
   170:    16212.250    16212.340    16471.130    16514.130    16594.120
   175:    16602.120    16739.130    16746.130    16825.120    16940.130
   180:    16947.130    17035.120    17174.130    17182.130    17266.120
   185:    17443.120    17648.120    17655.120    17768.130    18021.120
   190:    18494.130    18502.130    18544.840    18574.120    18845.640
   195:    18845.320    18845.330    18845.350    18845.240    18845.130
   200:    18851.130    19095.220    19095.230    19095.250    19095.340
   205:    19403.130    19525.120    19531.120    19637.130    19728.120
   210:    20031.130    20210.130    20217.130    20297.120    20392.130
   215:    20560.130    20569.130    20950.130    20955.130    21157.130
   220:    21347.130    21438.120    21624.120    21721.130    21995.840
   225:    22137.120    22335.640    22335.320    22335.330    22335.350
   230:    22335.240    22335.130    22354.130    22585.220    22585.230
   235:    22585.250    22585.340    22789.130    22838.130    22927.120
   240:    22933.120    23043.130    23078.130    23149.120    23153.120
   245:    23256.130    23385.840    24473.640    24473.320    24473.330
   250:    24473.350    24473.240    24473.130    24612.740    24723.220
   255:    24723.230    24723.250    24723.340    24973.130    25264.130
   260:    25273.130    25457.130    25546.540    25546.320    25546.330
   265:    25546.350    25546.240    25546.120    25561.120    25569.120
   270:    25796.220    25796.230    25796.250    25796.340    26072.130
   275:    26184.130    26278.120    26384.130    26716.130    27080.130
   280:    27276.130    27449.130    27456.130    27611.130    27789.130
   285:    27823.840    28331.640    28331.320    28331.330    28331.350
   290:    28331.240    28331.130    28581.220    28581.230    28581.250
   295:    28581.340    29296.740    29935.540    29935.320    29935.330
   300:    29935.350    29935.240    29935.120    29949.120    30185.220
   305:    30185.230    30185.250    30185.340    30370.130    30376.130
   310:    30663.120    30768.130    30842.120    31011.120    31125.130
   315:    31359.120    31811.130    31817.130    32500.130    33199.130
   320:    33353.130    33581.840    33668.640    33668.320    33668.330
   325:    33668.350    33668.240    33668.130    33918.220    33918.230
   330:    33918.250    33918.340    34118.130    34126.130    34203.120
   335:    34298.130    34488.130    34811.130    34918.840    35052.120
   340:    35295.640    35295.320    35295.330    35295.350    35295.240
   345:    35295.130    35545.220    35545.230    35545.250    35545.340
   350:    35870.120    35876.120    36450.130    36900.130    37064.130
   355:    37070.130    37145.840    37166.120    37929.640    37929.320
   360:    37929.330    37929.350    37929.240    37929.130    38179.220
   365:    38179.230    38179.250    38179.340    38770.130    38855.120
   370:    39139.130    39298.130    39325.130    39389.120    39608.130
   375:    39616.130    39885.740    40119.130    40126.130    40298.130
   380:    40859.130    41579.840    42212.540    42212.320    42212.330
   385:    42212.350    42212.240    42212.120    42227.120    42462.220
   390:    42462.230    42462.250    42462.340    42664.640    42664.320
   395:    42664.330    42664.350    42664.240    42664.130    42914.220
   400:    42914.230    42914.250    42914.340    43095.130    43101.130
   405:    43112.130    43189.120    43214.840    43407.120    43849.640
   410:    43849.320    43849.330    43849.350    43849.240    43849.130
   415:    44099.220    44099.230    44099.250    44099.340    44410.130
   420:    44414.130    44490.120    44698.130    44947.120    44999.840
   425:    45035.640    45035.320    45035.330    45035.350    45035.240
   430:    45035.130    45285.220    45285.230    45285.250    45285.340
   435:    45539.130    45643.120    45737.130    45806.120    45810.120
   440:    45903.130    45987.120    46769.130    46793.130    46872.120
   445:    46966.130    47047.120    47990.130    48414.120    48516.130
   450:    49018.130    49100.120    49805.130    50038.130    50085.840
   455:    50117.120    50322.120    51073.640    51073.320    51073.330
   460:    51073.350    51073.240    51073.130    51091.130    51323.220
   465:    51323.230    51323.250    51323.340    51517.130    51553.130
   470:    51709.130    51789.120    51872.130    52064.130    52178.130
   475:    52183.130    52191.130    52285.130    52539.130    52650.120
   480:    52655.120    52759.130    52942.130    53223.840    53759.640
   485:    53759.320    53759.330    53759.350    53759.240    53759.130
   490:    54009.220    54009.230    54009.250    54009.340    54202.120
   495:    54208.120    54462.130    54468.130    54561.120    54709.840
   500:    54762.740    54781.540    54781.320    54781.330    54781.350
   505:    54781.240    54781.120    55031.220    55031.230    55031.250
   510:    55031.340    55199.120    55205.120    55323.640    55323.320
   515:    55323.330    55323.350    55323.240    55323.130    55573.220
   520:    55573.230    55573.250    55573.340    55829.120    55931.740
   525:    56200.130    56484.540    56484.320    56484.330    56484.350
   530:    56484.240    56484.120    56734.220    56734.230    56734.250
   535:    56734.340    56955.130    56966.130    57060.120    57302.120
   540:    57309.120    57420.130    57434.740    57473.840    57628.640
   545:    57628.320    57628.330    57628.350    57628.240    57628.130
   550:    57878.220    57878.230    57878.250    57878.340    58023.130
   555:    58106.540    58106.320    58106.330    58106.350    58106.240
   560:    58106.120    58120.120    58130.120    58356.220    58356.230
   565:    58356.250    58356.340    58499.130    58534.130    58542.130
   570:    58624.120    59078.840    59246.640    59246.320    59246.330
   575:    59246.350    59246.240    59246.130    59496.220    59496.230
   580:    59496.250    59496.340    59835.120    59896.840    60291.640
   585:    60291.320    60291.330    60291.350    60291.240    60291.130
   590:    60298.130    60541.220    60541.230    60541.250    60541.340
   595:    60920.130    61113.130    61122.130    61361.120    61465.130
   600:    61616.130    61707.120    62094.120    62194.130    62894.130
   605:    62995.120    63330.120    63549.120    63639.130    63846.130
   610:    64127.130    64304.130    64434.120    64994.120    65341.840
   615:    65998.640    65998.320    65998.330    65998.350    65998.240
   620:    65998.130    66248.220    66248.230    66248.250    66248.340
   625:    66438.120    66620.120    66912.130    67218.130    67374.130
   630:    67761.130    67792.130    67981.130    68172.130    68248.840
   635:    68441.120    68911.120    69541.640    69541.320    69541.330
   640:    69541.350    69541.240    69541.130    69548.130    69656.740
   645:    69791.220    69791.230    69791.250    69791.340    70026.540
   650:    70026.320    70026.330    70026.350    70026.240    70026.120
   655:    70032.120    70040.120    70276.220    70276.230    70276.250
   660:    70276.340    70547.130    70555.130    70633.120    70878.120
   665:    70960.130    71135.130    71679.130    71904.130    72599.120
   670:    72896.130    73455.130    73740.120    73746.120    73983.120
   675:    74264.130    74528.120    74558.120    74576.740    74677.130
   680:    75582.540    75582.320    75582.330    75582.350    75582.240
   685:    75582.120    75589.120    75832.220    75832.230    75832.250
   690:    75832.340    76040.130    76228.130    76307.120    76491.840
   695:    76692.640    76692.320    76692.330    76692.350    76692.240
   700:    76692.130    76942.220    76942.230    76942.250    76942.340
   705:    77216.130    77558.130    77754.130    78042.840    78282.640
   710:    78282.320    78282.330    78282.350    78282.240    78282.130
   715:    78532.220    78532.230    78532.250    78532.340    78744.120
   720:    78750.120    78914.120    78999.130    79194.130    80197.130
   725:    80218.130    80232.840    80337.120    80446.640    80446.320
   730:    80446.330    80446.350    80446.240    80446.130    80696.220
   735:    80696.230    80696.250    80696.340    80887.130    80923.130
   740:    81016.120    81205.120    81336.130    81503.130    81712.130
   745:    81888.130    82075.130    82259.130    82350.120    82358.120
   750:    82596.840    82645.640    82645.320    82645.330    82645.350
   755:    82645.240    82645.130    82650.130    82895.220    82895.230
   760:    82895.250    82895.340    83259.130    83289.130    83368.120
   765:    83475.130    83569.120    83867.130    84444.120    84566.130
   770:    84866.130    85631.130    85969.130    86157.130    86747.130
   775:    87018.120    87202.120    87496.130    87738.130    88345.130
   780:    88437.120    88543.130    88890.130    89032.740    89162.540
   785:    89162.320    89162.330    89162.350    89162.240    89162.120
   790:    89412.220    89412.230    89412.250    89412.340    89547.130
   795:    89555.130    89647.120    89795.840    89815.640    89815.320
   800:    89815.330    89815.350    89815.240    89815.130    90065.220
   805:    90065.230    90065.250    90065.340    90217.130    90308.120
   810:    90314.120    90412.130    90617.130    90694.120    90883.120
   815:    90966.130    91000.130    91468.120    91650.120    92677.130
   820:    93137.120    93312.740    93418.130    93578.130    94857.130
   825:    94965.840    95052.640    95052.320    95052.330    95052.350
   830:    95052.240    95052.130    95302.220    95302.230    95302.250
   835:    95302.340    95563.130    95854.540    95854.320    95854.330
   840:    95854.350    95854.240    95854.120    96104.220    96104.230
   845:    96104.250    96104.340    96423.120    96829.130    97027.130
   850:    97212.130    97462.130    97717.120    98285.130    98293.130
   855:    98558.120    98683.130    98802.840    98884.640    98884.320
   860:    98884.330    98884.350    98884.240    98884.130    98897.130
   865:    99134.220    99134.230    99134.250    99134.340    99579.130
   870:    99669.120    99777.130    99785.130   100048.120   100456.120
   875:   100734.840   101635.640   101635.320   101635.330   101635.350
   880:   101635.240   101635.130   101804.740   101885.220   101885.230
   885:   101885.250   101885.340   102030.540   102030.320   102030.330
   890:   102030.350   102030.240   102030.120   102044.120   102280.220
   895:   102280.230   102280.250   102280.340   102535.120   102674.130
   900:   102681.130   102759.120   103674.130   103681.130   103891.130
   905:   104151.120   104239.130   104322.120   104410.130   104675.120
   910:   104871.130   105203.130   105630.130   105710.120   105716.120
   915:   106106.120   107150.130   107315.130   107358.130   107436.120
   920:   107700.130   107792.120   108077.120   108175.130   108259.120
   925:   108464.130   108555.120   109143.130   109415.120   109776.120
   930:   110423.130   110561.130   110567.130   110718.130   110726.130
   935:   110994.130   111192.130   111269.120   111285.840   111387.640
   940:   111387.320   111387.330   111387.350   111387.240   111387.130
   945:   111637.220   111637.230   111637.250   111637.340   111864.130
   950:   111869.130   112314.120   112570.130   112695.120   112816.130
   955:   113172.130   113369.130   113454.120   113797.130   113805.130
   960:   113981.130   114029.130   114379.130   115237.120   115821.130
   965:   115828.130   116128.130   116477.120   116579.130   116588.130
   970:   116637.840   116986.120   116990.120   117291.640   117291.320
   975:   117291.330   117291.350   117291.240   117291.130   117541.220
   980:   117541.230   117541.250   117541.340   117744.120   117774.120
   985:   117841.840   118187.640   118187.320   118187.330   118187.350
   990:   118187.240   118187.130   118195.130   118437.220   118437.230
   995:   118437.250   118437.340   118537.840   118782.120   118816.120
  1000:   119280.740   119337.640   119337.320   119337.330   119337.350
  1005:   119337.240   119337.130   119587.220   119587.230   119587.250
  1010:   119587.340   119730.540   119730.320   119730.330   119730.350
  1015:   119730.240   119730.120   119745.120   119980.220   119980.230
  1020:   119980.250   119980.340   120188.120   120220.120   120226.120
  1025:   120414.120   120587.840   120762.120   120864.640   120864.320
  1030:   120864.330   120864.350   120864.240   120864.130   121114.220
  1035:   121114.230   121114.250   121114.340   121349.120   121465.130
  1040:   121639.130   121644.130   121725.120   121994.130   122240.120
  1045:   122609.120   122714.840   122740.640   122740.320   122740.330
  1050:   122740.350   122740.240   122740.130   122990.220   122990.230
  1055:   122990.250   122990.340   123191.130   123271.120   123359.130
  1060:   123443.120   123544.130   123590.840   123810.120   124186.120
  1065:   124364.120   124810.640   124810.320   124810.330   124810.350
  1070:   124810.240   124810.130   125060.220   125060.230   125060.250
  1075:   125060.340   125225.120   125424.120   125431.120   125528.130
  1080:   125795.120   125980.740   126030.130   126145.130   126949.540
  1085:   126949.320   126949.330   126949.350   126949.240   126949.120
  1090:   126967.120   127199.220   127199.230   127199.250   127199.340
  1095:   127372.130   127484.120   127752.120   127886.130   127964.120
  1100:   128067.130   128074.130   128360.840   128943.640   128943.320
  1105:   128943.330   128943.350   128943.240   128943.130   129193.220
  1110:   129193.230   129193.250   129193.340   129424.130   129462.130
  1115:   129642.130   129677.130   129697.130   129766.120   130163.120
  1120:   130241.130   130250.130   130506.120   130698.120   130903.120
  1125:   130993.840   131167.640   131167.320   131167.330   131167.350
  1130:   131167.240   131167.130   131417.220   131417.230   131417.250
  1135:   131417.340   131682.130   131690.130   131846.130   132219.120
  1140:   132325.130   132630.120   133099.740   133108.130   133146.130
  1145:   133417.130   133505.540   133505.320   133505.330   133505.350
  1150:   133505.240   133505.120   133523.120   133755.220   133755.230
  1155:   133755.250   133755.340   133910.120   134017.130   134048.130
  1160:   134126.120   134287.120   134533.130   135371.130   135457.120
  1165:   135645.120   135948.120   136064.130   136420.130   136562.130
  1170:   136593.130   136693.120   136717.840   136785.640   136785.320
  1175:   136785.330   136785.350   136785.240   136785.130   137035.220
  1180:   137035.230   137035.250   137035.340   137235.840   137301.640
  1185:   137301.320   137301.330   137301.350   137301.240   137301.130
  1190:   137308.130   137316.130   137551.220   137551.230   137551.250
  1195:   137551.340   137707.130   137712.130   137793.120   137893.130
  1200:   137986.120   138174.120   138269.130   138533.120   138622.130
  1205:   138941.120   138951.840   139029.640   139029.320   139029.330
  1210:   139029.350   139029.240   139029.130   139279.220   139279.230
  1215:   139279.250   139279.340   139420.130   139426.130   139507.120
  1220:   139607.130   139807.120   139814.120   139913.130   140283.130
  1225:   140290.130   140670.130   140823.130   140931.120   141102.120
  1230:   141353.130   141380.130   141386.130   142187.130   142530.130
  1235:   142605.120   142755.740   142786.540   142786.320   142786.330
  1240:   142786.350   142786.240   142786.120   142802.120   143036.220
  1245:   143036.230   143036.250   143036.340   143383.120   143388.120
  1250:   143508.130   143701.130   143802.120   143946.130   144118.130
  1255:   144412.120   144665.130   145629.120   145637.120   145769.130
  1260:   146073.120   146192.130   146279.840   146279.120   146453.120
  1265:   146534.640   146534.320   146534.330   146534.350   146534.240
  1270:   146534.130   146784.220   146784.230   146784.250   146784.340
  1275:   147029.130   147036.130   147114.120   147279.120   147384.130
  1280:   147439.130   147620.130   148223.120   148322.130   148716.130
  1285:   148792.120   148799.120   148884.130   149571.130   149815.120
  1290:   149916.130   150287.130   150871.120   150994.130   151067.120
  1295:   151371.120   151573.130   152194.120   152318.130   152514.130
  1300:   152769.130   152901.130   152984.840   153124.640   153124.320
  1305:   153124.330   153124.350   153124.240   153124.130   153374.220
  1310:   153374.230   153374.250   153374.340   153549.120   154063.120
  1315:   154384.120   154856.130   155052.130   155260.130   155418.130
  1320:   155496.120   155665.120   155953.130   156024.120   156032.120
  1325:   156109.130   156191.120   156198.120   156292.130   156466.130
  1330:   156633.130   156802.130   156811.130   156926.120   157436.740
  1335:   157491.130   157770.540   157770.320   157770.330   157770.350
  1340:   157770.240   157770.120   157785.120   158020.220   158020.230
  1345:   158020.250   158020.340   158182.120   158274.840   158315.640
  1350:   158315.320   158315.330   158315.350   158315.240   158315.130
  1355:   158565.220   158565.230   158565.250   158565.340   158740.120
  1360:   158867.130   158898.130   158977.120   158990.120   159087.130
  1365:   159094.130   159265.130   159595.130   159702.120   160027.130
  1370:   160037.130   160113.120   160233.130   160583.130   160771.130
  1375:   160783.130   160867.120   161051.120   161177.130   161256.120
  1380:   161341.130   161372.130   162447.130   162609.130   162684.120
  1385:   162884.120   163602.120   163609.120   163965.840   164043.640
  1390:   164043.320   164043.330   164043.350   164043.240   164043.130
  1395:   164293.220   164293.230   164293.250   164293.340   164520.120
  1400:   164804.130   164891.120   165186.120   165309.130   165317.130
  1405:   165757.120   165868.130   165920.740   166177.540   166177.320
  1410:   166177.330   166177.350   166177.240   166177.120   166194.120
  1415:   166427.220   166427.230   166427.250   166427.340   166615.130
  1420:   166860.120   167043.130   167048.130   167057.130   167765.130
  1425:   168093.840   168468.120   168579.640   168579.320   168579.330
  1430:   168579.350   168579.240   168579.130   168829.220   168829.230
  1435:   168829.250   168829.340   168997.130   169090.120   169329.840
  1440:   169527.740   169579.640   169579.320   169579.330   169579.350
  1445:   169579.240   169579.130   169829.220   169829.230   169829.250
  1450:   169829.340   170034.540   170034.320   170034.330   170034.350
  1455:   170034.240   170034.120   170048.120   170284.220   170284.230
  1460:   170284.250   170284.340   170477.130   170519.130   170526.130
  1465:   170602.120   170812.120   170914.130   170999.120   171438.130
  1470:   171607.130   171706.120   172052.120   172290.130   172325.130
  1475:   172447.130   172610.130   173251.130   173324.120   173441.130
  1480:   173522.120   173641.130   174240.120   174596.120   174717.130
  1485:   174794.120   174884.130   175516.120   175748.120   175832.130
  1490:   176089.120   176193.130   176268.120   176391.130   176792.120
  1495:   176877.130   177195.120   177202.120   177322.130   177422.120
  1500:   177851.120   177949.130   177955.130   178243.120   178465.130
  1505:   178708.130   178862.130   178874.130   179025.130   179422.130
  1510:   179565.130   180460.130   180495.130   180593.120   181129.840
  1515:   181248.640   181248.320   181248.330   181248.350   181248.240
  1520:   181248.130   181264.130   181498.220   181498.230   181498.250
  1525:   181498.340   181742.120   181900.120   182031.130   182041.130
  1530:   182920.130   183072.130   183798.840   183947.640   183947.320
  1535:   183947.330   183947.350   183947.240   183947.130   184197.220
  1540:   184197.230   184197.250   184197.340   184692.120   185071.120
  1545:   185386.130   185589.130   185594.130   185787.130   185867.120
  1550:   185873.120   185991.130   186219.130   186253.130   186259.130
  1555:   186475.120   186738.130   186997.840   187247.640   187247.320
  1560:   187247.330   187247.350   187247.240   187247.130   187497.220
  1565:   187497.230   187497.250   187497.340   187717.120   187891.120
  1570:   188376.130   188484.740   188789.130   188835.130   188912.540
  1575:   188912.320   188912.330   188912.350   188912.240   188912.120
  1580:   189162.220   189162.230   189162.250   189162.340   189370.120
  1585:   189396.120   189404.120   189850.120   189956.130   190027.120
  1590:   190199.120   190369.130   190555.130   190657.120   190779.130
  1595:   190862.120   190959.130   190982.130   191152.130   191170.130
  1600:   191688.120   192044.120   192142.130   192253.120   192260.120
  1605:   192437.120   192667.130   192947.120   193029.130   193157.120
  1610:   193403.130   193651.130   194009.120   194086.120   194178.130
  1615:   194312.120   194425.130   194566.120   194766.120   194886.130
  1620:   194959.120   195166.120   195325.130   195408.120   195728.120
  1625:   195913.130   195946.130   195952.130   195997.840   196130.640
  1630:   196130.320   196130.330   196130.350   196130.240   196130.130
  1635:   196380.220   196380.230   196380.250   196380.340   196626.120
  1640:   196758.130   196993.120   197093.130   197640.130   197833.120
  1645:   198470.120   198745.130   198853.120   198940.130   199036.120
  1650:   199294.130   199335.130   199341.130   199428.120   199728.130
  1655:   199737.130   200472.120   200478.120   200569.130   200617.130
  1660:   200625.130   201042.130   201121.120   201307.120   201404.130
  1665:   201487.120   201880.840   202217.640   202217.320   202217.330
  1670:   202217.350   202217.240   202217.130   202467.220   202467.230
  1675:   202467.250   202467.340   202628.120   202738.130   202915.130
  1680:   203136.130   203291.130   203334.130   203522.130   203714.130
  1685:   203743.130   203820.120   204163.120   204171.120   204266.130
  1690:   204275.130   204283.130   204478.120   204559.130   204715.120
  1695:   205071.120   205162.130   205344.130   205383.130   205612.130
  1700:   205695.120   205701.120   206187.120   206478.130   206484.130
  1705:   206569.120   206691.130   206880.130   206915.130   207093.130
  1710:   207289.130   207549.120   207629.130   208162.740   208276.130
  1715:   208282.130   208642.130   208679.130   208755.540   208755.320
  1720:   208755.330   208755.350   208755.240   208755.120   208867.840
  1725:   209005.220   209005.230   209005.250   209005.340   209377.640
  1730:   209377.320   209377.330   209377.350   209377.240   209377.130
  1735:   209627.220   209627.230   209627.250   209627.340   209800.130
  1740:   209895.120   210046.130   210308.120   210488.120   210786.130
  1745:   211255.130   211261.130   211481.120   211573.130   211610.130
  1750:   211881.130   211887.130   211920.130   212001.120   212113.130
  1755:   212216.120   212305.740   212340.130   212347.130   212422.540
  1760:   212422.320   212422.330   212422.350   212422.240   212422.120
  1765:   212672.220   212672.230   212672.250   212672.340   212834.120
  1770:   212840.120   212872.120   212878.120   212996.130   213230.120
  1775:   213393.130   213825.130   213832.130   213980.130   214271.120
  1780:   214408.130   214502.120   214527.840   214621.640   214621.320
  1785:   214621.330   214621.350   214621.240   214621.130   214871.220
  1790:   214871.230   214871.250   214871.340   215188.120   215388.120
  1795:   215506.130   216170.130   216722.130   216726.130   216771.840
  1800:   216850.640   216850.320   216850.330   216850.350   216850.240
  1805:   216850.130   217100.220   217100.230   217100.250   217100.340
  1810:   217252.130   217285.130   217865.120   217996.130   218356.120
  1815:   218546.120   218646.130   218676.130   218762.120   218923.130
  1820:   219133.130   219212.120   219296.130   219397.120   219495.130
  1825:   219521.130   219682.130   219778.120   219862.130   219961.120
  1830:   219969.120   220137.120   220200.840   220231.640   220231.320
  1835:   220231.330   220231.350   220231.240   220231.130   220236.130
  1840:   220481.220   220481.230   220481.250   220481.340   220676.120
  1845:   220681.120   220769.130   220808.130   220877.120   220881.840
  1850:   221207.640   221207.320   221207.330   221207.350   221207.240
  1855:   221207.130   221457.220   221457.230   221457.250   221457.340
  1860:   221722.130   221745.130   221840.120   221941.130   222217.130
  1865:   222307.120   222313.120   222609.130   222688.120   222783.130
  1870:   222939.130   223032.120   223130.130   223202.120   223313.130
  1875:   223486.130   223536.130   223685.130   223789.130   223793.130
  1880:   223802.130   224039.120   224295.130   224307.130   224391.120
  1885:   224483.130   224815.130   225016.130   225104.120   225354.130
  1890:   225382.130   225463.120   225470.120   225555.130   225877.130
  1895:   226092.130   226123.130   226279.130   226295.130   226301.130
  1900:   226381.120   226459.130   226657.120   227103.130   227854.120
  1905:   227952.130   227958.130   228302.130   228804.130   229014.130
  1910:   229161.130   229320.120   229557.130   229747.130   229824.120
  1915:   229996.120   230287.130   230429.130   230529.120   230609.130
  1920:   230789.120   230869.130   231163.120   231377.120   231457.130
  1925:   231553.120   231915.120   231922.120   232022.130   232181.130
  1930:   232358.130   232365.130   232447.120   232771.120   232875.130
  1935:   232970.130   233061.120   233069.120   233282.120   233403.130
  1940:   234096.130   234104.130   234291.130   234385.120   234459.130
  1945:   234466.130   234552.120   234641.130   234665.130   234816.130
  1950:   234852.130   234862.130   234961.120   235086.130   235184.120
  1955:   235664.130   235757.840   235822.120   235830.120   236269.120
  1960:   236366.640   236366.320   236366.330   236366.350   236366.240
  1965:   236366.130   236372.130   236616.220   236616.230   236616.250
  1970:   236616.340   236888.130   236895.130   237157.120   237295.130
  1975:   237387.120   237585.120   237897.130   237916.840   238373.640
  1980:   238373.320   238373.330   238373.350   238373.240   238373.130
  1985:   238381.130   238623.220   238623.230   238623.250   238623.340
  1990:   238812.130   238839.130   238904.120   239003.130   239084.120
  1995:   239123.840   239265.640   239265.320   239265.330   239265.350
  2000:   239265.240   239265.130   239515.220   239515.230   239515.250
  2005:   239515.340   239678.130   239683.130   239766.120   239880.130
  2010:   239887.130   239962.120   240072.130   240102.130   240252.130
  2015:   240288.130   240362.120   240567.120   240643.130   241017.120
  2020:   241114.130   241294.130   241510.130   241552.130   241558.130
  2025:   241719.130   241754.130   241821.120   241936.130   242129.130
  2030:   242159.130   242306.130   242311.130   242392.120   242702.120
  2035:   242790.130   242872.740   242974.130   243015.840   243020.640
  2040:   243020.320   243020.330   243020.350   243020.240   243020.130
  2045:   243026.130   243270.220   243270.230   243270.250   243270.340
  2050:   243581.130   243669.540   243669.320   243669.330   243669.350
  2055:   243669.240   243669.120   243919.220   243919.230   243919.250
  2060:   243919.340   244045.130   244071.130   244077.130   244086.130
  2065:   244270.840   244487.640   244487.320   244487.330   244487.350
  2070:   244487.240   244487.130   244737.220   244737.230   244737.250
  2075:   244737.340   244896.130   244980.120   245099.130   245107.130
  2080:   245189.120   245370.120   245437.840   245817.640   245817.320
  2085:   245817.330   245817.350   245817.240   245817.130   245826.130
  2090:   246067.220   246067.230   246067.250   246067.340   246249.120
  2095:   246358.130   246545.130   246722.130   246750.130   246928.130
  2100:   247016.120   247125.130   247130.130   247252.130   247344.120
  2105:   247464.130   247540.120   247648.130   247737.120   247839.130
  2110:   247984.130   248275.130   248650.120   248737.130   248823.130
  2115:   248830.130   248979.130   249362.130   249463.120   249567.840
  2120:   249835.640   249835.320   249835.330   249835.350   249835.240
  2125:   249835.130   250085.220   250085.230   250085.250   250085.340
  2130:   250253.120   250380.130   250463.120   250470.120   250485.840
  2135:   250550.640   250550.320   250550.330   250550.350   250550.240
  2140:   250550.130   250800.220   250800.230   250800.250   250800.340
  2145:   250942.120   250948.120   251074.130   251100.840   251158.120
  2150:   251242.640   251242.320   251242.330   251242.350   251242.240
  2155:   251242.130   251492.220   251492.230   251492.250   251492.340
  2160:   251642.120   251679.120   251792.840   251878.120   251983.640
  2165:   251983.320   251983.330   251983.350   251983.240   251983.130
  2170:   252233.220   252233.230   252233.250   252233.340   252406.120
  2175:   252411.120   252433.840   252521.640   252521.320   252521.330
  2180:   252521.350   252521.240   252521.130   252527.130   252771.220
  2185:   252771.230   252771.250   252771.340   252912.120   253035.130
  2190:   253042.130   253136.120   253229.130   253309.120   253415.130
  2195:   253450.130   253645.130   253733.120   253740.120   253771.840
  2200:   253828.640   253828.320   253828.330   253828.350   253828.240
  2205:   253828.130   254078.220   254078.230   254078.250   254078.340
  2210:   254425.120   254607.130   254925.130   254933.130   255083.130
  2215:   255484.130   255599.120   255794.120   255875.130   256089.130
  2220:   256405.120   256519.130   256625.120   256878.840   256919.640
  2225:   256919.320   256919.330   256919.350   256919.240   256919.130
  2230:   257169.220   257169.230   257169.250   257169.340   257410.130
  2235:   257597.130   257629.130   257636.130   257705.120   257799.130
  2240:   257961.130   257966.130   258182.130   258332.130   258358.130
  2245:   258637.120   258738.130   259149.130   259267.130   259274.130
  2250:   259319.740   259371.130   259402.130   259472.540   259472.320
  2255:   259472.330   259472.350   259472.240   259472.120   259722.220
  2260:   259722.230   259722.250   259722.340   259846.130   260082.120
  2265:   260089.120   260200.130   260502.120   260727.130   260936.130
  2270:   261210.120   261693.130   262068.130   262236.130   262241.130
  2275:   262806.130   262962.130   263840.120   263934.130   263940.130
  2280:   263969.840   264064.640   264064.320   264064.330   264064.350
  2285:   264064.240   264064.130   264069.130   264314.220   264314.230
  2290:   264314.250   264314.340   264543.120   264880.120   265001.130
  2295:   265078.120   265192.130   265354.130   265391.130   265580.130
  2300:   265587.130   265622.130   265682.130   265821.130   265874.130
  2305:   265897.130   265922.740   266170.540   266170.320   266170.330
  2310:   266170.350   266170.240   266170.120   266186.120   266420.220
  2315:   266420.230   266420.250   266420.340   266838.130   267054.130
  2320:   267149.130   267252.120   267350.130   267359.130   267569.130
  2325:   267710.130   267873.130   267954.120   268043.130   268196.130
  2330:   268227.130   268311.120   268317.120   268396.130   268586.130
  2335:   268865.130   269006.130   269014.130   269164.130   269255.120
  2340:   269335.130   269731.130   270014.840   270075.640   270075.320
  2345:   270075.330   270075.350   270075.240   270075.130   270325.220
  2350:   270325.230   270325.250   270325.340   270511.120   270651.130
  2355:   270687.130   270946.120   271076.130   271143.120   271243.130
  2360:   271544.120   271628.130   271662.130   271785.130   271880.120
  2365:   272025.840   272058.640   272058.320   272058.330   272058.350
  2370:   272058.240   272058.130   272308.220   272308.230   272308.250
  2375:   272308.340   272635.130   272642.130   272823.130   272831.130
  2380:   272999.130   273054.130   273108.840   273133.120   273223.640
  2385:   273223.320   273223.330   273223.350   273223.240   273223.130
  2390:   273473.220   273473.230   273473.250   273473.340   273688.130
  2395:   273767.120   273882.130   273965.120   274063.130   274461.130
  2400:   274470.130   274485.130   274660.130   274869.130   275062.130
  2405:   275224.130   275381.130   275390.130   275414.130   275861.130
  2410:   276047.130   276504.120   276597.130   276607.130   276689.120
  2415:   276913.130   276996.120   277092.130   277126.130   277200.120
  2420:   277915.130   278173.120   278257.130   278489.120   278571.130
  2425:   278607.130   278873.840   278874.640   278874.320   278874.330
  2430:   278874.350   278874.240   278874.130   279124.220   279124.230
  2435:   279124.250   279124.340   279475.120   279557.130   279624.840
  2440:   279731.640   279731.320   279731.330   279731.350   279731.240
  2445:   279731.130   279981.220   279981.230   279981.250   279981.340
  2450:   280120.740   280133.540   280133.320   280133.330   280133.350
  2455:   280133.240   280133.120   280383.220   280383.230   280383.250
  2460:   280383.340   280563.130   280571.130   280818.120   280825.120
  2465:   280915.130   281324.130   281477.130   281626.130   281799.130
  2470:   281893.130   281912.130   281983.740   282092.130   282221.130
  2475:   282256.130   282398.130   282493.540   282493.320   282493.330
  2480:   282493.350   282493.240   282493.120   282581.840   282743.220
  2485:   282743.230   282743.250   282743.340   282937.640   282937.320
  2490:   282937.330   282937.350   282937.240   282937.130   282946.130
  2495:   283187.220   283187.230   283187.250   283187.340   283452.130
  2500:   283485.130   283625.130   283722.120   283818.130   283904.120
  2505:   283910.120   284186.130   284194.130   284333.130   284501.130
  2510:   284596.120   284719.130   284727.130   284754.130   285013.120
  2515:   285093.130   285460.130   285887.840   285967.120   285974.120
  2520:   286089.640   286089.320   286089.330   286089.350   286089.240
  2525:   286089.130   286339.220   286339.230   286339.250   286339.340
  2530:   286504.120   286622.130   286743.740   286931.130   287026.540
  2535:   287026.320   287026.330   287026.350   287026.240   287026.120
  2540:   287043.120   287276.220   287276.230   287276.250   287276.340
  2545:   287492.120   287611.130   287686.120   287790.130   287875.120
  2550:   287961.130   288038.120   288133.130   288161.130   288235.120
  2555:   288517.130   288834.130   289048.130   289207.130   289331.120
  2560:   289422.130   289577.130   289596.130   289735.130   289742.130
  2565:   289839.130   290121.120   290239.130   290316.120   290322.120
  2570:   290589.130   290731.130   291115.130   291258.130   291386.120
  2575:   291479.130   291485.130   291497.130   291772.130   292129.120
  2580:   292579.130   292588.130   292861.120   292948.130   292977.130
  2585:   293251.120   293352.130   293623.120   293705.130   293871.130
  2590:   294213.130   294219.130   294501.120   294591.130   294618.130
  2595:   294694.120   294858.120   294867.120   295160.130   295365.130
  2600:   295526.120   295534.120   295640.130   295787.130   296063.120
  2605:   296454.120   296459.120   296636.120   296839.840   296842.120
  2610:   297273.640   297273.320   297273.330   297273.350   297273.240
  2615:   297273.130   297282.130   297523.220   297523.230   297523.250
  2620:   297523.340   297897.130   297981.120   297988.120   298073.130
  2625:   298158.120   298248.130   298818.120   299005.120   299172.130
  2630:   299328.130   299421.130   299588.130   299636.130   299851.120
  2635:   299990.130   299997.130   300088.120   300174.130   300305.130
  2640:   300331.130   300406.120   300547.130   300639.120   300850.120
  2645:   301121.130   301209.120   301369.130   301550.130   301635.120
  2650:   301815.130   301944.120   302047.130   302144.120   302244.130
  2655:   302423.840   302433.640   302433.320   302433.330   302433.350
  2660:   302433.240   302433.130   302683.220   302683.230   302683.250
  2665:   302683.340   302872.120   302964.130   302969.130   303045.120
  2670:   303130.130   303633.120   303723.130   304176.740   304383.840
  2675:   304511.640   304511.320   304511.330   304511.350   304511.240
  2680:   304511.130   304761.220   304761.230   304761.250   304761.340
  2685:   305051.130   305142.540   305142.320   305142.330   305142.350
  2690:   305142.240   305142.120   305392.220   305392.230   305392.250
  2695:   305392.340   305534.130   305757.130   305832.120   306012.120
  2700:   306018.120   306134.130   306219.120   306364.130   306658.130
  2705:   306757.120   307023.130   307465.120   307574.130   307712.120
  2710:   307883.120   308135.120   308327.120   309167.130   309259.120
  2715:   309568.120   309575.120   309669.130   309679.130   309757.120
  2720:   310004.120   310202.120   310952.130   311111.130   311192.120
  2725:   311819.120   312107.130   312350.120   312608.130   312613.130
  2730:   312722.120   312811.120   313009.130   313111.120   313203.130
  2735:   313210.130   313306.120   313430.130   313614.130   313821.130
  2740:   313839.130   314043.130   314333.120   314506.120   314513.120
  2745:   314760.130   315211.120   315218.120   315333.130   315526.130
  2750:   315754.120   315836.130   315916.120   316001.130   316121.120
  2755:   316294.120   316381.130   316612.130   316619.130   316656.130
  2760:   316897.130   316933.130   317142.130   317147.130   317239.130
  2765:   317346.120   317361.840   317537.640   317537.320   317537.330
  2770:   317537.350   317537.240   317537.130   317542.130   317548.130
  2775:   317787.220   317787.230   317787.250   317787.340   318205.120
  2780:   318236.120   318403.120   318629.130   318705.120   318823.130
  2785:   318902.120   319133.130   319222.120   319311.130   319439.130
  2790:   319571.130   319659.120   319751.130   319859.120   319867.120
  2795:   319966.130   320191.130   320319.130   320325.130   320382.130
  2800:   320601.130   320711.130   321057.130   321187.840   321292.120
  2805:   321388.640   321388.320   321388.330   321388.350   321388.240
  2810:   321388.130   321638.220   321638.230   321638.250   321638.340
  2815:   321783.120   321789.120   321895.130   321982.120   322262.130
  2820:   322269.130   322346.130   322358.130   322426.130   323018.130
  2825:   323196.130   323238.840   323623.640   323623.320   323623.330
  2830:   323623.350   323623.240   323623.130   323873.220   323873.230
  2835:   323873.250   323873.340   324043.130   324073.840   324194.640
  2840:   324194.320   324194.330   324194.350   324194.240   324194.130
  2845:   324444.220   324444.230   324444.250   324444.340   324591.120
  2850:   324597.120   324644.840   324735.640   324735.320   324735.330
  2855:   324735.350   324735.240   324735.130   324985.220   324985.230
  2860:   324985.250   324985.340   325385.840   325468.640   325468.320
  2865:   325468.330   325468.350   325468.240   325468.130   325492.740
  2870:   325718.220   325718.230   325718.250   325718.340   325906.130
  2875:   325933.130   326012.540   326012.320   326012.330   326012.350
  2880:   326012.240   326012.120   326262.220   326262.230   326262.250
  2885:   326262.340   326586.120   326731.130   326736.130   326743.130
  2890:   326948.130   327028.120   327162.740   327266.130   327380.540
  2895:   327380.320   327380.330   327380.350   327380.240   327380.120
  2900:   327399.120   327630.220   327630.230   327630.250   327630.340
  2905:   327867.120   328060.120   328142.130   328225.120   328306.130
  2910:   328326.130   328431.130   328467.130   328601.120   328618.840
  2915:   328846.640   328846.320   328846.330   328846.350   328846.240
  2920:   328846.130   329096.220   329096.230   329096.250   329096.340
  2925:   329565.130   329646.120   329737.130   329924.130   330024.120
  2930:   330274.130   330454.130   330638.120   330985.130   331004.130
  2935:   331091.120   331185.130   331348.120   331430.130   331700.120
  2940:   331888.130   331895.130   332513.130   332692.130   332786.130
  2945:   332875.120   332958.130   332985.130   332991.130   333177.130
  2950:   333195.130   333275.120   333382.130   333511.130   333618.130
  2955:   333743.130   333912.130   334135.130   334169.130   334444.130
  2960:   334952.130   334996.840   335030.740   335155.640   335155.320
  2965:   335155.330   335155.350   335155.240   335155.130   335405.220
  2970:   335405.230   335405.250   335405.340   335575.130   335657.540
  2975:   335657.320   335657.330   335657.350   335657.240   335657.120
  2980:   335673.120   335907.220   335907.230   335907.250   335907.340
  2985:   336177.130   336277.120   336391.130   336432.130   336526.120
  2990:   336815.130   336828.130   337045.130   337060.130   337105.840
  2995:   337324.120   337436.640   337436.320   337436.330   337436.350
  3000:   337436.240   337436.130   337686.220   337686.230   337686.250
  3005:   337686.340   337841.130   337845.130   337855.130   338246.130
  3010:   338560.120   338646.130   338674.130   338680.130   338767.120
  3015:   338848.130   338884.130   339037.130   339312.130   339467.130
  3020:   339656.130   339662.130   339991.130   340215.130   340328.120
  3025:   340423.130   340428.130   340566.130   340904.120   341001.130
  3030:   341120.130   341417.120   341499.130   341514.130   341734.120
  3035:   341819.130   342114.130   342238.120   342330.130   342358.130
  3040:   342517.130   343285.120   343404.130   343411.130   343520.130
  3045:   343616.130   343621.130   343736.120   343786.840   343814.640
  3050:   343814.320   343814.330   343814.350   343814.240   343814.130
  3055:   344064.220   344064.230   344064.250   344064.340   344197.120
  3060:   344204.120   344284.130   344289.130   344359.120   344463.130
  3065:   344796.120   344903.130   345012.130   345083.120   345164.840
  3070:   345170.640   345170.320   345170.330   345170.350   345170.240
  3075:   345170.130   345420.220   345420.230   345420.250   345420.340
  3080:   345609.120   345614.120   345913.120   345999.130   346167.130
  3085:   346320.130   346407.740   346472.130   346557.540   346557.320
  3090:   346557.330   346557.350   346557.240   346557.120   346807.220
  3095:   346807.230   346807.250   346807.340   346992.130   347020.130
  3100:   347023.130   347100.120   347120.840   347210.640   347210.320
  3105:   347210.330   347210.350   347210.240   347210.130   347460.220
  3110:   347460.230   347460.250   347460.340   347660.840   347707.740
  3115:   347718.640   347718.320   347718.330   347718.350   347718.240
  3120:   347718.130   347968.220   347968.230   347968.250   347968.340
  3125:   348393.130   348510.540   348510.320   348510.330   348510.350
  3130:   348510.240   348510.120   348760.220   348760.230   348760.250
  3135:   348760.340   348924.130   348931.130   349419.120   349423.120
  3140:   349841.130   349968.840   350111.640   350111.320   350111.330
  3145:   350111.350   350111.240   350111.130   350361.220   350361.230
  3150:   350361.250   350361.340   350942.130   351008.120   351182.120
  3155:   351271.130   351388.130   351462.120   351550.130   351706.130
  3160:   351971.120   352061.130   352161.840   352285.640   352285.320
  3165:   352285.330   352285.350   352285.240   352285.130   352535.220
  3170:   352535.230   352535.250   352535.340   352814.120   352820.120
  3175:   353335.840   353373.640   353373.320   353373.330   353373.350
  3180:   353373.240   353373.130   353623.220   353623.230   353623.250
  3185:   353623.340   354066.130   354363.130   354394.130   354459.120
  3190:   354523.840   354556.640   354556.320   354556.330   354556.350
  3195:   354556.240   354556.130   354806.220   354806.230   354806.250
  3200:   354806.340   355025.120   355031.120   355037.120   355165.130
  3205:   355173.130   355345.130   355527.130   355817.130   355884.120
  3210:   356172.130   356179.130   356200.130   356251.130   356280.130
  3215:   356565.120   356716.130   357141.120   357875.130   358353.120
  3220:   358454.130   358628.120   358889.130   359159.120   359164.120
  3225:   359743.130   359902.130   360000.320   360000.330   360000.350
  3230:   360000.020
C:
     0:        0.000      687.000     1166.000       38.000       99.000
     5:        0.000
D:
     0:        0.000        0.000
L:
     0:      111.000      111.000      111.000
M:
     0:      900.000      901.000      902.000      903.000      904.000
     5:      905.000      906.000      907.000      908.000      909.000
    10:      910.000      911.000      912.000      913.000      914.000
    15:      915.000      916.000      917.000      918.000      919.000
    20:      920.000      921.000      922.000      923.000      924.000
    25:      925.000      926.000      927.000      928.000      929.000
    30:      930.000      931.000      932.000      933.000      934.000
    35:      935.000      936.000      937.000      938.000      939.000
    40:      940.000      941.000      942.000      943.000      944.000
    45:      945.000      946.000      947.000      948.000      949.000
    50:      950.000      951.000      952.000      953.000      954.000
    55:      955.000      956.000      957.000      958.000      959.000
    60:      960.000      961.000      962.000      963.000      964.000
    65:      965.000      966.000      967.000      968.000      969.000
    70:      970.000      971.000      972.000      973.000      974.000
    75:      975.000      976.000      977.000      978.000      979.000
    80:      980.000      981.000      982.000      983.000      984.000
    85:      985.000      986.000      987.000      988.000      989.000
    90:      990.000      991.000      992.000      993.000      994.000
    95:      995.000      996.000      997.000      998.000      999.000
   100:     1000.000     1001.000     1002.000     1003.000     1004.000
   105:     1005.000     1006.000     1007.000     1008.000     1009.000
   110:     1010.000     1011.000     1012.000     1013.000     1014.000
   115:     1015.000     1016.000     1017.000     1018.000     1019.000
   120:     1020.000     1021.000     1022.000     1023.000     1024.000
   125:     1025.000     1026.000     1027.000     1028.000     1029.000
   130:     1030.000     1031.000     1032.000     1033.000     1034.000
   135:     1035.000     1036.000     1037.000     1038.000     1039.000
   140:     1040.000     1041.000     1042.000     1043.000     1044.000
   145:     1045.000     1046.000     1047.000     1048.000     1049.000
   150:     1050.000     1051.000     1052.000     1053.000     1054.000
   155:     1055.000     1056.000     1057.000     1058.000     1059.000
   160:     1060.000     1061.000     1062.000     1063.000     1064.000
   165:     1065.000     1066.000     1067.000     1068.000     1069.000
   170:     1070.000     1071.000     1072.000     1073.000     1074.000
   175:     1075.000     1076.000     1077.000     1078.000     1079.000
   180:     1080.000     1081.000     1082.000     1083.000     1084.000
   185:     1085.000     1086.000     1087.000     1088.000     1089.000
   190:     1090.000     1091.000     1092.000     1093.000     1094.000
   195:     1095.000     1096.000     1097.000     1098.000     1099.000
   200:     1100.000     1101.000     1102.000     1103.000     1104.000
   205:     1105.000     1106.000     1107.000     1108.000     1109.000
   210:     1110.000     1111.000     1112.000     1113.000     1114.000
   215:     1115.000     1116.000     1117.000     1118.000     1119.000
   220:     1120.000     1121.000     1122.000     1123.000     1124.000
   225:     1125.000     1126.000     1127.000     1128.000     1129.000
   230:     1130.000     1131.000     1132.000     1133.000     1134.000
   235:     1135.000     1136.000     1137.000     1138.000     1139.000
   240:     1140.000     1141.000     1142.000     1143.000     1144.000
   245:     1145.000     1146.000     1147.000     1148.000     1149.000
   250:     1150.000     1151.000     1152.000     1153.000     1154.000
   255:     1155.000     1156.000     1157.000     1158.000     1159.000
   260:     1160.000     1161.000     1162.000     1163.000     1164.000
   265:     1165.000     1166.000     1167.000     1168.000     1169.000
   270:     1170.000     1171.000     1172.000     1173.000     1174.000
   275:     1175.000     1176.000     1177.000     1178.000     1179.000
   280:     1180.000     1181.000     1182.000     1183.000     1184.000
   285:     1185.000     1186.000     1187.000     1188.000     1189.000
   290:     1190.000     1191.000     1192.000     1193.000     1194.000
   295:     1195.000     1196.000     1197.000     1198.000     1199.000
   300:     1200.000     1201.000     1202.000     1203.000     1204.000
   305:     1205.000     1206.000     1207.000     1208.000     1209.000
   310:     1210.000     1211.000     1212.000     1213.000     1214.000
   315:     1215.000     1216.000     1217.000     1218.000     1219.000
   320:     1220.000     1221.000     1222.000     1223.000     1224.000
   325:     1225.000     1226.000     1227.000     1228.000     1229.000
   330:     1230.000     1231.000     1232.000     1233.000     1234.000
   335:     1235.000     1236.000     1237.000     1238.000     1239.000
   340:     1240.000     1241.000     1242.000     1243.000     1244.000
   345:     1245.000     1246.000     1247.000     1248.000     1249.000
   350:     1250.000     1251.000     1252.000     1253.000     1254.000
   355:     1255.000     1256.000     1257.000     1258.000     1259.000
   360:     1260.000     1261.000     1262.000     1263.000     1264.000
   365:     1265.000     1266.000     1267.000     1268.000     1269.000
   370:     1270.000     1271.000     1272.000     1273.000     1274.000
   375:     1275.000     1276.000     1277.000     1278.000     1279.000
   380:     1280.000     1281.000     1282.000     1283.000     1284.000
   385:     1285.000     1286.000     1287.000     1288.000     1289.000
   390:     1290.000     1291.000     1292.000     1293.000     1294.000
   395:     1295.000     1296.000     1297.000     1298.000     1299.000
   400:     1300.000     1301.000     1302.000     1303.000     1304.000
   405:     1305.000     1306.000     1307.000     1308.000     1309.000
   410:     1310.000     1311.000     1312.000     1313.000     1314.000
   415:     1315.000     1316.000     1317.000     1318.000     1319.000
   420:     1320.000     1321.000     1322.000     1323.000     1324.000
   425:     1325.000     1326.000     1327.000     1328.000     1329.000
   430:     1330.000     1331.000     1332.000     1333.000     1334.000
   435:     1335.000     1336.000     1337.000     1338.000     1339.000
   440:     1340.000     1341.000     1342.000     1343.000     1344.000
   445:     1345.000     1346.000     1347.000     1348.000     1349.000
   450:     1350.000     1351.000     1352.000     1353.000     1354.000
   455:     1355.000     1356.000     1357.000     1358.000     1359.000
   460:     1360.000     1361.000     1362.000     1363.000     1364.000
   465:     1365.000     1366.000     1367.000     1368.000     1369.000
   470:     1370.000     1371.000     1372.000     1373.000     1374.000
   475:     1375.000     1376.000     1377.000     1378.000     1379.000
   480:     1380.000     1381.000     1382.000     1383.000     1384.000
   485:     1385.000     1386.000     1387.000     1388.000     1389.000
   490:     1390.000     1391.000     1392.000     1393.000     1394.000
   495:     1395.000     1396.000     1397.000     1398.000     1399.000
   500:     1400.000     1401.000     1402.000     1403.000     1404.000
   505:     1405.000     1406.000     1407.000     1408.000     1409.000
   510:     1410.000     1411.000     1412.000     1413.000     1414.000
   515:     1415.000     1416.000     1417.000     1418.000     1419.000
   520:     1420.000     1421.000     1422.000     1423.000     1424.000
   525:     1425.000     1426.000     1427.000     1428.000     1429.000
   530:     1430.000     1431.000     1432.000     1433.000     1434.000
   535:     1435.000     1436.000     1437.000     1438.000     1439.000
   540:     1440.000     1441.000     1442.000     1443.000     1444.000
   545:     1445.000     1446.000     1447.000     1448.000     1449.000
   550:     1450.000     1451.000     1452.000     1453.000     1454.000
   555:     1455.000     1456.000     1457.000     1458.000     1459.000
   560:     1460.000     1461.000     1462.000     1463.000     1464.000
   565:     1465.000     1466.000     1467.000     1468.000     1469.000
   570:     1470.000     1471.000     1472.000     1473.000     1474.000
   575:     1475.000     1476.000     1477.000     1478.000     1479.000
   580:     1480.000     1481.000     1482.000     1483.000     1484.000
   585:     1485.000     1486.000     1487.000     1488.000     1489.000
   590:     1490.000     1491.000     1492.000     1493.000     1494.000
   595:     1495.000     1496.000     1497.000     1498.000     1499.000
   600:     1500.000
N:
     0:     3300.000     3301.000     3302.000     3303.000     3304.000
     5:     3305.000     3306.000     3307.000     3308.000     3309.000
    10:     3310.000     3311.000     3312.000     3313.000     3314.000
    15:     3315.000     3316.000     3317.000     3318.000     3319.000
    20:     3320.000     3321.000     3322.000     3323.000     3324.000
    25:     3325.000     3326.000     3327.000     3328.000     3329.000
    30:     3330.000     3331.000     3332.000     3333.000     3334.000
    35:     3335.000     3336.000     3337.000     3338.000     3339.000
    40:     3340.000     3341.000     3342.000     3343.000     3344.000
    45:     3345.000     3346.000     3347.000     3348.000     3349.000
    50:     3350.000     3351.000     3352.000     3353.000     3354.000
    55:     3355.000     3356.000     3357.000     3358.000     3359.000
    60:     3360.000     3361.000     3362.000     3363.000     3364.000
    65:     3365.000     3366.000     3367.000     3368.000     3369.000
    70:     3370.000     3371.000     3372.000     3373.000     3374.000
    75:     3375.000     3376.000     3377.000     3378.000     3379.000
    80:     3380.000     3381.000     3382.000     3383.000     3384.000
    85:     3385.000     3386.000     3387.000     3388.000     3389.000
    90:     3390.000     3391.000     3392.000     3393.000     3394.000
    95:     3395.000     3396.000     3397.000     3398.000     3399.000
   100:     3400.000     3401.000     3402.000     3403.000     3404.000
   105:     3405.000     3406.000     3407.000     3408.000     3409.000
   110:     3410.000     3411.000     3412.000     3413.000     3414.000
   115:     3415.000     3416.000     3417.000     3418.000     3419.000
   120:     3420.000     3421.000     3422.000     3423.000     3424.000
   125:     3425.000     3426.000     3427.000     3428.000     3429.000
   130:     3430.000     3431.000     3432.000     3433.000     3434.000
   135:     3435.000     3436.000     3437.000     3438.000     3439.000
   140:     3440.000     3441.000     3442.000     3443.000     3444.000
   145:     3445.000     3446.000     3447.000     3448.000     3449.000
   150:     3450.000     3451.000     3452.000     3453.000     3454.000
   155:     3455.000     3456.000     3457.000     3458.000     3459.000
   160:     3460.000     3461.000     3462.000     3463.000     3464.000
   165:     3465.000     3466.000     3467.000     3468.000     3469.000
   170:     3470.000     3471.000     3472.000     3473.000     3474.000
   175:     3475.000     3476.000     3477.000     3478.000     3479.000
   180:     3480.000     3481.000     3482.000     3483.000     3484.000
   185:     3485.000     3486.000     3487.000     3488.000     3489.000
   190:     3490.000     3491.000     3492.000     3493.000     3494.000
   195:     3495.000     3496.000     3497.000     3498.000     3499.000
   200:     3500.000     3501.000     3502.000     3503.000     3504.000
   205:     3505.000     3506.000     3507.000     3508.000     3509.000
   210:     3510.000     3511.000     3512.000     3513.000     3514.000
   215:     3515.000     3516.000     3517.000     3518.000     3519.000
   220:     3520.000     3521.000     3522.000     3523.000     3524.000
   225:     3525.000     3526.000     3527.000     3528.000     3529.000
   230:     3530.000     3531.000     3532.000     3533.000     3534.000
   235:     3535.000     3536.000     3537.000     3538.000     3539.000
   240:     3540.000     3541.000     3542.000     3543.000     3544.000
   245:     3545.000     3546.000     3547.000     3548.000     3549.000
   250:     3550.000     3551.000     3552.000     3553.000     3554.000
   255:     3555.000     3556.000     3557.000     3558.000     3559.000
   260:     3560.000     3561.000     3562.000     3563.000     3564.000
   265:     3565.000     3566.000     3567.000     3568.000     3569.000
   270:     3570.000     3571.000     3572.000     3573.000     3574.000
   275:     3575.000     3576.000     3577.000     3578.000     3579.000
   280:     3580.000     3581.000     3582.000     3583.000     3584.000
   285:     3585.000     3586.000     3587.000     3588.000     3589.000
   290:     3590.000     3591.000     3592.000     3593.000     3594.000
   295:     3595.000     3596.000     3597.000     3598.000     3599.000
   300:     3600.000     3601.000     3602.000     3603.000     3604.000
   305:     3605.000     3606.000     3607.000     3608.000     3609.000
   310:     3610.000     3611.000     3612.000     3613.000     3614.000
   315:     3615.000     3616.000     3617.000     3618.000     3619.000
   320:     3620.000     3621.000     3622.000     3623.000     3624.000
   325:     3625.000     3626.000     3627.000     3628.000     3629.000
   330:     3630.000     3631.000     3632.000     3633.000     3634.000
   335:     3635.000     3636.000     3637.000     3638.000     3639.000
   340:     3640.000     3641.000     3642.000     3643.000     3644.000
   345:     3645.000     3646.000     3647.000     3648.000     3649.000
   350:     3650.000     3651.000     3652.000     3653.000     3654.000
   355:     3655.000     3656.000     3657.000     3658.000     3659.000
   360:     3660.000     3661.000     3662.000     3663.000     3664.000
   365:     3665.000     3666.000     3667.000     3668.000     3669.000
   370:     3670.000     3671.000     3672.000     3673.000     3674.000
   375:     3675.000     3676.000     3677.000     3678.000     3679.000
   380:     3680.000     3681.000     3682.000     3683.000     3684.000
   385:     3685.000     3686.000     3687.000     3688.000     3689.000
   390:     3690.000     3691.000     3692.000     3693.000     3694.000
   395:     3695.000     3696.000     3697.000     3698.000     3699.000
   400:     3700.000     3701.000     3702.000     3703.000     3704.000
   405:     3705.000     3706.000     3707.000     3708.000     3709.000
   410:     3710.000     3711.000     3712.000     3713.000     3714.000
   415:     3715.000     3716.000     3717.000     3718.000     3719.000
   420:     3720.000     3721.000     3722.000     3723.000     3724.000
   425:     3725.000     3726.000     3727.000     3728.000     3729.000
   430:     3730.000     3731.000     3732.000     3733.000     3734.000
   435:     3735.000     3736.000     3737.000     3738.000     3739.000
   440:     3740.000     3741.000     3742.000     3743.000     3744.000
   445:     3745.000     3746.000     3747.000     3748.000     3749.000
   450:     3750.000     3751.000     3752.000     3753.000     3754.000
   455:     3755.000     3756.000     3757.000     3758.000     3759.000
   460:     3760.000     3761.000     3762.000     3763.000     3764.000
   465:     3765.000     3766.000     3767.000     3768.000     3769.000
   470:     3770.000     3771.000     3772.000     3773.000     3774.000
   475:     3775.000     3776.000     3777.000     3778.000     3779.000
   480:     3780.000     3781.000     3782.000     3783.000     3784.000
   485:     3785.000     3786.000     3787.000     3788.000     3789.000
   490:     3790.000     3791.000     3792.000     3793.000     3794.000
   495:     3795.000     3796.000     3797.000     3798.000     3799.000
   500:     3800.000     3801.000     3802.000     3803.000     3804.000
   505:     3805.000     3806.000     3807.000     3808.000     3809.000
   510:     3810.000     3811.000     3812.000     3813.000     3814.000
   515:     3815.000     3816.000     3817.000     3818.000     3819.000
   520:     3820.000     3821.000     3822.000     3823.000     3824.000
   525:     3825.000     3826.000     3827.000     3828.000     3829.000
   530:     3830.000     3831.000     3832.000     3833.000     3834.000
   535:     3835.000     3836.000     3837.000     3838.000     3839.000
   540:     3840.000     3841.000     3842.000     3843.000     3844.000
   545:     3845.000     3846.000     3847.000     3848.000     3849.000
   550:     3850.000     3851.000     3852.000     3853.000     3854.000
   555:     3855.000     3856.000     3857.000     3858.000     3859.000
   560:     3860.000     3861.000     3862.000     3863.000     3864.000
   565:     3865.000     3866.000     3867.000     3868.000     3869.000
   570:     3870.000     3871.000     3872.000     3873.000     3874.000
   575:     3875.000     3876.000     3877.000     3878.000     3879.000
   580:     3880.000     3881.000     3882.000     3883.000     3884.000
   585:     3885.000     3886.000     3887.000     3888.000     3889.000
   590:     3890.000     3891.000     3892.000     3893.000     3894.000
   595:     3895.000     3896.000     3897.000     3898.000     3899.000
   600:     3900.000     3901.000     3902.000     3903.000     3904.000
   605:     3905.000     3906.000     3907.000     3908.000     3909.000
   610:     3910.000     3911.000     3912.000     3913.000     3914.000
   615:     3915.000     3916.000     3917.000     3918.000     3919.000
   620:     3920.000     3921.000     3922.000     3923.000     3924.000
   625:     3925.000     3926.000     3927.000     3928.000     3929.000
   630:     3930.000     3931.000     3932.000     3933.000     3934.000
   635:     3935.000     3936.000     3937.000     3938.000     3939.000
   640:     3940.000     3941.000     3942.000     3943.000     3944.000
   645:     3945.000     3946.000     3947.000     3948.000     3949.000
   650:     3950.000     3951.000     3952.000     3953.000     3954.000
   655:     3955.000     3956.000     3957.000     3958.000     3959.000
   660:     3960.000     3961.000     3962.000     3963.000     3964.000
   665:     3965.000     3966.000     3967.000     3968.000     3969.000
   670:     3970.000     3971.000     3972.000     3973.000     3974.000
   675:     3975.000     3976.000     3977.000     3978.000     3979.000
   680:     3980.000     3981.000     3982.000     3983.000     3984.000
   685:     3985.000     3986.000     3987.000     3988.000     3989.000
   690:     3990.000     3991.000     3992.000     3993.000     3994.000
   695:     3995.000     3996.000     3997.000     3998.000     3999.000
   700:     4000.000     4001.000     4002.000     4003.000     4004.000
   705:     4005.000     4006.000     4007.000     4008.000     4009.000
   710:     4010.000     4011.000     4012.000     4013.000     4014.000
   715:     4015.000     4016.000     4017.000     4018.000     4019.000
   720:     4020.000     4021.000     4022.000     4023.000     4024.000
   725:     4025.000     4026.000     4027.000     4028.000     4029.000
   730:     4030.000     4031.000     4032.000     4033.000     4034.000
   735:     4035.000     4036.000     4037.000     4038.000     4039.000
   740:     4040.000     4041.000     4042.000     4043.000     4044.000
   745:     4045.000     4046.000     4047.000     4048.000     4049.000
   750:     4050.000     4051.000     4052.000     4053.000     4054.000
   755:     4055.000     4056.000     4057.000     4058.000     4059.000
   760:     4060.000     4061.000     4062.000     4063.000     4064.000
   765:     4065.000     4066.000     4067.000     4068.000     4069.000
   770:     4070.000     4071.000     4072.000     4073.000     4074.000
   775:     4075.000     4076.000     4077.000     4078.000     4079.000
   780:     4080.000     4081.000     4082.000     4083.000     4084.000
   785:     4085.000     4086.000     4087.000     4088.000     4089.000
   790:     4090.000     4091.000     4092.000     4093.000     4094.000
   795:     4095.000     4096.000     4097.000     4098.000     4099.000
   800:     4100.000     4101.000     4102.000     4103.000     4104.000
   805:     4105.000     4106.000     4107.000     4108.000     4109.000
   810:     4110.000     4111.000     4112.000     4113.000     4114.000
   815:     4115.000     4116.000     4117.000     4118.000     4119.000
   820:     4120.000     4121.000     4122.000     4123.000     4124.000
   825:     4125.000     4126.000     4127.000     4128.000     4129.000
   830:     4130.000     4131.000     4132.000     4133.000     4134.000
   835:     4135.000     4136.000     4137.000     4138.000     4139.000
   840:     4140.000     4141.000     4142.000     4143.000     4144.000
   845:     4145.000     4146.000     4147.000     4148.000     4149.000
   850:     4150.000     4151.000     4152.000     4153.000     4154.000
   855:     4155.000     4156.000     4157.000     4158.000     4159.000
   860:     4160.000     4161.000     4162.000     4163.000     4164.000
   865:     4165.000     4166.000     4167.000     4168.000     4169.000
   870:     4170.000     4171.000     4172.000     4173.000     4174.000
   875:     4175.000     4176.000     4177.000     4178.000     4179.000
   880:     4180.000     4181.000     4182.000     4183.000     4184.000
   885:     4185.000     4186.000     4187.000     4188.000     4189.000
   890:     4190.000     4191.000     4192.000     4193.000     4194.000
   895:     4195.000     4196.000     4197.000     4198.000     4199.000
   900:     4200.000     4201.000     4202.000     4203.000     4204.000
   905:     4205.000     4206.000     4207.000     4208.000     4209.000
   910:     4210.000     4211.000     4212.000     4213.000     4214.000
   915:     4215.000     4216.000     4217.000     4218.000     4219.000
   920:     4220.000     4221.000     4222.000     4223.000     4224.000
   925:     4225.000     4226.000     4227.000     4228.000     4229.000
   930:     4230.000     4231.000     4232.000     4233.000     4234.000
   935:     4235.000     4236.000     4237.000     4238.000     4239.000
   940:     4240.000     4241.000     4242.000     4243.000     4244.000
   945:     4245.000     4246.000     4247.000     4248.000     4249.000
   950:     4250.000     4251.000     4252.000     4253.000     4254.000
   955:     4255.000     4256.000     4257.000     4258.000     4259.000
   960:     4260.000     4261.000     4262.000     4263.000     4264.000
   965:     4265.000     4266.000     4267.000     4268.000     4269.000
   970:     4270.000     4271.000     4272.000     4273.000     4274.000
   975:     4275.000     4276.000     4277.000     4278.000     4279.000
   980:     4280.000     4281.000     4282.000     4283.000     4284.000
   985:     4285.000     4286.000     4287.000     4288.000     4289.000
   990:     4290.000     4291.000     4292.000     4293.000     4294.000
   995:     4295.000     4296.000     4297.000     4298.000     4299.000
  1000:     4300.000     4301.000     4302.000     4303.000     4304.000
  1005:     4305.000     4306.000     4307.000     4308.000     4309.000
  1010:     4310.000     4311.000     4312.000     4313.000     4314.000
  1015:     4315.000     4316.000     4317.000     4318.000     4319.000
  1020:     4320.000     4321.000     4322.000     4323.000     4324.000
  1025:     4325.000     4326.000     4327.000     4328.000     4329.000
  1030:     4330.000     4331.000     4332.000     4333.000     4334.000
  1035:     4335.000     4336.000     4337.000     4338.000     4339.000
  1040:     4340.000     4341.000     4342.000     4343.000     4344.000
  1045:     4345.000     4346.000     4347.000     4348.000     4349.000
  1050:     4350.000     4351.000     4352.000     4353.000     4354.000
  1055:     4355.000     4356.000     4357.000     4358.000     4359.000
  1060:     4360.000     4361.000     4362.000     4363.000     4364.000
  1065:     4365.000     4366.000     4367.000     4368.000     4369.000
  1070:     4370.000     4371.000     4372.000     4373.000     4374.000
  1075:     4375.000     4376.000     4377.000     4378.000     4379.000
  1080:     4380.000     4381.000     4382.000     4383.000     4384.000
  1085:     4385.000     4386.000     4387.000     4388.000     4389.000
  1090:     4390.000     4391.000     4392.000     4393.000     4394.000
  1095:     4395.000     4396.000     4397.000     4398.000     4399.000
  1100:     4400.000     4401.000     4402.000     4403.000     4404.000
  1105:     4405.000     4406.000     4407.000     4408.000     4409.000
  1110:     4410.000     4411.000     4412.000     4413.000     4414.000
  1115:     4415.000     4416.000     4417.000     4418.000     4419.000
  1120:     4420.000     4421.000     4422.000     4423.000     4424.000
  1125:     4425.000     4426.000     4427.000     4428.000     4429.000
  1130:     4430.000     4431.000     4432.000     4433.000     4434.000
  1135:     4435.000     4436.000     4437.000     4438.000     4439.000
  1140:     4440.000     4441.000     4442.000     4443.000     4444.000
  1145:     4445.000     4446.000     4447.000     4448.000     4449.000
  1150:     4450.000     4451.000     4452.000     4453.000     4454.000
  1155:     4455.000     4456.000     4457.000     4458.000     4459.000
  1160:     4460.000     4461.000     4462.000     4463.000     4464.000
  1165:     4465.000     4466.000     4467.000     4468.000     4469.000
  1170:     4470.000     4471.000     4472.000     4473.000     4474.000
  1175:     4475.000     4476.000     4477.000     4478.000     4479.000
  1180:     4480.000     4481.000     4482.000     4483.000     4484.000
  1185:     4485.000     4486.000     4487.000     4488.000     4489.000
  1190:     4490.000     4491.000     4492.000     4493.000     4494.000
  1195:     4495.000     4496.000     4497.000     4498.000     4499.000
  1200:     4500.000
R:
     0:      333.000      333.000      333.000
V:
     0:     1267.000     3948.000
W:
     0:     1267.000     3948.000
