File: C:\MED-PC IV\DATA\p530_s156_japede


Start Date: 12/02/17
End Date: 12/02/17
Subject: p530
Experiment: 0
Group: 0
Box: 8
Start Time: 17:51:45
End Time: 18:52:08
MSN: japede_L_35_225_225_R_63_25_25
B:       0.000
E:    3750.000
F:       0.000
G:       0.000
H:       0.000
I:       2.000
J:       2.000
K:       0.000
O:       0.000
P:       0.000
Q:       0.000
S:  360000.000
T:  360000.000
U:       0.000
X:       0.000
Y:       0.000
Z:       0.000
A:
     0:        0.010        0.250        0.220        0.230      289.120
     5:      295.120      396.120      472.120      547.120      578.120
    10:      583.120      593.120      620.120      634.120      666.120
    15:      672.120      678.120      720.120      725.120      733.120
    20:      795.120      803.120      962.120      967.120      999.740
    25:     1018.540     1018.320     1018.330     1018.350     1018.240
    30:     1018.120     1027.120     1032.120     1199.840     1268.220
    35:     1268.230     1268.250     1268.340     1699.120     1765.120
    40:     1855.120     1861.120     2056.640     2056.320     2056.330
    45:     2056.350     2056.240     2056.130     2306.220     2306.230
    50:     2306.250     2306.340     2848.120     2855.120     2897.120
    55:     2904.120     3161.130     3286.120     3356.120     3362.120
    60:     3519.130     3527.130     3718.120     3724.120     3733.120
    65:     3892.130     3899.130     3905.130     4168.740     4212.130
    70:     4305.130     4502.130     4641.540     4641.320     4641.330
    75:     4641.350     4641.240     4641.120     4891.220     4891.230
    80:     4891.250     4891.340     5239.130     5306.840     5409.120
    85:     5414.120     5670.640     5670.320     5670.330     5670.350
    90:     5670.240     5670.130     5676.130     5684.130     5691.740
    95:     5920.220     5920.230     5920.250     5920.340     6166.130
   100:     6264.540     6264.320     6264.330     6264.350     6264.240
   105:     6264.120     6270.120     6514.220     6514.230     6514.250
   110:     6514.340     6814.740     6880.540     6880.320     6880.330
   115:     6880.350     6880.240     6880.120     7130.220     7130.230
   120:     7130.250     7130.340     7425.120     7514.120     7526.120
   125:     7791.120     7877.120     7995.130     8090.120     8185.130
   130:     8225.130     8233.130     8310.120     8461.130     8536.120
   135:     8543.120     8682.130     8820.840     8905.640     8905.320
   140:     8905.330     8905.350     8905.240     8905.130     9155.220
   145:     9155.230     9155.250     9155.340     9378.130     9384.130
   150:     9488.120     9655.840     9737.120     9899.640     9899.320
   155:     9899.330     9899.350     9899.240     9899.130     9905.130
   160:    10149.220    10149.230    10149.250    10149.340    10352.130
   165:    10359.130    10466.120    10582.130    10589.130    11048.130
   170:    11054.130    11222.130    11246.130    11332.120    11443.130
   175:    11525.120    11632.130    11787.130    11835.130    11909.120
   180:    11914.120    12005.130    12247.130    12341.120    12529.120
   185:    12643.130    12871.130    13018.130    13027.130    13030.740
   190:    13444.540    13444.320    13444.330    13444.350    13444.240
   195:    13444.120    13694.220    13694.230    13694.250    13694.340
   200:    13909.130    14013.120    14044.120    14050.120    14157.130
   205:    14348.130    14353.130    14439.120    14554.130    14594.740
   210:    14995.130    15001.130    15239.130    15245.130    15252.130
   215:    15327.540    15327.320    15327.330    15327.350    15327.240
   220:    15327.120    15577.220    15577.230    15577.250    15577.340
   225:    15754.130    15854.120    15980.130    16051.120    16057.120
   230:    16100.120    16220.130    16290.120    16492.120    16681.120
   235:    16945.130    17042.120    17209.120    17466.130    17536.120
   240:    17802.130    17809.130    17881.120    18053.120    18168.130
   245:    18253.120    18349.840    18430.120    18585.120    18677.740
   250:    18717.540    18717.320    18717.330    18717.350    18717.240
   255:    18717.120    18722.120    18729.120    18967.220    18967.230
   260:    18967.250    18967.340    19239.120    19244.120    19251.120
   265:    19359.640    19359.320    19359.330    19359.350    19359.240
   270:    19359.130    19375.130    19609.220    19609.230    19609.250
   275:    19609.340    19766.130    19867.120    19900.120    19906.120
   280:    20021.130    20027.130    20067.740    20231.540    20231.320
   285:    20231.330    20231.350    20231.240    20231.120    20481.220
   290:    20481.230    20481.250    20481.340    20670.120    20714.120
   295:    20797.120    20803.120    20881.740    21100.540    21100.320
   300:    21100.330    21100.350    21100.240    21100.120    21113.120
   305:    21350.220    21350.230    21350.250    21350.340    21615.120
   310:    21709.120    21713.120    21854.120    22138.120    22168.120
   315:    22173.120    22386.120    22453.120    22587.130    22648.120
   320:    23097.120    23104.120    23262.130    23329.120    23335.120
   325:    23448.130    23509.840    23684.120    23888.120    23895.120
   330:    24064.120    24375.120    24712.640    24712.320    24712.330
   335:    24712.350    24712.240    24712.130    24962.220    24962.230
   340:    24962.250    24962.340    25240.120    25351.130    25444.120
   345:    25555.130    25616.120    25622.120    25805.120    25999.130
   350:    26087.120    26399.120    26525.130    26943.120    27306.120
   355:    27385.130    28241.120    28686.120    28692.120    28837.120
   360:    29124.130    29190.120    29271.130    29337.120    29342.120
   365:    29348.120    29498.120    29685.120    30010.120    30495.120
   370:    30499.120    30506.120    30609.130    31086.120    31214.120
   375:    31262.840    31684.120    31835.120    31848.120    32026.120
   380:    32032.120    32050.740    32210.540    32210.320    32210.330
   385:    32210.350    32210.240    32210.120    32460.220    32460.230
   390:    32460.250    32460.340    32743.120    32806.120    32872.120
   395:    33044.120    33230.120    33438.120    33443.120    33560.740
   400:    33803.540    33803.320    33803.330    33803.350    33803.240
   405:    33803.120    33817.120    34053.220    34053.230    34053.250
   410:    34053.340    34249.120    34347.640    34347.320    34347.330
   415:    34347.350    34347.240    34347.130    34354.130    34361.130
   420:    34597.220    34597.230    34597.250    34597.340    34740.120
   425:    34864.130    34870.130    34938.120    34945.120    35118.120
   430:    35273.120    35389.130    35458.120    35839.130    35871.130
   435:    36109.120    36153.740    36264.540    36264.320    36264.330
   440:    36264.350    36264.240    36264.120    36270.120    36278.120
   445:    36397.840    36514.220    36514.230    36514.250    36514.340
   450:    36682.640    36682.320    36682.330    36682.350    36682.240
   455:    36682.130    36932.220    36932.230    36932.250    36932.340
   460:    37247.120    37566.120    37795.120    37990.120    38421.120
   465:    38428.120    38733.120    38971.120    38976.120    39236.130
   470:    39359.120    39510.120    39917.130    39985.120    40113.120
   475:    41060.130    41158.120    41258.130    41332.120    41890.120
   480:    42192.130    42230.130    42506.130    42520.130    42673.130
   485:    42760.120    42987.130    43193.120    43199.120    43293.130
   490:    43364.120    43371.120    43504.120    43514.740    43638.540
   495:    43638.320    43638.330    43638.350    43638.240    43638.120
   500:    43645.120    43888.220    43888.230    43888.250    43888.340
   505:    44021.130    44026.130    44142.120    44216.120    44222.120
   510:    44229.120    44393.120    44517.130    44588.120    44593.120
   515:    44687.130    44692.130    44765.120    44832.120    44836.120
   520:    44978.120    45175.130    45436.120    45649.120    45762.120
   525:    45766.120    45847.130    45915.120    46033.120    46125.130
   530:    46131.130    46334.120    46497.120    46681.120    47306.120
   535:    47442.120    47488.740    47714.540    47714.320    47714.330
   540:    47714.350    47714.240    47714.120    47964.220    47964.230
   545:    47964.250    47964.340    48184.130    48191.130    48268.120
   550:    48353.120    48359.120    48528.120    48898.130    49073.130
   555:    49334.130    49723.120    49729.120    49998.130    50004.130
   560:    50324.120    50444.120    50524.130    50731.120    51049.120
   565:    51129.130    51266.130    51343.120    52293.130    52327.130
   570:    52632.840    52670.120    52802.120    53291.640    53291.320
   575:    53291.330    53291.350    53291.240    53291.130    53305.130
   580:    53541.220    53541.230    53541.250    53541.340    53691.120
   585:    53764.740    53867.540    53867.320    53867.330    53867.350
   590:    53867.240    53867.120    53872.120    54117.220    54117.230
   595:    54117.250    54117.340    54255.130    54261.130    54329.120
   600:    54333.120    54411.120    54416.120    54615.120    54733.120
   605:    54817.740    54920.540    54920.320    54920.330    54920.350
   610:    54920.240    54920.120    54924.120    54930.120    55170.220
   615:    55170.230    55170.250    55170.340    55351.130    55358.130
   620:    55433.120    55440.120    55523.120    55530.120    55712.120
   625:    55718.120    55896.120    56041.840    56054.120    56060.120
   630:    56232.120    56238.120    56402.120    56536.120    56635.640
   635:    56635.320    56635.330    56635.350    56635.240    56635.130
   640:    56885.220    56885.230    56885.250    56885.340    57052.120
   645:    57058.120    57065.120    57157.130    57165.130    57336.130
   650:    57433.120    57620.120    57787.120    57885.130    58015.130
   655:    58089.120    58177.130    58261.120    58343.130    58424.120
   660:    58430.120    58549.130    58905.120    59299.120    59306.120
   665:    59718.130    59848.130    59854.130    60486.120    60685.840
   670:    60843.120    61004.120    61011.120    61244.120    61574.120
   675:    61797.120    61952.120    62084.120    62337.640    62337.320
   680:    62337.330    62337.350    62337.240    62337.130    62587.220
   685:    62587.230    62587.250    62587.340    62722.120    62885.120
   690:    62970.130    63002.130    63070.740    63187.540    63187.320
   695:    63187.330    63187.350    63187.240    63187.120    63437.220
   700:    63437.230    63437.250    63437.340    63655.130    63660.130
   705:    63667.130    63766.120    64119.120    64511.130    64704.120
   710:    64929.130    65002.120    65128.120    65432.120    65437.740
   715:    65516.130    65536.130    65610.540    65610.320    65610.330
   720:    65610.350    65610.240    65610.120    65860.220    65860.230
   725:    65860.250    65860.340    65960.740    66049.540    66049.320
   730:    66049.330    66049.350    66049.240    66049.120    66054.120
   735:    66061.120    66299.220    66299.230    66299.250    66299.340
   740:    66462.120    66652.120    66742.130    66822.120    66828.120
   745:    66899.740    66921.540    66921.320    66921.330    66921.350
   750:    66921.240    66921.120    67171.220    67171.230    67171.250
   755:    67171.340    67318.120    67323.120    67364.120    67562.120
   760:    67703.120    67710.120    67997.120    68028.120    68034.120
   765:    68153.120    68354.120    68476.120    68483.120    68521.120
   770:    68650.120    68873.130    68938.120    69345.120    69471.120
   775:    70320.120    70448.120    70521.120    70527.120    70683.120
   780:    70935.120    71106.120    71111.120    71468.120    71487.840
   785:    72082.640    72082.320    72082.330    72082.350    72082.240
   790:    72082.130    72332.220    72332.230    72332.250    72332.340
   795:    72371.740    72511.540    72511.320    72511.330    72511.350
   800:    72511.240    72511.120    72761.220    72761.230    72761.250
   805:    72761.340    72883.120    72983.130    73103.120    73109.120
   810:    73266.130    73273.130    73359.120    73574.120    73580.120
   815:    73847.130    73961.740    74121.130    74184.540    74184.320
   820:    74184.330    74184.350    74184.240    74184.120    74190.120
   825:    74198.120    74434.220    74434.230    74434.250    74434.340
   830:    74574.130    74603.130    74610.130    74700.120    74706.120
   835:    74781.120    74840.120    75042.120    75139.130    75145.130
   840:    75232.120    75361.120    75448.120    75560.120    75714.120
   845:    75836.120    75981.120    76225.120    76322.120    76626.120
   850:    76875.130    76934.740    77007.540    77007.320    77007.330
   855:    77007.350    77007.240    77007.120    77020.120    77257.220
   860:    77257.230    77257.250    77257.340    77434.130    77518.120
   865:    77568.120    77574.120    77581.120    77621.120    77693.120
   870:    77846.120    78325.120    78445.120    78556.130    78716.120
   875:    78843.120    79577.130    80132.840    80155.120    80191.120
   880:    80196.120    80625.120    80631.120    80778.120    81019.640
   885:    81019.320    81019.330    81019.350    81019.240    81019.130
   890:    81027.130    81269.220    81269.230    81269.250    81269.340
   895:    81390.120    81396.120    81513.130    81519.130    81607.120
   900:    81620.120    81935.120    81942.120    82059.130    82069.840
   905:    82151.640    82151.320    82151.330    82151.350    82151.240
   910:    82151.130    82401.220    82401.230    82401.250    82401.340
   915:    82555.120    82680.130    82790.130    82811.130    82824.130
   920:    83061.120    83067.120    83168.130    83249.120    83429.120
   925:    83627.120    83634.120    83808.120    83929.120    84404.130
   930:    84686.120    84897.120    84957.740    85248.540    85248.320
   935:    85248.330    85248.350    85248.240    85248.120    85498.220
   940:    85498.230    85498.250    85498.340    85635.120    85641.120
   945:    85648.120    85758.130    85765.130    85881.130    85897.130
   950:    85969.120    85974.120    86085.130    86172.120    86177.120
   955:    86433.130    86509.120    86621.130    86700.120    86786.130
   960:    86792.130    86799.130    86884.120    87059.120    87155.130
   965:    87163.130    87229.120    87591.130    87692.120    87701.840
   970:    87806.640    87806.320    87806.330    87806.350    87806.240
   975:    87806.130    88056.220    88056.230    88056.250    88056.340
   980:    88448.130    88455.130    88498.740    88547.540    88547.320
   985:    88547.330    88547.350    88547.240    88547.120    88560.120
   990:    88797.220    88797.230    88797.250    88797.340    89021.130
   995:    89112.120    89120.120    89190.120    89196.120    89197.740
  1000:    89346.540    89346.320    89346.330    89346.350    89346.240
  1005:    89346.120    89351.120    89359.120    89596.220    89596.230
  1010:    89596.250    89596.340    89753.130    89758.130    89837.120
  1015:    89843.120    89910.120    89916.120    89977.120    90222.120
  1020:    90444.130    90892.120    91088.120    91437.120    91443.120
  1025:    91725.120    92083.120    92207.120    92213.120    92308.130
  1030:    92356.840    92378.120    92542.120    92826.120    92832.120
  1035:    93153.120    93306.120    93447.120    93567.120    94059.640
  1040:    94059.320    94059.330    94059.350    94059.240    94059.130
  1045:    94309.220    94309.230    94309.250    94309.340    94511.120
  1050:    94517.120    94740.120    94746.120    94840.130    94847.130
  1055:    95030.120    95035.120    95215.120    95300.130    95329.130
  1060:    95401.120    95780.130    95822.130    95830.130    95987.130
  1065:    96063.120    96199.130    96291.130    96390.120    96728.120
  1070:    97184.130    97225.130    97306.130    97374.120    97380.120
  1075:    97483.130    97496.740    97564.130    97748.130    98056.130
  1080:    98142.130    98218.540    98218.320    98218.330    98218.350
  1085:    98218.240    98218.120    98468.220    98468.230    98468.250
  1090:    98468.340    98649.130    98655.130    98690.130    98762.120
  1095:    98768.120    98835.120    98877.120    98961.120    98967.120
  1100:    99132.120    99288.120    99676.130    99682.130    99760.120
  1105:    99845.130   100094.130   100171.120   100262.130   100268.130
  1110:   100275.130   100752.120   100831.130   100839.130   100943.120
  1115:   101092.120   101105.120   101224.130   101363.130   101398.130
  1120:   101471.120   101547.130   101683.130   101947.130   102037.130
  1125:   102067.130   102517.130   102522.130   102568.740   102675.130
  1130:   103017.130   103025.130   103112.540   103112.320   103112.330
  1135:   103112.350   103112.240   103112.120   103362.220   103362.230
  1140:   103362.250   103362.340   103704.120   103710.120   103920.120
  1145:   103925.120   104226.120   104311.130   104462.740   104641.130
  1150:   105162.540   105162.320   105162.330   105162.350   105162.240
  1155:   105162.120   105412.220   105412.230   105412.250   105412.340
  1160:   105512.740   105676.540   105676.320   105676.330   105676.350
  1165:   105676.240   105676.120   105689.120   105926.220   105926.230
  1170:   105926.250   105926.340   106056.120   106181.130   106420.130
  1175:   106562.120   106567.120   106682.130   106753.120   106871.120
  1180:   107072.130   107152.120   107377.120   107502.120   107826.740
  1185:   107948.130   108029.540   108029.320   108029.330   108029.350
  1190:   108029.240   108029.120   108044.120   108279.220   108279.230
  1195:   108279.250   108279.340   108421.130   108541.120   108724.120
  1200:   108893.120   109009.840   109115.120   109239.120   109245.120
  1205:   109372.120   109492.120   110054.120   110211.120   110342.120
  1210:   110349.120   110533.120   110706.120   110831.120   111076.120
  1215:   111280.120   111391.120   111517.120   111524.120   111550.120
  1220:   111705.120   111847.120   111853.120   112040.120   112207.120
  1225:   112467.640   112467.320   112467.330   112467.350   112467.240
  1230:   112467.130   112483.130   112717.220   112717.230   112717.250
  1235:   112717.340   112870.120   112980.130   112987.130   113071.130
  1240:   113150.120   113155.120   113330.120   114006.130   114088.120
  1245:   114169.130   114327.120   114806.120   114810.120   114932.120
  1250:   114938.120   115088.120   115094.120   115349.130   115997.120
  1255:   116535.120   116659.120   116730.120   117155.120   117537.120
  1260:   117997.130   118231.130   118279.740   118435.540   118435.320
  1265:   118435.330   118435.350   118435.240   118435.120   118685.220
  1270:   118685.230   118685.250   118685.340   118832.130   118838.130
  1275:   118947.120   118986.120   119021.120   119027.120   119594.120
  1280:   119843.120   120005.120   120121.120   120151.120   120190.120
  1285:   120336.120   120420.120   120586.120   120698.130   121772.130
  1290:   122017.130   122456.120   123676.120   124230.120   124593.130
  1295:   124687.130   124872.130   125038.130   125110.120   125558.130
  1300:   125626.120   125782.120   125788.120   125874.130   126130.120
  1305:   126352.120   126426.130   126434.130   126783.120   126831.120
  1310:   126898.120   127185.740   127804.540   127804.320   127804.330
  1315:   127804.350   127804.240   127804.120   128054.220   128054.230
  1320:   128054.250   128054.340   128202.130   128279.120   128341.120
  1325:   128348.120   128446.120   129013.120   129099.130   129354.740
  1330:   129620.540   129620.320   129620.330   129620.350   129620.240
  1335:   129620.120   129870.220   129870.230   129870.250   129870.340
  1340:   130022.120   130029.120   130140.130   130146.130   130246.130
  1345:   130336.120   130342.120   130467.130   130534.120   131901.120
  1350:   132036.120   132257.130   132370.740   132429.540   132429.320
  1355:   132429.330   132429.350   132429.240   132429.120   132443.120
  1360:   132679.220   132679.230   132679.250   132679.340   132817.130
  1365:   132913.120   132920.120   133017.120   133024.120   133076.120
  1370:   133211.120   133216.120   133482.130   133762.120   133879.740
  1375:   134077.540   134077.320   134077.330   134077.350   134077.240
  1380:   134077.120   134327.220   134327.230   134327.250   134327.340
  1385:   134477.130   134484.130   134580.120   134587.120   134714.120
  1390:   134817.840   135183.120   135759.120   135928.120   135934.120
  1395:   136050.120   136227.740   136303.540   136303.320   136303.330
  1400:   136303.350   136303.240   136303.120   136316.120   136553.220
  1405:   136553.230   136553.250   136553.340   136752.120   136759.120
  1410:   136817.120   136975.640   136975.320   136975.330   136975.350
  1415:   136975.240   136975.130   137225.220   137225.230   137225.250
  1420:   137225.340   137350.120   137357.120   137466.130   137585.130
  1425:   137684.120   137786.130   137794.130   137923.130   138166.120
  1430:   138173.120   138429.120   138453.740   138513.130   138545.130
  1435:   139163.540   139163.320   139163.330   139163.350   139163.240
  1440:   139163.120   139325.840   139413.220   139413.230   139413.250
  1445:   139413.340   139595.120   139607.120   139678.120   139742.120
  1450:   139867.120   139873.120   140276.120   140454.120   140766.120
  1455:   140886.640   140886.320   140886.330   140886.350   140886.240
  1460:   140886.130   140899.130   141136.220   141136.230   141136.250
  1465:   141136.340   141257.120   141263.120   141456.120   141462.120
  1470:   141585.130   141592.130   141769.120   141900.120   142511.120
  1475:   142773.120   142779.120   142937.120   143072.120   143188.120
  1480:   143625.120   143631.120   143762.120   143769.120   143886.120
  1485:   143893.120   144010.120   144016.120   144275.120   144376.120
  1490:   144795.120   144836.840   144922.120   144929.120   145047.120
  1495:   145166.120   145445.120   146221.120   146351.120   146905.640
  1500:   146905.320   146905.330   146905.350   146905.240   146905.130
  1505:   147155.220   147155.230   147155.250   147155.340   147296.120
  1510:   147379.120   147587.130   147755.840   147810.120   148200.640
  1515:   148200.320   148200.330   148200.350   148200.240   148200.130
  1520:   148450.220   148450.230   148450.250   148450.340   148570.120
  1525:   148576.120   148679.130   148750.130   148852.130   149179.130
  1530:   149186.130   149322.130   149329.130   149998.120   150858.130
  1535:   150866.130   151100.120   151226.120   151314.120   151320.120
  1540:   151447.130   151672.120   151988.120   152187.130   152261.120
  1545:   152379.120   152450.840   152862.640   152862.320   152862.330
  1550:   152862.350   152862.240   152862.130   153112.220   153112.230
  1555:   153112.250   153112.340   153310.130   153312.840   153437.120
  1560:   153442.120   153653.120   154043.120   154203.120   154568.120
  1565:   155012.120   155087.640   155087.320   155087.330   155087.350
  1570:   155087.240   155087.130   155337.220   155337.230   155337.250
  1575:   155337.340   155455.120   155461.120   155551.130   155556.130
  1580:   155758.130   155913.740   156022.540   156022.320   156022.330
  1585:   156022.350   156022.240   156022.120   156028.120   156036.120
  1590:   156272.220   156272.230   156272.250   156272.340   156399.120
  1595:   156460.120   156613.120   156619.120   156717.130   156793.120
  1600:   156901.130   156978.120   157140.120   157404.120   157807.130
  1605:   158144.120   158268.120   159066.130   159396.120   159541.120
  1610:   159690.130   159928.120   160035.120   160218.120   160490.120
  1615:   160637.840   160688.120   160807.120   161424.640   161424.320
  1620:   161424.330   161424.350   161424.240   161424.130   161674.220
  1625:   161674.230   161674.250   161674.340   161774.840   161816.120
  1630:   161910.640   161910.320   161910.330   161910.350   161910.240
  1635:   161910.130   162160.220   162160.230   162160.250   162160.340
  1640:   162285.120   162291.120   162388.130   162394.130   162456.130
  1645:   162559.120   162784.130   162920.120   163097.120   163181.130
  1650:   163189.130   163282.130   163753.130   164283.130   164396.120
  1655:   165670.130   165750.120   165860.840   165998.640   165998.320
  1660:   165998.330   165998.350   165998.240   165998.130   166248.220
  1665:   166248.230   166248.250   166248.340   166364.120   166461.130
  1670:   166755.130   166858.130   166861.130   166892.130   166898.130
  1675:   167246.120   167702.130   167782.120   168076.130   168286.130
  1680:   168564.120   168782.130   168928.130   169041.120   169047.120
  1685:   169411.130   169753.130   170106.130   170113.130   170207.120
  1690:   170212.120   170348.840   170488.640   170488.320   170488.330
  1695:   170488.350   170488.240   170488.130   170503.130   170738.220
  1700:   170738.230   170738.250   170738.340   170919.130   171001.130
  1705:   171113.130   171138.130   171215.130   171320.130   171532.120
  1710:   171684.130   171689.130   171718.130   171838.840   171939.640
  1715:   171939.320   171939.330   171939.350   171939.240   171939.130
  1720:   172189.220   172189.230   172189.250   172189.340   172297.120
  1725:   172400.130   172405.130   172410.130   172506.120   172511.120
  1730:   172595.130   172696.120   172783.130   173057.130   173192.120
  1735:   173481.130   173599.130   173605.130   173709.130   173738.130
  1740:   173744.130   173800.120   174056.130   174061.130   174091.130
  1745:   174153.120   174366.130   174389.840   174435.120   174645.640
  1750:   174645.320   174645.330   174645.350   174645.240   174645.130
  1755:   174895.220   174895.230   174895.250   174895.340   175099.130
  1760:   175106.130   175583.130   175711.130   175743.130   175746.130
  1765:   175920.120   175991.130   176080.130   176157.120   176318.130
  1770:   176348.130   176562.130   176567.130   176653.120   176772.740
  1775:   176917.130   177037.540   177037.320   177037.330   177037.350
  1780:   177037.240   177037.120   177287.220   177287.230   177287.250
  1785:   177287.340   177414.130   177481.120   177492.120   177635.130
  1790:   177640.130   177752.120   178295.840   178405.640   178405.320
  1795:   178405.330   178405.350   178405.240   178405.130   178655.220
  1800:   178655.230   178655.250   178655.340   178774.120   178843.130
  1805:   178852.130   178980.120   178985.120   179044.130   179076.130
  1810:   179145.120   179148.120   179245.130   179469.130   179543.130
  1815:   179551.130   179781.130   179825.130   180107.130   180112.130
  1820:   180180.130   180390.130   180609.130   180679.120   180847.120
  1825:   180852.120   181125.130   181194.120   181349.120   181436.130
  1830:   181444.130   181758.130   182213.130   182455.130   182616.120
  1835:   182755.840   182759.120   182764.120   182841.640   182841.320
  1840:   182841.330   182841.350   182841.240   182841.130   183091.220
  1845:   183091.230   183091.250   183091.340   183197.120   183266.130
  1850:   183361.130   183365.130   183443.130   183469.130   183617.130
  1855:   183741.130   184058.130   184248.130   184646.130   184798.130
  1860:   185023.130   185095.120   185187.130   185468.130   185500.130
  1865:   185537.130   185542.130   185634.130   185840.130   185848.130
  1870:   186097.130   186193.130   186213.130   186283.120   186349.130
  1875:   186491.840   186649.640   186649.320   186649.330   186649.350
  1880:   186649.240   186649.130   186899.220   186899.230   186899.250
  1885:   186899.340   187001.120   187006.120   187129.130   187221.130
  1890:   187397.130   187474.130   187480.130   187554.120   187949.130
  1895:   188091.130   188176.130   188411.130   188588.130   188595.130
  1900:   188693.130   188698.130   188770.130   188806.130   188899.130
  1905:   188906.130   189039.130   189201.130   189350.130   189799.130
  1910:   190027.130   190033.130   190093.130   190099.130   190323.130
  1915:   190340.130   190642.130   190720.130   190795.120   190889.130
  1920:   190987.120   191055.130   191205.120   191532.130   191613.120
  1925:   191806.130   191867.120   191950.120   192299.840   192987.640
  1930:   192987.320   192987.330   192987.350   192987.240   192987.130
  1935:   193237.220   193237.230   193237.250   193237.340   193669.130
  1940:   193779.130   193961.130   194046.130   194052.130   194137.840
  1945:   194321.640   194321.320   194321.330   194321.350   194321.240
  1950:   194321.130   194571.220   194571.230   194571.250   194571.340
  1955:   194836.120   194845.120   194887.740   195071.130   195077.130
  1960:   195352.130   195488.130   195613.130   195824.130   195977.130
  1965:   195982.130   196069.130   196162.130   196281.130   196287.130
  1970:   196405.130   196571.130   196860.540   196860.320   196860.330
  1975:   196860.350   196860.240   196860.120   196864.120   196872.120
  1980:   196971.840   197110.220   197110.230   197110.250   197110.340
  1985:   197357.120   197363.120   197523.640   197523.320   197523.330
  1990:   197523.350   197523.240   197523.130   197533.130   197773.220
  1995:   197773.230   197773.250   197773.340   197889.120   197894.120
  2000:   198007.130   198144.120   198150.120   198216.130   198311.130
  2005:   198333.130   198390.120   198395.120   198609.130   198693.120
  2010:   198698.120   198953.130   198978.130   199065.120   199136.130
  2015:   199533.130   199652.130   199781.130   200027.130   200132.130
  2020:   200259.130   200328.130   200356.130   200415.120   200511.130
  2025:   200847.130   200856.130   201033.130   201037.130   201188.120
  2030:   201300.130   201448.130   201516.120   201584.130   201589.130
  2035:   201713.130   201977.130   201993.130   202143.130   202273.840
  2040:   202327.640   202327.320   202327.330   202327.350   202327.240
  2045:   202327.130   202577.220   202577.230   202577.250   202577.340
  2050:   202694.120   202823.130   202829.130   202834.130   202959.120
  2055:   203034.130   203510.740   203665.130   203883.130   203887.130
  2060:   203977.840   204022.640   204022.320   204022.330   204022.350
  2065:   204022.240   204022.130   204030.130   204036.130   204272.220
  2070:   204272.230   204272.250   204272.340   204396.540   204396.320
  2075:   204396.330   204396.350   204396.240   204396.120   204408.120
  2080:   204472.840   204646.220   204646.230   204646.250   204646.340
  2085:   204789.120   204800.120   204902.640   204902.320   204902.330
  2090:   204902.350   204902.240   204902.130   205152.220   205152.230
  2095:   205152.250   205152.340   205252.840   205277.120   205282.120
  2100:   205376.640   205376.320   205376.330   205376.350   205376.240
  2105:   205376.130   205626.220   205626.230   205626.250   205626.340
  2110:   205745.120   205846.130   205851.130   205926.840   206061.640
  2115:   206061.320   206061.330   206061.350   206061.240   206061.130
  2120:   206066.130   206311.220   206311.230   206311.250   206311.340
  2125:   206443.120   206552.130   206650.130   206738.120   206744.120
  2130:   206833.130   206838.130   206844.130   206985.130   207083.130
  2135:   207211.840   207274.640   207274.320   207274.330   207274.350
  2140:   207274.240   207274.130   207524.220   207524.230   207524.250
  2145:   207524.340   207655.120   207659.120   207736.130   207741.130
  2150:   207769.130   207774.130   208052.120   208126.130   208157.130
  2155:   208230.130   208326.130   208449.130   208524.840   208644.640
  2160:   208644.320   208644.330   208644.350   208644.240   208644.130
  2165:   208894.220   208894.230   208894.250   208894.340   208994.120
  2170:   208999.120   209094.130   209099.130   209400.120   209481.130
  2175:   209510.130   209691.120   209698.120   209782.130   210300.130
  2180:   210786.130   210821.130   211094.840   211236.640   211236.320
  2185:   211236.330   211236.350   211236.240   211236.130   211486.220
  2190:   211486.230   211486.250   211486.340   211580.120   211584.120
  2195:   211586.840   211592.120   211658.640   211658.320   211658.330
  2200:   211658.350   211658.240   211658.130   211664.130   211908.220
  2205:   211908.230   211908.250   211908.340   212091.130   212122.130
  2210:   212127.130   212174.130   212280.130   212295.130   212418.130
  2215:   212498.130   212574.130   212720.130   212749.130   212861.130
  2220:   212939.120   213190.130   213197.130   213286.130   213293.130
  2225:   213410.130   213416.130   213455.130   213556.130   213651.130
  2230:   213755.120   213831.130   213908.840   214088.120   214095.120
  2235:   214312.640   214312.320   214312.330   214312.350   214312.240
  2240:   214312.130   214562.220   214562.230   214562.250   214562.340
  2245:   214660.120   214666.120   214742.130   214807.130   215110.130
  2250:   215134.130   215195.120   215199.120   215276.130   215433.120
  2255:   215605.130   215783.130   216132.130   216158.130   216219.120
  2260:   216370.130   216454.130   216742.130   216747.130   216853.130
  2265:   216955.120   216961.120   217118.130   217142.130   217309.120
  2270:   217369.130   217527.120   217597.130   217610.130   217744.120
  2275:   217748.120   217844.130   218020.120   218110.130   218185.120
  2280:   218258.130   218288.130   218464.130   218578.130   218879.120
  2285:   219080.130   219230.130   219376.120   219468.130   219872.130
  2290:   219889.130   220005.130   220016.130   220204.130   220548.130
  2295:   220732.130   220738.130   221069.130   221288.130   221417.130
  2300:   221538.120   221629.130   221637.130   221724.120   221806.130
  2305:   222146.120   222152.120   222218.130   222317.130   222340.130
  2310:   222470.130   222505.130   222512.130   222667.130   222673.130
  2315:   222837.130   223003.130   223010.130   223104.130   223188.120
  2320:   223195.120   223265.130   223370.120   223375.120   223689.120
  2325:   223761.130   223842.120   223911.130   224071.130   224077.130
  2330:   224150.120   224230.130   224333.120   224411.130   224574.130
  2335:   224700.130   224734.130   224830.120   224836.120   225098.130
  2340:   225292.130   225416.120   225488.130   225495.130   225596.130
  2345:   225692.120   225790.130   225796.130   225802.130   225915.130
  2350:   226030.130   226054.130   226155.130   226161.130   226522.130
  2355:   226527.130   226831.130   226901.120   226983.130   227091.120
  2360:   227097.120   227340.130   227381.130   227475.130   227482.130
  2365:   227562.840   227792.640   227792.320   227792.330   227792.350
  2370:   227792.240   227792.130   228042.220   228042.230   228042.250
  2375:   228042.340   228205.130   228211.130   228372.120   228464.130
  2380:   228561.130   228646.120   228718.130   228817.130   228959.130
  2385:   229094.130   229242.840   229451.640   229451.320   229451.330
  2390:   229451.350   229451.240   229451.130   229458.130   229467.130
  2395:   229701.220   229701.230   229701.250   229701.340   229818.120
  2400:   229916.130   230075.130   230081.130   230182.120   230284.130
  2405:   230290.130   230412.130   230848.130   230967.130   230973.130
  2410:   231088.130   231274.130   231290.130   231429.130   231685.130
  2415:   231771.120   231872.130   232080.130   232146.740   232194.130
  2420:   232403.130   232532.130   232649.130   232814.130   232822.130
  2425:   232939.130   232945.130   233305.540   233305.320   233305.330
  2430:   233305.350   233305.240   233305.120   233320.120   233555.220
  2435:   233555.230   233555.250   233555.340   233708.130   233803.120
  2440:   233810.120   233926.120   234032.130   234277.130   234288.130
  2445:   234323.130   234455.130   234587.130   234616.130   234741.120
  2450:   234747.120   234863.130   234877.130   235108.130   235368.130
  2455:   235612.120   235840.120   236113.130   236258.130   236467.120
  2460:   236558.130   236806.130   236878.130   237196.130   237312.130
  2465:   237400.120   237867.130   238152.130   238308.130   238640.130
  2470:   238658.130   238915.130   238920.130   239103.130   239460.130
  2475:   239466.130   239576.130   239722.130   239928.120   239934.120
  2480:   240004.130   240144.130   240229.130   240541.120   240628.130
  2485:   240841.130   240856.130   240946.130   240951.130   240985.130
  2490:   241049.130   241175.130   241285.130   241504.130   242045.130
  2495:   242277.130   242363.120   242567.130   242711.130   242815.130
  2500:   242999.130   243006.130   243184.130   243190.130   243290.130
  2505:   243312.130   243417.130   243423.130   243562.130   243788.130
  2510:   243793.130   243962.130   244129.130   244136.130   244355.740
  2515:   244458.130   244602.130   244636.130   244793.540   244793.320
  2520:   244793.330   244793.350   244793.240   244793.120   245043.220
  2525:   245043.230   245043.250   245043.340   245214.120   245506.130
  2530:   245576.120   245701.840   245938.640   245938.320   245938.330
  2535:   245938.350   245938.240   245938.130   246188.220   246188.230
  2540:   246188.250   246188.340   246301.120   246393.130   246397.130
  2545:   246405.130   246484.130   246596.130   246603.130   246702.130
  2550:   246792.120   246883.130   246888.130   246965.120   247050.130
  2555:   247088.840   247197.640   247197.320   247197.330   247197.350
  2560:   247197.240   247197.130   247447.220   247447.230   247447.250
  2565:   247447.340   247603.130   247634.130   247641.130   247761.120
  2570:   247947.120   248142.120   248596.130   248753.130   249014.130
  2575:   249511.130   249517.130   249638.120   249770.130   249948.130
  2580:   250144.120   250208.130   250781.120   250860.130   250987.120
  2585:   251247.840   251693.120   252414.120   252518.120   252523.120
  2590:   252780.120   252995.120   253073.640   253073.320   253073.330
  2595:   253073.350   253073.240   253073.130   253323.220   253323.230
  2600:   253323.250   253323.340   253454.120   253460.120   253662.130
  2605:   253793.130   254024.130   254515.130   254553.130   254765.130
  2610:   254771.130   255074.130   255323.840   255850.640   255850.320
  2615:   255850.330   255850.350   255850.240   255850.130   256100.220
  2620:   256100.230   256100.250   256100.340   256234.120   256357.130
  2625:   256362.130   256370.130   256400.840   256552.640   256552.320
  2630:   256552.330   256552.350   256552.240   256552.130   256557.130
  2635:   256802.220   256802.230   256802.250   256802.340   256941.120
  2640:   256946.120   257058.130   257064.130   257202.840   257293.640
  2645:   257293.320   257293.330   257293.350   257293.240   257293.130
  2650:   257543.220   257543.230   257543.250   257543.340   257973.120
  2655:   258158.130   258165.130   258440.130   258447.130   258554.130
  2660:   258559.130   258982.130   259067.130   259099.130   259104.130
  2665:   259357.130   259436.120   259610.130   259683.130   259804.130
  2670:   259984.130   260212.130   260536.130   260743.740   260863.130
  2675:   260952.540   260952.320   260952.330   260952.350   260952.240
  2680:   260952.120   261202.220   261202.230   261202.250   261202.340
  2685:   261361.130   261446.120   261453.120   261558.120   261628.120
  2690:   261634.120   261844.130   261969.130   262243.840   262485.120
  2695:   262584.640   262584.320   262584.330   262584.350   262584.240
  2700:   262584.130   262592.130   262834.220   262834.230   262834.250
  2705:   262834.340   262979.120   262984.120   262991.120   263217.130
  2710:   263334.840   263477.120   263483.120   263699.120   263786.640
  2715:   263786.320   263786.330   263786.350   263786.240   263786.130
  2720:   263902.740   264036.220   264036.230   264036.250   264036.340
  2725:   264533.540   264533.320   264533.330   264533.350   264533.240
  2730:   264533.120   264545.120   264783.220   264783.230   264783.250
  2735:   264783.340   264917.120   265027.130   265034.130   265210.120
  2740:   265294.130   265300.130   265418.130   265459.130   265683.130
  2745:   265690.130   265824.130   266027.130   266121.120   266195.130
  2750:   266436.130   266442.130   266522.130   266528.130   266735.130
  2755:   266741.130   266890.130   267220.130   267505.130   267607.120
  2760:   267616.120   267636.840   267716.640   267716.320   267716.330
  2765:   267716.350   267716.240   267716.130   267966.220   267966.230
  2770:   267966.250   267966.340   268077.120   268082.120   268267.130
  2775:   268361.120   268468.130   268473.130   268793.120   269089.120
  2780:   269453.130   269617.130   269814.130   269822.130   270129.130
  2785:   270266.840   270310.120   270382.640   270382.320   270382.330
  2790:   270382.350   270382.240   270382.130   270632.220   270632.230
  2795:   270632.250   270632.340   270752.120   270758.120   270863.130
  2800:   270869.130   270877.130   270963.130   271083.130   271186.120
  2805:   271232.840   271373.120   271379.120   271474.640   271474.320
  2810:   271474.330   271474.350   271474.240   271474.130   271480.130
  2815:   271724.220   271724.230   271724.250   271724.340   271846.120
  2820:   271851.120   271857.120   271996.130   272108.130   272247.130
  2825:   272268.130   272482.130   272626.130   272660.130   272667.130
  2830:   272867.130   272874.130   272975.130   273024.840   273117.640
  2835:   273117.320   273117.330   273117.350   273117.240   273117.130
  2840:   273367.220   273367.230   273367.250   273367.340   273481.120
  2845:   273487.120   273576.130   273583.130   273613.130   273740.130
  2850:   273919.120   274189.120   274194.120   274426.120   274501.130
  2855:   274601.120   274754.130   274879.120   274962.130   275510.120
  2860:   275516.120   275591.130   275685.120   275932.130   276104.120
  2865:   276111.120   276220.120   276469.120   276867.840   277056.120
  2870:   277175.120   277181.120   277319.120   277612.120   277728.120
  2875:   277859.120   278082.640   278082.320   278082.330   278082.350
  2880:   278082.240   278082.130   278332.220   278332.230   278332.250
  2885:   278332.340   278570.130   278611.130   278867.130   278894.130
  2890:   278906.130   279156.130   279162.130   279505.130   279581.120
  2895:   279666.130   279761.130   279866.130   280035.130   280140.130
  2900:   280294.130   280332.840   280806.120   280813.120   280899.640
  2905:   280899.320   280899.330   280899.350   280899.240   280899.130
  2910:   281149.220   281149.230   281149.250   281149.340   281269.120
  2915:   281369.130   281381.130   281451.130   281480.130   281487.130
  2920:   281596.120   281792.130   281891.120   281971.130   282140.130
  2925:   282510.130   282639.120   282645.120   282827.120   282849.840
  2930:   282941.640   282941.320   282941.330   282941.350   282941.240
  2935:   282941.130   282955.130   283191.220   283191.230   283191.250
  2940:   283191.340   283429.120   283434.120   283440.120   283558.130
  2945:   283564.130   283641.130   283791.130   283796.130   283803.130
  2950:   283906.130   284029.130   284060.130   284189.120   284272.130
  2955:   284277.130   284283.740   284404.130   284491.840   284565.640
  2960:   284565.320   284565.330   284565.350   284565.240   284565.130
  2965:   284815.220   284815.230   284815.250   284815.340   284998.540
  2970:   284998.320   284998.330   284998.350   284998.240   284998.120
  2975:   285115.840   285248.220   285248.230   285248.250   285248.340
  2980:   285359.120   285365.120   285474.640   285474.320   285474.330
  2985:   285474.350   285474.240   285474.130   285479.130   285724.220
  2990:   285724.230   285724.250   285724.340   285888.120   285992.130
  2995:   286000.130   286273.130   286309.130   286316.130   286366.130
  3000:   286489.130   286675.130   286810.120   286890.130   286989.130
  3005:   287311.130   287465.130   287637.130   287643.130   287780.130
  3010:   288006.130   288012.130   288165.130   288172.130   288272.130
  3015:   288404.130   288609.120   288686.130   288817.130   288836.130
  3020:   289010.130   289240.130   289324.840   289381.120   289480.640
  3025:   289480.320   289480.330   289480.350   289480.240   289480.130
  3030:   289730.220   289730.230   289730.250   289730.340   289853.120
  3035:   289932.130   290017.130   290184.130   290313.120   290319.120
  3040:   290430.840   290556.640   290556.320   290556.330   290556.350
  3045:   290556.240   290556.130   290806.220   290806.230   290806.250
  3050:   290806.340   290925.120   291018.130   291046.130   291218.130
  3055:   291343.120   291349.120   291422.130   291553.130   291755.130
  3060:   291830.120   291912.130   291943.130   292296.130   292303.130
  3065:   292421.130   292427.130   292566.130   292749.130   292908.130
  3070:   293088.130   293206.130   293213.130   293437.120   293515.130
  3075:   293624.120   293701.130   293706.840   294227.640   294227.320
  3080:   294227.330   294227.350   294227.240   294227.130   294477.220
  3085:   294477.230   294477.250   294477.340   294620.120   294753.130
  3090:   294884.130   294911.130   295016.120   295126.130   295134.130
  3095:   295376.130   295377.840   295670.640   295670.320   295670.330
  3100:   295670.350   295670.240   295670.130   295920.220   295920.230
  3105:   295920.250   295920.340   296056.120   296148.130   296179.130
  3110:   296233.130   296352.130   296760.130   296862.120   296937.130
  3115:   297113.120   297119.120   297190.130   297542.130   297640.120
  3120:   297647.120   297839.130   297864.130   297995.130   298026.130
  3125:   298326.120   298406.130   298613.130   298621.130   298851.130
  3130:   298979.130   299128.130   299157.130   299161.130   299326.130
  3135:   299579.120   300165.130   300294.130   300307.130   300675.130
  3140:   300808.130   301026.130   301032.130   301138.130   301313.130
  3145:   301607.130   301739.130   302007.130   302052.130   302058.130
  3150:   302291.130   302473.130   302931.130   302948.740   303180.130
  3155:   303263.540   303263.320   303263.330   303263.350   303263.240
  3160:   303263.120   303513.220   303513.230   303513.250   303513.340
  3165:   303709.130   303717.130   303789.120   303800.120   303886.120
  3170:   304116.120   304281.130   304408.120   304570.120   304693.130
  3175:   305120.130   305126.130   305210.130   305217.130   305320.840
  3180:   305366.640   305366.320   305366.330   305366.350   305366.240
  3185:   305366.130   305373.130   305616.220   305616.230   305616.250
  3190:   305616.340   305807.130   305813.130   305887.120   305978.130
  3195:   305984.130   305991.130   306253.120   306354.130   306776.120
  3200:   307115.130   307216.840   307883.640   307883.320   307883.330
  3205:   307883.350   307883.240   307883.130   308133.220   308133.230
  3210:   308133.250   308133.340   308276.120   308367.130   308401.130
  3215:   308656.130   308792.130   309035.130   309289.120   309296.120
  3220:   309500.130   309601.130   310030.130   310422.130   310535.120
  3225:   310733.840   310793.640   310793.320   310793.330   310793.350
  3230:   310793.240   310793.130   311043.220   311043.230   311043.250
  3235:   311043.340   311159.120   311164.120   311252.130   311393.120
  3240:   311399.120   311489.130   311496.130   311612.120   311844.130
  3245:   311941.120   312028.130   312436.130   312566.130   312705.130
  3250:   312794.130   312800.130   312904.120   313072.120   313256.120
  3255:   313268.120   313473.130   313656.130   313777.130   313785.130
  3260:   313818.130   314033.120   314106.130   314136.130   314270.130
  3265:   314630.130   315108.130   315227.120   315444.130   315838.130
  3270:   315955.130   316095.130   316103.130   316189.120   316196.120
  3275:   316243.840   316370.640   316370.320   316370.330   316370.350
  3280:   316370.240   316370.130   316377.130   316620.220   316620.230
  3285:   316620.250   316620.340   316873.130   316937.130   317102.130
  3290:   317206.120   317481.130   317621.130   317738.130   317745.130
  3295:   318281.130   318394.130   318420.840   318530.640   318530.320
  3300:   318530.330   318530.350   318530.240   318530.130   318536.130
  3305:   318780.220   318780.230   318780.250   318780.340   318980.130
  3310:   318992.130   319109.130   319250.130   319280.130   319287.130
  3315:   319392.120   319399.120   319670.130   319698.130   319848.130
  3320:   319967.130   320084.130   320237.130   320412.130   320727.130
  3325:   320829.130   320967.130   320978.130   321214.130   321459.130
  3330:   321577.130   321585.130   321880.840   322168.120   322574.640
  3335:   322574.320   322574.330   322574.350   322574.240   322574.130
  3340:   322824.220   322824.230   322824.250   322824.340   323004.120
  3345:   323010.120   323024.840   323040.120   323047.120   323135.640
  3350:   323135.320   323135.330   323135.350   323135.240   323135.130
  3355:   323385.220   323385.230   323385.250   323385.340   323638.130
  3360:   323789.130   323800.130   323934.130   324013.740   324111.540
  3365:   324111.320   324111.330   324111.350   324111.240   324111.120
  3370:   324361.220   324361.230   324361.250   324361.340   324486.120
  3375:   324491.120   324589.130   324614.130   324620.130   324741.120
  3380:   324851.130   324858.130   325105.120   325343.130   325350.130
  3385:   325511.120   325619.130   325625.130   325847.120   325951.130
  3390:   326370.130   326390.130   326541.130   326637.130   326685.840
  3395:   326916.640   326916.320   326916.330   326916.350   326916.240
  3400:   326916.130   327166.220   327166.230   327166.250   327166.340
  3405:   327342.120   327348.120   327440.130   327543.120   327637.130
  3410:   327644.130   327807.130   327813.130   327916.120   328010.130
  3415:   328017.130   328096.130   328198.130   328375.130   328568.120
  3420:   329004.130   329123.130   329136.130   329291.130   329438.130
  3425:   329596.130   329726.130   329732.130   329977.130   330098.120
  3430:   330184.130   330566.840   330603.640   330603.320   330603.330
  3435:   330603.350   330603.240   330603.130   330853.220   330853.230
  3440:   330853.250   330853.340   330980.120   330986.120   331079.130
  3445:   331085.130   331156.130   331195.130   331201.130   331317.130
  3450:   331455.130   331760.130   331884.130   331990.120   332067.130
  3455:   332408.130   332415.130   332527.130   332757.130   332853.840
  3460:   332965.120   333149.640   333149.320   333149.330   333149.350
  3465:   333149.240   333149.130   333399.220   333399.230   333399.250
  3470:   333399.340   333540.120   333637.130   333762.130   333919.130
  3475:   334038.130   334104.130   334135.130   334265.130   334368.130
  3480:   334557.130   334777.130   334847.130   334977.130   335099.840
  3485:   335106.640   335106.320   335106.330   335106.350   335106.240
  3490:   335106.130   335356.220   335356.230   335356.250   335356.340
  3495:   335456.840   335485.120   335491.120   335571.640   335571.320
  3500:   335571.330   335571.350   335571.240   335571.130   335574.130
  3505:   335583.130   335821.220   335821.230   335821.250   335821.340
  3510:   335946.120   336072.120   336078.120   336165.130   336172.130
  3515:   336279.130   336599.130   336606.130   336747.130   336776.130
  3520:   336783.130   336858.120   336940.130   337168.120   337173.120
  3525:   337276.130   337387.130   337543.130   337722.130   337905.130
  3530:   338024.130   338143.130   338274.130   338366.120   338373.120
  3535:   338446.130   338562.130   338796.130   338894.130   338901.130
  3540:   339092.130   339121.840   339239.640   339239.320   339239.330
  3545:   339239.350   339239.240   339239.130   339489.220   339489.230
  3550:   339489.250   339489.340   339617.120   339729.130   339967.130
  3555:   339974.130   340097.130   340199.120   340396.120   340401.120
  3560:   340491.130   340639.130   340776.130   341031.130   341143.130
  3565:   341275.130   341433.130   341540.120   341657.130   341725.120
  3570:   341985.130   342080.130   342089.130   342273.130   342467.130
  3575:   342652.130   342747.130   342757.130   342968.130   343099.130
  3580:   343105.130   343290.130   343395.130   343760.130   343846.130
  3585:   343853.130   343973.120   343979.120   344045.130   344052.130
  3590:   344133.130   344157.130   344349.130   344553.130   344669.130
  3595:   344849.130   345008.130   345137.130   345281.130   345375.120
  3600:   345381.120   345473.130   345684.130   345832.130   345994.130
  3605:   345999.130   346165.130   346184.130   346289.120   346363.130
  3610:   346894.130   347004.130   347172.130   347264.130   347274.130
  3615:   347489.840   347545.640   347545.320   347545.330   347545.350
  3620:   347545.240   347545.130   347550.130   347795.220   347795.230
  3625:   347795.250   347795.340   347995.840   348072.640   348072.320
  3630:   348072.330   348072.350   348072.240   348072.130   348322.220
  3635:   348322.230   348322.250   348322.340   348469.120   348559.130
  3640:   348700.130   348736.130   348986.130   349087.120   349093.120
  3645:   349288.130   349424.130   349455.130   349585.130   349818.130
  3650:   349837.130   349949.130   350128.130   350243.130   350352.130
  3655:   350385.130   350512.130   350802.130   351222.840   351313.640
  3660:   351313.320   351313.330   351313.350   351313.240   351313.130
  3665:   351563.220   351563.230   351563.250   351563.340   351692.120
  3670:   351699.120   351796.130   351960.130   352073.130   352183.130
  3675:   352275.130   352304.130   352438.130   352509.120   352618.130
  3680:   352702.130   353452.120   353899.120   353906.120   354215.130
  3685:   354222.130   354446.130   354559.130   354893.130   355355.130
  3690:   355362.130   355481.130   355587.130   355730.120   356289.130
  3695:   356295.130   356463.840   356484.120   356489.120   356695.640
  3700:   356695.320   356695.330   356695.350   356695.240   356695.130
  3705:   356945.220   356945.230   356945.250   356945.340   357133.130
  3710:   357256.120   357363.130   358222.120   358537.130   358682.130
  3715:   358845.840   358922.640   358922.320   358922.330   358922.350
  3720:   358922.240   358922.130   359172.220   359172.230   359172.250
  3725:   359172.340   359292.120   359298.120   359376.130   359381.130
  3730:   359389.130   359516.130   359528.130   359672.840   359679.640
  3735:   359679.320   359679.330   359679.350   359679.240   359679.130
  3740:   359691.130   359929.220   359929.230   359929.250   359929.340
  3745:   360000.320   360000.330   360000.350   360000.020
C:
     0:        0.000     1042.000     1339.000       49.000       87.000
     5:        0.000
D:
     0:        0.000        0.000
L:
     0:      285.000       44.000       44.000
M:
     0:     1200.000     1201.000     1202.000     1203.000     1204.000
     5:     1205.000     1206.000     1207.000     1208.000     1209.000
    10:     1210.000     1211.000     1212.000     1213.000     1214.000
    15:     1215.000     1216.000     1217.000     1218.000     1219.000
    20:     1220.000     1221.000     1222.000     1223.000     1224.000
    25:     1225.000     1226.000     1227.000     1228.000     1229.000
    30:     1230.000     1231.000     1232.000     1233.000     1234.000
    35:     1235.000     1236.000     1237.000     1238.000     1239.000
    40:     1240.000     1241.000     1242.000     1243.000     1244.000
    45:     1245.000     1246.000     1247.000     1248.000     1249.000
    50:     1250.000     1251.000     1252.000     1253.000     1254.000
    55:     1255.000     1256.000     1257.000     1258.000     1259.000
    60:     1260.000     1261.000     1262.000     1263.000     1264.000
    65:     1265.000     1266.000     1267.000     1268.000     1269.000
    70:     1270.000     1271.000     1272.000     1273.000     1274.000
    75:     1275.000     1276.000     1277.000     1278.000     1279.000
    80:     1280.000     1281.000     1282.000     1283.000     1284.000
    85:     1285.000     1286.000     1287.000     1288.000     1289.000
    90:     1290.000     1291.000     1292.000     1293.000     1294.000
    95:     1295.000     1296.000     1297.000     1298.000     1299.000
   100:     1300.000     1301.000     1302.000     1303.000     1304.000
   105:     1305.000     1306.000     1307.000     1308.000     1309.000
   110:     1310.000     1311.000     1312.000     1313.000     1314.000
   115:     1315.000     1316.000     1317.000     1318.000     1319.000
   120:     1320.000     1321.000     1322.000     1323.000     1324.000
   125:     1325.000     1326.000     1327.000     1328.000     1329.000
   130:     1330.000     1331.000     1332.000     1333.000     1334.000
   135:     1335.000     1336.000     1337.000     1338.000     1339.000
   140:     1340.000     1341.000     1342.000     1343.000     1344.000
   145:     1345.000     1346.000     1347.000     1348.000     1349.000
   150:     1350.000     1351.000     1352.000     1353.000     1354.000
   155:     1355.000     1356.000     1357.000     1358.000     1359.000
   160:     1360.000     1361.000     1362.000     1363.000     1364.000
   165:     1365.000     1366.000     1367.000     1368.000     1369.000
   170:     1370.000     1371.000     1372.000     1373.000     1374.000
   175:     1375.000     1376.000     1377.000     1378.000     1379.000
   180:     1380.000     1381.000     1382.000     1383.000     1384.000
   185:     1385.000     1386.000     1387.000     1388.000     1389.000
   190:     1390.000     1391.000     1392.000     1393.000     1394.000
   195:     1395.000     1396.000     1397.000     1398.000     1399.000
   200:     1400.000     1401.000     1402.000     1403.000     1404.000
   205:     1405.000     1406.000     1407.000     1408.000     1409.000
   210:     1410.000     1411.000     1412.000     1413.000     1414.000
   215:     1415.000     1416.000     1417.000     1418.000     1419.000
   220:     1420.000     1421.000     1422.000     1423.000     1424.000
   225:     1425.000     1426.000     1427.000     1428.000     1429.000
   230:     1430.000     1431.000     1432.000     1433.000     1434.000
   235:     1435.000     1436.000     1437.000     1438.000     1439.000
   240:     1440.000     1441.000     1442.000     1443.000     1444.000
   245:     1445.000     1446.000     1447.000     1448.000     1449.000
   250:     1450.000     1451.000     1452.000     1453.000     1454.000
   255:     1455.000     1456.000     1457.000     1458.000     1459.000
   260:     1460.000     1461.000     1462.000     1463.000     1464.000
   265:     1465.000     1466.000     1467.000     1468.000     1469.000
   270:     1470.000     1471.000     1472.000     1473.000     1474.000
   275:     1475.000     1476.000     1477.000     1478.000     1479.000
   280:     1480.000     1481.000     1482.000     1483.000     1484.000
   285:     1485.000     1486.000     1487.000     1488.000     1489.000
   290:     1490.000     1491.000     1492.000     1493.000     1494.000
   295:     1495.000     1496.000     1497.000     1498.000     1499.000
   300:     1500.000     1501.000     1502.000     1503.000     1504.000
   305:     1505.000     1506.000     1507.000     1508.000     1509.000
   310:     1510.000     1511.000     1512.000     1513.000     1514.000
   315:     1515.000     1516.000     1517.000     1518.000     1519.000
   320:     1520.000     1521.000     1522.000     1523.000     1524.000
   325:     1525.000     1526.000     1527.000     1528.000     1529.000
   330:     1530.000     1531.000     1532.000     1533.000     1534.000
   335:     1535.000     1536.000     1537.000     1538.000     1539.000
   340:     1540.000     1541.000     1542.000     1543.000     1544.000
   345:     1545.000     1546.000     1547.000     1548.000     1549.000
   350:     1550.000     1551.000     1552.000     1553.000     1554.000
   355:     1555.000     1556.000     1557.000     1558.000     1559.000
   360:     1560.000     1561.000     1562.000     1563.000     1564.000
   365:     1565.000     1566.000     1567.000     1568.000     1569.000
   370:     1570.000     1571.000     1572.000     1573.000     1574.000
   375:     1575.000     1576.000     1577.000     1578.000     1579.000
   380:     1580.000     1581.000     1582.000     1583.000     1584.000
   385:     1585.000     1586.000     1587.000     1588.000     1589.000
   390:     1590.000     1591.000     1592.000     1593.000     1594.000
   395:     1595.000     1596.000     1597.000     1598.000     1599.000
   400:     1600.000     1601.000     1602.000     1603.000     1604.000
   405:     1605.000     1606.000     1607.000     1608.000     1609.000
   410:     1610.000     1611.000     1612.000     1613.000     1614.000
   415:     1615.000     1616.000     1617.000     1618.000     1619.000
   420:     1620.000     1621.000     1622.000     1623.000     1624.000
   425:     1625.000     1626.000     1627.000     1628.000     1629.000
   430:     1630.000     1631.000     1632.000     1633.000     1634.000
   435:     1635.000     1636.000     1637.000     1638.000     1639.000
   440:     1640.000     1641.000     1642.000     1643.000     1644.000
   445:     1645.000     1646.000     1647.000     1648.000     1649.000
   450:     1650.000     1651.000     1652.000     1653.000     1654.000
   455:     1655.000     1656.000     1657.000     1658.000     1659.000
   460:     1660.000     1661.000     1662.000     1663.000     1664.000
   465:     1665.000     1666.000     1667.000     1668.000     1669.000
   470:     1670.000     1671.000     1672.000     1673.000     1674.000
   475:     1675.000     1676.000     1677.000     1678.000     1679.000
   480:     1680.000     1681.000     1682.000     1683.000     1684.000
   485:     1685.000     1686.000     1687.000     1688.000     1689.000
   490:     1690.000     1691.000     1692.000     1693.000     1694.000
   495:     1695.000     1696.000     1697.000     1698.000     1699.000
   500:     1700.000     1701.000     1702.000     1703.000     1704.000
   505:     1705.000     1706.000     1707.000     1708.000     1709.000
   510:     1710.000     1711.000     1712.000     1713.000     1714.000
   515:     1715.000     1716.000     1717.000     1718.000     1719.000
   520:     1720.000     1721.000     1722.000     1723.000     1724.000
   525:     1725.000     1726.000     1727.000     1728.000     1729.000
   530:     1730.000     1731.000     1732.000     1733.000     1734.000
   535:     1735.000     1736.000     1737.000     1738.000     1739.000
   540:     1740.000     1741.000     1742.000     1743.000     1744.000
   545:     1745.000     1746.000     1747.000     1748.000     1749.000
   550:     1750.000     1751.000     1752.000     1753.000     1754.000
   555:     1755.000     1756.000     1757.000     1758.000     1759.000
   560:     1760.000     1761.000     1762.000     1763.000     1764.000
   565:     1765.000     1766.000     1767.000     1768.000     1769.000
   570:     1770.000     1771.000     1772.000     1773.000     1774.000
   575:     1775.000     1776.000     1777.000     1778.000     1779.000
   580:     1780.000     1781.000     1782.000     1783.000     1784.000
   585:     1785.000     1786.000     1787.000     1788.000     1789.000
   590:     1790.000     1791.000     1792.000     1793.000     1794.000
   595:     1795.000     1796.000     1797.000     1798.000     1799.000
   600:     1800.000     1801.000     1802.000     1803.000     1804.000
   605:     1805.000     1806.000     1807.000     1808.000     1809.000
   610:     1810.000     1811.000     1812.000     1813.000     1814.000
   615:     1815.000     1816.000     1817.000     1818.000     1819.000
   620:     1820.000     1821.000     1822.000     1823.000     1824.000
   625:     1825.000     1826.000     1827.000     1828.000     1829.000
   630:     1830.000     1831.000     1832.000     1833.000     1834.000
   635:     1835.000     1836.000     1837.000     1838.000     1839.000
   640:     1840.000     1841.000     1842.000     1843.000     1844.000
   645:     1845.000     1846.000     1847.000     1848.000     1849.000
   650:     1850.000     1851.000     1852.000     1853.000     1854.000
   655:     1855.000     1856.000     1857.000     1858.000     1859.000
   660:     1860.000     1861.000     1862.000     1863.000     1864.000
   665:     1865.000     1866.000     1867.000     1868.000     1869.000
   670:     1870.000     1871.000     1872.000     1873.000     1874.000
   675:     1875.000     1876.000     1877.000     1878.000     1879.000
   680:     1880.000     1881.000     1882.000     1883.000     1884.000
   685:     1885.000     1886.000     1887.000     1888.000     1889.000
   690:     1890.000     1891.000     1892.000     1893.000     1894.000
   695:     1895.000     1896.000     1897.000     1898.000     1899.000
   700:     1900.000     1901.000     1902.000     1903.000     1904.000
   705:     1905.000     1906.000     1907.000     1908.000     1909.000
   710:     1910.000     1911.000     1912.000     1913.000     1914.000
   715:     1915.000     1916.000     1917.000     1918.000     1919.000
   720:     1920.000     1921.000     1922.000     1923.000     1924.000
   725:     1925.000     1926.000     1927.000     1928.000     1929.000
   730:     1930.000     1931.000     1932.000     1933.000     1934.000
   735:     1935.000     1936.000     1937.000     1938.000     1939.000
   740:     1940.000     1941.000     1942.000     1943.000     1944.000
   745:     1945.000     1946.000     1947.000     1948.000     1949.000
   750:     1950.000     1951.000     1952.000     1953.000     1954.000
   755:     1955.000     1956.000     1957.000     1958.000     1959.000
   760:     1960.000     1961.000     1962.000     1963.000     1964.000
   765:     1965.000     1966.000     1967.000     1968.000     1969.000
   770:     1970.000     1971.000     1972.000     1973.000     1974.000
   775:     1975.000     1976.000     1977.000     1978.000     1979.000
   780:     1980.000     1981.000     1982.000     1983.000     1984.000
   785:     1985.000     1986.000     1987.000     1988.000     1989.000
   790:     1990.000     1991.000     1992.000     1993.000     1994.000
   795:     1995.000     1996.000     1997.000     1998.000     1999.000
   800:     2000.000     2001.000     2002.000     2003.000     2004.000
   805:     2005.000     2006.000     2007.000     2008.000     2009.000
   810:     2010.000     2011.000     2012.000     2013.000     2014.000
   815:     2015.000     2016.000     2017.000     2018.000     2019.000
   820:     2020.000     2021.000     2022.000     2023.000     2024.000
   825:     2025.000     2026.000     2027.000     2028.000     2029.000
   830:     2030.000     2031.000     2032.000     2033.000     2034.000
   835:     2035.000     2036.000     2037.000     2038.000     2039.000
   840:     2040.000     2041.000     2042.000     2043.000     2044.000
   845:     2045.000     2046.000     2047.000     2048.000     2049.000
   850:     2050.000     2051.000     2052.000     2053.000     2054.000
   855:     2055.000     2056.000     2057.000     2058.000     2059.000
   860:     2060.000     2061.000     2062.000     2063.000     2064.000
   865:     2065.000     2066.000     2067.000     2068.000     2069.000
   870:     2070.000     2071.000     2072.000     2073.000     2074.000
   875:     2075.000     2076.000     2077.000     2078.000     2079.000
   880:     2080.000     2081.000     2082.000     2083.000     2084.000
   885:     2085.000     2086.000     2087.000     2088.000     2089.000
   890:     2090.000     2091.000     2092.000     2093.000     2094.000
   895:     2095.000     2096.000     2097.000     2098.000     2099.000
   900:     2100.000     2101.000     2102.000     2103.000     2104.000
   905:     2105.000     2106.000     2107.000     2108.000     2109.000
   910:     2110.000     2111.000     2112.000     2113.000     2114.000
   915:     2115.000     2116.000     2117.000     2118.000     2119.000
   920:     2120.000     2121.000     2122.000     2123.000     2124.000
   925:     2125.000     2126.000     2127.000     2128.000     2129.000
   930:     2130.000     2131.000     2132.000     2133.000     2134.000
   935:     2135.000     2136.000     2137.000     2138.000     2139.000
   940:     2140.000     2141.000     2142.000     2143.000     2144.000
   945:     2145.000     2146.000     2147.000     2148.000     2149.000
   950:     2150.000     2151.000     2152.000     2153.000     2154.000
   955:     2155.000     2156.000     2157.000     2158.000     2159.000
   960:     2160.000     2161.000     2162.000     2163.000     2164.000
   965:     2165.000     2166.000     2167.000     2168.000     2169.000
   970:     2170.000     2171.000     2172.000     2173.000     2174.000
   975:     2175.000     2176.000     2177.000     2178.000     2179.000
   980:     2180.000     2181.000     2182.000     2183.000     2184.000
   985:     2185.000     2186.000     2187.000     2188.000     2189.000
   990:     2190.000     2191.000     2192.000     2193.000     2194.000
   995:     2195.000     2196.000     2197.000     2198.000     2199.000
  1000:     2200.000     2201.000     2202.000     2203.000     2204.000
  1005:     2205.000     2206.000     2207.000     2208.000     2209.000
  1010:     2210.000     2211.000     2212.000     2213.000     2214.000
  1015:     2215.000     2216.000     2217.000     2218.000     2219.000
  1020:     2220.000     2221.000     2222.000     2223.000     2224.000
  1025:     2225.000     2226.000     2227.000     2228.000     2229.000
  1030:     2230.000     2231.000     2232.000     2233.000     2234.000
  1035:     2235.000     2236.000     2237.000     2238.000     2239.000
  1040:     2240.000     2241.000     2242.000     2243.000     2244.000
  1045:     2245.000     2246.000     2247.000     2248.000     2249.000
  1050:     2250.000     2251.000     2252.000     2253.000     2254.000
  1055:     2255.000     2256.000     2257.000     2258.000     2259.000
  1060:     2260.000     2261.000     2262.000     2263.000     2264.000
  1065:     2265.000     2266.000     2267.000     2268.000     2269.000
  1070:     2270.000     2271.000     2272.000     2273.000     2274.000
  1075:     2275.000     2276.000     2277.000     2278.000     2279.000
  1080:     2280.000     2281.000     2282.000     2283.000     2284.000
  1085:     2285.000     2286.000     2287.000     2288.000     2289.000
  1090:     2290.000     2291.000     2292.000     2293.000     2294.000
  1095:     2295.000     2296.000     2297.000     2298.000     2299.000
  1100:     2300.000     2301.000     2302.000     2303.000     2304.000
  1105:     2305.000     2306.000     2307.000     2308.000     2309.000
  1110:     2310.000     2311.000     2312.000     2313.000     2314.000
  1115:     2315.000     2316.000     2317.000     2318.000     2319.000
  1120:     2320.000     2321.000     2322.000     2323.000     2324.000
  1125:     2325.000     2326.000     2327.000     2328.000     2329.000
  1130:     2330.000     2331.000     2332.000     2333.000     2334.000
  1135:     2335.000     2336.000     2337.000     2338.000     2339.000
  1140:     2340.000     2341.000     2342.000     2343.000     2344.000
  1145:     2345.000     2346.000     2347.000     2348.000     2349.000
  1150:     2350.000     2351.000     2352.000     2353.000     2354.000
  1155:     2355.000     2356.000     2357.000     2358.000     2359.000
  1160:     2360.000     2361.000     2362.000     2363.000     2364.000
  1165:     2365.000     2366.000     2367.000     2368.000     2369.000
  1170:     2370.000     2371.000     2372.000     2373.000     2374.000
  1175:     2375.000     2376.000     2377.000     2378.000     2379.000
  1180:     2380.000     2381.000     2382.000     2383.000     2384.000
  1185:     2385.000     2386.000     2387.000     2388.000     2389.000
  1190:     2390.000     2391.000     2392.000     2393.000     2394.000
  1195:     2395.000     2396.000     2397.000     2398.000     2399.000
  1200:     2400.000
N:
     0:     2700.000     2701.000     2702.000     2703.000     2704.000
     5:     2705.000     2706.000     2707.000     2708.000     2709.000
    10:     2710.000     2711.000     2712.000     2713.000     2714.000
    15:     2715.000     2716.000     2717.000     2718.000     2719.000
    20:     2720.000     2721.000     2722.000     2723.000     2724.000
    25:     2725.000     2726.000     2727.000     2728.000     2729.000
    30:     2730.000     2731.000     2732.000     2733.000     2734.000
    35:     2735.000     2736.000     2737.000     2738.000     2739.000
    40:     2740.000     2741.000     2742.000     2743.000     2744.000
    45:     2745.000     2746.000     2747.000     2748.000     2749.000
    50:     2750.000     2751.000     2752.000     2753.000     2754.000
    55:     2755.000     2756.000     2757.000     2758.000     2759.000
    60:     2760.000     2761.000     2762.000     2763.000     2764.000
    65:     2765.000     2766.000     2767.000     2768.000     2769.000
    70:     2770.000     2771.000     2772.000     2773.000     2774.000
    75:     2775.000     2776.000     2777.000     2778.000     2779.000
    80:     2780.000     2781.000     2782.000     2783.000     2784.000
    85:     2785.000     2786.000     2787.000     2788.000     2789.000
    90:     2790.000     2791.000     2792.000     2793.000     2794.000
    95:     2795.000     2796.000     2797.000     2798.000     2799.000
   100:     2800.000     2801.000     2802.000     2803.000     2804.000
   105:     2805.000     2806.000     2807.000     2808.000     2809.000
   110:     2810.000     2811.000     2812.000     2813.000     2814.000
   115:     2815.000     2816.000     2817.000     2818.000     2819.000
   120:     2820.000     2821.000     2822.000     2823.000     2824.000
   125:     2825.000     2826.000     2827.000     2828.000     2829.000
   130:     2830.000     2831.000     2832.000     2833.000     2834.000
   135:     2835.000     2836.000     2837.000     2838.000     2839.000
   140:     2840.000     2841.000     2842.000     2843.000     2844.000
   145:     2845.000     2846.000     2847.000     2848.000     2849.000
   150:     2850.000     2851.000     2852.000     2853.000     2854.000
   155:     2855.000     2856.000     2857.000     2858.000     2859.000
   160:     2860.000     2861.000     2862.000     2863.000     2864.000
   165:     2865.000     2866.000     2867.000     2868.000     2869.000
   170:     2870.000     2871.000     2872.000     2873.000     2874.000
   175:     2875.000     2876.000     2877.000     2878.000     2879.000
   180:     2880.000     2881.000     2882.000     2883.000     2884.000
   185:     2885.000     2886.000     2887.000     2888.000     2889.000
   190:     2890.000     2891.000     2892.000     2893.000     2894.000
   195:     2895.000     2896.000     2897.000     2898.000     2899.000
   200:     2900.000     2901.000     2902.000     2903.000     2904.000
   205:     2905.000     2906.000     2907.000     2908.000     2909.000
   210:     2910.000     2911.000     2912.000     2913.000     2914.000
   215:     2915.000     2916.000     2917.000     2918.000     2919.000
   220:     2920.000     2921.000     2922.000     2923.000     2924.000
   225:     2925.000     2926.000     2927.000     2928.000     2929.000
   230:     2930.000     2931.000     2932.000     2933.000     2934.000
   235:     2935.000     2936.000     2937.000     2938.000     2939.000
   240:     2940.000     2941.000     2942.000     2943.000     2944.000
   245:     2945.000     2946.000     2947.000     2948.000     2949.000
   250:     2950.000     2951.000     2952.000     2953.000     2954.000
   255:     2955.000     2956.000     2957.000     2958.000     2959.000
   260:     2960.000     2961.000     2962.000     2963.000     2964.000
   265:     2965.000     2966.000     2967.000     2968.000     2969.000
   270:     2970.000     2971.000     2972.000     2973.000     2974.000
   275:     2975.000     2976.000     2977.000     2978.000     2979.000
   280:     2980.000     2981.000     2982.000     2983.000     2984.000
   285:     2985.000     2986.000     2987.000     2988.000     2989.000
   290:     2990.000     2991.000     2992.000     2993.000     2994.000
   295:     2995.000     2996.000     2997.000     2998.000     2999.000
   300:     3000.000
R:
     0:      158.000      400.000      400.000
V:
     0:     1391.000     2779.000
W:
     0:     1391.000     2779.000
