File: C:\MED-PC IV\DATA\p530_s87_japede


Start Date: 09/24/17
End Date: 09/24/17
Subject: p530
Experiment: 0
Group: 0
Box: 8
Start Time: 15:53:18
End Time: 16:53:33
MSN: japede_L_90_90_90_R_30_30_30
B:       0.000
E:    3150.000
F:       0.000
G:       0.000
H:       0.000
I:       1.000
J:       1.000
K:       0.000
O:       0.000
P:       0.000
Q:       0.000
S:  360000.000
T:  360000.000
U:       0.000
X:       0.000
Y:       0.000
Z:       0.000
A:
     0:        0.010        0.250        0.220        0.230      944.120
     5:     1037.120     1083.120     1087.120     1141.120     1199.840
    10:     1243.120     1372.120     1475.120     1576.120     1582.120
    15:     1853.120     1951.120     2367.120     2815.120     3023.120
    20:     3072.120     3233.120     3430.120     3677.120     3768.120
    25:     4190.120     4231.120     4237.120     4301.120     4619.120
    30:     4808.640     4808.320     4808.330     4808.350     4808.240
    35:     4808.130     5058.220     5058.230     5058.250     5058.340
    40:     5515.130     5522.130     5569.130     5739.120     5743.120
    45:     5931.120     6340.120     6348.120     6454.130     6560.120
    50:     6786.120     6833.120     6949.130     7078.120     7136.120
    55:     7141.120     7247.120     7252.120     7352.130     7527.120
    60:     7658.840     7723.120     8209.120     8473.640     8473.320
    65:     8473.330     8473.350     8473.240     8473.130     8723.220
    70:     8723.230     8723.250     8723.340     9067.130     9171.120
    75:     9180.120     9294.130     9526.130     9616.120     9699.740
    80:     9925.540     9925.320     9925.330     9925.350     9925.240
    85:     9925.120    10175.220    10175.230    10175.250    10175.340
    90:    10406.130    10412.130    10520.120    10526.120    10653.130
    95:    10747.120    10860.130    10952.120    11089.130    11166.120
   100:    11427.120    11528.130    11560.130    11723.840    11744.640
   105:    11744.320    11744.330    11744.350    11744.240    11744.130
   110:    11994.220    11994.230    11994.250    11994.340    12278.120
   115:    12390.130    12395.130    12487.120    12492.120    12615.130
   120:    12699.120    12704.120    12928.120    13097.130    13182.120
   125:    13483.130    13515.130    13798.120    13805.120    13992.120
   130:    14086.130    14091.130    14180.120    14185.120    14473.130
   135:    14556.120    14679.130    14769.120    15029.130    15096.120
   140:    15283.120    15294.840    15644.120    16153.120    16158.120
   145:    16245.640    16245.320    16245.330    16245.350    16245.240
   150:    16245.130    16495.220    16495.230    16495.250    16495.340
   155:    16786.120    16900.130    16994.120    17000.120    17095.130
   160:    17185.120    17316.130    17415.120    17607.120    17638.120
   165:    17644.120    17725.130    17732.130    18098.130    18747.120
   170:    18961.120    19336.120    19643.120    19649.120    19778.130
   175:    19871.120    20036.120    20751.120    20856.130    20940.120
   180:    21116.120    21616.120    22304.120    22308.120    22443.120
   185:    22773.120    23778.130    24246.120    24394.130    24472.120
   190:    24478.120    24994.120    25156.130    25352.130    25359.130
   195:    25545.130    26055.130    26062.130    26146.120    26152.120
   200:    26495.840    26744.120    27198.640    27198.320    27198.330
   205:    27198.350    27198.240    27198.130    27448.220    27448.230
   210:    27448.250    27448.340    27611.130    27703.120    27909.120
   215:    28256.120    28261.120    28381.130    28479.120    28548.840
   220:    28672.640    28672.320    28672.330    28672.350    28672.240
   225:    28672.130    28922.220    28922.230    28922.250    28922.340
   230:    29090.130    29178.120    29573.130    29585.130    29677.120
   235:    29881.120    30070.120    30351.130    30468.120    30722.130
   240:    31133.130    31275.740    31457.130    31616.130    32089.540
   245:    32089.320    32089.330    32089.350    32089.240    32089.120
   250:    32339.220    32339.230    32339.250    32339.340    32532.130
   255:    32647.130    32679.130    32757.120    33043.130    33048.130
   260:    33057.130    33172.120    33307.130    33512.130    33516.130
   265:    33691.130    33721.130    33739.740    33911.130    33919.130
   270:    34124.540    34124.320    34124.330    34124.350    34124.240
   275:    34124.120    34139.120    34374.220    34374.230    34374.250
   280:    34374.340    34567.130    34734.130    34858.120    34997.130
   285:    35256.130    35407.120    35674.740    35681.540    35681.320
   290:    35681.330    35681.350    35681.240    35681.120    35931.220
   295:    35931.230    35931.250    35931.340    36108.130    36194.120
   300:    36198.120    36206.120    36420.120    36425.120    36591.130
   305:    36664.120    36668.120    36845.120    36939.130    37009.120
   310:    37229.130    37532.120    37991.120    38137.120    38384.130
   315:    38599.130    38692.120    39322.840    40187.120    40191.120
   320:    40198.120    40309.640    40309.320    40309.330    40309.350
   325:    40309.240    40309.130    40559.220    40559.230    40559.250
   330:    40559.340    40821.120    40924.130    41017.120    41194.120
   335:    41276.130    41358.120    41441.130    41699.120    41704.120
   340:    41942.130    42159.840    42189.120    42194.120    42443.640
   345:    42443.320    42443.330    42443.350    42443.240    42443.130
   350:    42693.220    42693.230    42693.250    42693.340    42988.120
   355:    43100.130    43472.130    43633.130    43642.130    43743.120
   360:    43793.840    44172.640    44172.320    44172.330    44172.350
   365:    44172.240    44172.130    44422.220    44422.230    44422.250
   370:    44422.340    44611.130    44689.130    44765.120    44886.130
   375:    44931.740    44980.540    44980.320    44980.330    44980.350
   380:    44980.240    44980.120    45230.220    45230.230    45230.250
   385:    45230.340    45422.840    45428.640    45428.320    45428.330
   390:    45428.350    45428.240    45428.130    45678.220    45678.230
   395:    45678.250    45678.340    45831.130    45906.120    46083.130
   400:    46173.120    46182.120    46320.130    46496.130    46575.120
   405:    46673.130    46916.120    47023.120    47285.130    47373.120
   410:    47796.130    48170.130    49301.120    49483.130    49488.130
   415:    49528.130    49677.130    50031.120    50110.130    50178.840
   420:    50183.120    50273.640    50273.320    50273.330    50273.350
   425:    50273.240    50273.130    50523.220    50523.230    50523.250
   430:    50523.340    50678.130    50781.120    50866.130    50888.130
   435:    50942.130    51034.120    51134.130    51339.130    51719.130
   440:    51930.740    52084.130    52503.540    52503.320    52503.330
   445:    52503.350    52503.240    52503.120    52753.220    52753.230
   450:    52753.250    52753.340    52908.130    53066.130    53456.120
   455:    53677.120    53760.130    53831.120    54115.130    54289.130
   460:    54453.740    54475.130    54484.130    54723.840    54760.540
   465:    54760.320    54760.330    54760.350    54760.240    54760.120
   470:    55010.220    55010.230    55010.250    55010.340    55164.640
   475:    55164.320    55164.330    55164.350    55164.240    55164.130
   480:    55168.130    55414.220    55414.230    55414.250    55414.340
   485:    55618.130    55626.130    55728.120    55991.120    55997.120
   490:    56159.120    56165.120    56556.120    56728.120    56830.130
   495:    57027.130    57032.130    57193.130    57278.120    57375.130
   500:    58060.130    58451.130    58562.120    58567.120    58655.130
   505:    58814.840    59120.120    59310.740    59383.640    59383.320
   510:    59383.330    59383.350    59383.240    59383.130    59633.220
   515:    59633.230    59633.250    59633.340    59879.130    59883.130
   520:    59959.540    59959.320    59959.330    59959.350    59959.240
   525:    59959.120    59965.120    59974.120    59980.120    60209.220
   530:    60209.230    60209.250    60209.340    60575.120    60580.120
   535:    60693.130    60698.130    60784.120    60791.120    60890.130
   540:    60963.120    60969.120    61060.130    61134.120    61233.130
   545:    61335.120    61825.130    61898.120    62061.120    62538.120
   550:    63143.130    63400.120    63480.120    63486.120    63772.130
   555:    63944.130    64103.130    64198.120    64733.130    64740.130
   560:    64926.120    64931.120    65027.120    65833.840    66001.120
   565:    66166.120    66423.640    66423.320    66423.330    66423.350
   570:    66423.240    66423.130    66673.220    66673.230    66673.250
   575:    66673.340    66827.130    66914.120    67037.130    67116.120
   580:    67122.120    67173.840    67290.120    67790.640    67790.320
   585:    67790.330    67790.350    67790.240    67790.130    68040.220
   590:    68040.230    68040.250    68040.340    68263.120    68269.120
   595:    68388.130    68469.120    68565.130    68677.120    69327.130
   600:    69458.120    69551.130    69632.120    69637.120    69727.130
   605:    70281.130    70440.840    70963.640    70963.320    70963.330
   610:    70963.350    70963.240    70963.130    71213.220    71213.230
   615:    71213.250    71213.340    71541.130    71547.130    71632.120
   620:    71728.130    71808.120    72046.120    72222.120    72399.120
   625:    72686.130    72709.130    72785.120    72874.130    72962.120
   630:    72968.120    73048.130    73242.130    73413.840    73430.640
   635:    73430.320    73430.330    73430.350    73430.240    73430.130
   640:    73680.220    73680.230    73680.250    73680.340    73849.130
   645:    73936.120    74040.130    74224.130    74417.130    74456.130
   650:    74544.120    74649.130    74837.130    74846.130    75064.130
   655:    75187.120    75380.840    75492.640    75492.320    75492.330
   660:    75492.350    75492.240    75492.130    75742.220    75742.230
   665:    75742.250    75742.340    75893.130    76064.130    76143.120
   670:    76148.120    76356.120    76440.130    76515.120    76605.130
   675:    76703.120    76811.130    77193.130    77269.120    77524.130
   680:    77610.120    77798.120    77882.130    77963.120    78140.120
   685:    78743.130    79042.840    79468.120    79698.640    79698.320
   690:    79698.330    79698.350    79698.240    79698.130    79948.220
   695:    79948.230    79948.250    79948.340    80216.120    80385.120
   700:    80391.120    80525.130    80783.120    80960.120    81055.130
   705:    81207.130    81308.120    81392.130    81448.840    81464.120
   710:    81633.120    81847.640    81847.320    81847.330    81847.350
   715:    81847.240    81847.130    82097.220    82097.230    82097.250
   720:    82097.340    82311.130    82397.120    82564.120    83017.130
   725:    83393.130    83580.130    83777.130    83946.130    84020.120
   730:    84145.130    84197.840    84248.120    84405.120    85571.120
   735:    85933.640    85933.320    85933.330    85933.350    85933.240
   740:    85933.130    85939.130    86183.220    86183.230    86183.250
   745:    86183.340    86392.130    86398.130    86481.120    86487.120
   750:    86627.130    86698.120    86703.120    86794.130    86826.130
   755:    86883.840    87223.640    87223.320    87223.330    87223.350
   760:    87223.240    87223.130    87473.220    87473.230    87473.250
   765:    87473.340    87630.130    87908.120    88087.130    88190.120
   770:    88360.120    88625.130    88714.120    88888.120    88973.840
   775:    88980.640    88980.320    88980.330    88980.350    88980.240
   780:    88980.130    89230.220    89230.230    89230.250    89230.340
   785:    89644.130    89648.130    89834.130    89987.130    90121.120
   790:    90127.120    90250.120    90416.120    90530.840    90700.640
   795:    90700.320    90700.330    90700.350    90700.240    90700.130
   800:    90950.220    90950.230    90950.250    90950.340    91094.130
   805:    91099.130    91350.840    91660.640    91660.320    91660.330
   810:    91660.350    91660.240    91660.130    91910.220    91910.230
   815:    91910.250    91910.340    92044.130    92072.130    92151.120
   820:    92250.130    92386.120    92495.130    92605.120    92839.120
   825:    92926.130    93021.120    93355.120    93443.130    94009.130
   830:    94331.130    94433.120    94526.130    94751.130    94973.130
   835:    94981.130    95246.120    95330.130    95410.840    95788.640
   840:    95788.320    95788.330    95788.350    95788.240    95788.130
   845:    96038.220    96038.230    96038.250    96038.340    96285.120
   850:    96384.130    96463.120    96538.840    96820.640    96820.320
   855:    96820.330    96820.350    96820.240    96820.130    97070.220
   860:    97070.230    97070.250    97070.340    97480.130    97576.130
   865:    97642.130    97713.120    97808.130    98096.120    98404.130
   870:    98482.120    98716.130    98818.120    98823.120    98934.130
   875:    99017.120    99100.130    99170.840    99207.120    99307.640
   880:    99307.320    99307.330    99307.350    99307.240    99307.130
   885:    99557.220    99557.230    99557.250    99557.340    99750.130
   890:    99818.120    99823.120    99916.130   100279.130   100722.120
   895:   100943.120   101205.130   101312.120   102180.130   102190.130
   900:   102282.120   102541.130   102883.130   102912.130   103109.740
   905:   103162.540   103162.320   103162.330   103162.350   103162.240
   910:   103162.120   103177.120   103412.220   103412.230   103412.250
   915:   103412.340   103557.840   103897.640   103897.320   103897.330
   920:   103897.350   103897.240   103897.130   103902.130   104147.220
   925:   104147.230   104147.250   104147.340   104375.120   104476.130
   930:   104554.120   104559.120   104647.130   104681.130   104757.120
   935:   104932.120   105198.130   105447.840   105632.120   105829.120
   940:   106065.640   106065.320   106065.330   106065.350   106065.240
   945:   106065.130   106315.220   106315.230   106315.250   106315.340
   950:   106447.130   106528.120   106841.130   106924.120   107103.130
   955:   107642.130   107990.130   108332.130   108654.130   108813.130
   960:   108912.120   109115.840   109480.120   109731.640   109731.320
   965:   109731.330   109731.350   109731.240   109731.130   109981.220
   970:   109981.230   109981.250   109981.340   110178.130   110357.130
   975:   110387.130   110561.130   110640.120   110881.120   110887.120
   980:   110966.130   110982.130   111163.130   111240.120   111336.130
   985:   111413.120   111500.130   111589.120   111670.130   111792.120
   990:   111799.120   111876.130   112066.130   112072.130   112166.120
   995:   112247.130   112724.130   113112.130   113326.130   113515.130
  1000:   113615.120   113794.120   114072.130   114212.740   114271.130
  1005:   114371.540   114371.320   114371.330   114371.350   114371.240
  1010:   114371.120   114621.220   114621.230   114621.250   114621.340
  1015:   114772.130   114777.130   114860.120   115113.130   115218.120
  1020:   115224.120   115460.130   115481.840   115526.120   115707.120
  1025:   115789.640   115789.320   115789.330   115789.350   115789.240
  1030:   115789.130   115804.130   116039.220   116039.230   116039.250
  1035:   116039.340   116216.130   116450.120   116457.120   116779.130
  1040:   116954.130   117066.120   117071.120   117228.120   117235.120
  1045:   117441.130   117469.130   117798.130   117876.120   117958.130
  1050:   118045.120   118238.130   118398.130   119022.120   119153.130
  1055:   119336.130   119732.130   120703.130   120782.120   121021.130
  1060:   121205.120   121312.130   121930.130   121957.130   122211.120
  1065:   122486.120   122675.120   122947.120   122953.120   123070.130
  1070:   123076.130   123320.120   123521.740   123646.130   124039.540
  1075:   124039.320   124039.330   124039.350   124039.240   124039.120
  1080:   124054.120   124289.220   124289.230   124289.250   124289.340
  1085:   124632.130   124849.130   125114.120   125536.120   125635.120
  1090:   126147.130   126292.130   126513.130   126612.120   127028.120
  1095:   127109.130   127499.120   127600.130   128195.130   128381.130
  1100:   128652.130   128691.130   128870.130   128877.130   129389.740
  1105:   129456.130   129530.540   129530.320   129530.330   129530.350
  1110:   129530.240   129530.120   129537.120   129543.120   129553.120
  1115:   129780.220   129780.230   129780.250   129780.340   130047.130
  1120:   130055.130   130233.130   130239.840   130424.640   130424.320
  1125:   130424.330   130424.350   130424.240   130424.130   130674.220
  1130:   130674.230   130674.250   130674.340   131047.120   131053.120
  1135:   131074.840   131160.640   131160.320   131160.330   131160.350
  1140:   131160.240   131160.130   131410.220   131410.230   131410.250
  1145:   131410.340   131777.130   132149.130   132238.120   132347.130
  1150:   132920.120   133710.840   133784.640   133784.320   133784.330
  1155:   133784.350   133784.240   133784.130   134034.220   134034.230
  1160:   134034.250   134034.340   134241.130   134247.130   134414.130
  1165:   134604.130   134773.130   134882.120   135090.130   135187.120
  1170:   135522.130   135643.130   135723.120   135845.130   136061.130
  1175:   136148.130   136245.120   136423.130   136579.120   136585.120
  1180:   136695.130   136865.130   137130.120   138029.130   138066.130
  1185:   138141.120   138323.120   138405.130   138518.120   138764.130
  1190:   138863.120   139020.130   139212.130   139418.120   139624.120
  1195:   140292.130   140525.130   140634.840   140662.640   140662.320
  1200:   140662.330   140662.350   140662.240   140662.130   140912.220
  1205:   140912.230   140912.250   140912.340   141088.130   141202.130
  1210:   141228.130   141445.130   141797.130   141884.120   141891.120
  1215:   142907.130   142911.130   142987.120   143174.120   143621.120
  1220:   144003.130   144188.130   144345.120   144557.120   144709.130
  1225:   144839.120   145061.120   145187.130   145422.130   145808.130
  1230:   145878.120   146992.120   146998.120   147120.130   147380.740
  1235:   147460.130   147467.130   147555.540   147555.320   147555.330
  1240:   147555.350   147555.240   147555.120   147805.220   147805.230
  1245:   147805.250   147805.340   147984.130   148180.130   148188.130
  1250:   148439.130   148533.120   148851.130   149126.120   149234.130
  1255:   149409.130   149498.120   149675.130   149786.120   149967.130
  1260:   150074.120   150312.840   150415.120   150420.120   150916.120
  1265:   151343.120   151598.640   151598.320   151598.330   151598.350
  1270:   151598.240   151598.130   151848.220   151848.230   151848.250
  1275:   151848.340   152004.130   152093.120   152635.130   153060.130
  1280:   153137.120   153338.130   153348.840   153416.120   153815.640
  1285:   153815.320   153815.330   153815.350   153815.240   153815.130
  1290:   154065.220   154065.230   154065.250   154065.340   154222.130
  1295:   154417.130   154805.120   154965.840   155007.640   155007.320
  1300:   155007.330   155007.350   155007.240   155007.130   155257.220
  1305:   155257.230   155257.250   155257.340   155392.130   155462.120
  1310:   155467.120   155650.120   155815.120   156120.130   156305.130
  1315:   156603.120   156610.120   157144.130   157157.840   157221.120
  1320:   157380.120   157562.120   157717.120   157853.120   158523.640
  1325:   158523.320   158523.330   158523.350   158523.240   158523.130
  1330:   158773.220   158773.230   158773.250   158773.340   159014.130
  1335:   159019.130   159099.120   159199.130   159589.130   159662.120
  1340:   159963.130   160205.130   160273.840   160291.120   160542.640
  1345:   160542.320   160542.330   160542.350   160542.240   160542.130
  1350:   160792.220   160792.230   160792.250   160792.340   161058.120
  1355:   161169.130   161175.130   161205.740   161250.540   161250.320
  1360:   161250.330   161250.350   161250.240   161250.120   161266.120
  1365:   161500.220   161500.230   161500.250   161500.340   161886.130
  1370:   161891.130   161935.130   161940.130   162011.120   162221.120
  1375:   162400.740   162427.540   162427.320   162427.330   162427.350
  1380:   162427.240   162427.120   162440.120   162677.220   162677.230
  1385:   162677.250   162677.340   162915.130   162952.130   163030.120
  1390:   163213.130   163292.120   163298.120   163478.120   163564.130
  1395:   163643.120   164213.120   164220.120   164300.130   164424.120
  1400:   164458.120   164813.120   164994.120   165092.840   165224.640
  1405:   165224.320   165224.330   165224.350   165224.240   165224.130
  1410:   165474.220   165474.230   165474.250   165474.340   165871.130
  1415:   165901.130   166073.130   166119.130   166637.120   166909.130
  1420:   166986.120   167312.130   167485.130   167629.130   167726.130
  1425:   167815.120   168003.120   168080.130   168086.130   168183.130
  1430:   168194.130   168371.120   168489.130   168520.130   168611.120
  1435:   168616.120   168728.130   168758.130   168827.120   168911.130
  1440:   169086.130   169102.130   169310.120   169591.130   169631.130
  1445:   169730.120   169811.130   169943.130   170536.130   170829.120
  1450:   171098.120   171237.130   171649.130   171676.130   171806.130
  1455:   171874.840   171897.120   173053.640   173053.320   173053.330
  1460:   173053.350   173053.240   173053.130   173303.220   173303.230
  1465:   173303.250   173303.340   173467.130   173541.120   173657.130
  1470:   173735.120   173932.130   173952.130   174023.120   174455.120
  1475:   174462.120   174597.130   174758.130   174858.120   175051.130
  1480:   175308.120   175315.120   175395.130   175428.130   175635.130
  1485:   175866.130   176084.130   176428.120   176871.120   177032.130
  1490:   177121.120   177690.120   177695.120   178011.130   178079.120
  1495:   178497.130   178506.130   178704.130   178936.130   179040.120
  1500:   179217.120   179223.120   179405.130   179509.120   179598.130
  1505:   179975.130   180003.840   180006.640   180006.320   180006.330
  1510:   180006.350   180006.240   180006.130   180256.220   180256.230
  1515:   180256.250   180256.340   180449.130   180714.130   180962.130
  1520:   181013.130   181080.120   181086.120   181254.130   181494.120
  1525:   181962.120   181968.120   182382.130   182456.840   182480.120
  1530:   182591.640   182591.320   182591.330   182591.350   182591.240
  1535:   182591.130   182841.220   182841.230   182841.250   182841.340
  1540:   182941.840   182989.640   182989.320   182989.330   182989.350
  1545:   182989.240   182989.130   183239.220   183239.230   183239.250
  1550:   183239.340   183357.130   183362.130   183526.130   183954.120
  1555:   183961.120   184215.120   184339.840   184467.120   184725.120
  1560:   184907.640   184907.320   184907.330   184907.350   184907.240
  1565:   184907.130   184917.130   185157.220   185157.230   185157.250
  1570:   185157.340   185308.130   185314.130   185372.120   185477.740
  1575:   185684.540   185684.320   185684.330   185684.350   185684.240
  1580:   185684.120   185698.120   185934.220   185934.230   185934.250
  1585:   185934.340   186066.130   186566.130   186658.120   186768.130
  1590:   186783.130   186867.120   187093.120   187098.120   187232.130
  1595:   187309.130   187316.130   187381.120   187534.120   187613.130
  1600:   187963.130   188039.120   188357.840   188381.640   188381.320
  1605:   188381.330   188381.350   188381.240   188381.130   188631.220
  1610:   188631.230   188631.250   188631.340   188841.130   189057.130
  1615:   189173.120   189323.130   189331.130   189513.130   189791.130
  1620:   189895.120   190054.130   190149.120   190399.130   190411.130
  1625:   190477.120   190483.120   190589.130   190654.120   190659.120
  1630:   190841.130   191027.130   191054.130   191119.120   191284.130
  1635:   191318.130   191409.120   191644.130   191656.130   191716.120
  1640:   191867.120   192715.130   192959.130   192964.130   193008.130
  1645:   193152.130   193325.130   193431.840   193540.640   193540.320
  1650:   193540.330   193540.350   193540.240   193540.130   193790.220
  1655:   193790.230   193790.250   193790.340   193998.130   194063.120
  1660:   194155.120   194301.120   194473.120   194707.130   194907.130
  1665:   194944.130   195006.120   195146.130   195500.130   196066.120
  1670:   196181.130   196289.120   196294.120   196434.740   196470.540
  1675:   196470.320   196470.330   196470.350   196470.240   196470.120
  1680:   196720.220   196720.230   196720.250   196720.340   196919.130
  1685:   196926.130   197249.130   197297.130   197400.120   197405.120
  1690:   197919.120   198475.130   198658.130   198919.120   198926.120
  1695:   199094.130   199207.120   199213.120   199588.130   199592.130
  1700:   199683.120   199790.840   200016.640   200016.320   200016.330
  1705:   200016.350   200016.240   200016.130   200033.130   200266.220
  1710:   200266.230   200266.250   200266.340   200451.130   200459.130
  1715:   200477.130   200559.120   200564.120   200909.130   201308.120
  1720:   201384.130   201538.130   201566.840   201801.640   201801.320
  1725:   201801.330   201801.350   201801.240   201801.130   201810.130
  1730:   202051.220   202051.230   202051.250   202051.340   202345.130
  1735:   202378.130   202649.120   202789.130   202793.130   203057.120
  1740:   203334.120   203340.120   203466.130   203576.120   203653.130
  1745:   203920.120   204030.130   204466.130   204475.130   204651.840
  1750:   204727.640   204727.320   204727.330   204727.350   204727.240
  1755:   204727.130   204739.130   204977.220   204977.230   204977.250
  1760:   204977.340   205136.130   205178.130   205251.120   205390.130
  1765:   205450.130   205524.120   205681.120   205774.130   205854.120
  1770:   205972.130   206155.130   206395.120   206648.130   206990.130
  1775:   207497.130   207502.130   207759.130   207840.120   208017.130
  1780:   208177.130   208271.120   208377.840   208497.640   208497.320
  1785:   208497.330   208497.350   208497.240   208497.130   208747.220
  1790:   208747.230   208747.250   208747.340   209204.130   209279.120
  1795:   209345.130   209353.130   209500.130   209679.130   209747.120
  1800:   209752.120   209956.130   210149.130   210247.130   210340.120
  1805:   210414.130   210512.120   210618.130   210701.120   210778.130
  1810:   210932.130   211117.130   211306.130   212065.130   212323.120
  1815:   212447.130   212458.130   212682.130   212919.130   213247.840
  1820:   213579.640   213579.320   213579.330   213579.350   213579.240
  1825:   213579.130   213829.220   213829.230   213829.250   213829.340
  1830:   214342.130   214564.120   214795.130   214973.130   215556.120
  1835:   215653.130   216184.130   216211.130   216222.130   216285.120
  1840:   216450.120   216612.130   217031.130   217038.130   217074.130
  1845:   217149.120   217261.120   217572.130   217578.130   217604.130
  1850:   217675.120   217858.120   218048.130   218057.130   218186.130
  1855:   218280.120   218653.130   218729.840   218807.640   218807.320
  1860:   218807.330   218807.350   218807.240   218807.130   219057.220
  1865:   219057.230   219057.250   219057.340   219263.120   219387.130
  1870:   219462.120   219731.130   220132.120   220412.120   220720.120
  1875:   220881.120   220887.120   221140.120   221300.130   221396.120
  1880:   221647.120   221839.130   221857.840   221925.120   221998.640
  1885:   221998.320   221998.330   221998.350   221998.240   221998.130
  1890:   222248.220   222248.230   222248.250   222248.340   222498.130
  1895:   222580.120   222714.130   222779.120   222857.130   222864.130
  1900:   223108.120   223120.740   223335.130   223361.130   223598.130
  1905:   223699.540   223699.320   223699.330   223699.350   223699.240
  1910:   223699.120   223705.120   223714.120   223949.220   223949.230
  1915:   223949.250   223949.340   224076.130   224084.130   224336.130
  1920:   224428.120   224564.120   225228.130   225240.130   225348.120
  1925:   225440.130   225602.130   225615.130   226119.130   226157.130
  1930:   226232.120   226637.120   226714.130   226801.120   227540.130
  1935:   227724.130   227947.130   227948.840   227953.640   227953.320
  1940:   227953.330   227953.350   227953.240   227953.130   227968.130
  1945:   228203.220   228203.230   228203.250   228203.340   228428.120
  1950:   228671.120   228847.120   228949.130   229103.840   229280.120
  1955:   229466.640   229466.320   229466.330   229466.350   229466.240
  1960:   229466.130   229716.220   229716.230   229716.250   229716.340
  1965:   229893.120   229899.120   230316.840   230361.120   230440.640
  1970:   230440.320   230440.330   230440.350   230440.240   230440.130
  1975:   230690.220   230690.230   230690.250   230690.340   231103.120
  1980:   231220.120   231375.130   231475.120   231685.120   231903.130
  1985:   231933.130   232097.130   232104.130   232813.130   232819.130
  1990:   232945.120   233028.130   233119.120   233480.130   233563.120
  1995:   233912.120   234318.130   234349.130   234420.120   234597.130
  2000:   234855.120   234938.130   235303.120   235309.120   235409.130
  2005:   235616.130   235749.120   235790.840   235828.640   235828.320
  2010:   235828.330   235828.350   235828.240   235828.130   236078.220
  2015:   236078.230   236078.250   236078.340   236261.120   236352.130
  2020:   236378.130   236409.130   236480.120   236486.120   236677.120
  2025:   236794.130   236867.120   237042.120   237127.130   237217.120
  2030:   237297.130   237605.130   237923.120   238105.120   238346.130
  2035:   238682.130   238965.120   239216.120   239222.120   239682.130
  2040:   239688.130   239821.120   240088.130   240155.120   240228.130
  2045:   240331.120   240528.130   240826.130   240950.120   241578.840
  2050:   241654.120   241843.640   241843.320   241843.330   241843.350
  2055:   241843.240   241843.130   241846.130   242093.220   242093.230
  2060:   242093.250   242093.340   242265.130   242332.120   242339.120
  2065:   242427.130   242477.130   242964.130   243004.130   243171.120
  2070:   243285.130   243293.840   243480.640   243480.320   243480.330
  2075:   243480.350   243480.240   243480.130   243730.220   243730.230
  2080:   243730.250   243730.340   243865.130   243876.130   244033.130
  2085:   244205.130   244704.130   244772.120   244908.130   244939.130
  2090:   245011.120   245200.130   245471.120   245626.130   245632.130
  2095:   245778.130   246124.130   246226.120   246308.130   246530.840
  2100:   246593.640   246593.320   246593.330   246593.350   246593.240
  2105:   246593.130   246843.220   246843.230   246843.250   246843.340
  2110:   247043.840   247208.640   247208.320   247208.330   247208.350
  2115:   247208.240   247208.130   247214.130   247226.130   247458.220
  2120:   247458.230   247458.250   247458.340   247948.120   248083.130
  2125:   248098.130   248136.130   248141.130   248439.130   248575.120
  2130:   248663.130   248680.130   248760.130   249068.120   249145.130
  2135:   249975.130   250008.130   250049.740   250306.130   250448.130
  2140:   250480.130   250587.130   250689.130   250694.130   250828.540
  2145:   250828.320   250828.330   250828.350   250828.240   250828.120
  2150:   250844.120   251078.220   251078.230   251078.250   251078.340
  2155:   251240.130   251513.130   251542.130   251725.130   252344.130
  2160:   252520.130   252699.130   252957.130   253099.130   253424.130
  2165:   253572.130   253663.120   253933.130   254093.130   254132.130
  2170:   254325.130   254543.130   254662.130   254669.130   254844.130
  2175:   255030.130   255205.130   255221.130   255250.130   255400.130
  2180:   255510.120   255834.130   256027.130   256080.130   256232.130
  2185:   256330.120   256454.130   256868.130   257035.130   257042.130
  2190:   257221.130   257570.130   258056.120   258062.120   258141.130
  2195:   258228.120   258234.120   258311.130   258410.120   258494.130
  2200:   258503.130   258786.120   259030.130   259035.130   259083.130
  2205:   259216.130   259299.120   259358.840   259383.640   259383.320
  2210:   259383.330   259383.350   259383.240   259383.130   259633.220
  2215:   259633.230   259633.250   259633.340   259733.840   259831.120
  2220:   259964.640   259964.320   259964.330   259964.350   259964.240
  2225:   259964.130   260214.220   260214.230   260214.250   260214.340
  2230:   260378.130   260730.130   260761.130   260927.130   261033.130
  2235:   261099.130   261405.130   261507.130   261673.130   261760.130
  2240:   261853.130   262078.740   262153.130   262343.540   262343.320
  2245:   262343.330   262343.350   262343.240   262343.120   262359.120
  2250:   262414.840   262593.220   262593.230   262593.250   262593.340
  2255:   262795.640   262795.320   262795.330   262795.350   262795.240
  2260:   262795.130   263045.220   263045.230   263045.250   263045.340
  2265:   263162.130   263261.120   263425.130   263629.130   263732.130
  2270:   263749.130   263787.130   263934.130   263996.130   264364.130
  2275:   264404.130   264819.130   264986.130   265015.130   265102.120
  2280:   265108.120   265176.130   265183.130   265347.130   265414.120
  2285:   265497.130   265724.120   266085.120   266460.130   266490.130
  2290:   266954.130   266986.130   267133.130   267553.120   267561.120
  2295:   267883.130   268011.120   268093.130   268145.840   268434.640
  2300:   268434.320   268434.330   268434.350   268434.240   268434.130
  2305:   268684.220   268684.230   268684.250   268684.340   268855.120
  2310:   268949.130   269039.120   269161.130   269237.120   269357.130
  2315:   269726.130   270631.130   270999.120   271005.120   271506.130
  2320:   271808.130   271994.130   272241.130   272393.740   272676.540
  2325:   272676.320   272676.330   272676.350   272676.240   272676.120
  2330:   272692.120   272926.220   272926.230   272926.250   272926.340
  2335:   273082.130   273092.130   273181.130   273283.120   273413.130
  2340:   273420.130   273435.130   273600.130   273684.840   274025.640
  2345:   274025.320   274025.330   274025.350   274025.240   274025.130
  2350:   274275.220   274275.230   274275.250   274275.340   274384.130
  2355:   274392.130   274471.120   274476.120   274609.130   274744.120
  2360:   274872.130   275086.130   275257.130   275720.130   275745.130
  2365:   276152.130   276275.840   276397.640   276397.320   276397.330
  2370:   276397.350   276397.240   276397.130   276647.220   276647.230
  2375:   276647.250   276647.340   276868.130   276957.120   277039.130
  2380:   277142.130   277378.130   277461.120   277541.130   277654.120
  2385:   277861.120   277867.120   277944.130   278251.130   278347.840
  2390:   278480.640   278480.320   278480.330   278480.350   278480.240
  2395:   278480.130   278730.220   278730.230   278730.250   278730.340
  2400:   278937.120   279067.130   279427.130   279647.130   279728.120
  2405:   279839.130   279928.130   279949.130   280131.130   280162.130
  2410:   280235.120   280478.130   280553.120   280638.130   280760.120
  2415:   281023.130   281221.130   281620.120   281861.130   281930.840
  2420:   281965.120   281973.120   282075.640   282075.320   282075.330
  2425:   282075.350   282075.240   282075.130   282325.220   282325.230
  2430:   282325.250   282325.340   282697.130   282864.130   283218.130
  2435:   283306.120   283325.840   283613.640   283613.320   283613.330
  2440:   283613.350   283613.240   283613.130   283863.220   283863.230
  2445:   283863.250   283863.340   284393.120   284505.130   284698.130
  2450:   284797.120   284899.130   284992.120   285189.130   285296.130
  2455:   285564.120   285652.130   285745.120   285858.130   286156.130
  2460:   286188.130   286258.120   286358.130   286452.120   286881.120
  2465:   286955.130   287319.130   287455.130   287633.120   287820.130
  2470:   288616.130   288699.120   288782.130   288956.130   289638.130
  2475:   289850.130   290029.120   290309.130   290419.130   290956.130
  2480:   291032.120   291443.120   291824.130   291924.120   292163.840
  2485:   292499.640   292499.320   292499.330   292499.350   292499.240
  2490:   292499.130   292507.130   292749.220   292749.230   292749.250
  2495:   292749.340   293153.130   293159.130   293252.120   293258.120
  2500:   293546.130   293549.840   293552.640   293552.320   293552.330
  2505:   293552.350   293552.240   293552.130   293802.220   293802.230
  2510:   293802.250   293802.340   294113.130   294126.740   294308.540
  2515:   294308.320   294308.330   294308.350   294308.240   294308.120
  2520:   294313.120   294558.220   294558.230   294558.250   294558.340
  2525:   294836.120   294919.130   294965.130   295101.130   295135.130
  2530:   295293.130   295667.130   295763.130   295873.120   295947.130
  2535:   296119.130   296606.130   296641.130   297025.120   297316.130
  2540:   297481.130   297647.130   297652.130   297737.120   298171.130
  2545:   298176.130   298249.120   298437.130   298597.120   298680.130
  2550:   298772.130   298778.130   298877.130   298969.120   299089.130
  2555:   299291.130   299321.130   299390.120   299858.740   300241.540
  2560:   300241.320   300241.330   300241.350   300241.240   300241.120
  2565:   300491.220   300491.230   300491.250   300491.340   300665.130
  2570:   300902.130   301025.130   301133.120   301254.130   301356.120
  2575:   301469.130   301615.130   301749.120   301829.130   301925.120
  2580:   302020.130   302114.130   302122.130   302208.120   302302.840
  2585:   302331.640   302331.320   302331.330   302331.350   302331.240
  2590:   302331.130   302581.220   302581.230   302581.250   302581.340
  2595:   302681.840   302732.640   302732.320   302732.330   302732.350
  2600:   302732.240   302732.130   302982.220   302982.230   302982.250
  2605:   302982.340   303161.130   303168.130   303201.130   303281.120
  2610:   303444.130   303453.130   303523.120   303640.130   303650.130
  2615:   303782.840   303994.640   303994.320   303994.330   303994.350
  2620:   303994.240   303994.130   304244.220   304244.230   304244.250
  2625:   304244.340   304500.130   304641.130   304832.130   304841.130
  2630:   304927.130   304933.130   305043.130   305048.130   305308.130
  2635:   305418.130   305615.130   305694.120   305779.130   305873.130
  2640:   306108.130   306262.130   306268.130   306305.130   306420.130
  2645:   306426.130   306511.120   306933.130   307098.130   307196.120
  2650:   307426.130   307577.120   307673.130   307678.130   307770.120
  2655:   307892.130   308075.130   308081.130   308670.120   308752.130
  2660:   309003.130   309101.130   309215.120   309415.130   309428.130
  2665:   309629.130   309638.130   310245.130   310252.130   310613.130
  2670:   310779.130   310885.120   310970.130   310999.130   311155.130
  2675:   311255.130   311356.130   311462.120   311869.130   311943.120
  2680:   311949.120   312249.130   312280.130   312753.130   312863.120
  2685:   313121.130   313224.130   313315.120   313602.130   313804.130
  2690:   314106.120   314189.130   314344.840   314475.640   314475.320
  2695:   314475.330   314475.350   314475.240   314475.130   314725.220
  2700:   314725.230   314725.250   314725.340   314920.130   314990.120
  2705:   315242.120   315339.130   315614.130   315844.130   316137.120
  2710:   316431.120   316504.130   316597.130   316706.120   316784.130
  2715:   316789.130   316887.120   317111.120   317277.130   317364.120
  2720:   317491.740   317689.540   317689.320   317689.330   317689.350
  2725:   317689.240   317689.120   317939.220   317939.230   317939.250
  2730:   317939.340   318070.130   318078.130   318163.130   318190.130
  2735:   318516.130   318737.130   318841.130   318858.130   319064.130
  2740:   319348.130   319686.130   319693.130   319847.130   319874.130
  2745:   320056.130   320451.130   320741.120   320857.130   320995.130
  2750:   321028.130   321165.130   321199.130   321312.120   321392.130
  2755:   321716.120   321739.740   321786.130   322012.130   322099.540
  2760:   322099.320   322099.330   322099.350   322099.240   322099.120
  2765:   322349.220   322349.230   322349.250   322349.340   322521.130
  2770:   322537.130   322638.120   322644.120   322845.120   323150.120
  2775:   323412.130   323437.130   323525.840   323851.640   323851.320
  2780:   323851.330   323851.350   323851.240   323851.130   323855.130
  2785:   324101.220   324101.230   324101.250   324101.340   324323.120
  2790:   324433.130   324449.740   324516.540   324516.320   324516.330
  2795:   324516.350   324516.240   324516.120   324522.120   324766.220
  2800:   324766.230   324766.250   324766.340   324925.130   324931.130
  2805:   324973.130   325085.130   325166.740   325270.130   325365.540
  2810:   325365.320   325365.330   325365.350   325365.240   325365.120
  2815:   325615.220   325615.230   325615.250   325615.340   325772.130
  2820:   325857.120   325862.120   326015.740   326033.130   326238.540
  2825:   326238.320   326238.330   326238.350   326238.240   326238.120
  2830:   326488.220   326488.230   326488.250   326488.340   326754.130
  2835:   326787.130   326916.130   327015.120   327200.130   327277.120
  2840:   327443.120   328107.130   328181.120   328262.130   328274.130
  2845:   328365.120   328445.130   328533.120   328864.120   328947.130
  2850:   328967.130   329114.130   329328.130   329553.130   329601.840
  2855:   329728.640   329728.320   329728.330   329728.350   329728.240
  2860:   329728.130   329978.220   329978.230   329978.250   329978.340
  2865:   330169.130   330242.120   330343.130   330377.130   330485.120
  2870:   330605.130   330609.130   330688.740   330704.540   330704.320
  2875:   330704.330   330704.350   330704.240   330704.120   330720.120
  2880:   330954.220   330954.230   330954.250   330954.340   331105.130
  2885:   331111.130   331193.120   331199.120   331302.130   331503.130
  2890:   331754.740   331781.540   331781.320   331781.330   331781.350
  2895:   331781.240   331781.120   331795.120   331805.120   332031.220
  2900:   332031.230   332031.250   332031.340   332170.130   332252.120
  2905:   332257.120   332438.130   332538.120   332739.130   333030.120
  2910:   333196.120   333355.120   333733.120   333965.130   334067.120
  2915:   334148.130   334302.130   334381.120   334388.120   334465.130
  2920:   334560.120   334638.130   334905.120   335332.120   335761.130
  2925:   335854.130   335860.130   336041.130   336127.130   336133.130
  2930:   336434.130   336478.840   336521.640   336521.320   336521.330
  2935:   336521.350   336521.240   336521.130   336771.220   336771.230
  2940:   336771.250   336771.340   336994.120   337255.120   337448.120
  2945:   337454.120   337625.120   337730.130   337874.130   338176.130
  2950:   338426.120   338523.130   338529.130   338670.130   338684.130
  2955:   338775.120   338971.840   339071.640   339071.320   339071.330
  2960:   339071.350   339071.240   339071.130   339321.220   339321.230
  2965:   339321.250   339321.340   339619.130   339711.120   339839.130
  2970:   339922.120   340021.130   340195.130   340366.130   340440.120
  2975:   340568.130   340808.120   340989.120   341111.130   341274.130
  2980:   341522.130   341527.130   341623.120   342020.130   342031.740
  2985:   342127.540   342127.320   342127.330   342127.350   342127.240
  2990:   342127.120   342143.120   342377.220   342377.230   342377.250
  2995:   342377.340   342529.130   342584.130   342666.130   342978.120
  3000:   342984.120   343295.120   343545.130   343736.130   343900.130
  3005:   344216.130   344302.130   344544.130   344651.120   345273.130
  3010:   345467.130   345521.840   345653.120   345948.640   345948.320
  3015:   345948.330   345948.350   345948.240   345948.130   345967.130
  3020:   346198.220   346198.230   346198.250   346198.340   346374.130
  3025:   346441.120   346447.120   346520.130   346630.120   346746.130
  3030:   346756.130   346933.130   347187.120   347283.130   347422.130
  3035:   347506.120   347512.120   347629.130   347632.130   347915.130
  3040:   348160.130   348167.130   348176.130   348335.130   348488.130
  3045:   348647.130   348717.120   348887.120   349305.130   349626.130
  3050:   349632.130   349886.120   349962.130   349967.130   350194.120
  3055:   350476.130   350481.130   350558.120   350628.130   350795.130
  3060:   350948.130   351196.120   351385.120   351468.130   351677.740
  3065:   351702.130   351798.840   351937.640   351937.320   351937.330
  3070:   351937.350   351937.240   351937.130   352187.220   352187.230
  3075:   352187.250   352187.340   352419.130   352480.540   352480.320
  3080:   352480.330   352480.350   352480.240   352480.120   352493.120
  3085:   352501.120   352730.220   352730.230   352730.250   352730.340
  3090:   352850.130   352878.130   352949.120   352955.120   353246.130
  3095:   353339.130   353429.120   353579.120   353650.130   353723.130
  3100:   353876.130   353969.130   353991.130   354070.120   354154.130
  3105:   354242.120   354317.130   354571.130   354796.120   355118.120
  3110:   355123.120   355259.120   355789.130   356146.130   356300.130
  3115:   356522.130   356674.130   356737.120   356842.120   357113.130
  3120:   357199.120   357274.130   357499.130   357593.130   357601.130
  3125:   357676.120   357787.840   357855.640   357855.320   357855.330
  3130:   357855.350   357855.240   357855.130   358105.220   358105.230
  3135:   358105.250   358105.340   358274.120   358368.130   358788.130
  3140:   358929.130   359027.120   359118.130   359198.120   359566.130
  3145:   360000.320   360000.330   360000.350   360000.020
C:
     0:        0.000      800.000     1161.000       32.000       86.000
     5:        0.000
D:
     0:        0.000        0.000
L:
     0:      111.000      111.000      111.000
M:
     0:      900.000      901.000      902.000      903.000      904.000
     5:      905.000      906.000      907.000      908.000      909.000
    10:      910.000      911.000      912.000      913.000      914.000
    15:      915.000      916.000      917.000      918.000      919.000
    20:      920.000      921.000      922.000      923.000      924.000
    25:      925.000      926.000      927.000      928.000      929.000
    30:      930.000      931.000      932.000      933.000      934.000
    35:      935.000      936.000      937.000      938.000      939.000
    40:      940.000      941.000      942.000      943.000      944.000
    45:      945.000      946.000      947.000      948.000      949.000
    50:      950.000      951.000      952.000      953.000      954.000
    55:      955.000      956.000      957.000      958.000      959.000
    60:      960.000      961.000      962.000      963.000      964.000
    65:      965.000      966.000      967.000      968.000      969.000
    70:      970.000      971.000      972.000      973.000      974.000
    75:      975.000      976.000      977.000      978.000      979.000
    80:      980.000      981.000      982.000      983.000      984.000
    85:      985.000      986.000      987.000      988.000      989.000
    90:      990.000      991.000      992.000      993.000      994.000
    95:      995.000      996.000      997.000      998.000      999.000
   100:     1000.000     1001.000     1002.000     1003.000     1004.000
   105:     1005.000     1006.000     1007.000     1008.000     1009.000
   110:     1010.000     1011.000     1012.000     1013.000     1014.000
   115:     1015.000     1016.000     1017.000     1018.000     1019.000
   120:     1020.000     1021.000     1022.000     1023.000     1024.000
   125:     1025.000     1026.000     1027.000     1028.000     1029.000
   130:     1030.000     1031.000     1032.000     1033.000     1034.000
   135:     1035.000     1036.000     1037.000     1038.000     1039.000
   140:     1040.000     1041.000     1042.000     1043.000     1044.000
   145:     1045.000     1046.000     1047.000     1048.000     1049.000
   150:     1050.000     1051.000     1052.000     1053.000     1054.000
   155:     1055.000     1056.000     1057.000     1058.000     1059.000
   160:     1060.000     1061.000     1062.000     1063.000     1064.000
   165:     1065.000     1066.000     1067.000     1068.000     1069.000
   170:     1070.000     1071.000     1072.000     1073.000     1074.000
   175:     1075.000     1076.000     1077.000     1078.000     1079.000
   180:     1080.000     1081.000     1082.000     1083.000     1084.000
   185:     1085.000     1086.000     1087.000     1088.000     1089.000
   190:     1090.000     1091.000     1092.000     1093.000     1094.000
   195:     1095.000     1096.000     1097.000     1098.000     1099.000
   200:     1100.000     1101.000     1102.000     1103.000     1104.000
   205:     1105.000     1106.000     1107.000     1108.000     1109.000
   210:     1110.000     1111.000     1112.000     1113.000     1114.000
   215:     1115.000     1116.000     1117.000     1118.000     1119.000
   220:     1120.000     1121.000     1122.000     1123.000     1124.000
   225:     1125.000     1126.000     1127.000     1128.000     1129.000
   230:     1130.000     1131.000     1132.000     1133.000     1134.000
   235:     1135.000     1136.000     1137.000     1138.000     1139.000
   240:     1140.000     1141.000     1142.000     1143.000     1144.000
   245:     1145.000     1146.000     1147.000     1148.000     1149.000
   250:     1150.000     1151.000     1152.000     1153.000     1154.000
   255:     1155.000     1156.000     1157.000     1158.000     1159.000
   260:     1160.000     1161.000     1162.000     1163.000     1164.000
   265:     1165.000     1166.000     1167.000     1168.000     1169.000
   270:     1170.000     1171.000     1172.000     1173.000     1174.000
   275:     1175.000     1176.000     1177.000     1178.000     1179.000
   280:     1180.000     1181.000     1182.000     1183.000     1184.000
   285:     1185.000     1186.000     1187.000     1188.000     1189.000
   290:     1190.000     1191.000     1192.000     1193.000     1194.000
   295:     1195.000     1196.000     1197.000     1198.000     1199.000
   300:     1200.000     1201.000     1202.000     1203.000     1204.000
   305:     1205.000     1206.000     1207.000     1208.000     1209.000
   310:     1210.000     1211.000     1212.000     1213.000     1214.000
   315:     1215.000     1216.000     1217.000     1218.000     1219.000
   320:     1220.000     1221.000     1222.000     1223.000     1224.000
   325:     1225.000     1226.000     1227.000     1228.000     1229.000
   330:     1230.000     1231.000     1232.000     1233.000     1234.000
   335:     1235.000     1236.000     1237.000     1238.000     1239.000
   340:     1240.000     1241.000     1242.000     1243.000     1244.000
   345:     1245.000     1246.000     1247.000     1248.000     1249.000
   350:     1250.000     1251.000     1252.000     1253.000     1254.000
   355:     1255.000     1256.000     1257.000     1258.000     1259.000
   360:     1260.000     1261.000     1262.000     1263.000     1264.000
   365:     1265.000     1266.000     1267.000     1268.000     1269.000
   370:     1270.000     1271.000     1272.000     1273.000     1274.000
   375:     1275.000     1276.000     1277.000     1278.000     1279.000
   380:     1280.000     1281.000     1282.000     1283.000     1284.000
   385:     1285.000     1286.000     1287.000     1288.000     1289.000
   390:     1290.000     1291.000     1292.000     1293.000     1294.000
   395:     1295.000     1296.000     1297.000     1298.000     1299.000
   400:     1300.000     1301.000     1302.000     1303.000     1304.000
   405:     1305.000     1306.000     1307.000     1308.000     1309.000
   410:     1310.000     1311.000     1312.000     1313.000     1314.000
   415:     1315.000     1316.000     1317.000     1318.000     1319.000
   420:     1320.000     1321.000     1322.000     1323.000     1324.000
   425:     1325.000     1326.000     1327.000     1328.000     1329.000
   430:     1330.000     1331.000     1332.000     1333.000     1334.000
   435:     1335.000     1336.000     1337.000     1338.000     1339.000
   440:     1340.000     1341.000     1342.000     1343.000     1344.000
   445:     1345.000     1346.000     1347.000     1348.000     1349.000
   450:     1350.000     1351.000     1352.000     1353.000     1354.000
   455:     1355.000     1356.000     1357.000     1358.000     1359.000
   460:     1360.000     1361.000     1362.000     1363.000     1364.000
   465:     1365.000     1366.000     1367.000     1368.000     1369.000
   470:     1370.000     1371.000     1372.000     1373.000     1374.000
   475:     1375.000     1376.000     1377.000     1378.000     1379.000
   480:     1380.000     1381.000     1382.000     1383.000     1384.000
   485:     1385.000     1386.000     1387.000     1388.000     1389.000
   490:     1390.000     1391.000     1392.000     1393.000     1394.000
   495:     1395.000     1396.000     1397.000     1398.000     1399.000
   500:     1400.000     1401.000     1402.000     1403.000     1404.000
   505:     1405.000     1406.000     1407.000     1408.000     1409.000
   510:     1410.000     1411.000     1412.000     1413.000     1414.000
   515:     1415.000     1416.000     1417.000     1418.000     1419.000
   520:     1420.000     1421.000     1422.000     1423.000     1424.000
   525:     1425.000     1426.000     1427.000     1428.000     1429.000
   530:     1430.000     1431.000     1432.000     1433.000     1434.000
   535:     1435.000     1436.000     1437.000     1438.000     1439.000
   540:     1440.000     1441.000     1442.000     1443.000     1444.000
   545:     1445.000     1446.000     1447.000     1448.000     1449.000
   550:     1450.000     1451.000     1452.000     1453.000     1454.000
   555:     1455.000     1456.000     1457.000     1458.000     1459.000
   560:     1460.000     1461.000     1462.000     1463.000     1464.000
   565:     1465.000     1466.000     1467.000     1468.000     1469.000
   570:     1470.000     1471.000     1472.000     1473.000     1474.000
   575:     1475.000     1476.000     1477.000     1478.000     1479.000
   580:     1480.000     1481.000     1482.000     1483.000     1484.000
   585:     1485.000     1486.000     1487.000     1488.000     1489.000
   590:     1490.000     1491.000     1492.000     1493.000     1494.000
   595:     1495.000     1496.000     1497.000     1498.000     1499.000
   600:     1500.000
N:
     0:     3300.000     3301.000     3302.000     3303.000     3304.000
     5:     3305.000     3306.000     3307.000     3308.000     3309.000
    10:     3310.000     3311.000     3312.000     3313.000     3314.000
    15:     3315.000     3316.000     3317.000     3318.000     3319.000
    20:     3320.000     3321.000     3322.000     3323.000     3324.000
    25:     3325.000     3326.000     3327.000     3328.000     3329.000
    30:     3330.000     3331.000     3332.000     3333.000     3334.000
    35:     3335.000     3336.000     3337.000     3338.000     3339.000
    40:     3340.000     3341.000     3342.000     3343.000     3344.000
    45:     3345.000     3346.000     3347.000     3348.000     3349.000
    50:     3350.000     3351.000     3352.000     3353.000     3354.000
    55:     3355.000     3356.000     3357.000     3358.000     3359.000
    60:     3360.000     3361.000     3362.000     3363.000     3364.000
    65:     3365.000     3366.000     3367.000     3368.000     3369.000
    70:     3370.000     3371.000     3372.000     3373.000     3374.000
    75:     3375.000     3376.000     3377.000     3378.000     3379.000
    80:     3380.000     3381.000     3382.000     3383.000     3384.000
    85:     3385.000     3386.000     3387.000     3388.000     3389.000
    90:     3390.000     3391.000     3392.000     3393.000     3394.000
    95:     3395.000     3396.000     3397.000     3398.000     3399.000
   100:     3400.000     3401.000     3402.000     3403.000     3404.000
   105:     3405.000     3406.000     3407.000     3408.000     3409.000
   110:     3410.000     3411.000     3412.000     3413.000     3414.000
   115:     3415.000     3416.000     3417.000     3418.000     3419.000
   120:     3420.000     3421.000     3422.000     3423.000     3424.000
   125:     3425.000     3426.000     3427.000     3428.000     3429.000
   130:     3430.000     3431.000     3432.000     3433.000     3434.000
   135:     3435.000     3436.000     3437.000     3438.000     3439.000
   140:     3440.000     3441.000     3442.000     3443.000     3444.000
   145:     3445.000     3446.000     3447.000     3448.000     3449.000
   150:     3450.000     3451.000     3452.000     3453.000     3454.000
   155:     3455.000     3456.000     3457.000     3458.000     3459.000
   160:     3460.000     3461.000     3462.000     3463.000     3464.000
   165:     3465.000     3466.000     3467.000     3468.000     3469.000
   170:     3470.000     3471.000     3472.000     3473.000     3474.000
   175:     3475.000     3476.000     3477.000     3478.000     3479.000
   180:     3480.000     3481.000     3482.000     3483.000     3484.000
   185:     3485.000     3486.000     3487.000     3488.000     3489.000
   190:     3490.000     3491.000     3492.000     3493.000     3494.000
   195:     3495.000     3496.000     3497.000     3498.000     3499.000
   200:     3500.000     3501.000     3502.000     3503.000     3504.000
   205:     3505.000     3506.000     3507.000     3508.000     3509.000
   210:     3510.000     3511.000     3512.000     3513.000     3514.000
   215:     3515.000     3516.000     3517.000     3518.000     3519.000
   220:     3520.000     3521.000     3522.000     3523.000     3524.000
   225:     3525.000     3526.000     3527.000     3528.000     3529.000
   230:     3530.000     3531.000     3532.000     3533.000     3534.000
   235:     3535.000     3536.000     3537.000     3538.000     3539.000
   240:     3540.000     3541.000     3542.000     3543.000     3544.000
   245:     3545.000     3546.000     3547.000     3548.000     3549.000
   250:     3550.000     3551.000     3552.000     3553.000     3554.000
   255:     3555.000     3556.000     3557.000     3558.000     3559.000
   260:     3560.000     3561.000     3562.000     3563.000     3564.000
   265:     3565.000     3566.000     3567.000     3568.000     3569.000
   270:     3570.000     3571.000     3572.000     3573.000     3574.000
   275:     3575.000     3576.000     3577.000     3578.000     3579.000
   280:     3580.000     3581.000     3582.000     3583.000     3584.000
   285:     3585.000     3586.000     3587.000     3588.000     3589.000
   290:     3590.000     3591.000     3592.000     3593.000     3594.000
   295:     3595.000     3596.000     3597.000     3598.000     3599.000
   300:     3600.000     3601.000     3602.000     3603.000     3604.000
   305:     3605.000     3606.000     3607.000     3608.000     3609.000
   310:     3610.000     3611.000     3612.000     3613.000     3614.000
   315:     3615.000     3616.000     3617.000     3618.000     3619.000
   320:     3620.000     3621.000     3622.000     3623.000     3624.000
   325:     3625.000     3626.000     3627.000     3628.000     3629.000
   330:     3630.000     3631.000     3632.000     3633.000     3634.000
   335:     3635.000     3636.000     3637.000     3638.000     3639.000
   340:     3640.000     3641.000     3642.000     3643.000     3644.000
   345:     3645.000     3646.000     3647.000     3648.000     3649.000
   350:     3650.000     3651.000     3652.000     3653.000     3654.000
   355:     3655.000     3656.000     3657.000     3658.000     3659.000
   360:     3660.000     3661.000     3662.000     3663.000     3664.000
   365:     3665.000     3666.000     3667.000     3668.000     3669.000
   370:     3670.000     3671.000     3672.000     3673.000     3674.000
   375:     3675.000     3676.000     3677.000     3678.000     3679.000
   380:     3680.000     3681.000     3682.000     3683.000     3684.000
   385:     3685.000     3686.000     3687.000     3688.000     3689.000
   390:     3690.000     3691.000     3692.000     3693.000     3694.000
   395:     3695.000     3696.000     3697.000     3698.000     3699.000
   400:     3700.000     3701.000     3702.000     3703.000     3704.000
   405:     3705.000     3706.000     3707.000     3708.000     3709.000
   410:     3710.000     3711.000     3712.000     3713.000     3714.000
   415:     3715.000     3716.000     3717.000     3718.000     3719.000
   420:     3720.000     3721.000     3722.000     3723.000     3724.000
   425:     3725.000     3726.000     3727.000     3728.000     3729.000
   430:     3730.000     3731.000     3732.000     3733.000     3734.000
   435:     3735.000     3736.000     3737.000     3738.000     3739.000
   440:     3740.000     3741.000     3742.000     3743.000     3744.000
   445:     3745.000     3746.000     3747.000     3748.000     3749.000
   450:     3750.000     3751.000     3752.000     3753.000     3754.000
   455:     3755.000     3756.000     3757.000     3758.000     3759.000
   460:     3760.000     3761.000     3762.000     3763.000     3764.000
   465:     3765.000     3766.000     3767.000     3768.000     3769.000
   470:     3770.000     3771.000     3772.000     3773.000     3774.000
   475:     3775.000     3776.000     3777.000     3778.000     3779.000
   480:     3780.000     3781.000     3782.000     3783.000     3784.000
   485:     3785.000     3786.000     3787.000     3788.000     3789.000
   490:     3790.000     3791.000     3792.000     3793.000     3794.000
   495:     3795.000     3796.000     3797.000     3798.000     3799.000
   500:     3800.000     3801.000     3802.000     3803.000     3804.000
   505:     3805.000     3806.000     3807.000     3808.000     3809.000
   510:     3810.000     3811.000     3812.000     3813.000     3814.000
   515:     3815.000     3816.000     3817.000     3818.000     3819.000
   520:     3820.000     3821.000     3822.000     3823.000     3824.000
   525:     3825.000     3826.000     3827.000     3828.000     3829.000
   530:     3830.000     3831.000     3832.000     3833.000     3834.000
   535:     3835.000     3836.000     3837.000     3838.000     3839.000
   540:     3840.000     3841.000     3842.000     3843.000     3844.000
   545:     3845.000     3846.000     3847.000     3848.000     3849.000
   550:     3850.000     3851.000     3852.000     3853.000     3854.000
   555:     3855.000     3856.000     3857.000     3858.000     3859.000
   560:     3860.000     3861.000     3862.000     3863.000     3864.000
   565:     3865.000     3866.000     3867.000     3868.000     3869.000
   570:     3870.000     3871.000     3872.000     3873.000     3874.000
   575:     3875.000     3876.000     3877.000     3878.000     3879.000
   580:     3880.000     3881.000     3882.000     3883.000     3884.000
   585:     3885.000     3886.000     3887.000     3888.000     3889.000
   590:     3890.000     3891.000     3892.000     3893.000     3894.000
   595:     3895.000     3896.000     3897.000     3898.000     3899.000
   600:     3900.000     3901.000     3902.000     3903.000     3904.000
   605:     3905.000     3906.000     3907.000     3908.000     3909.000
   610:     3910.000     3911.000     3912.000     3913.000     3914.000
   615:     3915.000     3916.000     3917.000     3918.000     3919.000
   620:     3920.000     3921.000     3922.000     3923.000     3924.000
   625:     3925.000     3926.000     3927.000     3928.000     3929.000
   630:     3930.000     3931.000     3932.000     3933.000     3934.000
   635:     3935.000     3936.000     3937.000     3938.000     3939.000
   640:     3940.000     3941.000     3942.000     3943.000     3944.000
   645:     3945.000     3946.000     3947.000     3948.000     3949.000
   650:     3950.000     3951.000     3952.000     3953.000     3954.000
   655:     3955.000     3956.000     3957.000     3958.000     3959.000
   660:     3960.000     3961.000     3962.000     3963.000     3964.000
   665:     3965.000     3966.000     3967.000     3968.000     3969.000
   670:     3970.000     3971.000     3972.000     3973.000     3974.000
   675:     3975.000     3976.000     3977.000     3978.000     3979.000
   680:     3980.000     3981.000     3982.000     3983.000     3984.000
   685:     3985.000     3986.000     3987.000     3988.000     3989.000
   690:     3990.000     3991.000     3992.000     3993.000     3994.000
   695:     3995.000     3996.000     3997.000     3998.000     3999.000
   700:     4000.000     4001.000     4002.000     4003.000     4004.000
   705:     4005.000     4006.000     4007.000     4008.000     4009.000
   710:     4010.000     4011.000     4012.000     4013.000     4014.000
   715:     4015.000     4016.000     4017.000     4018.000     4019.000
   720:     4020.000     4021.000     4022.000     4023.000     4024.000
   725:     4025.000     4026.000     4027.000     4028.000     4029.000
   730:     4030.000     4031.000     4032.000     4033.000     4034.000
   735:     4035.000     4036.000     4037.000     4038.000     4039.000
   740:     4040.000     4041.000     4042.000     4043.000     4044.000
   745:     4045.000     4046.000     4047.000     4048.000     4049.000
   750:     4050.000     4051.000     4052.000     4053.000     4054.000
   755:     4055.000     4056.000     4057.000     4058.000     4059.000
   760:     4060.000     4061.000     4062.000     4063.000     4064.000
   765:     4065.000     4066.000     4067.000     4068.000     4069.000
   770:     4070.000     4071.000     4072.000     4073.000     4074.000
   775:     4075.000     4076.000     4077.000     4078.000     4079.000
   780:     4080.000     4081.000     4082.000     4083.000     4084.000
   785:     4085.000     4086.000     4087.000     4088.000     4089.000
   790:     4090.000     4091.000     4092.000     4093.000     4094.000
   795:     4095.000     4096.000     4097.000     4098.000     4099.000
   800:     4100.000     4101.000     4102.000     4103.000     4104.000
   805:     4105.000     4106.000     4107.000     4108.000     4109.000
   810:     4110.000     4111.000     4112.000     4113.000     4114.000
   815:     4115.000     4116.000     4117.000     4118.000     4119.000
   820:     4120.000     4121.000     4122.000     4123.000     4124.000
   825:     4125.000     4126.000     4127.000     4128.000     4129.000
   830:     4130.000     4131.000     4132.000     4133.000     4134.000
   835:     4135.000     4136.000     4137.000     4138.000     4139.000
   840:     4140.000     4141.000     4142.000     4143.000     4144.000
   845:     4145.000     4146.000     4147.000     4148.000     4149.000
   850:     4150.000     4151.000     4152.000     4153.000     4154.000
   855:     4155.000     4156.000     4157.000     4158.000     4159.000
   860:     4160.000     4161.000     4162.000     4163.000     4164.000
   865:     4165.000     4166.000     4167.000     4168.000     4169.000
   870:     4170.000     4171.000     4172.000     4173.000     4174.000
   875:     4175.000     4176.000     4177.000     4178.000     4179.000
   880:     4180.000     4181.000     4182.000     4183.000     4184.000
   885:     4185.000     4186.000     4187.000     4188.000     4189.000
   890:     4190.000     4191.000     4192.000     4193.000     4194.000
   895:     4195.000     4196.000     4197.000     4198.000     4199.000
   900:     4200.000     4201.000     4202.000     4203.000     4204.000
   905:     4205.000     4206.000     4207.000     4208.000     4209.000
   910:     4210.000     4211.000     4212.000     4213.000     4214.000
   915:     4215.000     4216.000     4217.000     4218.000     4219.000
   920:     4220.000     4221.000     4222.000     4223.000     4224.000
   925:     4225.000     4226.000     4227.000     4228.000     4229.000
   930:     4230.000     4231.000     4232.000     4233.000     4234.000
   935:     4235.000     4236.000     4237.000     4238.000     4239.000
   940:     4240.000     4241.000     4242.000     4243.000     4244.000
   945:     4245.000     4246.000     4247.000     4248.000     4249.000
   950:     4250.000     4251.000     4252.000     4253.000     4254.000
   955:     4255.000     4256.000     4257.000     4258.000     4259.000
   960:     4260.000     4261.000     4262.000     4263.000     4264.000
   965:     4265.000     4266.000     4267.000     4268.000     4269.000
   970:     4270.000     4271.000     4272.000     4273.000     4274.000
   975:     4275.000     4276.000     4277.000     4278.000     4279.000
   980:     4280.000     4281.000     4282.000     4283.000     4284.000
   985:     4285.000     4286.000     4287.000     4288.000     4289.000
   990:     4290.000     4291.000     4292.000     4293.000     4294.000
   995:     4295.000     4296.000     4297.000     4298.000     4299.000
  1000:     4300.000     4301.000     4302.000     4303.000     4304.000
  1005:     4305.000     4306.000     4307.000     4308.000     4309.000
  1010:     4310.000     4311.000     4312.000     4313.000     4314.000
  1015:     4315.000     4316.000     4317.000     4318.000     4319.000
  1020:     4320.000     4321.000     4322.000     4323.000     4324.000
  1025:     4325.000     4326.000     4327.000     4328.000     4329.000
  1030:     4330.000     4331.000     4332.000     4333.000     4334.000
  1035:     4335.000     4336.000     4337.000     4338.000     4339.000
  1040:     4340.000     4341.000     4342.000     4343.000     4344.000
  1045:     4345.000     4346.000     4347.000     4348.000     4349.000
  1050:     4350.000     4351.000     4352.000     4353.000     4354.000
  1055:     4355.000     4356.000     4357.000     4358.000     4359.000
  1060:     4360.000     4361.000     4362.000     4363.000     4364.000
  1065:     4365.000     4366.000     4367.000     4368.000     4369.000
  1070:     4370.000     4371.000     4372.000     4373.000     4374.000
  1075:     4375.000     4376.000     4377.000     4378.000     4379.000
  1080:     4380.000     4381.000     4382.000     4383.000     4384.000
  1085:     4385.000     4386.000     4387.000     4388.000     4389.000
  1090:     4390.000     4391.000     4392.000     4393.000     4394.000
  1095:     4395.000     4396.000     4397.000     4398.000     4399.000
  1100:     4400.000     4401.000     4402.000     4403.000     4404.000
  1105:     4405.000     4406.000     4407.000     4408.000     4409.000
  1110:     4410.000     4411.000     4412.000     4413.000     4414.000
  1115:     4415.000     4416.000     4417.000     4418.000     4419.000
  1120:     4420.000     4421.000     4422.000     4423.000     4424.000
  1125:     4425.000     4426.000     4427.000     4428.000     4429.000
  1130:     4430.000     4431.000     4432.000     4433.000     4434.000
  1135:     4435.000     4436.000     4437.000     4438.000     4439.000
  1140:     4440.000     4441.000     4442.000     4443.000     4444.000
  1145:     4445.000     4446.000     4447.000     4448.000     4449.000
  1150:     4450.000     4451.000     4452.000     4453.000     4454.000
  1155:     4455.000     4456.000     4457.000     4458.000     4459.000
  1160:     4460.000     4461.000     4462.000     4463.000     4464.000
  1165:     4465.000     4466.000     4467.000     4468.000     4469.000
  1170:     4470.000     4471.000     4472.000     4473.000     4474.000
  1175:     4475.000     4476.000     4477.000     4478.000     4479.000
  1180:     4480.000     4481.000     4482.000     4483.000     4484.000
  1185:     4485.000     4486.000     4487.000     4488.000     4489.000
  1190:     4490.000     4491.000     4492.000     4493.000     4494.000
  1195:     4495.000     4496.000     4497.000     4498.000     4499.000
  1200:     4500.000
R:
     0:      333.000      333.000      333.000
V:
     0:     1075.000     3916.000
W:
     0:     1075.000     3916.000
