File: C:\MED-PC IV\DATA\p530_s80_japede


Start Date: 09/15/17
End Date: 09/15/17
Subject: p530
Experiment: 0
Group: 0
Box: 8
Start Time: 15:38:25
End Time: 16:38:49
MSN: japede_L_90_90_90_R_30_30_30
B:       0.000
E:    3685.000
F:       0.000
G:       0.000
H:       0.000
I:       1.000
J:       1.000
K:       0.000
O:       0.000
P:       0.000
Q:       0.000
S:  360000.000
T:  360000.000
U:       0.000
X:       0.000
Y:       0.000
Z:       0.000
A:
     0:        0.010        0.250        0.220        0.230      456.120
     5:      883.120      924.120      929.120     1060.120     1161.120
    10:     1168.120     1237.120     1577.120     1749.120     1754.120
    15:     1761.120     1935.120     1940.120     2099.840     2100.120
    20:     2148.120     2217.120     2470.120     2759.120     2969.120
    25:     3000.120     3006.120     3485.640     3485.320     3485.330
    30:     3485.350     3485.240     3485.130     3735.220     3735.230
    35:     3735.250     3735.340     3930.130     3934.130     4039.120
    40:     4151.120     4198.120     4542.130     4647.120     4874.120
    45:     4913.120     5019.120     5024.120     5130.130     5137.130
    50:     5228.120     5335.130     5424.120     5642.120     5649.120
    55:     5685.120     6147.120     6153.120     6223.120     6369.130
    60:     6608.130     6706.120     6711.120     6799.740     6840.130
    65:     6854.130     6941.540     6941.320     6941.330     6941.350
    70:     6941.240     6941.120     7191.220     7191.230     7191.250
    75:     7191.340     7724.130     7731.130     7773.130     7781.130
    80:     7791.130     7890.120     7894.120     7901.120     8128.120
    85:     8135.120     8261.130     8358.120     8364.120     8495.130
    90:     8585.120     8590.120     8629.120     8723.130     8826.120
    95:     8832.120     8950.130     9045.120     9050.120     9164.130
   100:     9261.120     9267.120     9384.130     9493.120     9679.120
   105:     9813.120     9819.120     9850.120     9855.120    10091.740
   110:    10112.540    10112.320    10112.330    10112.350    10112.240
   115:    10112.120    10124.120    10132.120    10362.220    10362.230
   120:    10362.250    10362.340    10560.130    10598.130    10783.120
   125:    10787.120    10793.120    10910.130    11028.120    11035.120
   130:    11157.130    11162.130    11261.120    11536.130    11629.120
   135:    11817.120    11823.120    12003.120    12133.130    12214.120
   140:    12220.120    12456.120    12461.120    12622.120    12627.120
   145:    12811.120    12942.130    13036.120    13194.120    13435.840
   150:    13579.120    13749.120    13895.640    13895.320    13895.330
   155:    13895.350    13895.240    13895.130    13904.130    14145.220
   160:    14145.230    14145.250    14145.340    14345.840    14528.640
   165:    14528.320    14528.330    14528.350    14528.240    14528.130
   170:    14778.220    14778.230    14778.250    14778.340    14935.130
   175:    15022.120    15027.120    15279.130    15363.120    15368.120
   180:    15597.120    15603.120    15758.120    15778.840    15867.640
   185:    15867.320    15867.330    15867.350    15867.240    15867.130
   190:    16117.220    16117.230    16117.250    16117.340    16503.120
   195:    16508.120    16721.120    16872.130    17130.120    17296.120
   200:    17473.120    17798.120    18141.120    18236.130    18340.120
   205:    18446.130    18532.120    18630.130    19004.130    19253.120
   210:    19317.840    19443.120    19539.640    19539.320    19539.330
   215:    19539.350    19539.240    19539.130    19789.220    19789.230
   220:    19789.250    19789.340    20084.130    20089.130    20098.130
   225:    20126.130    20151.130    20231.120    20238.120    20399.130
   230:    20406.130    20588.130    20762.130    20878.120    21046.120
   235:    21052.120    21209.120    21316.130    21396.120    21563.120
   240:    21661.130    21667.130    21920.120    22079.120    22170.130
   245:    22418.120    22733.120    22842.130    23167.130    23235.120
   250:    23412.120    23885.120    25394.120    26043.120    26162.740
   255:    26668.540    26668.320    26668.330    26668.350    26668.240
   260:    26668.120    26683.120    26918.220    26918.230    26918.250
   265:    26918.340    27089.130    27239.130    27617.130    27662.130
   270:    27668.130    27757.120    28329.120    28643.120    29176.120
   275:    29208.120    29518.740    29547.540    29547.320    29547.330
   280:    29547.350    29547.240    29547.120    29561.120    29797.220
   285:    29797.230    29797.250    29797.340    29978.130    30121.130
   290:    30489.130    30496.130    30700.120    30789.840    30938.120
   295:    31028.640    31028.320    31028.330    31028.350    31028.240
   300:    31028.130    31278.220    31278.230    31278.250    31278.340
   305:    31510.130    31518.130    31625.120    31731.130    31989.120
   310:    32211.120    32541.120    32547.120    32645.130    32706.120
   315:    32978.840    33085.120    33284.120    33544.640    33544.320
   320:    33544.330    33544.350    33544.240    33544.130    33794.220
   325:    33794.230    33794.250    33794.340    33994.840    34016.640
   330:    34016.320    34016.330    34016.350    34016.240    34016.130
   335:    34266.220    34266.230    34266.250    34266.340    34432.130
   340:    34520.120    34748.130    34838.120    35075.130    35245.130
   345:    35405.130    35888.120    36295.130    36398.120    36556.120
   350:    36832.130    36966.840    37094.120    37414.120    37873.120
   355:    38051.120    39702.640    39702.320    39702.330    39702.350
   360:    39702.240    39702.130    39952.220    39952.230    39952.250
   365:    39952.340    40177.130    40219.130    40226.130    40309.120
   370:    40514.120    40881.130    41198.130    41516.130    41915.120
   375:    41952.840    42303.640    42303.320    42303.330    42303.350
   380:    42303.240    42303.130    42553.220    42553.230    42553.250
   385:    42553.340    42931.120    43098.120    43190.130    43492.120
   390:    43648.120    43814.120    43970.120    44253.840    44987.120
   395:    45146.120    45342.120    45595.640    45595.320    45595.330
   400:    45595.350    45595.240    45595.130    45845.220    45845.230
   405:    45845.250    45845.340    46037.130    46044.130    46136.120
   410:    46324.120    46416.130    46497.120    46584.130    46756.130
   415:    46831.130    47645.840    47724.120    48104.640    48104.320
   420:    48104.330    48104.350    48104.240    48104.130    48354.220
   425:    48354.230    48354.250    48354.340    48654.840    48769.640
   430:    48769.320    48769.330    48769.350    48769.240    48769.130
   435:    48797.740    49019.220    49019.230    49019.250    49019.340
   440:    49508.540    49508.320    49508.330    49508.350    49508.240
   445:    49508.120    49519.840    49758.220    49758.230    49758.250
   450:    49758.340    49894.640    49894.320    49894.330    49894.350
   455:    49894.240    49894.130    50144.220    50144.230    50144.250
   460:    50144.340    50258.740    50266.130    50281.130    50292.130
   465:    50374.540    50374.320    50374.330    50374.350    50374.240
   470:    50374.120    50380.120    50388.120    50398.120    50624.220
   475:    50624.230    50624.250    50624.340    50744.840    51138.120
   480:    51142.120    51308.120    51314.120    51431.120    51521.640
   485:    51521.320    51521.330    51521.350    51521.240    51521.130
   490:    51771.220    51771.230    51771.250    51771.340    52220.120
   495:    52459.120    52464.120    52609.120    52771.120    52861.130
   500:    52937.120    53176.130    53414.120    53529.130    53615.120
   505:    54387.130    55081.130    55171.840    55177.120    55429.640
   510:    55429.320    55429.330    55429.350    55429.240    55429.130
   515:    55679.220    55679.230    55679.250    55679.340    55802.130
   520:    55917.120    56075.120    56331.130    56410.120    56725.120
   525:    57229.120    57454.130    57524.740    57639.130    57860.130
   530:    58050.130    58144.540    58144.320    58144.330    58144.350
   535:    58144.240    58144.120    58151.120    58394.220    58394.230
   540:    58394.250    58394.340    58604.120    58709.130    58783.120
   545:    58909.130    59008.120    59109.130    59183.120    59321.120
   550:    59406.130    59799.120    60715.120    60925.120    61183.130
   555:    61361.130    61694.740    61771.540    61771.320    61771.330
   560:    61771.350    61771.240    61771.120    61786.120    62021.220
   565:    62021.230    62021.250    62021.340    62184.130    62385.130
   570:    62396.130    62743.130    62838.120    62921.740    63465.540
   575:    63465.320    63465.330    63465.350    63465.240    63465.120
   580:    63479.120    63579.840    63715.220    63715.230    63715.250
   585:    63715.340    63844.640    63844.320    63844.330    63844.350
   590:    63844.240    63844.130    63860.130    64015.740    64094.220
   595:    64094.230    64094.250    64094.340    64286.130    64305.130
   600:    64803.540    64803.320    64803.330    64803.350    64803.240
   605:    64803.120    65053.220    65053.230    65053.250    65053.340
   610:    65263.120    65382.130    65504.120    65758.130    65854.120
   615:    65945.130    66094.840    66225.120    66324.640    66324.320
   620:    66324.330    66324.350    66324.240    66324.130    66574.220
   625:    66574.230    66574.250    66574.340    66783.130    66856.120
   630:    67023.120    67126.130    67293.130    67840.120    67963.130
   635:    68050.120    68230.120    68318.130    68462.130    68553.740
   640:    68564.540    68564.320    68564.330    68564.350    68564.240
   645:    68564.120    68578.120    68814.220    68814.230    68814.250
   650:    68814.340    69217.130    69316.120    69480.120    69879.130
   655:    69959.120    70062.130    70537.120    70646.130    70674.840
   660:    71588.120    71828.120    72014.740    72263.640    72263.320
   665:    72263.330    72263.350    72263.240    72263.130    72513.220
   670:    72513.230    72513.250    72513.340    72776.540    72776.320
   675:    72776.330    72776.350    72776.240    72776.120    73026.220
   680:    73026.230    73026.250    73026.340    73311.120    73413.840
   685:    73432.640    73432.320    73432.330    73432.350    73432.240
   690:    73432.130    73682.220    73682.230    73682.250    73682.340
   695:    73866.120    74059.120    74182.130    74277.120    74425.120
   700:    74674.130    74746.120    74751.120    75136.120    75299.120
   705:    75391.130    75482.840    75968.120    76063.640    76063.320
   710:    76063.330    76063.350    76063.240    76063.130    76069.130
   715:    76313.220    76313.230    76313.250    76313.340    76513.840
   720:    76554.640    76554.320    76554.330    76554.350    76554.240
   725:    76554.130    76804.220    76804.230    76804.250    76804.340
   730:    76963.130    76967.130    77056.120    77182.130    77204.840
   735:    77274.120    77436.120    77602.120    77919.120    78333.640
   740:    78333.320    78333.330    78333.350    78333.240    78333.130
   745:    78583.220    78583.230    78583.250    78583.340    78738.130
   750:    78826.740    78830.540    78830.320    78830.330    78830.350
   755:    78830.240    78830.120    79080.220    79080.230    79080.250
   760:    79080.340    79199.130    79205.130    79284.120    79451.120
   765:    79457.120    79663.120    79680.740    79833.540    79833.320
   770:    79833.330    79833.350    79833.240    79833.120    80083.220
   775:    80083.230    80083.250    80083.340    80293.130    80300.130
   780:    80394.120    80483.840    80524.640    80524.320    80524.330
   785:    80524.350    80524.240    80524.130    80774.220    80774.230
   790:    80774.250    80774.340    80922.130    81039.120    81159.130
   795:    81259.120    81687.120    82074.840    82211.120    82317.640
   800:    82317.320    82317.330    82317.350    82317.240    82317.130
   805:    82567.220    82567.230    82567.250    82567.340    82784.130
   810:    82790.130    82867.840    82870.120    82876.120    83001.640
   815:    83001.320    83001.330    83001.350    83001.240    83001.130
   820:    83251.220    83251.230    83251.250    83251.340    83351.840
   825:    83371.640    83371.320    83371.330    83371.350    83371.240
   830:    83371.130    83621.220    83621.230    83621.250    83621.340
   835:    83782.130    83796.130    83827.130    83833.130    84033.130
   840:    84192.120    84323.120    84640.120    84807.120    84985.120
   845:    85157.120    85277.130    85316.130    85417.120    85512.130
   850:    85579.120    85969.130    86125.130    86247.120    86405.130
   855:    86482.120    86589.130    86994.120    87121.840    87168.120
   860:    87174.120    87530.120    87771.640    87771.320    87771.330
   865:    87771.350    87771.240    87771.130    88021.220    88021.230
   870:    88021.250    88021.340    88234.130    88470.120    88631.120
   875:    88733.130    88882.130    89218.130    89317.120    89648.120
   880:    89798.120    90012.130    90113.120    90208.130    90214.130
   885:    90587.130    90660.120    90788.130    90821.840    90873.120
   890:    90983.640    90983.320    90983.330    90983.350    90983.240
   895:    90983.130    91233.220    91233.230    91233.250    91233.340
   900:    91373.130    91383.740    91433.840    91446.540    91446.320
   905:    91446.330    91446.350    91446.240    91446.120    91696.220
   910:    91696.230    91696.250    91696.340    91884.640    91884.320
   915:    91884.330    91884.350    91884.240    91884.130    92134.220
   920:    92134.230    92134.250    92134.340    92302.130    92421.120
   925:    92588.130    92658.120    92813.120    93180.120    93262.130
   930:    93473.120    93867.130    94021.130    94190.130    94356.130
   935:    94428.120    94674.130    94753.120    94758.120    94863.130
   940:    95582.120    95666.130    95740.120    95907.120    96076.120
   945:    96334.840    96902.120    96999.640    96999.320    96999.330
   950:    96999.350    96999.240    96999.130    97249.220    97249.230
   955:    97249.250    97249.340    97461.120    97556.130    97561.130
   960:    98130.130    98221.120    98316.130    98473.130    98547.120
   965:    98643.130    98799.130    98871.120    98996.130    99168.130
   970:    99251.120    99506.130    99660.130    99748.120    99939.130
   975:   100440.130   100896.740   100911.540   100911.320   100911.330
   980:   100911.350   100911.240   100911.120   100928.120   101161.220
   985:   101161.230   101161.250   101161.340   101297.130   101321.130
   990:   101349.840   101430.640   101430.320   101430.330   101430.350
   995:   101430.240   101430.130   101680.220   101680.230   101680.250
  1000:   101680.340   101807.130   101960.120   102054.130   102155.120
  1005:   102286.130   102437.130   102516.120   102639.130   102690.130
  1010:   102926.120   103036.130   103075.130   103171.120   103276.130
  1015:   103352.120   103531.120   103580.840   103702.120   103789.640
  1020:   103789.320   103789.330   103789.350   103789.240   103789.130
  1025:   104039.220   104039.230   104039.250   104039.340   104216.130
  1030:   104222.130   104253.130   104379.120   104544.120   104640.130
  1035:   104914.120   105067.120   105231.120   105389.120   105628.130
  1040:   105946.130   106056.120   106063.120   106095.120   106261.740
  1045:   106540.540   106540.320   106540.330   106540.350   106540.240
  1050:   106540.120   106556.120   106790.220   106790.230   106790.250
  1055:   106790.340   106952.130   107086.130   107162.130   107169.130
  1060:   107304.130   107383.120   107505.130   107750.120   108087.120
  1065:   108093.120   108270.120   108435.120   108615.120   108841.130
  1070:   109268.130   109281.130   109372.120   109468.130   109714.120
  1075:   109719.120   109989.130   110090.740   110139.840   110478.640
  1080:   110478.320   110478.330   110478.350   110478.240   110478.130
  1085:   110728.220   110728.230   110728.250   110728.340   110894.130
  1090:   110996.540   110996.320   110996.330   110996.350   110996.240
  1095:   110996.120   111010.120   111018.120   111246.220   111246.230
  1100:   111246.250   111246.340   111328.840   111516.120   111750.120
  1105:   112180.640   112180.320   112180.330   112180.350   112180.240
  1110:   112180.130   112430.220   112430.230   112430.250   112430.340
  1115:   112675.120   112761.130   113097.130   113104.130   113180.120
  1120:   113186.120   113281.130   113490.120   113586.130   113646.740
  1125:   113747.130   113830.840   114006.540   114006.320   114006.330
  1130:   114006.350   114006.240   114006.120   114023.120   114256.220
  1135:   114256.230   114256.250   114256.340   114438.640   114438.320
  1140:   114438.330   114438.350   114438.240   114438.130   114688.220
  1145:   114688.230   114688.250   114688.340   114851.130   114939.130
  1150:   115020.120   115026.120   115191.130   115200.130   115299.120
  1155:   115305.120   115382.130   115389.130   115467.120   115552.130
  1160:   115629.120   115875.120   116237.120   116392.120   116619.130
  1165:   116717.120   116732.120   116897.120   117076.130   117084.130
  1170:   117164.120   117346.120   117581.130   117995.130   118027.130
  1175:   118088.840   118100.120   118106.120   118345.640   118345.320
  1180:   118345.330   118345.350   118345.240   118345.130   118595.220
  1185:   118595.230   118595.250   118595.340   118834.120   118948.130
  1190:   119028.120   119304.130   119440.130   119593.130   119703.130
  1195:   119924.130   119932.130   120116.130   120203.120   120348.120
  1200:   120439.130   121002.120   121174.120   121617.120   121787.130
  1205:   121889.120   122090.120   122750.120   122755.120   122990.130
  1210:   123019.130   123089.120   123420.120   123681.130   124595.840
  1215:   124723.640   124723.320   124723.330   124723.350   124723.240
  1220:   124723.130   124973.220   124973.230   124973.250   124973.340
  1225:   125252.130   125409.120   125589.130   125669.120   125676.120
  1230:   125821.130   126029.130   126067.130   126151.120   126268.130
  1235:   126288.130   126324.130   126419.120   126521.130   126612.120
  1240:   126927.130   127026.120   127235.130   127324.120   127412.130
  1245:   127560.130   127633.120   127815.130   127934.130   128019.120
  1250:   128218.120   128494.130   128649.130   128747.120   128955.130
  1255:   129155.130   129230.120   129323.130   129333.130   129673.840
  1260:   129939.120   130270.640   130270.320   130270.330   130270.350
  1265:   130270.240   130270.130   130520.220   130520.230   130520.250
  1270:   130520.340   130846.120   131093.130   131181.120   131316.130
  1275:   131405.120   131507.130   131577.120   131675.130   131881.130
  1280:   131920.840   132314.640   132314.320   132314.330   132314.350
  1285:   132314.240   132314.130   132564.220   132564.230   132564.250
  1290:   132564.340   132664.840   132718.640   132718.320   132718.330
  1295:   132718.350   132718.240   132718.130   132968.220   132968.230
  1300:   132968.250   132968.340   133148.130   133154.130   133192.130
  1305:   133269.120   133430.120   133619.120   133738.130   133833.120
  1310:   133988.130   134083.120   134279.120   134550.120   134872.120
  1315:   134879.120   135123.120   135218.130   135224.130   135640.120
  1320:   136166.120   136427.120   136434.120   136677.120   136789.130
  1325:   136865.120   136978.130   137187.120   137193.120   137521.130
  1330:   137802.130   137898.120   138531.130   138656.740   138698.130
  1335:   139019.130   139106.540   139106.320   139106.330   139106.350
  1340:   139106.240   139106.120   139120.120   139356.220   139356.230
  1345:   139356.250   139356.340   139506.130   139517.130   139524.130
  1350:   139655.130   139765.120   139868.840   139949.120   140779.120
  1355:   140946.120   141037.640   141037.320   141037.330   141037.350
  1360:   141037.240   141037.130   141287.220   141287.230   141287.250
  1365:   141287.340   141542.120   141665.130   141787.840   141901.120
  1370:   142057.120   142456.740   142579.540   142579.320   142579.330
  1375:   142579.350   142579.240   142579.120   142829.220   142829.230
  1380:   142829.250   142829.340   142998.640   142998.320   142998.330
  1385:   142998.350   142998.240   142998.130   143248.220   143248.230
  1390:   143248.250   143248.340   143377.130   143383.130   143461.120
  1395:   143619.120   143625.120   143744.130   143819.120   143898.130
  1400:   143984.120   144137.120   144231.130   144490.120   144498.120
  1405:   144617.130   145297.120   145411.130   145936.120   146147.130
  1410:   146291.130   146525.120   147079.130   147125.130   147192.120
  1415:   147360.120   147365.120   147948.840   147977.120   148076.640
  1420:   148076.320   148076.330   148076.350   148076.240   148076.130
  1425:   148326.220   148326.230   148326.250   148326.340   148519.120
  1430:   148611.130   148697.120   148703.120   148856.120   148950.130
  1435:   149021.120   149268.130   149349.120   149790.120   150020.130
  1440:   150103.120   150290.120   150550.120   150987.130   151064.120
  1445:   151455.130   151977.130   152066.120   152465.120   152829.120
  1450:   153208.120   153214.120   153226.840   153416.640   153416.320
  1455:   153416.330   153416.350   153416.240   153416.130   153666.220
  1460:   153666.230   153666.250   153666.340   153815.130   153821.130
  1465:   153900.130   153971.120   154299.120   154520.130   154705.130
  1470:   154792.120   154944.120   155166.130   155269.120   155417.120
  1475:   155546.120   155719.120   155855.120   155942.130   156515.130
  1480:   156933.120   157118.130   157123.130   157164.130   157323.130
  1485:   157552.130   158146.130   158180.130   158422.130   159074.130
  1490:   159260.130   159329.740   159632.130   159869.130   160189.130
  1495:   160468.130   160571.540   160571.320   160571.330   160571.350
  1500:   160571.240   160571.120   160821.220   160821.230   160821.250
  1505:   160821.340   160980.130   160993.130   161006.130   161038.130
  1510:   161159.120   161298.130   161366.840   161383.640   161383.320
  1515:   161383.330   161383.350   161383.240   161383.130   161633.220
  1520:   161633.230   161633.250   161633.340   161760.130   161770.130
  1525:   162167.130   162279.120   162633.840   163076.120   163706.640
  1530:   163706.320   163706.330   163706.350   163706.240   163706.130
  1535:   163956.220   163956.230   163956.250   163956.340   164326.120
  1540:   165000.120   165116.130   165218.120   165315.130   165453.130
  1545:   165557.120   165564.120   165712.120   165828.130   165906.120
  1550:   166227.120   166422.120   166901.130   167362.130   167444.120
  1555:   167450.120   167645.130   168007.130   168121.740   168255.540
  1560:   168255.320   168255.330   168255.350   168255.240   168255.120
  1565:   168270.120   168505.220   168505.230   168505.250   168505.340
  1570:   168655.130   168759.130   169058.130   169722.120   169884.130
  1575:   169968.120   170232.130   170721.120   170896.130   171203.120
  1580:   171375.120   171456.840   171519.640   171519.320   171519.330
  1585:   171519.350   171519.240   171519.130   171769.220   171769.230
  1590:   171769.250   171769.340   171922.130   171932.130   171963.130
  1595:   172045.130   172183.120   172352.130   172369.840   172555.120
  1600:   172838.120   173358.120   173557.640   173557.320   173557.330
  1605:   173557.350   173557.240   173557.130   173807.220   173807.230
  1610:   173807.250   173807.340   173982.130   174005.740   174060.540
  1615:   174060.320   174060.330   174060.350   174060.240   174060.120
  1620:   174073.120   174083.120   174310.220   174310.230   174310.250
  1625:   174310.340   174459.130   174462.130   174477.130   174565.120
  1630:   174687.130   174718.130   174736.130   174743.130   174807.840
  1635:   174810.740   174825.540   174825.320   174825.330   174825.350
  1640:   174825.240   174825.120   174839.120   175075.220   175075.230
  1645:   175075.250   175075.340   175238.640   175238.320   175238.330
  1650:   175238.350   175238.240   175238.130   175247.130   175488.220
  1655:   175488.230   175488.250   175488.340   175621.130   175651.130
  1660:   175710.130   175782.120   175935.130   176000.120   176006.120
  1665:   176181.120   176297.130   176382.120   176542.120   176548.120
  1670:   176832.130   176907.120   177098.120   177434.120   177569.120
  1675:   177866.120   177875.120   178285.120   178385.130   178644.120
  1680:   178733.130   178807.120   178814.120   178991.130   179236.120
  1685:   179624.130   179722.120   179817.130   179895.120   180059.120
  1690:   180288.840   180363.120   180451.640   180451.320   180451.330
  1695:   180451.350   180451.240   180451.130   180701.220   180701.230
  1700:   180701.250   180701.340   180846.130   180857.130   180892.130
  1705:   180958.120   181125.120   181219.130   181497.120   181730.120
  1710:   181875.740   182002.540   182002.320   182002.330   182002.350
  1715:   182002.240   182002.120   182016.120   182024.120   182252.220
  1720:   182252.230   182252.250   182252.340   182390.130   182470.120
  1725:   182477.120   182596.130   182621.130   182695.120   182852.130
  1730:   182887.130   182962.120   183131.120   183526.130   183607.120
  1735:   183778.120   183938.120   184315.120   184450.120   184914.120
  1740:   185032.130   185159.120   185506.120   185664.120   185888.120
  1745:   186527.130   186601.840   186702.640   186702.320   186702.330
  1750:   186702.350   186702.240   186702.130   186952.220   186952.230
  1755:   186952.250   186952.340   187412.130   187492.120   187613.130
  1760:   187973.130   188033.130   188152.740   188210.130   188334.130
  1765:   188452.840   188592.640   188592.320   188592.330   188592.350
  1770:   188592.240   188592.130   188842.220   188842.230   188842.250
  1775:   188842.340   188984.130   189019.130   189091.540   189091.320
  1780:   189091.330   189091.350   189091.240   189091.120   189105.120
  1785:   189341.220   189341.230   189341.250   189341.340   189495.130
  1790:   189501.130   189583.120   189685.130   189694.130   189778.120
  1795:   189939.120   190022.130   190042.840   190100.120   190253.120
  1800:   190405.640   190405.320   190405.330   190405.350   190405.240
  1805:   190405.130   190655.220   190655.230   190655.250   190655.340
  1810:   190839.130   190863.130   190966.120   191057.130   191387.130
  1815:   191999.120   192293.120   192376.130   192658.130   192665.130
  1820:   192671.130   192702.130   192969.130   193086.130   193303.130
  1825:   193431.120   193519.130   193594.120   193680.130   193918.130
  1830:   194153.120   194348.130   194378.130   194384.130   194592.130
  1835:   194655.840   194847.120   194960.640   194960.320   194960.330
  1840:   194960.350   194960.240   194960.130   195210.220   195210.230
  1845:   195210.250   195210.340   195442.120   195533.130   195619.120
  1850:   195705.130   195714.130   195782.130   195856.120   195960.130
  1855:   196100.130   196110.840   196131.640   196131.320   196131.330
  1860:   196131.350   196131.240   196131.130   196381.220   196381.230
  1865:   196381.250   196381.340   196526.130   196624.120   197042.130
  1870:   197141.740   197264.130   197280.130   197365.540   197365.320
  1875:   197365.330   197365.350   197365.240   197365.120   197615.220
  1880:   197615.230   197615.250   197615.340   197741.130   197985.120
  1885:   198083.130   198174.120   198347.120   198521.120   198615.740
  1890:   198681.840   199118.640   199118.320   199118.330   199118.350
  1895:   199118.240   199118.130   199368.220   199368.230   199368.250
  1900:   199368.340   199510.540   199510.320   199510.330   199510.350
  1905:   199510.240   199510.120   199527.120   199760.220   199760.230
  1910:   199760.250   199760.340   199889.130   199916.130   199995.120
  1915:   200170.120   200353.130   200424.120   200537.130   200629.120
  1920:   200710.130   200798.120   200882.130   200954.120   201225.130
  1925:   201367.130   201962.120   202153.130   202239.120   202328.130
  1930:   202354.130   202453.120   202547.130   202881.130   202887.130
  1935:   202917.130   203207.130   203235.130   203318.120   203409.130
  1940:   204022.130   204219.130   204294.120   204533.130   204618.120
  1945:   204624.120   204711.130   204720.130   204848.120   205076.130
  1950:   205167.120   205476.130   205671.130   206162.130   206430.130
  1955:   206530.120   206768.840   207675.120   207924.640   207924.320
  1960:   207924.330   207924.350   207924.240   207924.130   208174.220
  1965:   208174.230   208174.250   208174.340   208274.840   208307.640
  1970:   208307.320   208307.330   208307.350   208307.240   208307.130
  1975:   208557.220   208557.230   208557.250   208557.340   208802.120
  1980:   208904.130   209144.120   209229.130   209344.120   209428.130
  1985:   209629.130   209703.120   209787.130   209974.120   210131.130
  1990:   210137.130   210222.120   210260.740   210320.130   210657.840
  1995:   210762.640   210762.320   210762.330   210762.350   210762.240
  2000:   210762.130   211012.220   211012.230   211012.250   211012.340
  2005:   211164.130   211185.130   211422.540   211422.320   211422.330
  2010:   211422.350   211422.240   211422.120   211427.120   211435.120
  2015:   211444.120   211672.220   211672.230   211672.250   211672.340
  2020:   211791.130   211806.130   211907.120   211989.130   212134.130
  2025:   212165.130   212328.130   212343.130   212542.130   212609.130
  2030:   212612.840   212713.120   212850.640   212850.320   212850.330
  2035:   212850.350   212850.240   212850.130   213100.220   213100.230
  2040:   213100.250   213100.340   213330.120   213634.120   213992.120
  2045:   214509.120   214856.120   215043.120   215295.130   215585.120
  2050:   215690.130   215761.120   216032.130   216125.120   216132.120
  2055:   216172.740   216574.540   216574.320   216574.330   216574.350
  2060:   216574.240   216574.120   216824.220   216824.230   216824.250
  2065:   216824.340   216942.130   216948.130   217177.130   217262.120
  2070:   217385.130   217400.840   217411.640   217411.320   217411.330
  2075:   217411.350   217411.240   217411.130   217661.220   217661.230
  2080:   217661.250   217661.340   217782.130   217871.120   218013.130
  2085:   218019.130   218132.130   218228.120   218448.120   218454.120
  2090:   218921.130   218930.130   219077.130   219182.120   219187.120
  2095:   219353.130   219424.120   219662.130   219757.120   220084.120
  2100:   220268.120   220275.120   220457.130   220463.130   220592.130
  2105:   220624.130   220693.120   220787.130   220916.120   220961.840
  2110:   221119.640   221119.320   221119.330   221119.350   221119.240
  2115:   221119.130   221369.220   221369.230   221369.250   221369.340
  2120:   221512.130   221518.130   221546.130   221617.120   221622.120
  2125:   221697.130   221704.130   221777.120   221784.120   221948.120
  2130:   222058.130   222125.120   222169.840   222372.640   222372.320
  2135:   222372.330   222372.350   222372.240   222372.130   222622.220
  2140:   222622.230   222622.250   222622.340   222815.130   222822.840
  2145:   222886.120   223008.640   223008.320   223008.330   223008.350
  2150:   223008.240   223008.130   223022.130   223258.220   223258.230
  2155:   223258.250   223258.340   223411.130   223416.130   223447.130
  2160:   223510.120   223611.130   223787.130   223823.130   223936.120
  2165:   224031.130   224122.120   224294.120   224471.120   224725.130
  2170:   224738.130   224751.130   224925.130   225050.130   225372.120
  2175:   225458.130   225625.130   225652.130   225745.120   225832.130
  2180:   226089.120   226171.130   226305.130   226387.120   226458.840
  2185:   226522.640   226522.320   226522.330   226522.350   226522.240
  2190:   226522.130   226772.220   226772.230   226772.250   226772.340
  2195:   226921.130   226991.120   227165.120   227248.130   227397.130
  2200:   227406.130   227555.130   227891.130   227933.130   228199.120
  2205:   228363.120   228820.120   229052.130   229089.130   229177.120
  2210:   229328.130   229696.120   229798.130   229959.130   229969.130
  2215:   230048.120   230192.120   230284.130   230472.840   230635.120
  2220:   230737.640   230737.320   230737.330   230737.350   230737.240
  2225:   230737.130   230987.220   230987.230   230987.250   230987.340
  2230:   231115.130   231120.130   231151.130   231494.130   231593.130
  2235:   231597.130   231629.130   231715.120   231803.130   231880.120
  2240:   232087.840   232117.640   232117.320   232117.330   232117.350
  2245:   232117.240   232117.130   232367.220   232367.230   232367.250
  2250:   232367.340   232501.130   232528.130   232567.840   233080.640
  2255:   233080.320   233080.330   233080.350   233080.240   233080.130
  2260:   233330.220   233330.230   233330.250   233330.340   233457.130
  2265:   233466.130   233492.130   233562.120   233768.120   233945.120
  2270:   233952.120   234021.130   234224.130   234299.120   234330.840
  2275:   234663.640   234663.320   234663.330   234663.350   234663.240
  2280:   234663.130   234913.220   234913.230   234913.250   234913.340
  2285:   235013.840   235299.120   235304.120   235615.640   235615.320
  2290:   235615.330   235615.350   235615.240   235615.130   235865.220
  2295:   235865.230   235865.250   235865.340   236074.130   236351.120
  2300:   236357.120   236435.130   236514.120   236729.130   236760.130
  2305:   236825.120   236865.840   236963.640   236963.320   236963.330
  2310:   236963.350   236963.240   236963.130   237213.220   237213.230
  2315:   237213.250   237213.340   237344.130   237349.130   237357.130
  2320:   237433.120   237715.130   237721.130   237810.120   237928.130
  2325:   237995.120   238150.120   238305.120   238510.130   238611.120
  2330:   238831.130   238841.130   239052.120   239320.130   239449.130
  2335:   239454.130   239600.130   239610.130   239763.130   239813.840
  2340:   240026.120   240112.640   240112.320   240112.330   240112.350
  2345:   240112.240   240112.130   240362.220   240362.230   240362.250
  2350:   240362.340   240516.130   240589.120   240744.120   240827.130
  2355:   241338.130   241424.740   241445.540   241445.320   241445.330
  2360:   241445.350   241445.240   241445.120   241460.120   241695.220
  2365:   241695.230   241695.250   241695.340   241826.130   241904.120
  2370:   241983.130   242064.120   242071.120   242095.740   242162.130
  2375:   242253.130   242260.130   242292.130   242623.130   242642.130
  2380:   242819.130   242947.130   243164.130   243316.130   243389.540
  2385:   243389.320   243389.330   243389.350   243389.240   243389.120
  2390:   243639.220   243639.230   243639.250   243639.340   243796.130
  2395:   243820.130   243877.130   243909.130   244057.130   244062.840
  2400:   244167.120   244273.640   244273.320   244273.330   244273.350
  2405:   244273.240   244273.130   244523.220   244523.230   244523.250
  2410:   244523.340   244802.120   244807.120   244917.130   244978.130
  2415:   244983.130   245105.130   245126.130   245216.120   245345.130
  2420:   245350.130   245431.120   245529.130   245680.130   245774.120
  2425:   245859.130   246090.120   246289.130   246451.130   246923.840
  2430:   246987.640   246987.320   246987.330   246987.350   246987.240
  2435:   246987.130   247237.220   247237.230   247237.250   247237.340
  2440:   247389.130   247500.120   247575.130   247656.120   247738.130
  2445:   247848.120   247855.120   247946.130   248029.120   248137.840
  2450:   248300.640   248300.320   248300.330   248300.350   248300.240
  2455:   248300.130   248550.220   248550.230   248550.250   248550.340
  2460:   248654.130   248659.130   248737.120   248820.130   248828.130
  2465:   249078.120   249083.120   249539.130   249660.120   249777.130
  2470:   249850.840   250036.120   250042.120   250346.120   250428.640
  2475:   250428.320   250428.330   250428.350   250428.240   250428.130
  2480:   250678.220   250678.230   250678.250   250678.340   250831.130
  2485:   251063.120   251069.120   251513.130   251601.130   251610.130
  2490:   251724.130   251951.120   252103.120   252344.130   252379.130
  2495:   252457.120   252739.740   252777.130   252793.130   253078.840
  2500:   253097.640   253097.320   253097.330   253097.350   253097.240
  2505:   253097.130   253347.220   253347.230   253347.250   253347.340
  2510:   253485.130   253490.130   253517.130   253874.540   253874.320
  2515:   253874.330   253874.350   253874.240   253874.120   253890.120
  2520:   253947.840   254124.220   254124.230   254124.250   254124.340
  2525:   254260.640   254260.320   254260.330   254260.350   254260.240
  2530:   254260.130   254267.130   254510.220   254510.230   254510.250
  2535:   254510.340   254637.130   254689.130   254899.130   254986.120
  2540:   255153.120   255346.130   255377.130   255560.130   255710.840
  2545:   255938.120   256103.120   256108.120   256358.640   256358.320
  2550:   256358.330   256358.350   256358.240   256358.130   256608.220
  2555:   256608.230   256608.250   256608.340   256711.130   256716.130
  2560:   256785.120   256946.130   257030.120   257128.130   257204.120
  2565:   257210.120   257583.120   257707.130   257834.130   257917.120
  2570:   258118.130   258260.130   258285.130   258308.840   258425.640
  2575:   258425.320   258425.330   258425.350   258425.240   258425.130
  2580:   258675.220   258675.230   258675.250   258675.340   258806.130
  2585:   258828.130   258928.130   259006.120   259158.130   259236.120
  2590:   259249.120   259354.130   259430.120   259436.120   259587.120
  2595:   259775.840   259990.640   259990.320   259990.330   259990.350
  2600:   259990.240   259990.130   260240.220   260240.230   260240.250
  2605:   260240.340   260364.130   260370.130   260460.120   260466.120
  2610:   260640.840   260723.120   260822.640   260822.320   260822.330
  2615:   260822.350   260822.240   260822.130   261072.220   261072.230
  2620:   261072.250   261072.340   261263.120   261372.840   261382.640
  2625:   261382.320   261382.330   261382.350   261382.240   261382.130
  2630:   261632.220   261632.230   261632.250   261632.340   261787.130
  2635:   261831.130   261838.130   261924.740   261924.120   262062.130
  2640:   262162.540   262162.320   262162.330   262162.350   262162.240
  2645:   262162.120   262176.120   262412.220   262412.230   262412.250
  2650:   262412.340   262523.130   262720.130   262739.130   262819.120
  2655:   262955.130   263025.120   263109.130   263253.130   263267.130
  2660:   263366.120   263373.120   263445.130   263581.130   263641.130
  2665:   263786.130   263796.130   263876.130   264040.130   264334.130
  2670:   264473.130   264732.840   264908.120   265081.640   265081.320
  2675:   265081.330   265081.350   265081.240   265081.130   265331.220
  2680:   265331.230   265331.250   265331.340   265454.130   265535.120
  2685:   265645.130   265688.130   265777.120   265783.120   266063.130
  2690:   266227.130   266413.130   266420.130   266569.130   266820.120
  2695:   266834.120   267007.130   267093.120   267182.130   267212.740
  2700:   267265.540   267265.320   267265.330   267265.350   267265.240
  2705:   267265.120   267282.120   267515.220   267515.230   267515.250
  2710:   267515.340   267631.130   267658.130   267759.120   267841.130
  2715:   267920.120   268031.840   268157.120   268170.120   268560.120
  2720:   268567.120   268981.640   268981.320   268981.330   268981.350
  2725:   268981.240   268981.130   269231.220   269231.230   269231.250
  2730:   269231.340   269355.130   269454.120   269537.130   269624.120
  2735:   269629.120   269760.130   269794.130   269861.120   269868.120
  2740:   269932.130   270016.120   270185.120   270320.130   270691.130
  2745:   270732.130   270764.130   270831.120   270906.130   270914.130
  2750:   270993.120   271031.840   271102.640   271102.320   271102.330
  2755:   271102.350   271102.240   271102.130   271352.220   271352.230
  2760:   271352.250   271352.340   271459.130   271536.120   271542.120
  2765:   271621.130   271655.130   271663.130   271744.120   272096.120
  2770:   272465.120   272563.130   272648.120   272935.120   272941.120
  2775:   273041.130   273111.130   273300.130   273475.130   273524.130
  2780:   273602.120   273684.130   273949.120   274034.130   274268.130
  2785:   274419.130   274659.120   274741.130   274759.130   274789.130
  2790:   274952.840   274958.640   274958.320   274958.330   274958.350
  2795:   274958.240   274958.130   275208.220   275208.230   275208.250
  2800:   275208.340   275457.120   275463.120   275614.130   275647.130
  2805:   275714.120   275982.130   276131.130   276147.130   276187.130
  2810:   276254.120   276471.130   276640.130   276765.130   276775.130
  2815:   276807.130   276987.130   277156.130   277242.120   277470.130
  2820:   277517.130   277642.130   277838.130   277970.130   278176.130
  2825:   278308.840   278584.640   278584.320   278584.330   278584.350
  2830:   278584.240   278584.130   278834.220   278834.230   278834.250
  2835:   278834.340   278964.130   278976.130   279034.840   279044.120
  2840:   279140.640   279140.320   279140.330   279140.350   279140.240
  2845:   279140.130   279390.220   279390.230   279390.250   279390.340
  2850:   279606.120   279784.120   279944.120   280172.130   280335.130
  2855:   280433.120   280645.130   280690.840   280798.640   280798.320
  2860:   280798.330   280798.350   280798.240   280798.130   281048.220
  2865:   281048.230   281048.250   281048.340   281190.130   281197.130
  2870:   281340.130   281370.130   281458.120   281621.120   282052.130
  2875:   282181.130   282217.130   282501.130   282577.120   282737.120
  2880:   282748.840   282812.640   282812.320   282812.330   282812.350
  2885:   282812.240   282812.130   282820.130   283062.220   283062.230
  2890:   283062.250   283062.340   283184.130   283264.120   283352.130
  2895:   283423.120   283632.120   283717.130   284185.130   284222.130
  2900:   284326.120   284333.120   284464.130   284648.130   285180.120
  2905:   285488.120   285762.840   286008.640   286008.320   286008.330
  2910:   286008.350   286008.240   286008.130   286258.220   286258.230
  2915:   286258.250   286258.340   286376.130   286479.120   286654.120
  2920:   286661.120   286737.130   286744.130   286815.120   286925.130
  2925:   287000.120   287168.120   287333.120   287565.130   287694.120
  2930:   287702.120   287778.130   288004.120   288219.130   288385.130
  2935:   288489.120   288655.120   288860.130   289174.120   289250.130
  2940:   289330.120   289490.130   289526.130   289533.130   289626.120
  2945:   289709.130   289794.120   290000.130   290202.120   290342.130
  2950:   290347.130   290444.130   290581.130   290587.130   290839.120
  2955:   290996.130   291002.130   291031.130   291095.120   291115.740
  2960:   291172.130   291178.130   291332.130   291860.540   291860.320
  2965:   291860.330   291860.350   291860.240   291860.120   291874.120
  2970:   291882.120   292110.220   292110.230   292110.250   292110.340
  2975:   292289.130   292302.130   292309.130   292389.120   292395.120
  2980:   292603.130   292686.120   292692.120   292786.130   292872.120
  2985:   293051.120   293492.120   293649.120   293824.120   293831.120
  2990:   294264.130   294269.130   294741.130   294753.130   295068.130
  2995:   295183.120   295189.120   295345.120   295507.120   295592.130
  3000:   295682.120   295782.130   295865.120   295948.130   296066.120
  3005:   296142.130   296506.130   296642.130   296828.120   296945.130
  3010:   297041.120   297117.130   297154.130   297361.130   297602.120
  3015:   297609.120   297793.120   297870.130   298031.130   298189.130
  3020:   298330.130   298435.120   298505.130   298512.130   298594.120
  3025:   298669.130   298921.120   299155.130   299257.120   299568.130
  3030:   299731.130   299737.130   299770.130   299860.120   299866.120
  3035:   299959.130   300126.130   300245.130   300251.130   300338.120
  3040:   300344.120   300586.130   300671.120   300803.130   300957.130
  3045:   300963.130   301358.840   301418.640   301418.320   301418.330
  3050:   301418.350   301418.240   301418.130   301668.220   301668.230
  3055:   301668.250   301668.340   301898.120   301904.120   301969.130
  3060:   301976.130   302051.120   302124.130   302129.130   302237.130
  3065:   302274.130   302367.120   302592.130   302603.130   302642.130
  3070:   302703.120   302916.130   303076.130   303102.130   303202.120
  3075:   303507.120   303568.840   303662.120   303669.120   303787.640
  3080:   303787.320   303787.330   303787.350   303787.240   303787.130
  3085:   304037.220   304037.230   304037.250   304037.340   304159.130
  3090:   304190.130   304357.130   304509.130   304527.130   304771.120
  3095:   305041.130   305122.120   305129.120   305384.130   305550.130
  3100:   305759.130   305910.740   305941.130   306265.540   306265.320
  3105:   306265.330   306265.350   306265.240   306265.120   306272.120
  3110:   306515.220   306515.230   306515.250   306515.340   306638.130
  3115:   306647.130   306785.130   306944.130   306975.130   307121.130
  3120:   307170.130   307206.130   307430.120   307524.130   307604.120
  3125:   307861.130   307937.840   308049.640   308049.320   308049.330
  3130:   308049.350   308049.240   308049.130   308299.220   308299.230
  3135:   308299.250   308299.340   308437.130   308442.130   308472.130
  3140:   308567.130   308576.130   308756.120   308910.130   308989.120
  3145:   309149.120   309155.120   309246.130   309328.120   309560.120
  3150:   310064.120   310178.130   310355.130   310441.130   310447.130
  3155:   310477.130   310567.120   310781.130   310938.130   311097.130
  3160:   311179.120   311743.130   311777.130   311874.120   312143.130
  3165:   312235.120   312555.120   312805.130   313090.130   313221.130
  3170:   313227.130   313680.120   313842.130   313948.120   314115.740
  3175:   314170.130   314421.130   314870.130   314910.130   315091.130
  3180:   315328.130   315414.540   315414.320   315414.330   315414.350
  3185:   315414.240   315414.120   315428.120   315664.220   315664.230
  3190:   315664.250   315664.340   315805.130   315829.130   315857.130
  3195:   315899.130   316039.130   316274.120   316395.130   316444.130
  3200:   316625.130   316720.120   316874.130   317018.130   317151.120
  3205:   317199.840   317342.120   317504.120   317696.120   317781.640
  3210:   317781.320   317781.330   317781.350   317781.240   317781.130
  3215:   317800.130   318031.220   318031.230   318031.250   318031.340
  3220:   318263.130   318292.130   318370.120   318376.120   318473.130
  3225:   318571.120   318813.130   318831.130   318916.120   319004.130
  3230:   319035.130   319108.120   319114.120   319444.130   319454.130
  3235:   319519.130   319656.130   319759.120   319851.130   320131.840
  3240:   320264.120   320506.640   320506.320   320506.330   320506.350
  3245:   320506.240   320506.130   320756.220   320756.230   320756.250
  3250:   320756.340   320943.120   320949.120   321084.130   321180.120
  3255:   321348.120   321354.120   321503.130   321577.120   321658.130
  3260:   321666.130   321696.130   321764.120   321871.130   322035.130
  3265:   322119.120   322297.130   322394.130   322574.130   322659.120
  3270:   322869.130   323063.130   323187.130   323324.130   323549.130
  3275:   323564.740   324148.130   324160.130   324233.130   324320.540
  3280:   324320.320   324320.330   324320.350   324320.240   324320.120
  3285:   324570.220   324570.230   324570.250   324570.340   324701.130
  3290:   324730.130   324778.130   324910.130   324950.130   325061.120
  3295:   325190.130   325270.120   325275.120   325450.130   325732.120
  3300:   325818.130   325967.130   326158.130   326309.130   326389.120
  3305:   326395.120   326495.130   326524.130   326608.120   326790.120
  3310:   327545.120   327556.840   327747.120   328672.640   328672.320
  3315:   328672.330   328672.350   328672.240   328672.130   328922.220
  3320:   328922.230   328922.250   328922.340   329174.120   329179.120
  3325:   329299.130   329371.120   329378.120   329478.130   329502.130
  3330:   329582.120   329589.120   329718.130   329847.130   329873.130
  3335:   329909.130   329990.120   330085.130   330245.130   330337.130
  3340:   330341.130   330606.120   330820.130   330958.130   330983.130
  3345:   331086.120   331177.130   331264.120   331525.120   331702.120
  3350:   331922.840   331924.640   331924.320   331924.330   331924.350
  3355:   331924.240   331924.130   332174.220   332174.230   332174.250
  3360:   332174.340   332322.130   332347.130   332413.120   332531.130
  3365:   332557.130   332610.130   332701.120   332909.120   333018.130
  3370:   333327.130   333504.130   333519.130   333687.130   333724.130
  3375:   333822.120   333945.130   334171.130   334371.130   334484.130
  3380:   334489.130   334575.120   334780.130   334788.130   334875.120
  3385:   334960.130   334978.130   335060.120   335301.130   335384.120
  3390:   335470.130   335503.130   335589.120   335824.130   336030.130
  3395:   336309.120   336370.740   336578.130   336597.130   336624.130
  3400:   336703.540   336703.320   336703.330   336703.350   336703.240
  3405:   336703.120   336953.220   336953.230   336953.250   336953.340
  3410:   337173.130   337323.130   337363.130   337470.130   337479.130
  3415:   337566.120   337573.120   337677.130   337841.130   337866.130
  3420:   337961.130   338274.840   338414.640   338414.320   338414.330
  3425:   338414.350   338414.240   338414.130   338664.220   338664.230
  3430:   338664.250   338664.340   338850.130   339094.130   339114.130
  3435:   339211.120   339264.840   339332.640   339332.320   339332.330
  3440:   339332.350   339332.240   339332.130   339582.220   339582.230
  3445:   339582.250   339582.340   339821.120   339827.120   340031.120
  3450:   340131.130   340141.130   340175.130   340250.120   340282.840
  3455:   340324.640   340324.320   340324.330   340324.350   340324.240
  3460:   340324.130   340574.220   340574.230   340574.250   340574.340
  3465:   340707.130   340800.120   341242.120   341404.120   341544.130
  3470:   341630.120   341789.120   341797.120   342172.130   342431.130
  3475:   342585.130   342624.130   342693.120   343748.130   343948.130
  3480:   344031.120   344379.130   344556.130   344645.120   344729.130
  3485:   344823.120   344900.130   344907.130   344990.130   344995.130
  3490:   345076.120   345174.840   345193.640   345193.320   345193.330
  3495:   345193.350   345193.240   345193.130   345443.220   345443.230
  3500:   345443.250   345443.340   345687.130   345779.120   345956.130
  3505:   346038.120   346045.120   346224.130   346316.120   346603.130
  3510:   346723.130   346801.130   346894.130   346901.130   346983.120
  3515:   347062.130   347216.130   347500.130   347543.840   347602.120
  3520:   347978.120   348162.640   348162.320   348162.330   348162.350
  3525:   348162.240   348162.130   348412.220   348412.230   348412.250
  3530:   348412.340   348609.130   348691.120   348698.120   349181.130
  3535:   349412.840   349445.640   349445.320   349445.330   349445.350
  3540:   349445.240   349445.130   349695.220   349695.230   349695.250
  3545:   349695.340   349832.130   349908.120   350054.120   350060.120
  3550:   350243.120   350337.130   350432.120   350495.840   350694.640
  3555:   350694.320   350694.330   350694.350   350694.240   350694.130
  3560:   350944.220   350944.230   350944.250   350944.340   351104.130
  3565:   351152.130   351236.120   351399.120   351405.120   351632.120
  3570:   351716.130   351750.130   351830.120   351999.120   352072.130
  3575:   352105.130   352268.120   352276.120   352350.130   352371.130
  3580:   352448.120   352765.120   352844.130   352875.130   353155.130
  3585:   353313.130   353339.130   353344.840   353468.640   353468.320
  3590:   353468.330   353468.350   353468.240   353468.130   353718.220
  3595:   353718.230   353718.250   353718.340   353847.130   353922.120
  3600:   353927.120   354175.130   354279.120   354368.130   354449.120
  3605:   354600.120   354687.130   354793.120   354971.130   355148.130
  3610:   355218.840   355328.640   355328.320   355328.330   355328.350
  3615:   355328.240   355328.130   355578.220   355578.230   355578.250
  3620:   355578.340   355719.130   355727.130   355802.120   355904.130
  3625:   355942.130   356033.120   356252.130   356275.130   356282.130
  3630:   356353.740   356369.540   356369.320   356369.330   356369.350
  3635:   356369.240   356369.120   356385.120   356619.220   356619.230
  3640:   356619.250   356619.340   356740.130   356876.130   356904.130
  3645:   356949.130   357111.130   357120.130   357287.130   357498.120
  3650:   357505.120   357633.130   357641.130   357807.120   357973.120
  3655:   358077.130   358078.840   358163.120   358352.640   358352.320
  3660:   358352.330   358352.350   358352.240   358352.130   358359.130
  3665:   358602.220   358602.230   358602.250   358602.340   358816.120
  3670:   359018.120   359174.120   359252.130   359279.130   359363.120
  3675:   359452.130   359541.130   359547.130   359634.120   359886.130
  3680:   360000.320   360000.330   360000.350   360000.020
C:
     0:        0.000      979.000     1177.000       42.000      110.000
     5:        0.000
D:
     0:        0.000        0.000
L:
     0:      111.000      111.000      111.000
M:
     0:      900.000      901.000      902.000      903.000      904.000
     5:      905.000      906.000      907.000      908.000      909.000
    10:      910.000      911.000      912.000      913.000      914.000
    15:      915.000      916.000      917.000      918.000      919.000
    20:      920.000      921.000      922.000      923.000      924.000
    25:      925.000      926.000      927.000      928.000      929.000
    30:      930.000      931.000      932.000      933.000      934.000
    35:      935.000      936.000      937.000      938.000      939.000
    40:      940.000      941.000      942.000      943.000      944.000
    45:      945.000      946.000      947.000      948.000      949.000
    50:      950.000      951.000      952.000      953.000      954.000
    55:      955.000      956.000      957.000      958.000      959.000
    60:      960.000      961.000      962.000      963.000      964.000
    65:      965.000      966.000      967.000      968.000      969.000
    70:      970.000      971.000      972.000      973.000      974.000
    75:      975.000      976.000      977.000      978.000      979.000
    80:      980.000      981.000      982.000      983.000      984.000
    85:      985.000      986.000      987.000      988.000      989.000
    90:      990.000      991.000      992.000      993.000      994.000
    95:      995.000      996.000      997.000      998.000      999.000
   100:     1000.000     1001.000     1002.000     1003.000     1004.000
   105:     1005.000     1006.000     1007.000     1008.000     1009.000
   110:     1010.000     1011.000     1012.000     1013.000     1014.000
   115:     1015.000     1016.000     1017.000     1018.000     1019.000
   120:     1020.000     1021.000     1022.000     1023.000     1024.000
   125:     1025.000     1026.000     1027.000     1028.000     1029.000
   130:     1030.000     1031.000     1032.000     1033.000     1034.000
   135:     1035.000     1036.000     1037.000     1038.000     1039.000
   140:     1040.000     1041.000     1042.000     1043.000     1044.000
   145:     1045.000     1046.000     1047.000     1048.000     1049.000
   150:     1050.000     1051.000     1052.000     1053.000     1054.000
   155:     1055.000     1056.000     1057.000     1058.000     1059.000
   160:     1060.000     1061.000     1062.000     1063.000     1064.000
   165:     1065.000     1066.000     1067.000     1068.000     1069.000
   170:     1070.000     1071.000     1072.000     1073.000     1074.000
   175:     1075.000     1076.000     1077.000     1078.000     1079.000
   180:     1080.000     1081.000     1082.000     1083.000     1084.000
   185:     1085.000     1086.000     1087.000     1088.000     1089.000
   190:     1090.000     1091.000     1092.000     1093.000     1094.000
   195:     1095.000     1096.000     1097.000     1098.000     1099.000
   200:     1100.000     1101.000     1102.000     1103.000     1104.000
   205:     1105.000     1106.000     1107.000     1108.000     1109.000
   210:     1110.000     1111.000     1112.000     1113.000     1114.000
   215:     1115.000     1116.000     1117.000     1118.000     1119.000
   220:     1120.000     1121.000     1122.000     1123.000     1124.000
   225:     1125.000     1126.000     1127.000     1128.000     1129.000
   230:     1130.000     1131.000     1132.000     1133.000     1134.000
   235:     1135.000     1136.000     1137.000     1138.000     1139.000
   240:     1140.000     1141.000     1142.000     1143.000     1144.000
   245:     1145.000     1146.000     1147.000     1148.000     1149.000
   250:     1150.000     1151.000     1152.000     1153.000     1154.000
   255:     1155.000     1156.000     1157.000     1158.000     1159.000
   260:     1160.000     1161.000     1162.000     1163.000     1164.000
   265:     1165.000     1166.000     1167.000     1168.000     1169.000
   270:     1170.000     1171.000     1172.000     1173.000     1174.000
   275:     1175.000     1176.000     1177.000     1178.000     1179.000
   280:     1180.000     1181.000     1182.000     1183.000     1184.000
   285:     1185.000     1186.000     1187.000     1188.000     1189.000
   290:     1190.000     1191.000     1192.000     1193.000     1194.000
   295:     1195.000     1196.000     1197.000     1198.000     1199.000
   300:     1200.000     1201.000     1202.000     1203.000     1204.000
   305:     1205.000     1206.000     1207.000     1208.000     1209.000
   310:     1210.000     1211.000     1212.000     1213.000     1214.000
   315:     1215.000     1216.000     1217.000     1218.000     1219.000
   320:     1220.000     1221.000     1222.000     1223.000     1224.000
   325:     1225.000     1226.000     1227.000     1228.000     1229.000
   330:     1230.000     1231.000     1232.000     1233.000     1234.000
   335:     1235.000     1236.000     1237.000     1238.000     1239.000
   340:     1240.000     1241.000     1242.000     1243.000     1244.000
   345:     1245.000     1246.000     1247.000     1248.000     1249.000
   350:     1250.000     1251.000     1252.000     1253.000     1254.000
   355:     1255.000     1256.000     1257.000     1258.000     1259.000
   360:     1260.000     1261.000     1262.000     1263.000     1264.000
   365:     1265.000     1266.000     1267.000     1268.000     1269.000
   370:     1270.000     1271.000     1272.000     1273.000     1274.000
   375:     1275.000     1276.000     1277.000     1278.000     1279.000
   380:     1280.000     1281.000     1282.000     1283.000     1284.000
   385:     1285.000     1286.000     1287.000     1288.000     1289.000
   390:     1290.000     1291.000     1292.000     1293.000     1294.000
   395:     1295.000     1296.000     1297.000     1298.000     1299.000
   400:     1300.000     1301.000     1302.000     1303.000     1304.000
   405:     1305.000     1306.000     1307.000     1308.000     1309.000
   410:     1310.000     1311.000     1312.000     1313.000     1314.000
   415:     1315.000     1316.000     1317.000     1318.000     1319.000
   420:     1320.000     1321.000     1322.000     1323.000     1324.000
   425:     1325.000     1326.000     1327.000     1328.000     1329.000
   430:     1330.000     1331.000     1332.000     1333.000     1334.000
   435:     1335.000     1336.000     1337.000     1338.000     1339.000
   440:     1340.000     1341.000     1342.000     1343.000     1344.000
   445:     1345.000     1346.000     1347.000     1348.000     1349.000
   450:     1350.000     1351.000     1352.000     1353.000     1354.000
   455:     1355.000     1356.000     1357.000     1358.000     1359.000
   460:     1360.000     1361.000     1362.000     1363.000     1364.000
   465:     1365.000     1366.000     1367.000     1368.000     1369.000
   470:     1370.000     1371.000     1372.000     1373.000     1374.000
   475:     1375.000     1376.000     1377.000     1378.000     1379.000
   480:     1380.000     1381.000     1382.000     1383.000     1384.000
   485:     1385.000     1386.000     1387.000     1388.000     1389.000
   490:     1390.000     1391.000     1392.000     1393.000     1394.000
   495:     1395.000     1396.000     1397.000     1398.000     1399.000
   500:     1400.000     1401.000     1402.000     1403.000     1404.000
   505:     1405.000     1406.000     1407.000     1408.000     1409.000
   510:     1410.000     1411.000     1412.000     1413.000     1414.000
   515:     1415.000     1416.000     1417.000     1418.000     1419.000
   520:     1420.000     1421.000     1422.000     1423.000     1424.000
   525:     1425.000     1426.000     1427.000     1428.000     1429.000
   530:     1430.000     1431.000     1432.000     1433.000     1434.000
   535:     1435.000     1436.000     1437.000     1438.000     1439.000
   540:     1440.000     1441.000     1442.000     1443.000     1444.000
   545:     1445.000     1446.000     1447.000     1448.000     1449.000
   550:     1450.000     1451.000     1452.000     1453.000     1454.000
   555:     1455.000     1456.000     1457.000     1458.000     1459.000
   560:     1460.000     1461.000     1462.000     1463.000     1464.000
   565:     1465.000     1466.000     1467.000     1468.000     1469.000
   570:     1470.000     1471.000     1472.000     1473.000     1474.000
   575:     1475.000     1476.000     1477.000     1478.000     1479.000
   580:     1480.000     1481.000     1482.000     1483.000     1484.000
   585:     1485.000     1486.000     1487.000     1488.000     1489.000
   590:     1490.000     1491.000     1492.000     1493.000     1494.000
   595:     1495.000     1496.000     1497.000     1498.000     1499.000
   600:     1500.000
N:
     0:     3300.000     3301.000     3302.000     3303.000     3304.000
     5:     3305.000     3306.000     3307.000     3308.000     3309.000
    10:     3310.000     3311.000     3312.000     3313.000     3314.000
    15:     3315.000     3316.000     3317.000     3318.000     3319.000
    20:     3320.000     3321.000     3322.000     3323.000     3324.000
    25:     3325.000     3326.000     3327.000     3328.000     3329.000
    30:     3330.000     3331.000     3332.000     3333.000     3334.000
    35:     3335.000     3336.000     3337.000     3338.000     3339.000
    40:     3340.000     3341.000     3342.000     3343.000     3344.000
    45:     3345.000     3346.000     3347.000     3348.000     3349.000
    50:     3350.000     3351.000     3352.000     3353.000     3354.000
    55:     3355.000     3356.000     3357.000     3358.000     3359.000
    60:     3360.000     3361.000     3362.000     3363.000     3364.000
    65:     3365.000     3366.000     3367.000     3368.000     3369.000
    70:     3370.000     3371.000     3372.000     3373.000     3374.000
    75:     3375.000     3376.000     3377.000     3378.000     3379.000
    80:     3380.000     3381.000     3382.000     3383.000     3384.000
    85:     3385.000     3386.000     3387.000     3388.000     3389.000
    90:     3390.000     3391.000     3392.000     3393.000     3394.000
    95:     3395.000     3396.000     3397.000     3398.000     3399.000
   100:     3400.000     3401.000     3402.000     3403.000     3404.000
   105:     3405.000     3406.000     3407.000     3408.000     3409.000
   110:     3410.000     3411.000     3412.000     3413.000     3414.000
   115:     3415.000     3416.000     3417.000     3418.000     3419.000
   120:     3420.000     3421.000     3422.000     3423.000     3424.000
   125:     3425.000     3426.000     3427.000     3428.000     3429.000
   130:     3430.000     3431.000     3432.000     3433.000     3434.000
   135:     3435.000     3436.000     3437.000     3438.000     3439.000
   140:     3440.000     3441.000     3442.000     3443.000     3444.000
   145:     3445.000     3446.000     3447.000     3448.000     3449.000
   150:     3450.000     3451.000     3452.000     3453.000     3454.000
   155:     3455.000     3456.000     3457.000     3458.000     3459.000
   160:     3460.000     3461.000     3462.000     3463.000     3464.000
   165:     3465.000     3466.000     3467.000     3468.000     3469.000
   170:     3470.000     3471.000     3472.000     3473.000     3474.000
   175:     3475.000     3476.000     3477.000     3478.000     3479.000
   180:     3480.000     3481.000     3482.000     3483.000     3484.000
   185:     3485.000     3486.000     3487.000     3488.000     3489.000
   190:     3490.000     3491.000     3492.000     3493.000     3494.000
   195:     3495.000     3496.000     3497.000     3498.000     3499.000
   200:     3500.000     3501.000     3502.000     3503.000     3504.000
   205:     3505.000     3506.000     3507.000     3508.000     3509.000
   210:     3510.000     3511.000     3512.000     3513.000     3514.000
   215:     3515.000     3516.000     3517.000     3518.000     3519.000
   220:     3520.000     3521.000     3522.000     3523.000     3524.000
   225:     3525.000     3526.000     3527.000     3528.000     3529.000
   230:     3530.000     3531.000     3532.000     3533.000     3534.000
   235:     3535.000     3536.000     3537.000     3538.000     3539.000
   240:     3540.000     3541.000     3542.000     3543.000     3544.000
   245:     3545.000     3546.000     3547.000     3548.000     3549.000
   250:     3550.000     3551.000     3552.000     3553.000     3554.000
   255:     3555.000     3556.000     3557.000     3558.000     3559.000
   260:     3560.000     3561.000     3562.000     3563.000     3564.000
   265:     3565.000     3566.000     3567.000     3568.000     3569.000
   270:     3570.000     3571.000     3572.000     3573.000     3574.000
   275:     3575.000     3576.000     3577.000     3578.000     3579.000
   280:     3580.000     3581.000     3582.000     3583.000     3584.000
   285:     3585.000     3586.000     3587.000     3588.000     3589.000
   290:     3590.000     3591.000     3592.000     3593.000     3594.000
   295:     3595.000     3596.000     3597.000     3598.000     3599.000
   300:     3600.000     3601.000     3602.000     3603.000     3604.000
   305:     3605.000     3606.000     3607.000     3608.000     3609.000
   310:     3610.000     3611.000     3612.000     3613.000     3614.000
   315:     3615.000     3616.000     3617.000     3618.000     3619.000
   320:     3620.000     3621.000     3622.000     3623.000     3624.000
   325:     3625.000     3626.000     3627.000     3628.000     3629.000
   330:     3630.000     3631.000     3632.000     3633.000     3634.000
   335:     3635.000     3636.000     3637.000     3638.000     3639.000
   340:     3640.000     3641.000     3642.000     3643.000     3644.000
   345:     3645.000     3646.000     3647.000     3648.000     3649.000
   350:     3650.000     3651.000     3652.000     3653.000     3654.000
   355:     3655.000     3656.000     3657.000     3658.000     3659.000
   360:     3660.000     3661.000     3662.000     3663.000     3664.000
   365:     3665.000     3666.000     3667.000     3668.000     3669.000
   370:     3670.000     3671.000     3672.000     3673.000     3674.000
   375:     3675.000     3676.000     3677.000     3678.000     3679.000
   380:     3680.000     3681.000     3682.000     3683.000     3684.000
   385:     3685.000     3686.000     3687.000     3688.000     3689.000
   390:     3690.000     3691.000     3692.000     3693.000     3694.000
   395:     3695.000     3696.000     3697.000     3698.000     3699.000
   400:     3700.000     3701.000     3702.000     3703.000     3704.000
   405:     3705.000     3706.000     3707.000     3708.000     3709.000
   410:     3710.000     3711.000     3712.000     3713.000     3714.000
   415:     3715.000     3716.000     3717.000     3718.000     3719.000
   420:     3720.000     3721.000     3722.000     3723.000     3724.000
   425:     3725.000     3726.000     3727.000     3728.000     3729.000
   430:     3730.000     3731.000     3732.000     3733.000     3734.000
   435:     3735.000     3736.000     3737.000     3738.000     3739.000
   440:     3740.000     3741.000     3742.000     3743.000     3744.000
   445:     3745.000     3746.000     3747.000     3748.000     3749.000
   450:     3750.000     3751.000     3752.000     3753.000     3754.000
   455:     3755.000     3756.000     3757.000     3758.000     3759.000
   460:     3760.000     3761.000     3762.000     3763.000     3764.000
   465:     3765.000     3766.000     3767.000     3768.000     3769.000
   470:     3770.000     3771.000     3772.000     3773.000     3774.000
   475:     3775.000     3776.000     3777.000     3778.000     3779.000
   480:     3780.000     3781.000     3782.000     3783.000     3784.000
   485:     3785.000     3786.000     3787.000     3788.000     3789.000
   490:     3790.000     3791.000     3792.000     3793.000     3794.000
   495:     3795.000     3796.000     3797.000     3798.000     3799.000
   500:     3800.000     3801.000     3802.000     3803.000     3804.000
   505:     3805.000     3806.000     3807.000     3808.000     3809.000
   510:     3810.000     3811.000     3812.000     3813.000     3814.000
   515:     3815.000     3816.000     3817.000     3818.000     3819.000
   520:     3820.000     3821.000     3822.000     3823.000     3824.000
   525:     3825.000     3826.000     3827.000     3828.000     3829.000
   530:     3830.000     3831.000     3832.000     3833.000     3834.000
   535:     3835.000     3836.000     3837.000     3838.000     3839.000
   540:     3840.000     3841.000     3842.000     3843.000     3844.000
   545:     3845.000     3846.000     3847.000     3848.000     3849.000
   550:     3850.000     3851.000     3852.000     3853.000     3854.000
   555:     3855.000     3856.000     3857.000     3858.000     3859.000
   560:     3860.000     3861.000     3862.000     3863.000     3864.000
   565:     3865.000     3866.000     3867.000     3868.000     3869.000
   570:     3870.000     3871.000     3872.000     3873.000     3874.000
   575:     3875.000     3876.000     3877.000     3878.000     3879.000
   580:     3880.000     3881.000     3882.000     3883.000     3884.000
   585:     3885.000     3886.000     3887.000     3888.000     3889.000
   590:     3890.000     3891.000     3892.000     3893.000     3894.000
   595:     3895.000     3896.000     3897.000     3898.000     3899.000
   600:     3900.000     3901.000     3902.000     3903.000     3904.000
   605:     3905.000     3906.000     3907.000     3908.000     3909.000
   610:     3910.000     3911.000     3912.000     3913.000     3914.000
   615:     3915.000     3916.000     3917.000     3918.000     3919.000
   620:     3920.000     3921.000     3922.000     3923.000     3924.000
   625:     3925.000     3926.000     3927.000     3928.000     3929.000
   630:     3930.000     3931.000     3932.000     3933.000     3934.000
   635:     3935.000     3936.000     3937.000     3938.000     3939.000
   640:     3940.000     3941.000     3942.000     3943.000     3944.000
   645:     3945.000     3946.000     3947.000     3948.000     3949.000
   650:     3950.000     3951.000     3952.000     3953.000     3954.000
   655:     3955.000     3956.000     3957.000     3958.000     3959.000
   660:     3960.000     3961.000     3962.000     3963.000     3964.000
   665:     3965.000     3966.000     3967.000     3968.000     3969.000
   670:     3970.000     3971.000     3972.000     3973.000     3974.000
   675:     3975.000     3976.000     3977.000     3978.000     3979.000
   680:     3980.000     3981.000     3982.000     3983.000     3984.000
   685:     3985.000     3986.000     3987.000     3988.000     3989.000
   690:     3990.000     3991.000     3992.000     3993.000     3994.000
   695:     3995.000     3996.000     3997.000     3998.000     3999.000
   700:     4000.000     4001.000     4002.000     4003.000     4004.000
   705:     4005.000     4006.000     4007.000     4008.000     4009.000
   710:     4010.000     4011.000     4012.000     4013.000     4014.000
   715:     4015.000     4016.000     4017.000     4018.000     4019.000
   720:     4020.000     4021.000     4022.000     4023.000     4024.000
   725:     4025.000     4026.000     4027.000     4028.000     4029.000
   730:     4030.000     4031.000     4032.000     4033.000     4034.000
   735:     4035.000     4036.000     4037.000     4038.000     4039.000
   740:     4040.000     4041.000     4042.000     4043.000     4044.000
   745:     4045.000     4046.000     4047.000     4048.000     4049.000
   750:     4050.000     4051.000     4052.000     4053.000     4054.000
   755:     4055.000     4056.000     4057.000     4058.000     4059.000
   760:     4060.000     4061.000     4062.000     4063.000     4064.000
   765:     4065.000     4066.000     4067.000     4068.000     4069.000
   770:     4070.000     4071.000     4072.000     4073.000     4074.000
   775:     4075.000     4076.000     4077.000     4078.000     4079.000
   780:     4080.000     4081.000     4082.000     4083.000     4084.000
   785:     4085.000     4086.000     4087.000     4088.000     4089.000
   790:     4090.000     4091.000     4092.000     4093.000     4094.000
   795:     4095.000     4096.000     4097.000     4098.000     4099.000
   800:     4100.000     4101.000     4102.000     4103.000     4104.000
   805:     4105.000     4106.000     4107.000     4108.000     4109.000
   810:     4110.000     4111.000     4112.000     4113.000     4114.000
   815:     4115.000     4116.000     4117.000     4118.000     4119.000
   820:     4120.000     4121.000     4122.000     4123.000     4124.000
   825:     4125.000     4126.000     4127.000     4128.000     4129.000
   830:     4130.000     4131.000     4132.000     4133.000     4134.000
   835:     4135.000     4136.000     4137.000     4138.000     4139.000
   840:     4140.000     4141.000     4142.000     4143.000     4144.000
   845:     4145.000     4146.000     4147.000     4148.000     4149.000
   850:     4150.000     4151.000     4152.000     4153.000     4154.000
   855:     4155.000     4156.000     4157.000     4158.000     4159.000
   860:     4160.000     4161.000     4162.000     4163.000     4164.000
   865:     4165.000     4166.000     4167.000     4168.000     4169.000
   870:     4170.000     4171.000     4172.000     4173.000     4174.000
   875:     4175.000     4176.000     4177.000     4178.000     4179.000
   880:     4180.000     4181.000     4182.000     4183.000     4184.000
   885:     4185.000     4186.000     4187.000     4188.000     4189.000
   890:     4190.000     4191.000     4192.000     4193.000     4194.000
   895:     4195.000     4196.000     4197.000     4198.000     4199.000
   900:     4200.000     4201.000     4202.000     4203.000     4204.000
   905:     4205.000     4206.000     4207.000     4208.000     4209.000
   910:     4210.000     4211.000     4212.000     4213.000     4214.000
   915:     4215.000     4216.000     4217.000     4218.000     4219.000
   920:     4220.000     4221.000     4222.000     4223.000     4224.000
   925:     4225.000     4226.000     4227.000     4228.000     4229.000
   930:     4230.000     4231.000     4232.000     4233.000     4234.000
   935:     4235.000     4236.000     4237.000     4238.000     4239.000
   940:     4240.000     4241.000     4242.000     4243.000     4244.000
   945:     4245.000     4246.000     4247.000     4248.000     4249.000
   950:     4250.000     4251.000     4252.000     4253.000     4254.000
   955:     4255.000     4256.000     4257.000     4258.000     4259.000
   960:     4260.000     4261.000     4262.000     4263.000     4264.000
   965:     4265.000     4266.000     4267.000     4268.000     4269.000
   970:     4270.000     4271.000     4272.000     4273.000     4274.000
   975:     4275.000     4276.000     4277.000     4278.000     4279.000
   980:     4280.000     4281.000     4282.000     4283.000     4284.000
   985:     4285.000     4286.000     4287.000     4288.000     4289.000
   990:     4290.000     4291.000     4292.000     4293.000     4294.000
   995:     4295.000     4296.000     4297.000     4298.000     4299.000
  1000:     4300.000     4301.000     4302.000     4303.000     4304.000
  1005:     4305.000     4306.000     4307.000     4308.000     4309.000
  1010:     4310.000     4311.000     4312.000     4313.000     4314.000
  1015:     4315.000     4316.000     4317.000     4318.000     4319.000
  1020:     4320.000     4321.000     4322.000     4323.000     4324.000
  1025:     4325.000     4326.000     4327.000     4328.000     4329.000
  1030:     4330.000     4331.000     4332.000     4333.000     4334.000
  1035:     4335.000     4336.000     4337.000     4338.000     4339.000
  1040:     4340.000     4341.000     4342.000     4343.000     4344.000
  1045:     4345.000     4346.000     4347.000     4348.000     4349.000
  1050:     4350.000     4351.000     4352.000     4353.000     4354.000
  1055:     4355.000     4356.000     4357.000     4358.000     4359.000
  1060:     4360.000     4361.000     4362.000     4363.000     4364.000
  1065:     4365.000     4366.000     4367.000     4368.000     4369.000
  1070:     4370.000     4371.000     4372.000     4373.000     4374.000
  1075:     4375.000     4376.000     4377.000     4378.000     4379.000
  1080:     4380.000     4381.000     4382.000     4383.000     4384.000
  1085:     4385.000     4386.000     4387.000     4388.000     4389.000
  1090:     4390.000     4391.000     4392.000     4393.000     4394.000
  1095:     4395.000     4396.000     4397.000     4398.000     4399.000
  1100:     4400.000     4401.000     4402.000     4403.000     4404.000
  1105:     4405.000     4406.000     4407.000     4408.000     4409.000
  1110:     4410.000     4411.000     4412.000     4413.000     4414.000
  1115:     4415.000     4416.000     4417.000     4418.000     4419.000
  1120:     4420.000     4421.000     4422.000     4423.000     4424.000
  1125:     4425.000     4426.000     4427.000     4428.000     4429.000
  1130:     4430.000     4431.000     4432.000     4433.000     4434.000
  1135:     4435.000     4436.000     4437.000     4438.000     4439.000
  1140:     4440.000     4441.000     4442.000     4443.000     4444.000
  1145:     4445.000     4446.000     4447.000     4448.000     4449.000
  1150:     4450.000     4451.000     4452.000     4453.000     4454.000
  1155:     4455.000     4456.000     4457.000     4458.000     4459.000
  1160:     4460.000     4461.000     4462.000     4463.000     4464.000
  1165:     4465.000     4466.000     4467.000     4468.000     4469.000
  1170:     4470.000     4471.000     4472.000     4473.000     4474.000
  1175:     4475.000     4476.000     4477.000     4478.000     4479.000
  1180:     4480.000     4481.000     4482.000     4483.000     4484.000
  1185:     4485.000     4486.000     4487.000     4488.000     4489.000
  1190:     4490.000     4491.000     4492.000     4493.000     4494.000
  1195:     4495.000     4496.000     4497.000     4498.000     4499.000
  1200:     4500.000
R:
     0:      333.000      333.000      333.000
V:
     0:     1285.000     4047.000
W:
     0:     1285.000     4047.000
