File: C:\MED-PC IV\DATA\p530_s118_japede


Start Date: 10/25/17
End Date: 10/25/17
Subject: p530
Experiment: 0
Group: 0
Box: 8
Start Time: 17:00:09
End Time: 18:00:50
MSN: japede_L_24_360_360_R_360_24_24
B:       0.000
E:    3989.000
F:       0.000
G:       0.000
H:       0.000
I:       2.000
J:       2.000
K:       0.000
O:       0.000
P:       0.000
Q:       0.000
S:  360000.000
T:  360000.000
U:       0.000
X:       0.000
Y:       0.000
Z:       0.000
A:
     0:        0.010        0.250        0.220        0.230      819.120
     5:      825.120     1200.120     1744.120     1752.120     2202.120
    10:     2311.120     2358.120     2656.130     2755.120     2761.120
    15:     2769.120     3018.120     3351.120     3773.120     4041.120
    20:     4047.120     4350.120     4356.120     4516.130     4606.120
    25:     4869.120     4999.740     5027.130     5035.130     5477.540
    30:     5477.320     5477.330     5477.350     5477.240     5477.120
    35:     5484.120     5494.120     5727.220     5727.230     5727.250
    40:     5727.340     5945.130     6102.120     6107.120     6364.120
    45:     6487.130     6564.120     6570.120     6579.120     6797.120
    50:     6803.120     6810.120     7015.120     7153.120     7374.120
    55:     7379.120     7387.120     7496.120     7502.120     7508.120
    60:     7527.740     7640.130     7646.130     7726.540     7726.320
    65:     7726.330     7726.350     7726.240     7726.120     7734.120
    70:     7976.220     7976.230     7976.250     7976.340     8231.130
    75:     8238.130     8275.130     8374.120     8478.120     8604.130
    80:     8695.120     8700.120     8818.120     8824.120     8831.120
    85:     9133.120     9162.120     9167.120     9420.120     9543.120
    90:     9842.120     9947.120    10083.130    10089.130    10165.120
    95:    10172.120    10376.740    10419.540    10419.320    10419.330
   100:    10419.350    10419.240    10419.120    10431.120    10439.120
   105:    10669.220    10669.230    10669.250    10669.340    10869.740
   110:    10918.130    11130.540    11130.320    11130.330    11130.350
   115:    11130.240    11130.120    11156.120    11380.220    11380.230
   120:    11380.250    11380.340    11615.130    11748.120    11755.120
   125:    11865.120    11994.120    12023.120    12163.130    12245.120
   130:    12369.120    12374.120    12929.120    12934.120    12942.120
   135:    13121.120    13135.120    13280.120    13286.120    13495.120
   140:    13501.120    14113.120    14119.120    14339.120    14344.120
   145:    14352.120    14440.120    14655.120    14661.120    14891.120
   150:    15159.120    15462.120    15468.120    15734.120    15871.130
   155:    15877.130    15943.120    15948.120    15955.120    16243.120
   160:    16455.120    16461.120    16469.120    16575.120    16743.120
   165:    17267.130    17596.120    17602.120    17822.120    18019.120
   170:    18132.120    18138.120    18260.120    18450.120    18686.120
   175:    18692.120    18700.120    18786.120    18948.120    18955.120
   180:    19512.120    19591.120    19596.120    19602.120    19980.120
   185:    20080.740    20121.540    20121.320    20121.330    20121.350
   190:    20121.240    20121.120    20135.120    20371.220    20371.230
   195:    20371.250    20371.340    20552.130    20902.130    20909.130
   200:    21119.120    21226.130    21304.120    21309.120    21408.120
   205:    21414.120    21548.120    21554.120    21829.120    22017.120
   210:    22024.120    22197.120    22293.120    22571.740    22579.540
   215:    22579.320    22579.330    22579.350    22579.240    22579.120
   220:    22591.120    22829.220    22829.230    22829.250    22829.340
   225:    23198.120    23429.740    23447.540    23447.320    23447.330
   230:    23447.350    23447.240    23447.120    23697.220    23697.230
   235:    23697.250    23697.340    23846.130    23943.120    23948.120
   240:    23955.120    24129.120    24134.120    24221.120    24227.120
   245:    24297.740    24595.540    24595.320    24595.330    24595.350
   250:    24595.240    24595.120    24606.120    24845.220    24845.230
   255:    24845.250    24845.340    25025.130    25060.130    25144.120
   260:    25352.120    25358.120    25364.120    25453.120    25495.120
   265:    25545.740    25824.130    25857.130    25864.130    25936.540
   270:    25936.320    25936.330    25936.350    25936.240    25936.120
   275:    25948.120    26186.220    26186.230    26186.250    26186.340
   280:    26459.120    26785.120    26798.120    26994.120    27225.130
   285:    27231.130    27424.120    27588.120    27662.120    27752.130
   290:    27786.740    27914.540    27914.320    27914.330    27914.350
   295:    27914.240    27914.120    27919.120    27927.120    28164.220
   300:    28164.230    28164.250    28164.340    28328.120    28539.130
   305:    28616.120    28628.120    29115.130    29122.130    29192.120
   310:    29201.120    29353.130    29616.120    29646.120    29851.120
   315:    29857.120    29974.130    29980.130    30131.120    30332.120
   320:    31016.120    31431.120    31600.120    31710.130    31715.130
   325:    31722.130    31864.740    31945.540    31945.320    31945.330
   330:    31945.350    31945.240    31945.120    31964.120    32195.220
   335:    32195.230    32195.250    32195.340    32437.120    32448.120
   340:    32574.120    32749.120    33039.120    33050.120    33209.130
   345:    33294.120    33566.120    33578.120    33689.120    33799.840
   350:    34070.120    34077.120    34142.120    34195.740    34549.540
   355:    34549.320    34549.330    34549.350    34549.240    34549.120
   360:    34562.120    34799.220    34799.230    34799.250    34799.340
   365:    35023.120    35030.120    35480.120    35493.120    35567.120
   370:    35574.120    35772.120    36069.120    36437.120    36589.120
   375:    36766.120    36981.120    37176.120    37390.120    37403.120
   380:    37486.120    37877.640    37877.320    37877.330    37877.350
   385:    37877.240    37877.130    37892.130    38127.220    38127.230
   390:    38127.250    38127.340    38331.130    38338.130    38419.120
   395:    38594.130    38681.120    38799.740    38918.540    38918.320
   400:    38918.330    38918.350    38918.240    38918.120    39168.220
   405:    39168.230    39168.250    39168.340    39380.120    39722.130
   410:    39797.120    39980.120    40195.120    40208.120    40268.120
   415:    40397.130    40664.130    40734.120    40843.120    41168.740
   420:    41184.130    41266.540    41266.320    41266.330    41266.350
   425:    41266.240    41266.120    41286.120    41516.220    41516.230
   430:    41516.250    41516.340    41904.120    41911.120    41916.740
   435:    41982.540    41982.320    41982.330    41982.350    41982.240
   440:    41982.120    41987.120    42232.220    42232.230    42232.250
   445:    42232.340    42411.120    42418.120    42452.120    42547.120
   450:    42581.120    42833.130    42839.130    43032.740    43506.540
   455:    43506.320    43506.330    43506.350    43506.240    43506.120
   460:    43519.120    43526.120    43756.220    43756.230    43756.250
   465:    43756.340    43907.120    43913.120    44305.120    44425.120
   470:    44615.120    44813.120    44886.120    45164.120    45256.740
   475:    45286.540    45286.320    45286.330    45286.350    45286.240
   480:    45286.120    45299.120    45536.220    45536.230    45536.250
   485:    45536.340    45808.120    45933.120    46077.120    46104.120
   490:    46111.120    46232.130    46508.120    46605.120    46731.120
   495:    46836.740    46859.540    46859.320    46859.330    46859.350
   500:    46859.240    46859.120    46866.120    46871.120    47109.220
   505:    47109.230    47109.250    47109.340    47406.120    47524.120
   510:    47718.120    47788.120    47927.120    48013.120    48150.120
   515:    48352.120    48578.120    48584.120    48781.120    48879.120
   520:    48984.120    49009.740    49322.540    49322.320    49322.330
   525:    49322.350    49322.240    49322.120    49335.120    49572.220
   530:    49572.230    49572.250    49572.340    49775.120    49875.120
   535:    50568.120    50692.120    50725.120    51047.120    51072.740
   540:    51174.540    51174.320    51174.330    51174.350    51174.240
   545:    51174.120    51194.120    51424.220    51424.230    51424.250
   550:    51424.340    51639.120    51652.120    51717.120    51942.120
   555:    51948.120    52171.120    52454.130    52598.120    52717.120
   560:    52809.120    52897.120    53027.120    53166.130    53231.120
   565:    53404.120    53563.120    53687.120    53844.120    54129.120
   570:    54257.120    54261.120    54267.120    54424.740    54448.540
   575:    54448.320    54448.330    54448.350    54448.240    54448.120
   580:    54469.120    54698.220    54698.230    54698.250    54698.340
   585:    55089.120    55170.120    55178.120    55201.120    55572.130
   590:    55739.120    55770.120    55894.130    55960.120    55971.120
   595:    56032.120    56320.130    56570.120    56830.120    57101.120
   600:    57502.120    57635.120    57842.120    57856.120    57950.120
   605:    58084.120    58738.120    58752.120    58949.120    59081.120
   610:    59207.120    59312.120    59674.120    59872.120    59879.120
   615:    60018.120    60027.120    60144.120    60358.120    60363.120
   620:    60497.120    60669.120    60818.120    60823.120    61037.120
   625:    61050.120    61219.120    61341.130    61431.120    61502.120
   630:    61508.120    61938.120    62036.120    62159.120    62240.120
   635:    62806.120    63155.120    63230.120    63425.120    64400.120
   640:    64412.120    64828.120    65091.120    65228.120    65273.120
   645:    65579.120    65854.120    65991.120    66068.120    66102.120
   650:    66107.120    66282.120    66287.120    66294.120    66698.740
   655:    66946.540    66946.320    66946.330    66946.350    66946.240
   660:    66946.120    67196.220    67196.230    67196.250    67196.340
   665:    67296.740    67377.540    67377.320    67377.330    67377.350
   670:    67377.240    67377.120    67627.220    67627.230    67627.250
   675:    67627.340    67802.120    67807.120    68057.120    68314.120
   680:    68429.120    68663.120    68806.120    69088.120    69700.120
   685:    69825.120    69989.120    69995.120    70358.120    70493.120
   690:    70927.740    71188.540    71188.320    71188.330    71188.350
   695:    71188.240    71188.120    71438.220    71438.230    71438.250
   700:    71438.340    71597.120    71657.120    72182.120    72188.120
   705:    72474.120    72546.120    72697.120    72814.120    72953.120
   710:    73146.120    73258.120    74190.120    74385.120    74391.120
   715:    74397.120    74432.120    74621.130    74694.120    74797.120
   720:    74802.120    74838.740    74847.540    74847.320    74847.330
   725:    74847.350    74847.240    74847.120    75097.220    75097.230
   730:    75097.250    75097.340    75297.740    75337.130    75415.540
   735:    75415.320    75415.330    75415.350    75415.240    75415.120
   740:    75665.220    75665.230    75665.250    75665.340    75992.120
   745:    76032.120    76040.120    76231.120    76238.120    76611.120
   750:    76741.120    76888.120    77128.120    77135.120    77610.120
   755:    77802.120    77919.120    78239.130    78330.120    78596.120
   760:    78695.120    79291.120    79297.120    79577.120    79590.120
   765:    80029.120    80043.120    80628.120    80906.120    81199.120
   770:    81265.740    81525.540    81525.320    81525.330    81525.350
   775:    81525.240    81525.120    81538.120    81546.120    81775.220
   780:    81775.230    81775.250    81775.340    81972.130    82268.120
   785:    82341.120    82347.120    82353.120    82768.120    82869.120
   790:    82875.120    82882.120    83104.120    83204.130    83472.120
   795:    83577.120    83729.120    83814.120    83820.120    83875.740
   800:    84016.540    84016.320    84016.330    84016.350    84016.240
   805:    84016.120    84029.120    84036.120    84266.220    84266.230
   810:    84266.250    84266.340    84366.740    84425.540    84425.320
   815:    84425.330    84425.350    84425.240    84425.120    84438.120
   820:    84675.220    84675.230    84675.250    84675.340    84828.120
   825:    84975.740    85416.540    85416.320    85416.330    85416.350
   830:    85416.240    85416.120    85429.120    85438.120    85666.220
   835:    85666.230    85666.250    85666.340    85766.740    85826.540
   840:    85826.320    85826.330    85826.350    85826.240    85826.120
   845:    85839.120    85846.120    86076.220    86076.230    86076.250
   850:    86076.340    86282.120    86295.120    86477.120    86773.120
   855:    86984.120    86989.120    86997.120    87205.120    87214.120
   860:    87431.120    87505.120    87731.120    87737.120    87743.120
   865:    87989.120    88132.120    88262.120    88394.120    88781.120
   870:    88788.120    88885.120    89012.120    89053.120    89059.120
   875:    89202.120    89331.120    89554.120    89774.120    89805.120
   880:    89813.120    90129.120    90401.120    90676.120    90861.130
   885:    90930.120    91018.120    91243.120    91276.740    91380.540
   890:    91380.320    91380.330    91380.350    91380.240    91380.120
   895:    91385.120    91392.120    91400.120    91630.220    91630.230
   900:    91630.250    91630.340    91799.120    91805.120    92009.120
   905:    92015.120    92023.120    92139.130    92209.120    92460.120
   910:    92797.120    93175.120    93248.120    93414.120    93430.740
   915:    93536.540    93536.320    93536.330    93536.350    93536.240
   920:    93536.120    93549.120    93557.120    93786.220    93786.230
   925:    93786.250    93786.340    94286.740    94335.540    94335.320
   930:    94335.330    94335.350    94335.240    94335.120    94341.120
   935:    94349.120    94585.220    94585.230    94585.250    94585.340
   940:    94868.130    94947.120    95422.130    95493.120    95600.120
   945:    95728.120    95733.120    95741.120    95785.740    95908.540
   950:    95908.320    95908.330    95908.350    95908.240    95908.120
   955:    96158.220    96158.230    96158.250    96158.340    96397.120
   960:    96408.120    96609.120    96615.120    96653.120    96658.740
   965:    96659.540    96659.320    96659.330    96659.350    96659.240
   970:    96659.120    96909.220    96909.230    96909.250    96909.340
   975:    97257.130    97332.120    97536.120    97839.120    98054.120
   980:    98125.120    98137.120    98286.120    98419.120    98821.120
   985:    98909.740    99046.540    99046.320    99046.330    99046.350
   990:    99046.240    99046.120    99067.120    99296.220    99296.230
   995:    99296.250    99296.340    99788.120    99985.120    99996.740
  1000:   100215.540   100215.320   100215.330   100215.350   100215.240
  1005:   100215.120   100223.120   100465.220   100465.230   100465.250
  1010:   100465.340   100617.120   100663.120   100668.120   100765.740
  1015:   100844.540   100844.320   100844.330   100844.350   100844.240
  1020:   100844.120   100850.120   100857.120   100864.120   101094.220
  1025:   101094.230   101094.250   101094.340   101294.120   101306.120
  1030:   101337.120   101342.120   101394.740   101448.540   101448.320
  1035:   101448.330   101448.350   101448.240   101448.120   101698.220
  1040:   101698.230   101698.250   101698.340   102021.120   102027.120
  1045:   102034.120   102196.120   102202.120   102210.120   102403.120
  1050:   102409.120   102595.120   102698.740   102699.540   102699.320
  1055:   102699.330   102699.350   102699.240   102699.120   102712.120
  1060:   102949.220   102949.230   102949.250   102949.340   103340.130
  1065:   103345.130   103353.130   103416.120   103428.120   103651.120
  1070:   103657.120   103749.740   103752.540   103752.320   103752.330
  1075:   103752.350   103752.240   103752.120   103765.120   104002.220
  1080:   104002.230   104002.250   104002.340   104459.120   104497.120
  1085:   104502.120   104839.120   104845.120   104851.120   104880.120
  1090:   104885.120   105001.120   105125.120   105320.120   105326.120
  1095:   105334.120   105477.120   105483.120   105702.740   105710.540
  1100:   105710.320   105710.330   105710.350   105710.240   105710.120
  1105:   105717.120   105960.220   105960.230   105960.250   105960.340
  1110:   106133.120   106138.120   106236.120   106242.120   106249.120
  1115:   106337.120   106494.120   106506.120   106533.120   106634.120
  1120:   106673.120   106850.120   106857.120   107125.120   107133.120
  1125:   107280.120   107461.120   107571.120   107576.120   107583.120
  1130:   107619.120   107741.120   107747.120   107962.120   107969.120
  1135:   107976.120   108042.120   108048.120   108055.120   108060.740
  1140:   108137.540   108137.320   108137.330   108137.350   108137.240
  1145:   108137.120   108151.120   108162.120   108387.220   108387.230
  1150:   108387.250   108387.340   108537.120   108741.120   108748.120
  1155:   108862.120   108940.120   109274.120   109280.120   109371.120
  1160:   109376.120   109383.120   109497.120   109626.120   109770.120
  1165:   109797.120   109802.120   109811.120   110052.120   110157.120
  1170:   110415.120   110545.120   110834.120   111187.120   111222.120
  1175:   111229.120   111307.120   111516.120   111587.740   111712.540
  1180:   111712.320   111712.330   111712.350   111712.240   111712.120
  1185:   111724.120   111732.120   111962.220   111962.230   111962.250
  1190:   111962.340   112127.120   112138.120   112243.120   112248.120
  1195:   112256.120   112375.120   112383.120   112404.120   112413.120
  1200:   112603.120   112615.120   112639.120   112714.120   113076.120
  1205:   113223.120   113323.120   113459.120   113994.120   114143.120
  1210:   114150.120   114303.120   114310.120   114404.120   114508.120
  1215:   114632.120   114645.120   114816.120   115043.120   115050.120
  1220:   115263.120   115268.120   115277.120   115338.120   115351.120
  1225:   115662.740   115703.540   115703.320   115703.330   115703.350
  1230:   115703.240   115703.120   115709.120   115715.120   115953.220
  1235:   115953.230   115953.250   115953.340   116165.130   116170.130
  1240:   116249.120   116262.120   116411.120   116417.120   116446.120
  1245:   116516.120   116521.120   116607.120   116613.120   116620.120
  1250:   116723.120   117025.120   117196.120   117202.120   117567.120
  1255:   117805.120   118108.120   118188.120   118202.120   118377.120
  1260:   118389.120   118734.120   118740.120   118839.120   118846.120
  1265:   119095.120   119102.120   119299.120   119524.120   120200.120
  1270:   120335.120   120528.120   120540.120   120663.120   120828.120
  1275:   120989.120   121029.120   121102.120   121274.120   121281.120
  1280:   121476.130   121546.120   121668.120   121953.740   122161.540
  1285:   122161.320   122161.330   122161.350   122161.240   122161.120
  1290:   122174.120   122411.220   122411.230   122411.250   122411.340
  1295:   122680.120   122686.120   122694.120   122817.120   122823.120
  1300:   122896.120   122902.120   122908.120   123123.120   123190.120
  1305:   123295.120   123429.120   123436.120   123590.120   123691.120
  1310:   123817.120   124083.120   124329.120   124335.120   124343.120
  1315:   124490.120   124526.120   124627.840   124703.120   124833.120
  1320:   124838.120   124946.120   124952.120   125026.120   125224.120
  1325:   125347.120   125515.120   125520.120   125527.120   125679.120
  1330:   125935.120   125947.120   125973.120   126046.120   126415.120
  1335:   126549.120   126882.120   126888.120   126955.120   127141.120
  1340:   127146.120   127154.120   127250.120   127434.120   127477.120
  1345:   127676.120   127682.120   127689.120   127834.120   127975.120
  1350:   127982.120   128159.120   128234.120   128240.120   128247.120
  1355:   128522.120   128585.120   128721.120   128913.120   129045.120
  1360:   129141.120   129211.740   129287.540   129287.320   129287.330
  1365:   129287.350   129287.240   129287.120   129301.120   129537.220
  1370:   129537.230   129537.250   129537.340   129777.120   129887.120
  1375:   130110.120   130116.120   130214.120   130347.120   130461.120
  1380:   130726.120   130734.120   130825.120   130830.120   130837.740
  1385:   130972.540   130972.320   130972.330   130972.350   130972.240
  1390:   130972.120   131222.220   131222.230   131222.250   131222.340
  1395:   131386.120   131398.120   131570.120   131766.120   131804.120
  1400:   131809.120   131876.120   131882.120   131954.120   132081.120
  1405:   132248.120   132522.740   132584.540   132584.320   132584.330
  1410:   132584.350   132584.240   132584.120   132599.120   132834.220
  1415:   132834.230   132834.250   132834.340   132934.740   133542.540
  1420:   133542.320   133542.330   133542.350   133542.240   133542.120
  1425:   133548.120   133555.120   133792.220   133792.230   133792.250
  1430:   133792.340   133959.120   133964.120   133972.120   134190.120
  1435:   134228.120   134362.640   134362.320   134362.330   134362.350
  1440:   134362.240   134362.130   134612.220   134612.230   134612.250
  1445:   134612.340   134692.740   134882.540   134882.320   134882.330
  1450:   134882.350   134882.240   134882.120   134887.120   134893.120
  1455:   134900.120   134910.120   135132.220   135132.230   135132.250
  1460:   135132.340   135282.120   135287.120   135294.120   135393.120
  1465:   135401.120   135528.120   135538.120   135659.130   135728.120
  1470:   135740.120   136014.120   136022.120   136126.120   136132.120
  1475:   136358.120   136412.840   136450.120   136641.120   136653.120
  1480:   136743.120   136936.120   137042.120   137379.120   137384.120
  1485:   137392.120   137608.120   137809.120   137943.120   138100.120
  1490:   138112.120   138703.120   138755.120   138949.120   138954.120
  1495:   139148.120   139273.120   139484.120   139491.120   139705.120
  1500:   139946.120   140096.120   140363.120   140730.120   140735.120
  1505:   140744.120   140953.120   141109.120   141114.120   141120.120
  1510:   141269.120   141374.120   141649.120   141781.120   142139.120
  1515:   142717.120   142982.120   142987.120   143195.120   143234.120
  1520:   143360.120   143685.120   143868.120   144191.120   144343.120
  1525:   144823.120   144828.120   144886.120   145052.120   145268.120
  1530:   145274.120   145345.120   145509.120   145639.120   145692.120
  1535:   145831.120   146034.120   146040.120   146238.120   146244.120
  1540:   146450.120   146455.120   146462.120   146622.120   146629.120
  1545:   146803.120   146815.120   146880.120   146886.120   146894.120
  1550:   147125.120   147131.120   147163.120   147285.120   147508.120
  1555:   147514.120   147728.640   147728.320   147728.330   147728.350
  1560:   147728.240   147728.130   147978.220   147978.230   147978.250
  1565:   147978.340   148130.120   148430.130   148814.120   149079.120
  1570:   149293.120   149800.120   149925.120   150009.120   150017.120
  1575:   150529.120   150632.740   150835.540   150835.320   150835.330
  1580:   150835.350   150835.240   150835.120   151085.220   151085.230
  1585:   151085.250   151085.340   151313.120   151319.120   151456.120
  1590:   151477.120   151484.120   151649.120   151813.120   151819.120
  1595:   151917.120   151923.120   152172.120   152340.120   152471.120
  1600:   152478.120   152733.120   152738.120   152911.130   153069.120
  1605:   153076.120   153314.120   153633.120   153874.120   154046.120
  1610:   154279.120   154418.130   154509.120   154514.120   154706.120
  1615:   154785.740   154940.540   154940.320   154940.330   154940.350
  1620:   154940.240   154940.120   154953.120   155190.220   155190.230
  1625:   155190.250   155190.340   155390.740   155402.540   155402.320
  1630:   155402.330   155402.350   155402.240   155402.120   155652.220
  1635:   155652.230   155652.250   155652.340   155804.130   155814.130
  1640:   155897.120   155934.120   156027.120   156135.120   156430.120
  1645:   156443.120   156539.120   156781.120   156789.120   156886.120
  1650:   157075.120   157146.120   157153.120   157379.130   157448.120
  1655:   157460.120   157501.120   157507.120   157881.120   157887.120
  1660:   158106.120   158138.120   158143.120   158335.120   158408.120
  1665:   158414.120   158572.120   158649.120   158652.740   158656.540
  1670:   158656.320   158656.330   158656.350   158656.240   158656.120
  1675:   158906.220   158906.230   158906.250   158906.340   159109.120
  1680:   159114.120   159122.120   159357.120   159406.740   159665.540
  1685:   159665.320   159665.330   159665.350   159665.240   159665.120
  1690:   159672.120   159679.120   159915.220   159915.230   159915.250
  1695:   159915.340   160317.130   160325.130   160552.120   160558.120
  1700:   160656.120   160662.120   160855.120   160861.120   160868.120
  1705:   161058.120   161064.120   161078.840   161279.120   161392.120
  1710:   161477.120   161602.120   161615.740   161768.540   161768.320
  1715:   161768.330   161768.350   161768.240   161768.120   161784.120
  1720:   162018.220   162018.230   162018.250   162018.340   162176.120
  1725:   162286.120   162422.120   162428.120   162470.120   162686.120
  1730:   162698.120   162848.120   162975.120   163109.120   163298.120
  1735:   163304.120   163413.120   163419.120   163506.120   163718.740
  1740:   163762.540   163762.320   163762.330   163762.350   163762.240
  1745:   163762.120   163774.120   163782.120   164012.220   164012.230
  1750:   164012.250   164012.340   164246.120   164251.120   164259.120
  1755:   164452.120   164558.120   164757.120   164838.120   164844.120
  1760:   164851.120   164994.120   165187.120   165261.120   165507.120
  1765:   165516.120   165834.120   166098.120   166288.120   166293.120
  1770:   166423.640   166423.320   166423.330   166423.350   166423.240
  1775:   166423.130   166673.220   166673.230   166673.250   166673.340
  1780:   166833.120   166838.120   166847.120   167010.120   167016.120
  1785:   167132.120   167329.120   167626.120   167754.120   167916.120
  1790:   167923.120   168041.120   168234.120   168464.120   168535.120
  1795:   168541.120   168758.120   168765.120   168857.120   169011.120
  1800:   169112.740   169119.540   169119.320   169119.330   169119.350
  1805:   169119.240   169119.120   169125.120   169132.120   169369.220
  1810:   169369.230   169369.250   169369.340   169564.130   169646.120
  1815:   169722.120   169850.120   169856.120   169864.120   169894.120
  1820:   169998.120   170003.120   170073.120   170169.740   170205.540
  1825:   170205.320   170205.330   170205.350   170205.240   170205.120
  1830:   170455.220   170455.230   170455.250   170455.340   170602.130
  1835:   170679.120   170692.120   170873.120   170879.120   170888.120
  1840:   170981.120   170988.120   171144.130   171223.120   171307.120
  1845:   171312.120   171564.120   171729.120   171861.120   172004.120
  1850:   172010.120   172462.120   172652.120   172907.120   172913.120
  1855:   172990.120   172995.120   173092.120   173224.120   173882.120
  1860:   173988.120   174115.120   174283.120   174418.120   174548.120
  1865:   174987.120   175436.120   175441.120   175449.120   175735.120
  1870:   175813.120   175939.120   176105.120   176111.120   176326.120
  1875:   176556.120   176632.120   176638.120   176791.120   176796.120
  1880:   176920.130   177055.740   177072.540   177072.320   177072.330
  1885:   177072.350   177072.240   177072.120   177085.120   177322.220
  1890:   177322.230   177322.250   177322.340   177680.120   177716.120
  1895:   177922.740   177978.540   177978.320   177978.330   177978.350
  1900:   177978.240   177978.120   177983.120   177990.120   177997.120
  1905:   178228.220   178228.230   178228.250   178228.340   178379.130
  1910:   178457.120   178462.120   178616.120   178623.120   178631.120
  1915:   178833.120   178881.120   179013.120   179175.120   179283.120
  1920:   179391.120   179428.740   179564.540   179564.320   179564.330
  1925:   179564.350   179564.240   179564.120   179814.220   179814.230
  1930:   179814.250   179814.340   180031.120   180036.120   180043.120
  1935:   180233.120   180239.120   180272.120   180314.740   180404.540
  1940:   180404.320   180404.330   180404.350   180404.240   180404.120
  1945:   180410.120   180417.120   180654.220   180654.230   180654.250
  1950:   180654.340   180807.120   180812.120   180820.120   180916.120
  1955:   180922.120   180928.120   181115.120   181120.120   181128.120
  1960:   181227.120   181391.120   181396.120   181626.120   181665.120
  1965:   181754.740   181841.540   181841.320   181841.330   181841.350
  1970:   181841.240   181841.120   181848.120   181854.120   181863.120
  1975:   182091.220   182091.230   182091.250   182091.340   182228.130
  1980:   182311.120   182402.120   182408.120   182503.120   182659.120
  1985:   182665.120   182691.740   182788.540   182788.320   182788.330
  1990:   182788.350   182788.240   182788.120   182794.120   182801.120
  1995:   183038.220   183038.230   183038.250   183038.340   183247.120
  2000:   183253.120   183261.120   183414.120   183638.740   183658.540
  2005:   183658.320   183658.330   183658.350   183658.240   183658.120
  2010:   183671.120   183908.220   183908.230   183908.250   183908.340
  2015:   184092.120   184097.120   184103.120   184206.120   184331.120
  2020:   184481.120   184714.120   184720.120   184913.120   184919.120
  2025:   184925.120   184968.120   184973.120   185053.120   185066.120
  2030:   185176.120   185281.120   185403.120   185409.120   185568.120
  2035:   186061.120   186372.120   186531.120   186687.120   186820.120
  2040:   186854.120   186908.740   187067.540   187067.320   187067.330
  2045:   187067.350   187067.240   187067.120   187081.120   187317.220
  2050:   187317.230   187317.250   187317.340   187565.120   187570.120
  2055:   187578.120   187664.120   187671.120   187775.120   187817.740
  2060:   188181.540   188181.320   188181.330   188181.350   188181.240
  2065:   188181.120   188195.120   188201.120   188431.220   188431.230
  2070:   188431.250   188431.340   188573.130   188636.120   188647.120
  2075:   188803.120   188892.120   188898.120   188907.120   189193.120
  2080:   189198.120   189205.120   189267.120   189273.120   189539.120
  2085:   189544.120   189639.120   189674.120   189811.120   190166.120
  2090:   190234.120   190332.120   190338.120   190464.120   190578.130
  2095:   190658.120   190664.120   190731.120   190737.120   190745.120
  2100:   190879.120   191318.120   191324.120   191500.120   191648.120
  2105:   191653.120   191659.120   191685.120   191789.120   191861.120
  2110:   191983.120   192171.120   192331.120   192338.120   192617.120
  2115:   192733.120   193009.120   193014.120   193173.840   193174.120
  2120:   193299.120   193305.120   193372.120   193377.120   193414.120
  2125:   193511.120   193516.120   194594.120   194600.120   194766.120
  2130:   194971.120   195153.120   195339.120   195344.120   195414.120
  2135:   195931.740   196110.540   196110.320   196110.330   196110.350
  2140:   196110.240   196110.120   196117.120   196124.120   196360.220
  2145:   196360.230   196360.250   196360.340   196510.640   196510.320
  2150:   196510.330   196510.350   196510.240   196510.130   196760.220
  2155:   196760.230   196760.250   196760.340   196960.120   196966.120
  2160:   196972.120   197054.120   197160.740   197197.540   197197.320
  2165:   197197.330   197197.350   197197.240   197197.120   197204.120
  2170:   197447.220   197447.230   197447.250   197447.340   197601.120
  2175:   197606.120   197614.120   197708.120   197713.120   197721.120
  2180:   197933.130   197938.130   198009.120   198014.120   198365.120
  2185:   198371.120   198433.120   198586.120   198592.120   198629.120
  2190:   198635.120   198692.120   198907.120   198914.120   199006.120
  2195:   199319.120   199668.120   199674.120   199680.120   199747.740
  2200:   199824.540   199824.320   199824.330   199824.350   199824.240
  2205:   199824.120   199839.120   200074.220   200074.230   200074.250
  2210:   200074.340   200225.120   200237.120   200337.120   200342.120
  2215:   200574.740   200631.540   200631.320   200631.330   200631.350
  2220:   200631.240   200631.120   200637.120   200644.120   200881.220
  2225:   200881.230   200881.250   200881.340   201115.120   201121.120
  2230:   201207.120   201302.120   201425.120   201431.120   201438.120
  2235:   201466.120   201471.120   201744.120   201837.120   202006.120
  2240:   202012.120   202075.120   202082.120   202260.840   202368.120
  2245:   202610.120   202769.120   202887.120   202899.120   203089.120
  2250:   203233.120   203425.120   203563.120   203601.120   203607.120
  2255:   203755.120   203761.120   203946.120   203952.120   204111.120
  2260:   204225.120   204262.120   204268.120   204636.120   204755.120
  2265:   204760.120   205084.120   205181.120   205284.120   205379.120
  2270:   205385.120   205502.120   205572.120   205608.120   205615.120
  2275:   205787.120   205791.120   206009.120   206161.120   206383.120
  2280:   206596.120   206602.120   206753.120   206759.120   206789.120
  2285:   206891.120   206985.120   207157.120   207163.120   207170.120
  2290:   207568.120   207574.120   207730.120   207828.120   207835.120
  2295:   207933.120   208040.120   208045.120   208222.120   208409.120
  2300:   208415.120   208422.120   208652.120   208658.120   208666.120
  2305:   208751.120   208878.120   208914.120   209014.120   209514.120
  2310:   209695.120   209986.120   209992.120   209999.120   210258.120
  2315:   210320.120   210569.120   210575.120   210694.120   210772.120
  2320:   210806.120   210813.120   210873.120   210879.120   211285.120
  2325:   211291.120   211386.120   211392.120   211571.120   211577.120
  2330:   211729.120   211857.120   211872.120   211914.120   211920.120
  2335:   212095.120   212132.120   212425.120   212431.120   212438.120
  2340:   212530.120   212536.120   212544.120   212647.120   212794.120
  2345:   212933.120   212940.120   212972.120   213034.120   213040.120
  2350:   213321.640   213321.320   213321.330   213321.350   213321.240
  2355:   213321.130   213571.220   213571.230   213571.250   213571.340
  2360:   213726.120   213731.120   213739.120   213958.120   213963.120
  2365:   213970.120   214067.120   214193.120   214199.120   214207.120
  2370:   214247.120   214409.120   214414.120   214517.120   214524.120
  2375:   214626.120   214771.840   214830.120   214835.120   214928.120
  2380:   215053.120   215059.120   215066.120   215126.120   215289.120
  2385:   215295.120   215500.120   215535.120   215543.120   215754.120
  2390:   215876.120   215883.120   216152.120   216157.120   216223.120
  2395:   216230.120   216353.120   216537.120   216577.120   216767.120
  2400:   216774.120   216846.640   216846.320   216846.330   216846.350
  2405:   216846.240   216846.130   217096.220   217096.230   217096.250
  2410:   217096.340   217275.120   217484.120   217489.120   217497.120
  2415:   217641.130   217718.120   217775.120   217854.120   217991.120
  2420:   218018.120   218023.120   218031.120   218320.120   218479.120
  2425:   218485.120   218783.120   218796.840   218927.120   218994.120
  2430:   219120.120   219126.120   219203.120   219304.120   219309.120
  2435:   219571.120   219577.120   219623.120   219629.120   219817.120
  2440:   219825.120   219983.120   219990.120   220205.120   220211.120
  2445:   220315.120   220322.120   220469.120   220474.120   220767.120
  2450:   220773.120   220872.120   221069.640   221069.320   221069.330
  2455:   221069.350   221069.240   221069.130   221319.220   221319.230
  2460:   221319.250   221319.340   221449.120   221455.120   221461.120
  2465:   221606.120   221611.120   221788.120   221794.120   221800.120
  2470:   222062.120   222067.120   222349.120   222356.120   222642.120
  2475:   222647.120   222776.120   222781.740   222977.540   222977.320
  2480:   222977.330   222977.350   222977.240   222977.120   223227.220
  2485:   223227.230   223227.250   223227.340   223353.130   223443.120
  2490:   223448.120   223456.120   223636.120   223641.120   223649.120
  2495:   223871.120   223877.120   223884.120   224031.130   224105.120
  2500:   224110.120   224177.120   224182.120   224292.120   224297.120
  2505:   224305.120   224430.120   224469.120   224638.120   224644.120
  2510:   224737.120   224743.120   224913.120   225021.120   225121.130
  2515:   225194.120   225260.120   225331.120   225437.120   225522.120
  2520:   225527.120   225659.130   225808.120   225814.120   225881.120
  2525:   225989.120   226020.120   226028.120   226468.120   226701.120
  2530:   226893.120   226983.120   226990.120   227103.120   227109.120
  2535:   227348.130   227426.120   227475.120   227870.120   227877.120
  2540:   227945.120   227951.120   228160.120   228226.120   228419.840
  2545:   228462.120   228619.120   228769.120   228841.120   229231.640
  2550:   229231.320   229231.330   229231.350   229231.240   229231.130
  2555:   229481.220   229481.230   229481.250   229481.340   229744.120
  2560:   229750.120   229756.120   229910.120   229915.120   229922.120
  2565:   230109.130   230203.120   230629.120   230866.120   231221.120
  2570:   231293.120   231641.120   231771.120   231907.120   232076.120
  2575:   232142.120   232179.120   232186.120   232369.120   232376.120
  2580:   232563.120   232758.130   232835.120   233091.120   233097.120
  2585:   233139.120   233433.120   233592.120   233605.120   233633.120
  2590:   233638.120   233909.120   233915.120   234144.120   234150.120
  2595:   234366.120   234704.120   234934.120   234940.120   235053.120
  2600:   235169.120   235175.120   235374.120   235443.120   235628.120
  2605:   235799.120   235804.120   235908.120   236131.120   236202.120
  2610:   236487.120   236494.120   236559.120   236658.120   236664.120
  2615:   236692.120   236698.120   236781.840   236817.120   236850.120
  2620:   237079.640   237079.320   237079.330   237079.350   237079.240
  2625:   237079.130   237329.220   237329.230   237329.250   237329.340
  2630:   237429.840   237476.120   237481.120   237625.640   237625.320
  2635:   237625.330   237625.350   237625.240   237625.130   237875.220
  2640:   237875.230   237875.250   237875.340   238022.120   238027.120
  2645:   238034.120   238127.120   238258.130   238337.120   238343.120
  2650:   238350.120   238571.120   238576.120   238705.120   238710.120
  2655:   238719.120   238752.120   238887.120   239335.120   239514.120
  2660:   239520.120   239669.120   239675.120   239719.120   239915.120
  2665:   240041.120   240162.120   240192.120   240204.120   240568.120
  2670:   240575.120   240739.120   240851.120   240891.120   241034.120
  2675:   241040.120   241061.120   241068.120   241253.120   241355.120
  2680:   241362.120   241775.840   241777.120   241802.120   241807.120
  2685:   241957.120   242097.120   242307.120   242567.120   242573.120
  2690:   242637.120   242770.120   242951.120   242958.120   243024.120
  2695:   243030.120   243213.640   243213.320   243213.330   243213.350
  2700:   243213.240   243213.130   243220.130   243463.220   243463.230
  2705:   243463.250   243463.340   243586.120   243591.120   243598.120
  2710:   243740.120   243857.130   243930.120   243935.120   243944.120
  2715:   244169.120   244333.120   244338.120   244523.120   244531.120
  2720:   244562.120   244563.840   244694.120   244721.120   244727.120
  2725:   245152.120   245355.640   245355.320   245355.330   245355.350
  2730:   245355.240   245355.130   245605.220   245605.230   245605.250
  2735:   245605.340   245746.120   245751.120   245964.120   245970.120
  2740:   246402.120   246405.840   246408.120   246723.120   246880.120
  2745:   247309.120   247772.120   247778.120   247850.120   247911.120
  2750:   247920.120   248054.640   248054.320   248054.330   248054.350
  2755:   248054.240   248054.130   248304.220   248304.230   248304.250
  2760:   248304.340   248469.120   248477.120   248657.120   248855.120
  2765:   248976.130   249059.120   249159.120   249164.120   249391.120
  2770:   250028.120   250034.120   250156.120   250163.120   250197.120
  2775:   250497.120   250601.120   250607.120   250765.120   250771.120
  2780:   250826.120   251184.120   251245.120   251521.120   251704.840
  2785:   251713.120   251877.120   251882.120   252086.120   252236.120
  2790:   252301.120   252484.120   252571.640   252571.320   252571.330
  2795:   252571.350   252571.240   252571.130   252821.220   252821.230
  2800:   252821.250   252821.340   252937.120   252943.120   253214.120
  2805:   253220.120   253556.120   253561.120   253568.120   254053.120
  2810:   254155.120   254161.120   254560.120   254737.120   254805.120
  2815:   254880.120   254887.120   254910.120   254916.120   255109.120
  2820:   255115.120   255321.840   255537.120   255705.640   255705.320
  2825:   255705.330   255705.350   255705.240   255705.130   255955.220
  2830:   255955.230   255955.250   255955.340   256092.120   256283.120
  2835:   256413.130   256419.130   256493.120   256674.130   256910.120
  2840:   256946.120   257105.120   257263.120   257270.120   257468.120
  2845:   257592.130   257655.840   257819.120   257928.640   257928.320
  2850:   257928.330   257928.350   257928.240   257928.130   258178.220
  2855:   258178.230   258178.250   258178.340   258427.740   258518.540
  2860:   258518.320   258518.330   258518.350   258518.240   258518.120
  2865:   258523.120   258530.120   258538.120   258578.840   258768.220
  2870:   258768.230   258768.250   258768.340   258923.120   258928.120
  2875:   259167.120   259360.120   259365.120   259583.120   259748.120
  2880:   259755.120   259935.120   260121.120   260238.120   260342.640
  2885:   260342.320   260342.330   260342.350   260342.240   260342.130
  2890:   260592.220   260592.230   260592.250   260592.340   260745.130
  2895:   260818.120   260823.120   260957.130   260992.840   261039.120
  2900:   261043.120   261199.640   261199.320   261199.330   261199.350
  2905:   261199.240   261199.130   261449.220   261449.230   261449.250
  2910:   261449.340   261609.120   261614.120   261621.120   261719.130
  2915:   261796.120   261802.120   262000.120   262033.120   262041.120
  2920:   262220.120   262579.130   262782.120   262915.130   263250.120
  2925:   263423.120   263587.120   263663.120   263747.130   263843.120
  2930:   264086.130   264157.120   264381.120   264564.120   264749.840
  2935:   264762.120   264926.120   264932.120   265049.640   265049.320
  2940:   265049.330   265049.350   265049.240   265049.130   265299.220
  2945:   265299.230   265299.250   265299.340   265635.130   265714.120
  2950:   265719.120   265725.120   265829.130   265910.120   265917.120
  2955:   265989.130   265997.130   266075.120   266157.130   266276.130
  2960:   266356.120   266589.120   266594.120   266791.120   267093.130
  2965:   267163.120   267199.840   267238.120   267244.120   267251.120
  2970:   267372.640   267372.320   267372.330   267372.350   267372.240
  2975:   267372.130   267622.220   267622.230   267622.250   267622.340
  2980:   267802.130   267883.120   268074.120   268080.120   268087.120
  2985:   268263.130   268346.120   268519.120   268772.120   268778.120
  2990:   268959.120   269066.130   269149.120   269156.120   269260.130
  2995:   269415.130   269544.120   269631.130   269642.130   269710.120
  3000:   269948.130   269968.130   270052.120   270283.130   270455.130
  3005:   270479.130   270565.120   270722.840   270816.640   270816.320
  3010:   270816.330   270816.350   270816.240   270816.130   271066.220
  3015:   271066.230   271066.250   271066.340   271166.840   271223.120
  3020:   271228.120   271418.120   271504.640   271504.320   271504.330
  3025:   271504.350   271504.240   271504.130   271754.220   271754.230
  3030:   271754.250   271754.340   271892.120   272001.130   272007.130
  3035:   272085.120   272212.130   272288.120   272523.130   272599.120
  3040:   272721.130   272800.120   272871.130   272879.130   273036.130
  3045:   273104.120   273180.130   273277.120   273359.130   273454.840
  3050:   273655.120   273821.120   273891.640   273891.320   273891.330
  3055:   273891.350   273891.240   273891.130   274141.220   274141.230
  3060:   274141.250   274141.340   274293.120   274441.840   274459.640
  3065:   274459.320   274459.330   274459.350   274459.240   274459.130
  3070:   274465.130   274709.220   274709.230   274709.250   274709.340
  3075:   274855.120   274972.130   275054.120   275156.130   275451.120
  3080:   275525.130   275553.130   275624.120   275778.120   276111.120
  3085:   276486.130   276556.120   276811.130   276909.840   277068.640
  3090:   277068.320   277068.330   277068.350   277068.240   277068.130
  3095:   277318.220   277318.230   277318.250   277318.340   277433.120
  3100:   277439.120   277570.130   277575.130   277647.120   277653.120
  3105:   277660.120   277763.130   277866.120   277871.120   278041.120
  3110:   278046.120   278204.120   278285.130   278369.120   278461.130
  3115:   278543.120   278700.130   279064.120   279243.120   279426.120
  3120:   279432.120   279502.130   279587.120   279594.120   279663.130
  3125:   279671.130   279750.120   279959.130   280178.120   280318.840
  3130:   280336.120   280412.640   280412.320   280412.330   280412.350
  3135:   280412.240   280412.130   280568.740   280662.220   280662.230
  3140:   280662.250   280662.340   280762.840   280807.540   280807.320
  3145:   280807.330   280807.350   280807.240   280807.120   280813.120
  3150:   280819.120   280827.120   281057.220   281057.230   281057.250
  3155:   281057.340   281185.120   281190.120   281312.640   281312.320
  3160:   281312.330   281312.350   281312.240   281312.130   281562.220
  3165:   281562.230   281562.250   281562.340   281750.120   281754.120
  3170:   281762.120   281941.120   282045.130   282117.120   282190.130
  3175:   282380.120   282554.120   282590.120   282756.120   282831.130
  3180:   282839.130   282930.120   283208.130   283278.120   283285.120
  3185:   283623.130   283630.130   283753.120   283758.120   283922.120
  3190:   284146.130   284220.120   284346.130   284362.840   284468.120
  3195:   284544.640   284544.320   284544.330   284544.350   284544.240
  3200:   284544.130   284794.220   284794.230   284794.250   284794.340
  3205:   284915.120   284920.120   284927.120   285022.130   285029.130
  3210:   285146.130   285235.120   285374.120   285471.120   285780.120
  3215:   285787.120   285950.120   286217.120   286291.130   286463.130
  3220:   286823.120   286894.840   286902.640   286902.320   286902.330
  3225:   286902.350   286902.240   286902.130   286908.130   287152.220
  3230:   287152.230   287152.250   287152.340   287284.120   287289.120
  3235:   287480.120   287558.130   287944.120   288332.130   288341.130
  3240:   288499.120   288503.120   288594.130   288696.130   288842.130
  3245:   288853.130   288924.120   289196.130   289447.120   289915.120
  3250:   289988.130   290052.840   290076.120   290148.640   290148.320
  3255:   290148.330   290148.350   290148.240   290148.130   290398.220
  3260:   290398.230   290398.250   290398.340   290555.120   290561.120
  3265:   290663.130   290759.130   290793.130   291000.130   291022.130
  3270:   291101.120   291421.120   291428.120   291497.130   291527.130
  3275:   291793.130   291935.130   292075.130   292080.130   292146.120
  3280:   292325.130   292536.120   292608.130   292867.120   293256.120
  3285:   293263.120   293482.120   293556.130   293633.120   293768.120
  3290:   293845.130   293871.130   293948.120   293954.120   294103.120
  3295:   294109.120   294417.120   294422.120   294506.130   294653.130
  3300:   294810.130   294888.120   295082.120   295111.120   295253.120
  3305:   295259.120   295266.120   295386.120   295392.120   295460.130
  3310:   295535.120   295618.130   295874.120   296020.120   296100.130
  3315:   296247.130   296475.130   296719.120   297159.120   297356.120
  3320:   297530.120   297603.130   297778.120   297784.120   297956.120
  3325:   298035.120   298042.120   298217.120   298222.120   298327.130
  3330:   298399.120   298567.120   298599.120   298729.120   299139.120
  3335:   299298.840   299465.640   299465.320   299465.330   299465.350
  3340:   299465.240   299465.130   299715.220   299715.230   299715.250
  3345:   299715.340   299834.120   299839.120   299968.130   300226.120
  3350:   300362.120   300691.120   300696.120   300845.120   300986.120
  3355:   301202.130   301385.120   301531.120   301704.120   301709.120
  3360:   301929.120   302215.840   302310.640   302310.320   302310.330
  3365:   302310.350   302310.240   302310.130   302560.220   302560.230
  3370:   302560.250   302560.340   302677.130   302755.120   302768.120
  3375:   302887.130   302971.120   302977.120   303141.120   303216.130
  3380:   303260.840   303310.640   303310.320   303310.330   303310.350
  3385:   303310.240   303310.130   303560.220   303560.230   303560.250
  3390:   303560.340   303699.120   303705.120   303711.120   303745.120
  3395:   303824.130   303872.130   303878.130   304078.120   304084.120
  3400:   304112.120   304500.120   304514.120   304557.740   304650.540
  3405:   304650.320   304650.330   304650.350   304650.240   304650.120
  3410:   304664.120   304900.220   304900.230   304900.250   304900.340
  3415:   305140.120   305146.120   305241.120   305410.120   305416.120
  3420:   305618.120   305741.130   305811.120   305894.130   305908.130
  3425:   305960.840   305987.120   305993.120   306156.120   306607.640
  3430:   306607.320   306607.330   306607.350   306607.240   306607.130
  3435:   306613.130   306857.220   306857.230   306857.250   306857.340
  3440:   307033.120   307177.130   307254.120   307260.120   307569.120
  3445:   307712.120   307872.120   307957.840   308018.120   308188.120
  3450:   308354.120   308361.120   308518.120   308777.120   308850.640
  3455:   308850.320   308850.330   308850.350   308850.240   308850.130
  3460:   309100.220   309100.230   309100.250   309100.340   309235.120
  3465:   309366.130   309371.130   309441.120   309449.120   309550.130
  3470:   309639.120   309816.120   310000.840   310137.120   310409.120
  3475:   310415.120   310484.640   310484.320   310484.330   310484.350
  3480:   310484.240   310484.130   310734.220   310734.230   310734.250
  3485:   310734.340   310864.120   311030.120   311263.120   311408.120
  3490:   311414.120   311798.120   311965.120   312137.120   312254.120
  3495:   312259.120   312334.840   312555.120   312636.640   312636.320
  3500:   312636.330   312636.350   312636.240   312636.130   312886.220
  3505:   312886.230   312886.250   312886.340   313048.120   313163.130
  3510:   313230.120   313397.120   313568.120   313737.120   313900.120
  3515:   313907.120   314069.120   314145.130   314322.120   314392.130
  3520:   314398.130   314485.120   315157.130   315163.130   315248.120
  3525:   315272.120   315926.120   316153.130   316466.120   316494.120
  3530:   316659.130   316929.130   317149.130   317218.120   317342.120
  3535:   317443.130   318003.130   318094.120   318408.120   318495.130
  3540:   318841.120   318849.120   318959.120   318986.840   319345.120
  3545:   319441.640   319441.320   319441.330   319441.350   319441.240
  3550:   319441.130   319691.220   319691.230   319691.250   319691.340
  3555:   319891.840   320052.640   320052.320   320052.330   320052.350
  3560:   320052.240   320052.130   320057.130   320302.220   320302.230
  3565:   320302.250   320302.340   320467.120   320472.120   320479.120
  3570:   320570.120   320576.120   320648.130   320741.130   320748.130
  3575:   320795.130   320894.130   320902.130   321001.120   321236.130
  3580:   321323.120   321487.120   321492.120   321863.130   321979.120
  3585:   321984.120   322161.120   322194.120   322202.840   322265.640
  3590:   322265.320   322265.330   322265.350   322265.240   322265.130
  3595:   322274.130   322285.130   322515.220   322515.230   322515.250
  3600:   322515.340   322647.120   322653.120   322715.840   322774.640
  3605:   322774.320   322774.330   322774.350   322774.240   322774.130
  3610:   323024.220   323024.230   323024.250   323024.340   323194.120
  3615:   323199.120   323317.130   323390.120   323395.120   323624.120
  3620:   323935.120   323941.120   324016.130   324107.120   324360.130
  3625:   324455.120   324519.130   324628.120   324633.120   324873.120
  3630:   325052.130   325143.120   325317.120   325515.120   325695.120
  3635:   325876.120   326204.120   326284.130   326386.120   326530.120
  3640:   326695.120   326891.130   326964.120   326970.120   327111.120
  3645:   327524.840   327535.120   327542.120   327636.640   327636.320
  3650:   327636.330   327636.350   327636.240   327636.130   327886.220
  3655:   327886.230   327886.250   327886.340   328031.120   328036.120
  3660:   328043.120   328226.120   328385.120   328390.120   328552.120
  3665:   328559.120   328586.840   328763.640   328763.320   328763.330
  3670:   328763.350   328763.240   328763.130   329013.220   329013.230
  3675:   329013.250   329013.340   329196.120   329200.120   329208.120
  3680:   329381.120   329484.130   329555.120   329729.120   329800.130
  3685:   329807.130   329885.120   330200.120   330370.120   330375.120
  3690:   330513.840   330576.120   330705.120   330845.120   331066.640
  3695:   331066.320   331066.330   331066.350   331066.240   331066.130
  3700:   331316.220   331316.230   331316.250   331316.340   331432.120
  3705:   331551.130   331717.130   331790.120   331934.130   332252.130
  3710:   332366.120   332372.120   332403.120   332479.120   332641.120
  3715:   332719.130   332986.130   332992.130   333444.120   333524.130
  3720:   333807.120   333951.120   333958.120   334119.120   334280.120
  3725:   334417.120   334423.120   334539.130   334774.120   334950.130
  3730:   335029.120   335124.130   335358.120   335431.130   335676.120
  3735:   335814.120   335911.120   335982.130   336063.120   336070.120
  3740:   336116.840   336142.640   336142.320   336142.330   336142.350
  3745:   336142.240   336142.130   336392.220   336392.230   336392.250
  3750:   336392.340   336562.120   336568.120   336654.120   336661.120
  3755:   336743.130   336878.130   336947.120   337252.120   337466.130
  3760:   337619.120   337815.120   337905.130   337980.120   338186.130
  3765:   338258.120   338263.120   338422.120   338511.120   338822.120
  3770:   339003.120   339092.840   339190.120   339289.640   339289.320
  3775:   339289.330   339289.350   339289.240   339289.130   339539.220
  3780:   339539.230   339539.250   339539.340   339685.120   339691.120
  3785:   339814.130   340022.120   340234.120   340404.120   340574.120
  3790:   340856.120   341083.130   341321.120   341540.120   341708.120
  3795:   342044.120   342160.130   342406.120   342413.120   342486.130
  3800:   342569.120   342639.130   342728.120   342735.120   342739.840
  3805:   342822.640   342822.320   342822.330   342822.350   342822.240
  3810:   342822.130   343072.220   343072.230   343072.250   343072.340
  3815:   343269.120   343369.120   343438.130   343534.120   343850.130
  3820:   343949.120   344194.130   344394.120   344584.120   344750.120
  3825:   344909.120   344916.120   345272.130   345676.120   345972.120
  3830:   346000.740   346204.130   346283.540   346283.320   346283.330
  3835:   346283.350   346283.240   346283.120   346298.120   346533.220
  3840:   346533.230   346533.250   346533.340   346725.130   346854.120
  3845:   346860.120   346987.130   347060.120   347066.120   347255.120
  3850:   347414.120   347483.130   347841.120   347848.120   347981.120
  3855:   347986.120   348370.130   348572.840   348670.120   348738.640
  3860:   348738.320   348738.330   348738.350   348738.240   348738.130
  3865:   348988.220   348988.230   348988.250   348988.340   349123.120
  3870:   349306.120   349313.120   349395.130   349484.120   349558.130
  3875:   349657.130   349759.120   349766.120   349788.840   349898.120
  3880:   349961.640   349961.320   349961.330   349961.350   349961.240
  3885:   349961.130   350211.220   350211.230   350211.250   350211.340
  3890:   350346.120   350353.120   350479.130   350483.130   350565.120
  3895:   350682.130   350752.120   350822.130   350979.120   351164.130
  3900:   351172.130   351272.120   351455.120   351461.120   351531.120
  3905:   351537.120   351739.130   351812.120   352069.130   352181.130
  3910:   352246.120   352321.130   352328.130   352413.120   352568.120
  3915:   352711.120   353485.130   353494.130   353564.120   353972.130
  3920:   353980.130   354054.120   354190.120   354337.120   354368.120
  3925:   354436.120   354527.130   354557.130   354860.130   355053.120
  3930:   355197.120   355269.130   355280.130   355496.120   355674.130
  3935:   355680.130   355765.120   355771.120   356054.120   356131.130
  3940:   356138.130   356236.120   356332.120   356337.120   356356.120
  3945:   356364.120   356530.120   356758.120   356825.130   356911.840
  3950:   356950.640   356950.320   356950.330   356950.350   356950.240
  3955:   356950.130   356958.130   357200.220   357200.230   357200.250
  3960:   357200.340   357450.130   357523.120   357529.120   357609.130
  3965:   357790.120   357999.130   358104.120   358111.120   358220.130
  3970:   358289.120   358448.120   358651.130   358679.130   358755.120
  3975:   358894.120   358956.120   359031.130   359037.130   359233.120
  3980:   359240.120   359525.130   359764.130   359914.130   360000.320
  3985:   360000.330   360000.350   360000.020
C:
     0:        0.000     2293.000      387.000       79.000       51.000
     5:        0.000
D:
     0:        0.000        0.000
L:
     0:      416.000       27.000       27.000
M:
     0:     1200.000     1201.000     1202.000     1203.000     1204.000
     5:     1205.000     1206.000     1207.000     1208.000     1209.000
    10:     1210.000     1211.000     1212.000     1213.000     1214.000
    15:     1215.000     1216.000     1217.000     1218.000     1219.000
    20:     1220.000     1221.000     1222.000     1223.000     1224.000
    25:     1225.000     1226.000     1227.000     1228.000     1229.000
    30:     1230.000     1231.000     1232.000     1233.000     1234.000
    35:     1235.000     1236.000     1237.000     1238.000     1239.000
    40:     1240.000     1241.000     1242.000     1243.000     1244.000
    45:     1245.000     1246.000     1247.000     1248.000     1249.000
    50:     1250.000     1251.000     1252.000     1253.000     1254.000
    55:     1255.000     1256.000     1257.000     1258.000     1259.000
    60:     1260.000     1261.000     1262.000     1263.000     1264.000
    65:     1265.000     1266.000     1267.000     1268.000     1269.000
    70:     1270.000     1271.000     1272.000     1273.000     1274.000
    75:     1275.000     1276.000     1277.000     1278.000     1279.000
    80:     1280.000     1281.000     1282.000     1283.000     1284.000
    85:     1285.000     1286.000     1287.000     1288.000     1289.000
    90:     1290.000     1291.000     1292.000     1293.000     1294.000
    95:     1295.000     1296.000     1297.000     1298.000     1299.000
   100:     1300.000     1301.000     1302.000     1303.000     1304.000
   105:     1305.000     1306.000     1307.000     1308.000     1309.000
   110:     1310.000     1311.000     1312.000     1313.000     1314.000
   115:     1315.000     1316.000     1317.000     1318.000     1319.000
   120:     1320.000     1321.000     1322.000     1323.000     1324.000
   125:     1325.000     1326.000     1327.000     1328.000     1329.000
   130:     1330.000     1331.000     1332.000     1333.000     1334.000
   135:     1335.000     1336.000     1337.000     1338.000     1339.000
   140:     1340.000     1341.000     1342.000     1343.000     1344.000
   145:     1345.000     1346.000     1347.000     1348.000     1349.000
   150:     1350.000     1351.000     1352.000     1353.000     1354.000
   155:     1355.000     1356.000     1357.000     1358.000     1359.000
   160:     1360.000     1361.000     1362.000     1363.000     1364.000
   165:     1365.000     1366.000     1367.000     1368.000     1369.000
   170:     1370.000     1371.000     1372.000     1373.000     1374.000
   175:     1375.000     1376.000     1377.000     1378.000     1379.000
   180:     1380.000     1381.000     1382.000     1383.000     1384.000
   185:     1385.000     1386.000     1387.000     1388.000     1389.000
   190:     1390.000     1391.000     1392.000     1393.000     1394.000
   195:     1395.000     1396.000     1397.000     1398.000     1399.000
   200:     1400.000     1401.000     1402.000     1403.000     1404.000
   205:     1405.000     1406.000     1407.000     1408.000     1409.000
   210:     1410.000     1411.000     1412.000     1413.000     1414.000
   215:     1415.000     1416.000     1417.000     1418.000     1419.000
   220:     1420.000     1421.000     1422.000     1423.000     1424.000
   225:     1425.000     1426.000     1427.000     1428.000     1429.000
   230:     1430.000     1431.000     1432.000     1433.000     1434.000
   235:     1435.000     1436.000     1437.000     1438.000     1439.000
   240:     1440.000     1441.000     1442.000     1443.000     1444.000
   245:     1445.000     1446.000     1447.000     1448.000     1449.000
   250:     1450.000     1451.000     1452.000     1453.000     1454.000
   255:     1455.000     1456.000     1457.000     1458.000     1459.000
   260:     1460.000     1461.000     1462.000     1463.000     1464.000
   265:     1465.000     1466.000     1467.000     1468.000     1469.000
   270:     1470.000     1471.000     1472.000     1473.000     1474.000
   275:     1475.000     1476.000     1477.000     1478.000     1479.000
   280:     1480.000     1481.000     1482.000     1483.000     1484.000
   285:     1485.000     1486.000     1487.000     1488.000     1489.000
   290:     1490.000     1491.000     1492.000     1493.000     1494.000
   295:     1495.000     1496.000     1497.000     1498.000     1499.000
   300:     1500.000     1501.000     1502.000     1503.000     1504.000
   305:     1505.000     1506.000     1507.000     1508.000     1509.000
   310:     1510.000     1511.000     1512.000     1513.000     1514.000
   315:     1515.000     1516.000     1517.000     1518.000     1519.000
   320:     1520.000     1521.000     1522.000     1523.000     1524.000
   325:     1525.000     1526.000     1527.000     1528.000     1529.000
   330:     1530.000     1531.000     1532.000     1533.000     1534.000
   335:     1535.000     1536.000     1537.000     1538.000     1539.000
   340:     1540.000     1541.000     1542.000     1543.000     1544.000
   345:     1545.000     1546.000     1547.000     1548.000     1549.000
   350:     1550.000     1551.000     1552.000     1553.000     1554.000
   355:     1555.000     1556.000     1557.000     1558.000     1559.000
   360:     1560.000     1561.000     1562.000     1563.000     1564.000
   365:     1565.000     1566.000     1567.000     1568.000     1569.000
   370:     1570.000     1571.000     1572.000     1573.000     1574.000
   375:     1575.000     1576.000     1577.000     1578.000     1579.000
   380:     1580.000     1581.000     1582.000     1583.000     1584.000
   385:     1585.000     1586.000     1587.000     1588.000     1589.000
   390:     1590.000     1591.000     1592.000     1593.000     1594.000
   395:     1595.000     1596.000     1597.000     1598.000     1599.000
   400:     1600.000     1601.000     1602.000     1603.000     1604.000
   405:     1605.000     1606.000     1607.000     1608.000     1609.000
   410:     1610.000     1611.000     1612.000     1613.000     1614.000
   415:     1615.000     1616.000     1617.000     1618.000     1619.000
   420:     1620.000     1621.000     1622.000     1623.000     1624.000
   425:     1625.000     1626.000     1627.000     1628.000     1629.000
   430:     1630.000     1631.000     1632.000     1633.000     1634.000
   435:     1635.000     1636.000     1637.000     1638.000     1639.000
   440:     1640.000     1641.000     1642.000     1643.000     1644.000
   445:     1645.000     1646.000     1647.000     1648.000     1649.000
   450:     1650.000     1651.000     1652.000     1653.000     1654.000
   455:     1655.000     1656.000     1657.000     1658.000     1659.000
   460:     1660.000     1661.000     1662.000     1663.000     1664.000
   465:     1665.000     1666.000     1667.000     1668.000     1669.000
   470:     1670.000     1671.000     1672.000     1673.000     1674.000
   475:     1675.000     1676.000     1677.000     1678.000     1679.000
   480:     1680.000     1681.000     1682.000     1683.000     1684.000
   485:     1685.000     1686.000     1687.000     1688.000     1689.000
   490:     1690.000     1691.000     1692.000     1693.000     1694.000
   495:     1695.000     1696.000     1697.000     1698.000     1699.000
   500:     1700.000     1701.000     1702.000     1703.000     1704.000
   505:     1705.000     1706.000     1707.000     1708.000     1709.000
   510:     1710.000     1711.000     1712.000     1713.000     1714.000
   515:     1715.000     1716.000     1717.000     1718.000     1719.000
   520:     1720.000     1721.000     1722.000     1723.000     1724.000
   525:     1725.000     1726.000     1727.000     1728.000     1729.000
   530:     1730.000     1731.000     1732.000     1733.000     1734.000
   535:     1735.000     1736.000     1737.000     1738.000     1739.000
   540:     1740.000     1741.000     1742.000     1743.000     1744.000
   545:     1745.000     1746.000     1747.000     1748.000     1749.000
   550:     1750.000     1751.000     1752.000     1753.000     1754.000
   555:     1755.000     1756.000     1757.000     1758.000     1759.000
   560:     1760.000     1761.000     1762.000     1763.000     1764.000
   565:     1765.000     1766.000     1767.000     1768.000     1769.000
   570:     1770.000     1771.000     1772.000     1773.000     1774.000
   575:     1775.000     1776.000     1777.000     1778.000     1779.000
   580:     1780.000     1781.000     1782.000     1783.000     1784.000
   585:     1785.000     1786.000     1787.000     1788.000     1789.000
   590:     1790.000     1791.000     1792.000     1793.000     1794.000
   595:     1795.000     1796.000     1797.000     1798.000     1799.000
   600:     1800.000     1801.000     1802.000     1803.000     1804.000
   605:     1805.000     1806.000     1807.000     1808.000     1809.000
   610:     1810.000     1811.000     1812.000     1813.000     1814.000
   615:     1815.000     1816.000     1817.000     1818.000     1819.000
   620:     1820.000     1821.000     1822.000     1823.000     1824.000
   625:     1825.000     1826.000     1827.000     1828.000     1829.000
   630:     1830.000     1831.000     1832.000     1833.000     1834.000
   635:     1835.000     1836.000     1837.000     1838.000     1839.000
   640:     1840.000     1841.000     1842.000     1843.000     1844.000
   645:     1845.000     1846.000     1847.000     1848.000     1849.000
   650:     1850.000     1851.000     1852.000     1853.000     1854.000
   655:     1855.000     1856.000     1857.000     1858.000     1859.000
   660:     1860.000     1861.000     1862.000     1863.000     1864.000
   665:     1865.000     1866.000     1867.000     1868.000     1869.000
   670:     1870.000     1871.000     1872.000     1873.000     1874.000
   675:     1875.000     1876.000     1877.000     1878.000     1879.000
   680:     1880.000     1881.000     1882.000     1883.000     1884.000
   685:     1885.000     1886.000     1887.000     1888.000     1889.000
   690:     1890.000     1891.000     1892.000     1893.000     1894.000
   695:     1895.000     1896.000     1897.000     1898.000     1899.000
   700:     1900.000     1901.000     1902.000     1903.000     1904.000
   705:     1905.000     1906.000     1907.000     1908.000     1909.000
   710:     1910.000     1911.000     1912.000     1913.000     1914.000
   715:     1915.000     1916.000     1917.000     1918.000     1919.000
   720:     1920.000     1921.000     1922.000     1923.000     1924.000
   725:     1925.000     1926.000     1927.000     1928.000     1929.000
   730:     1930.000     1931.000     1932.000     1933.000     1934.000
   735:     1935.000     1936.000     1937.000     1938.000     1939.000
   740:     1940.000     1941.000     1942.000     1943.000     1944.000
   745:     1945.000     1946.000     1947.000     1948.000     1949.000
   750:     1950.000     1951.000     1952.000     1953.000     1954.000
   755:     1955.000     1956.000     1957.000     1958.000     1959.000
   760:     1960.000     1961.000     1962.000     1963.000     1964.000
   765:     1965.000     1966.000     1967.000     1968.000     1969.000
   770:     1970.000     1971.000     1972.000     1973.000     1974.000
   775:     1975.000     1976.000     1977.000     1978.000     1979.000
   780:     1980.000     1981.000     1982.000     1983.000     1984.000
   785:     1985.000     1986.000     1987.000     1988.000     1989.000
   790:     1990.000     1991.000     1992.000     1993.000     1994.000
   795:     1995.000     1996.000     1997.000     1998.000     1999.000
   800:     2000.000     2001.000     2002.000     2003.000     2004.000
   805:     2005.000     2006.000     2007.000     2008.000     2009.000
   810:     2010.000     2011.000     2012.000     2013.000     2014.000
   815:     2015.000     2016.000     2017.000     2018.000     2019.000
   820:     2020.000     2021.000     2022.000     2023.000     2024.000
   825:     2025.000     2026.000     2027.000     2028.000     2029.000
   830:     2030.000     2031.000     2032.000     2033.000     2034.000
   835:     2035.000     2036.000     2037.000     2038.000     2039.000
   840:     2040.000     2041.000     2042.000     2043.000     2044.000
   845:     2045.000     2046.000     2047.000     2048.000     2049.000
   850:     2050.000     2051.000     2052.000     2053.000     2054.000
   855:     2055.000     2056.000     2057.000     2058.000     2059.000
   860:     2060.000     2061.000     2062.000     2063.000     2064.000
   865:     2065.000     2066.000     2067.000     2068.000     2069.000
   870:     2070.000     2071.000     2072.000     2073.000     2074.000
   875:     2075.000     2076.000     2077.000     2078.000     2079.000
   880:     2080.000     2081.000     2082.000     2083.000     2084.000
   885:     2085.000     2086.000     2087.000     2088.000     2089.000
   890:     2090.000     2091.000     2092.000     2093.000     2094.000
   895:     2095.000     2096.000     2097.000     2098.000     2099.000
   900:     2100.000     2101.000     2102.000     2103.000     2104.000
   905:     2105.000     2106.000     2107.000     2108.000     2109.000
   910:     2110.000     2111.000     2112.000     2113.000     2114.000
   915:     2115.000     2116.000     2117.000     2118.000     2119.000
   920:     2120.000     2121.000     2122.000     2123.000     2124.000
   925:     2125.000     2126.000     2127.000     2128.000     2129.000
   930:     2130.000     2131.000     2132.000     2133.000     2134.000
   935:     2135.000     2136.000     2137.000     2138.000     2139.000
   940:     2140.000     2141.000     2142.000     2143.000     2144.000
   945:     2145.000     2146.000     2147.000     2148.000     2149.000
   950:     2150.000     2151.000     2152.000     2153.000     2154.000
   955:     2155.000     2156.000     2157.000     2158.000     2159.000
   960:     2160.000     2161.000     2162.000     2163.000     2164.000
   965:     2165.000     2166.000     2167.000     2168.000     2169.000
   970:     2170.000     2171.000     2172.000     2173.000     2174.000
   975:     2175.000     2176.000     2177.000     2178.000     2179.000
   980:     2180.000     2181.000     2182.000     2183.000     2184.000
   985:     2185.000     2186.000     2187.000     2188.000     2189.000
   990:     2190.000     2191.000     2192.000     2193.000     2194.000
   995:     2195.000     2196.000     2197.000     2198.000     2199.000
  1000:     2200.000     2201.000     2202.000     2203.000     2204.000
  1005:     2205.000     2206.000     2207.000     2208.000     2209.000
  1010:     2210.000     2211.000     2212.000     2213.000     2214.000
  1015:     2215.000     2216.000     2217.000     2218.000     2219.000
  1020:     2220.000     2221.000     2222.000     2223.000     2224.000
  1025:     2225.000     2226.000     2227.000     2228.000     2229.000
  1030:     2230.000     2231.000     2232.000     2233.000     2234.000
  1035:     2235.000     2236.000     2237.000     2238.000     2239.000
  1040:     2240.000     2241.000     2242.000     2243.000     2244.000
  1045:     2245.000     2246.000     2247.000     2248.000     2249.000
  1050:     2250.000     2251.000     2252.000     2253.000     2254.000
  1055:     2255.000     2256.000     2257.000     2258.000     2259.000
  1060:     2260.000     2261.000     2262.000     2263.000     2264.000
  1065:     2265.000     2266.000     2267.000     2268.000     2269.000
  1070:     2270.000     2271.000     2272.000     2273.000     2274.000
  1075:     2275.000     2276.000     2277.000     2278.000     2279.000
  1080:     2280.000     2281.000     2282.000     2283.000     2284.000
  1085:     2285.000     2286.000     2287.000     2288.000     2289.000
  1090:     2290.000     2291.000     2292.000     2293.000     2294.000
  1095:     2295.000     2296.000     2297.000     2298.000     2299.000
  1100:     2300.000     2301.000     2302.000     2303.000     2304.000
  1105:     2305.000     2306.000     2307.000     2308.000     2309.000
  1110:     2310.000     2311.000     2312.000     2313.000     2314.000
  1115:     2315.000     2316.000     2317.000     2318.000     2319.000
  1120:     2320.000     2321.000     2322.000     2323.000     2324.000
  1125:     2325.000     2326.000     2327.000     2328.000     2329.000
  1130:     2330.000     2331.000     2332.000     2333.000     2334.000
  1135:     2335.000     2336.000     2337.000     2338.000     2339.000
  1140:     2340.000     2341.000     2342.000     2343.000     2344.000
  1145:     2345.000     2346.000     2347.000     2348.000     2349.000
  1150:     2350.000     2351.000     2352.000     2353.000     2354.000
  1155:     2355.000     2356.000     2357.000     2358.000     2359.000
  1160:     2360.000     2361.000     2362.000     2363.000     2364.000
  1165:     2365.000     2366.000     2367.000     2368.000     2369.000
  1170:     2370.000     2371.000     2372.000     2373.000     2374.000
  1175:     2375.000     2376.000     2377.000     2378.000     2379.000
  1180:     2380.000     2381.000     2382.000     2383.000     2384.000
  1185:     2385.000     2386.000     2387.000     2388.000     2389.000
  1190:     2390.000     2391.000     2392.000     2393.000     2394.000
  1195:     2395.000     2396.000     2397.000     2398.000     2399.000
  1200:     2400.000
N:
     0:     2700.000     2701.000     2702.000     2703.000     2704.000
     5:     2705.000     2706.000     2707.000     2708.000     2709.000
    10:     2710.000     2711.000     2712.000     2713.000     2714.000
    15:     2715.000     2716.000     2717.000     2718.000     2719.000
    20:     2720.000     2721.000     2722.000     2723.000     2724.000
    25:     2725.000     2726.000     2727.000     2728.000     2729.000
    30:     2730.000     2731.000     2732.000     2733.000     2734.000
    35:     2735.000     2736.000     2737.000     2738.000     2739.000
    40:     2740.000     2741.000     2742.000     2743.000     2744.000
    45:     2745.000     2746.000     2747.000     2748.000     2749.000
    50:     2750.000     2751.000     2752.000     2753.000     2754.000
    55:     2755.000     2756.000     2757.000     2758.000     2759.000
    60:     2760.000     2761.000     2762.000     2763.000     2764.000
    65:     2765.000     2766.000     2767.000     2768.000     2769.000
    70:     2770.000     2771.000     2772.000     2773.000     2774.000
    75:     2775.000     2776.000     2777.000     2778.000     2779.000
    80:     2780.000     2781.000     2782.000     2783.000     2784.000
    85:     2785.000     2786.000     2787.000     2788.000     2789.000
    90:     2790.000     2791.000     2792.000     2793.000     2794.000
    95:     2795.000     2796.000     2797.000     2798.000     2799.000
   100:     2800.000     2801.000     2802.000     2803.000     2804.000
   105:     2805.000     2806.000     2807.000     2808.000     2809.000
   110:     2810.000     2811.000     2812.000     2813.000     2814.000
   115:     2815.000     2816.000     2817.000     2818.000     2819.000
   120:     2820.000     2821.000     2822.000     2823.000     2824.000
   125:     2825.000     2826.000     2827.000     2828.000     2829.000
   130:     2830.000     2831.000     2832.000     2833.000     2834.000
   135:     2835.000     2836.000     2837.000     2838.000     2839.000
   140:     2840.000     2841.000     2842.000     2843.000     2844.000
   145:     2845.000     2846.000     2847.000     2848.000     2849.000
   150:     2850.000     2851.000     2852.000     2853.000     2854.000
   155:     2855.000     2856.000     2857.000     2858.000     2859.000
   160:     2860.000     2861.000     2862.000     2863.000     2864.000
   165:     2865.000     2866.000     2867.000     2868.000     2869.000
   170:     2870.000     2871.000     2872.000     2873.000     2874.000
   175:     2875.000     2876.000     2877.000     2878.000     2879.000
   180:     2880.000     2881.000     2882.000     2883.000     2884.000
   185:     2885.000     2886.000     2887.000     2888.000     2889.000
   190:     2890.000     2891.000     2892.000     2893.000     2894.000
   195:     2895.000     2896.000     2897.000     2898.000     2899.000
   200:     2900.000     2901.000     2902.000     2903.000     2904.000
   205:     2905.000     2906.000     2907.000     2908.000     2909.000
   210:     2910.000     2911.000     2912.000     2913.000     2914.000
   215:     2915.000     2916.000     2917.000     2918.000     2919.000
   220:     2920.000     2921.000     2922.000     2923.000     2924.000
   225:     2925.000     2926.000     2927.000     2928.000     2929.000
   230:     2930.000     2931.000     2932.000     2933.000     2934.000
   235:     2935.000     2936.000     2937.000     2938.000     2939.000
   240:     2940.000     2941.000     2942.000     2943.000     2944.000
   245:     2945.000     2946.000     2947.000     2948.000     2949.000
   250:     2950.000     2951.000     2952.000     2953.000     2954.000
   255:     2955.000     2956.000     2957.000     2958.000     2959.000
   260:     2960.000     2961.000     2962.000     2963.000     2964.000
   265:     2965.000     2966.000     2967.000     2968.000     2969.000
   270:     2970.000     2971.000     2972.000     2973.000     2974.000
   275:     2975.000     2976.000     2977.000     2978.000     2979.000
   280:     2980.000     2981.000     2982.000     2983.000     2984.000
   285:     2985.000     2986.000     2987.000     2988.000     2989.000
   290:     2990.000     2991.000     2992.000     2993.000     2994.000
   295:     2995.000     2996.000     2997.000     2998.000     2999.000
   300:     3000.000
R:
     0:       27.000      416.000      416.000
V:
     0:     2013.000     2819.000
W:
     0:     2013.000     2819.000
