File: C:\MED-PC IV\DATA\p530_s144_japede


Start Date: 11/20/17
End Date: 11/20/17
Subject: p530
Experiment: 0
Group: 0
Box: 8
Start Time: 15:12:37
End Time: 16:12:59
MSN: japede_L_135_24_24_R_27_360_360
B:       0.000
E:    4667.000
F:       0.000
G:       0.000
H:       0.000
I:       2.000
J:       2.000
K:       0.000
O:       0.000
P:       0.000
Q:       0.000
S:  360000.000
T:  360000.000
U:       0.000
X:       0.000
Y:       0.000
Z:       0.000
A:
     0:        0.010        0.250        0.220        0.230      402.120
     5:      410.120      791.120      797.120      902.120     1099.840
    10:     1502.640     1502.320     1502.330     1502.350     1502.240
    15:     1502.130     1752.220     1752.230     1752.250     1752.340
    20:     2678.120     2752.840     2901.640     2901.320     2901.330
    25:     2901.350     2901.240     2901.130     2905.130     3151.220
    30:     3151.230     3151.250     3151.340     3640.120     3913.130
    35:     3919.130     4173.130     4366.120     4371.120     4378.120
    40:     4504.130     4621.120     4721.130     4761.130     4987.130
    45:     5087.120     5093.120     5215.130     5222.130     5334.120
    50:     5536.120     5542.120     5548.120     5671.130     5841.130
    55:     5851.130     5984.120     6128.130     6138.130     6230.120
    60:     6331.130     6376.130     6469.130     6648.130     6686.130
    65:     7015.120     7154.130     7399.740     7706.130     7846.540
    70:     7846.320     7846.330     7846.350     7846.240     7846.120
    75:     7851.120     8096.220     8096.230     8096.250     8096.340
    80:     8411.120     8417.120     8645.120     8748.130     8782.130
    85:     8851.840     8857.120     9023.640     9023.320     9023.330
    90:     9023.350     9023.240     9023.130     9027.130     9273.220
    95:     9273.230     9273.250     9273.340     9634.120     9641.120
   100:     9773.840     9851.120    10048.120    10054.120    10267.120
   105:    10391.640    10391.320    10391.330    10391.350    10391.240
   110:    10391.130    10398.130    10641.220    10641.230    10641.250
   115:    10641.340    11439.130    11831.130    11839.130    11943.120
   120:    12047.130    12216.130    12415.130    12421.130    12502.130
   125:    12584.120    12708.130    12715.130    12751.130    12758.130
   130:    12856.120    12862.120    12986.130    12992.130    13033.130
   135:    13429.130    13516.120    13770.130    13777.130    13862.120
   140:    13867.120    14294.120    14437.130    14452.130    14673.130
   145:    14869.130    15016.130    15188.130    15195.130    15366.130
   150:    15487.120    15611.130    15857.130    15864.130    16110.120
   155:    16374.130    16381.130    16480.120    16696.120    16823.130
   160:    16830.130    16941.840    17003.640    17003.320    17003.330
   165:    17003.350    17003.240    17003.130    17253.220    17253.230
   170:    17253.250    17253.340    17569.130    17576.130    17843.130
   175:    17884.130    18053.840    18088.640    18088.320    18088.330
   180:    18088.350    18088.240    18088.130    18338.220    18338.230
   185:    18338.250    18338.340    18708.120    18713.120    18969.130
   190:    19000.130    19178.130    19309.120    19647.130    19653.130
   195:    19835.130    19996.740    20358.540    20358.320    20358.330
   200:    20358.350    20358.240    20358.120    20364.120    20371.120
   205:    20608.220    20608.230    20608.250    20608.340    20782.130
   210:    20787.130    20822.130    20828.130    20912.120    21061.130
   215:    21096.130    21175.120    21181.120    21397.120    21544.130
   220:    21552.130    21575.130    21689.130    21738.840    21762.120
   225:    21836.120    22025.120    22126.640    22126.320    22126.330
   230:    22126.350    22126.240    22126.130    22376.220    22376.230
   235:    22376.250    22376.340    22608.740    22617.540    22617.320
   240:    22617.330    22617.350    22617.240    22617.120    22623.120
   245:    22634.120    22867.220    22867.230    22867.250    22867.340
   250:    23069.120    23261.130    23267.130    23342.120    23432.130
   255:    23439.130    23474.130    23543.120    23635.130    23666.130
   260:    23737.120    23827.130    23926.120    24261.130    24332.120
   265:    24465.130    24494.130    24642.130    24679.130    24775.120
   270:    24989.120    25100.130    25133.130    25138.130    25216.120
   275:    25222.120    25334.130    25403.120    25551.120    25680.130
   280:    25686.130    25774.120    25904.130    25936.130    25942.130
   285:    26016.120    26023.120    26142.130    26221.120    26406.120
   290:    26413.120    26787.130    26823.130    26895.120    27004.130
   295:    27011.130    27160.130    27189.130    27522.130    27576.840
   300:    27662.640    27662.320    27662.330    27662.350    27662.240
   305:    27662.130    27912.220    27912.230    27912.250    27912.340
   310:    28067.740    28089.130    28095.130    28135.130    28141.130
   315:    28340.130    28346.130    28355.130    28385.130    28392.130
   320:    28512.840    28516.640    28516.320    28516.330    28516.350
   325:    28516.240    28516.130    28766.220    28766.230    28766.250
   330:    28766.340    29304.540    29304.320    29304.330    29304.350
   335:    29304.240    29304.120    29311.120    29316.120    29554.220
   340:    29554.230    29554.250    29554.340    29782.120    29822.120
   345:    29936.130    29945.130    29976.130    30116.130    30227.130
   350:    30394.130    30400.130    30641.130    30648.130    30730.120
   355:    31144.130    31388.130    31410.130    31500.120    31599.130
   360:    31627.130    31701.120    31784.130    31866.840    31874.120
   365:    32061.640    32061.320    32061.330    32061.350    32061.240
   370:    32061.130    32311.220    32311.230    32311.250    32311.340
   375:    32542.120    32548.120    32555.120    32858.120    32938.130
   380:    32968.130    32975.130    33146.130    33645.130    33711.840
   385:    33754.740    33964.640    33964.320    33964.330    33964.350
   390:    33964.240    33964.130    34214.220    34214.230    34214.250
   395:    34214.340    34314.840    34608.640    34608.320    34608.330
   400:    34608.350    34608.240    34608.130    34858.220    34858.230
   405:    34858.250    34858.340    35705.130    35710.130    35718.130
   410:    35746.130    35875.540    35875.320    35875.330    35875.350
   415:    35875.240    35875.120    36125.220    36125.230    36125.250
   420:    36125.340    36404.120    36503.130    36509.130    36745.130
   425:    36850.130    36963.120    37040.120    37045.120    37207.130
   430:    37348.130    37478.120    37484.120    37601.130    37607.130
   435:    37761.130    37796.130    37803.130    37918.130    37948.130
   440:    38049.120    38056.120    38181.130    38186.130    38300.130
   445:    38565.130    38612.130    38916.130    39158.840    39212.640
   450:    39212.320    39212.330    39212.350    39212.240    39212.130
   455:    39462.220    39462.230    39462.250    39462.340    39924.120
   460:    39929.120    39936.120    40203.130    40221.130    40225.130
   465:    40346.130    40373.130    40534.130    40800.130    40914.130
   470:    40921.130    41161.130    41169.130    41253.130    41362.840
   475:    41399.640    41399.320    41399.330    41399.350    41399.240
   480:    41399.130    41649.220    41649.230    41649.250    41649.340
   485:    41878.120    42017.130    42178.130    42210.130    42298.120
   490:    42456.120    42463.120    42952.130    43567.130    43687.130
   495:    43693.130    43931.130    43966.130    44068.130    44096.130
   500:    44186.130    44227.130    44233.130    44409.130    44754.130
   505:    45543.130    45749.840    45936.640    45936.320    45936.330
   510:    45936.350    45936.240    45936.130    45942.130    45948.130
   515:    46186.220    46186.230    46186.250    46186.340    46325.740
   520:    46376.130    46382.130    46588.130    46620.130    46626.130
   525:    46686.840    46718.540    46718.320    46718.330    46718.350
   530:    46718.240    46718.120    46724.120    46730.120    46968.220
   535:    46968.230    46968.250    46968.340    47168.640    47168.320
   540:    47168.330    47168.350    47168.240    47168.130    47175.130
   545:    47418.220    47418.230    47418.250    47418.340    47662.130
   550:    47666.130    47700.130    47706.130    47797.120    47867.120
   555:    47980.130    47987.130    48021.130    48104.130    48401.120
   560:    48407.120    48489.130    48522.130    48526.130    48807.130
   565:    48814.130    48985.130    48990.130    49069.120    49244.120
   570:    49341.130    49437.130    49567.130    49572.130    49605.130
   575:    49739.130    49769.130    49818.840    49926.640    49926.320
   580:    49926.330    49926.350    49926.240    49926.130    50176.220
   585:    50176.230    50176.250    50176.340    50651.130    50687.130
   590:    50790.120    50908.130    50991.130    50997.130    51094.130
   595:    51403.130    51414.130    51497.120    51502.120    51602.130
   600:    51608.130    51697.130    51942.130    52080.130    52087.130
   605:    52287.130    52295.130    52325.130    52410.130    52428.130
   610:    52576.130    52616.130    52729.130    52831.130    52838.130
   615:    52956.130    52963.130    53181.130    53269.130    53428.130
   620:    53440.130    53582.130    53589.130    53619.130    53626.130
   625:    53729.130    53900.130    54003.130    54012.130    54117.120
   630:    54219.130    54226.130    54308.130    54316.130    54351.130
   635:    54572.120    54855.130    54862.130    54897.130    54905.130
   640:    55161.130    55329.130    55366.130    55602.130    55769.130
   645:    55775.130    55886.120    55891.120    55971.130    56015.130
   650:    56140.130    56517.130    56549.130    56636.130    56644.130
   655:    56839.130    56845.130    56972.130    56980.130    57294.130
   660:    57300.130    57307.130    57401.130    57408.130    57425.130
   665:    57433.130    57480.130    57808.130    57945.120    57950.120
   670:    58056.130    58164.130    58386.130    58639.130    58646.130
   675:    58746.120    58771.120    58896.130    58900.130    58908.130
   680:    58941.130    59036.130    59050.130    59254.130    59443.130
   685:    59650.130    59947.130    59989.130    60107.130    60113.130
   690:    60143.130    60150.130    60240.130    60732.130    61039.120
   695:    61045.120    61159.130    61167.130    61389.130    61423.130
   700:    61430.130    61485.130    61492.130    61602.120    61954.130
   705:    62226.130    62367.130    62479.130    62487.130    62584.130
   710:    63031.120    63290.130    63330.130    63336.130    63476.840
   715:    63522.640    63522.320    63522.330    63522.350    63522.240
   720:    63522.130    63772.220    63772.230    63772.250    63772.340
   725:    63956.120    64186.130    64216.130    64222.130    64403.130
   730:    64410.130    64617.130    64705.130    64883.130    64986.130
   735:    65097.130    65103.130    65192.130    65211.130    65341.130
   740:    65374.130    65536.130    65575.130    65663.130    65781.130
   745:    65788.130    65821.130    65872.840    66032.640    66032.320
   750:    66032.330    66032.350    66032.240    66032.130    66282.220
   755:    66282.230    66282.250    66282.340    66468.740    66517.540
   760:    66517.320    66517.330    66517.350    66517.240    66517.120
   765:    66767.220    66767.230    66767.250    66767.340    66940.120
   770:    66946.120    67066.130    67278.130    67314.130    67448.130
   775:    67571.130    67601.130    67682.840    67770.640    67770.320
   780:    67770.330    67770.350    67770.240    67770.130    68020.220
   785:    68020.230    68020.250    68020.340    68220.840    68241.640
   790:    68241.320    68241.330    68241.350    68241.240    68241.130
   795:    68491.220    68491.230    68491.250    68491.340    68591.840
   800:    68695.640    68695.320    68695.330    68695.350    68695.240
   805:    68695.130    68704.130    68712.130    68945.220    68945.230
   810:    68945.250    68945.340    69095.130    69103.130    69187.120
   815:    69192.120    69344.120    69350.120    69453.130    69467.130
   820:    69571.120    69663.130    69809.130    69816.130    69915.120
   825:    69994.130    70192.130    70206.130    70400.130    70576.130
   830:    70673.130    70774.130    70923.130    71009.130    71037.130
   835:    71136.130    71300.130    71306.130    71522.130    71628.130
   840:    71634.130    71642.130    71823.130    71941.130    72030.130
   845:    72139.130    72245.840    72515.640    72515.320    72515.330
   850:    72515.350    72515.240    72515.130    72765.220    72765.230
   855:    72765.250    72765.340    73103.120    73109.120    73210.130
   860:    73253.130    73348.130    73355.130    73393.130    73399.130
   865:    73524.130    73557.130    73564.130    73644.130    73675.130
   870:    73760.130    73792.130    73865.840    73893.640    73893.320
   875:    73893.330    73893.350    73893.240    73893.130    74143.220
   880:    74143.230    74143.250    74143.340    74267.740    74423.130
   885:    74522.540    74522.320    74522.330    74522.350    74522.240
   890:    74522.120    74743.840    74772.220    74772.230    74772.250
   895:    74772.340    74955.120    74992.120    75115.640    75115.320
   900:    75115.330    75115.350    75115.240    75115.130    75365.220
   905:    75365.230    75365.250    75365.340    75567.120    75572.120
   910:    75679.130    75685.130    75862.130    76026.130    76195.130
   915:    76226.130    76324.130    76425.130    76431.130    76439.130
   920:    76471.130    76602.130    76781.130    76815.130    76821.130
   925:    76941.130    76957.130    77084.130    77092.130    77155.130
   930:    77161.130    77314.130    77321.130    77422.130    77431.130
   935:    77461.130    77468.130    77569.130    77644.130    77665.840
   940:    77818.640    77818.320    77818.330    77818.350    77818.240
   945:    77818.130    78068.220    78068.230    78068.250    78068.340
   950:    78262.120    78267.120    78384.130    78420.130    78427.130
   955:    78528.130    78534.130    78574.130    78579.130    78776.130
   960:    78957.130    79053.130    79088.130    79094.130    79175.130
   965:    79284.120    79290.120    79383.130    79476.130    79483.130
   970:    79561.130    79653.130    79738.130    79768.840    79855.640
   975:    79855.320    79855.330    79855.350    79855.240    79855.130
   980:    80105.220    80105.230    80105.250    80105.340    80289.130
   985:    80294.130    80303.130    80305.840    80336.640    80336.320
   990:    80336.330    80336.350    80336.240    80336.130    80342.130
   995:    80349.130    80586.220    80586.230    80586.250    80586.340
  1000:    80758.120    80795.120    80880.130    80915.130    80921.130
  1005:    81039.130    81292.130    81393.130    81399.130    81496.130
  1010:    81504.130    81648.130    81657.130    81791.130    82086.840
  1015:    82109.640    82109.320    82109.330    82109.350    82109.240
  1020:    82109.130    82117.130    82359.220    82359.230    82359.250
  1025:    82359.340    82529.120    82534.120    82541.120    82687.130
  1030:    82691.130    82700.130    82734.130    82741.130    82814.130
  1035:    82935.130    82942.130    83076.130    83110.130    83116.130
  1040:    83225.130    83256.130    83371.130    83402.130    83509.130
  1045:    83516.130    83548.130    83559.840    83650.640    83650.320
  1050:    83650.330    83650.350    83650.240    83650.130    83665.130
  1055:    83900.220    83900.230    83900.250    83900.340    84111.130
  1060:    84273.130    84308.130    84314.130    84364.130    84432.130
  1065:    84438.130    84606.130    84639.130    84646.130    84700.840
  1070:    84779.640    84779.320    84779.330    84779.350    84779.240
  1075:    84779.130    85029.220    85029.230    85029.250    85029.340
  1080:    85205.120    85211.120    85337.130    85472.130    85490.130
  1085:    85616.120    85622.120    85717.130    85834.130    85839.130
  1090:    85847.130    85942.130    85985.130    86073.130    86157.130
  1095:    86194.130    86200.130    86275.130    86437.130    86471.130
  1100:    86607.130    86615.130    86787.130    86818.130    86826.130
  1105:    86922.120    86927.120    87030.130    87173.130    87186.130
  1110:    87195.130    87266.130    87273.130    87298.130    87438.130
  1115:    87641.130    87648.130    87682.130    87689.130    87886.130
  1120:    87892.130    88029.840    88273.640    88273.320    88273.330
  1125:    88273.350    88273.240    88273.130    88278.130    88523.220
  1130:    88523.230    88523.250    88523.340    88716.120    88723.120
  1135:    88871.130    88879.130    89050.130    89176.130    89183.130
  1140:    89269.130    89576.130    89908.130    89919.130    90091.130
  1145:    90099.130    90201.130    90292.130    90301.130    90331.130
  1150:    90423.840    90456.640    90456.320    90456.330    90456.350
  1155:    90456.240    90456.130    90463.130    90706.220    90706.230
  1160:    90706.250    90706.340    90902.130    90993.120    91122.130
  1165:    91128.130    91162.130    91169.130    91313.130    91377.130
  1170:    91384.130    91485.130    91523.130    91609.130    91803.130
  1175:    91836.130    91958.130    92006.840    92018.640    92018.320
  1180:    92018.330    92018.350    92018.240    92018.130    92024.130
  1185:    92268.220    92268.230    92268.250    92268.340    92511.120
  1190:    92604.130    92609.130    92711.130    92742.130    92748.130
  1195:    92799.130    92831.130    92837.130    92924.130    92958.130
  1200:    92965.130    93144.130    93150.130    93160.130    93188.130
  1205:    93268.130    93367.130    93476.130    93484.130    93502.130
  1210:    93599.130    93606.130    93841.130    93955.130    93961.130
  1215:    93968.130    94058.130    94066.130    94100.130    94106.130
  1220:    94200.130    94279.130    94295.130    94401.130    94496.130
  1225:    94629.130    94635.130    94645.130    94675.130    94680.130
  1230:    94791.130    94928.130    94965.130    95153.130    95161.130
  1235:    95171.130    95247.130    95425.120    95432.120    95607.130
  1240:    95614.130    95678.130    95780.130    96014.130    96020.130
  1245:    96118.130    96127.130    96148.130    96367.120    96513.130
  1250:    96756.130    96825.130    96834.130    96921.130    96956.130
  1255:    96962.130    97317.130    97514.130    97548.130    97740.120
  1260:    97747.120    97884.130    97890.130    97947.130    98071.130
  1265:    98078.130    98112.130    98118.130    98189.130    98196.130
  1270:    98205.130    98386.130    98421.130    98428.130    98557.130
  1275:    98564.130    98654.130    98661.130    98697.130    98780.130
  1280:    98874.130    98881.130    98986.130    99016.130    99022.130
  1285:    99134.120    99295.130    99459.130    99581.130    99619.130
  1290:    99719.130    99726.130    99758.130    99833.130    99840.130
  1295:    99847.130    99938.130    99968.130    99974.130   100107.130
  1300:   100221.130   100226.130   100269.130   100277.130   100436.120
  1305:   100543.130   100551.130   100650.130   100683.130   100690.130
  1310:   100951.130   101114.130   101204.130   101288.130   101331.130
  1315:   101441.130   101446.130   101579.130   101597.130   101684.130
  1320:   102039.130   102076.130   102082.130   102221.130   102548.130
  1325:   102554.130   102561.130   102595.130   102645.130   102836.130
  1330:   102872.130   102878.130   102989.130   103233.130   103500.130
  1335:   103511.130   103525.130   103568.840   103724.640   103724.320
  1340:   103724.330   103724.350   103724.240   103724.130   103974.220
  1345:   103974.230   103974.250   103974.340   104228.130   104234.130
  1350:   104273.130   104356.120   104386.120   104516.130   104556.130
  1355:   104562.130   104664.130   104801.130   104840.130   104848.130
  1360:   104959.130   104966.130   105075.120   105081.120   105151.130
  1365:   105157.130   105174.840   105256.640   105256.320   105256.330
  1370:   105256.350   105256.240   105256.130   105506.220   105506.230
  1375:   105506.250   105506.340   105606.840   105700.120   105739.120
  1380:   105745.120   105753.120   105877.640   105877.320   105877.330
  1385:   105877.350   105877.240   105877.130   105887.130   105896.130
  1390:   106127.220   106127.230   106127.250   106127.340   106462.120
  1395:   106467.120   106475.120   106704.130   106712.130   106742.130
  1400:   106749.130   106846.130   107054.130   107059.130   107158.130
  1405:   107167.130   107351.130   107385.130   107391.130   107773.130
  1410:   107811.130   107881.130   107963.130   108039.130   108046.130
  1415:   108053.130   108168.130   108261.130   108392.130   108416.130
  1420:   108510.130   108613.130   108646.130   108653.130   108768.130
  1425:   108899.130   108934.130   109009.130   109174.130   109207.130
  1430:   109308.120   109377.130   109394.130   109403.130   109448.130
  1435:   109635.130   109772.130   110104.130   110153.130   110380.130
  1440:   110416.130   110423.130   110609.130   110615.130   110730.130
  1445:   110737.130   110827.840   110900.640   110900.320   110900.330
  1450:   110900.350   110900.240   110900.130   110906.130   110914.130
  1455:   111150.220   111150.230   111150.250   111150.340   111339.120
  1460:   111344.120   111496.130   111591.130   111686.130   111741.130
  1465:   111923.130   111939.130   111945.130   111954.130   112082.130
  1470:   112183.130   112202.130   112216.130   112272.740   112378.130
  1475:   112857.130   112864.130   112967.130   112997.130   113003.130
  1480:   113126.130   113132.130   113241.130   113248.130   113279.130
  1485:   113377.130   113401.130   113493.130   113502.130   113536.130
  1490:   113543.130   113638.130   113684.130   113691.130   113793.130
  1495:   113953.130   113961.130   113991.130   113997.130   114165.130
  1500:   114308.130   114623.130   114631.130   114941.130   115100.130
  1505:   115470.130   115477.130   115498.130   115733.130   115773.130
  1510:   115779.130   115964.130   116064.130   116176.130   116212.130
  1515:   116347.130   116521.130   116753.130   116761.130   116978.130
  1520:   116984.130   117018.130   117150.840   117183.640   117183.320
  1525:   117183.330   117183.350   117183.240   117183.130   117433.220
  1530:   117433.230   117433.250   117433.340   117594.130   117599.130
  1535:   117606.130   117645.130   117721.540   117721.320   117721.330
  1540:   117721.350   117721.240   117721.120   117726.120   117733.120
  1545:   117971.220   117971.230   117971.250   117971.340   118119.120
  1550:   118125.120   118268.130   118276.130   118365.130   118401.130
  1555:   118515.120   118540.120   118916.130   118951.130   118958.130
  1560:   119276.130   119282.130   119320.130   119327.130   119424.130
  1565:   119432.130   119511.130   119516.130   119524.130   119633.840
  1570:   119847.640   119847.320   119847.330   119847.350   119847.240
  1575:   119847.130   120097.220   120097.230   120097.250   120097.340
  1580:   120261.130   120267.130   120304.130   120311.130   120379.120
  1585:   120385.120   120497.840   120506.640   120506.320   120506.330
  1590:   120506.350   120506.240   120506.130   120515.130   120524.130
  1595:   120756.220   120756.230   120756.250   120756.340   120928.120
  1600:   120939.120   121038.130   121068.130   121075.130   121200.130
  1605:   121206.130   121245.130   121375.130   121408.130   121416.130
  1610:   121617.130   121652.130   121749.130   121757.130   121790.130
  1615:   121964.130   122085.130   122091.130   122098.130   122226.130
  1620:   122281.130   122450.130   122456.130   122580.130   122587.130
  1625:   122739.130   122744.130   122783.130   122789.130   122968.130
  1630:   122997.130   123106.130   123141.130   123147.130   123453.130
  1635:   123456.840   123461.640   123461.320   123461.330   123461.350
  1640:   123461.240   123461.130   123711.220   123711.230   123711.250
  1645:   123711.340   124085.130   124128.130   124232.120   124395.130
  1650:   124401.130   124542.130   124575.130   124581.130   124755.130
  1655:   124790.130   124890.130   124985.130   124991.130   124998.130
  1660:   125161.130   125168.130   125204.130   125321.130   125329.130
  1665:   125353.130   125573.130   125687.130   126205.130   126209.130
  1670:   126220.130   126311.840   126358.640   126358.320   126358.330
  1675:   126358.350   126358.240   126358.130   126608.220   126608.230
  1680:   126608.250   126608.340   126759.120   126764.120   126772.120
  1685:   126854.130   126859.130   126970.130   126976.130   127009.130
  1690:   127014.130   127151.120   127259.130   127365.130   127390.130
  1695:   127397.130   127608.130   127614.130   127641.130   127646.130
  1700:   127744.130   127768.130   127883.120   127889.120   127967.130
  1705:   127976.130   128009.130   128142.130   128171.130   128178.130
  1710:   128278.130   128293.130   128302.130   128385.130   128423.130
  1715:   128538.130   128677.130   128786.130   128854.130   128966.120
  1720:   129047.130   129082.130   129165.130   129172.130   129202.130
  1725:   129210.130   129342.130   129461.130   129468.130   129503.130
  1730:   129510.130   129612.120   129619.120   129709.130   129870.130
  1735:   130023.130   130029.130   130179.130   130185.130   130380.130
  1740:   130386.130   130426.130   130521.120   130764.130   130770.130
  1745:   130996.130   131083.130   131274.130   131372.120   131378.120
  1750:   131675.130   131800.130   131807.130   131808.840   131933.120
  1755:   131939.120   132164.640   132164.320   132164.330   132164.350
  1760:   132164.240   132164.130   132414.220   132414.230   132414.250
  1765:   132414.340   132576.130   132614.840   132694.120   132700.120
  1770:   132746.120   133318.640   133318.320   133318.330   133318.350
  1775:   133318.240   133318.130   133568.220   133568.230   133568.250
  1780:   133568.340   133754.120   133759.120   133768.840   133868.640
  1785:   133868.320   133868.330   133868.350   133868.240   133868.130
  1790:   133875.130   133884.130   134118.220   134118.230   134118.250
  1795:   134118.340   134283.120   134289.120   134616.130   134642.130
  1800:   134748.130   134778.130   134785.130   134792.130   134876.130
  1805:   134895.130   134908.130   135060.130   135253.130   135476.130
  1810:   135586.130   135613.130   135859.130   135918.840   135964.640
  1815:   135964.320   135964.330   135964.350   135964.240   135964.130
  1820:   136214.220   136214.230   136214.250   136214.340   136526.120
  1825:   136531.120   136637.130   136643.130   136653.130   136672.130
  1830:   136784.130   136816.130   136821.130   136925.130   137120.120
  1835:   137201.130   137233.130   137321.130   137411.130   137425.130
  1840:   137511.130   137517.130   137526.130   137801.130   137833.130
  1845:   137997.130   138089.130   138233.130   138238.130   138245.130
  1850:   138283.130   138693.130   139062.130   139101.130   139114.840
  1855:   139222.640   139222.320   139222.330   139222.350   139222.240
  1860:   139222.130   139472.220   139472.230   139472.250   139472.340
  1865:   139669.130   139798.130   139974.130   139997.130   140127.130
  1870:   140150.130   140156.130   140299.120   140409.130   140608.130
  1875:   140616.130   140672.840   140685.640   140685.320   140685.330
  1880:   140685.350   140685.240   140685.130   140935.220   140935.230
  1885:   140935.250   140935.340   141078.120   141183.130   141189.130
  1890:   141417.130   141471.740   141663.130   141693.130   141700.130
  1895:   141839.130   141941.130   141947.130   142087.130   142105.130
  1900:   142110.130   142120.130   142252.130   142600.130   142607.130
  1905:   142723.130   142812.130   142830.130   143144.130   143179.130
  1910:   143362.130   143369.130   143461.130   143490.130   143496.130
  1915:   143847.540   143847.320   143847.330   143847.350   143847.240
  1920:   143847.120   143853.120   143860.120   143868.120   144097.220
  1925:   144097.230   144097.250   144097.340   144338.130   144343.130
  1930:   144379.130   144464.120   144470.120   144654.130   144785.130
  1935:   144792.130   144878.130   144886.130   145004.130   145106.120
  1940:   145111.120   145252.130   145260.130   145428.130   145580.130
  1945:   145835.840   145921.640   145921.320   145921.330   145921.350
  1950:   145921.240   145921.130   145927.130   146171.220   146171.230
  1955:   146171.250   146171.340   146361.120   146365.120   146389.120
  1960:   146518.130   146525.130   146700.130   146707.130   146771.840
  1965:   146839.640   146839.320   146839.330   146839.350   146839.240
  1970:   146839.130   146846.130   147089.220   147089.230   147089.250
  1975:   147089.340   147253.120   147258.120   147289.840   147408.640
  1980:   147408.320   147408.330   147408.350   147408.240   147408.130
  1985:   147658.220   147658.230   147658.250   147658.340   147758.840
  1990:   147826.640   147826.320   147826.330   147826.350   147826.240
  1995:   147826.130   147832.130   147838.130   148076.220   148076.230
  2000:   148076.250   148076.340   148256.130   148301.130   148370.120
  2005:   148376.840   148376.120   148462.640   148462.320   148462.330
  2010:   148462.350   148462.240   148462.130   148712.220   148712.230
  2015:   148712.250   148712.340   148900.120   148906.120   149012.130
  2020:   149017.130   149025.130   149057.130   149112.840   149177.640
  2025:   149177.320   149177.330   149177.350   149177.240   149177.130
  2030:   149427.220   149427.230   149427.250   149427.340   149565.130
  2035:   149669.120   149675.120   149682.120   149786.130   149791.130
  2040:   149823.130   149906.130   149919.130   150048.120   150054.120
  2045:   150061.120   150172.130   150308.130   150320.130   150464.130
  2050:   150601.130   150631.130   150638.130   150744.130   150882.130
  2055:   151124.130   151132.130   151249.120   151349.130   151374.130
  2060:   151463.130   151650.130   151837.130   152067.130   152160.130
  2065:   152173.130   152304.130   152596.130   152603.130   152693.130
  2070:   152701.130   152824.120   152828.120   153011.130   153271.130
  2075:   153379.130   153458.130   153467.130   153601.130   153774.130
  2080:   153790.130   153988.130   154411.120   154417.120   154523.130
  2085:   154628.130   154726.130   154760.130   154930.130   155028.130
  2090:   155276.120   155282.120   155373.130   155499.130   155505.130
  2095:   155539.130   155545.130   155754.130   155760.130   155768.130
  2100:   155797.130   155935.130   156112.130   156247.130   156638.120
  2105:   156644.120   156715.120   156722.120   156884.130   157031.130
  2110:   157172.130   157207.130   157334.120   157460.130   157497.740
  2115:   157551.130   157584.130   157592.130   157804.130   157835.130
  2120:   158005.130   158012.130   158046.130   158053.130   158131.130
  2125:   158161.130   158412.130   158622.130   158657.130   158751.130
  2130:   158758.130   158783.130   158882.540   158882.320   158882.330
  2135:   158882.350   158882.240   158882.120   158896.120   159132.220
  2140:   159132.230   159132.250   159132.340   159389.130   159424.130
  2145:   159430.130   159505.120   159639.120   159645.120   159707.120
  2150:   159743.120   159846.130   159972.130   160001.130   160174.120
  2155:   160262.130   160379.130   160464.130   160492.130   160596.130
  2160:   160633.130   161083.130   161219.130   161233.130   161389.120
  2165:   161608.130   161783.120   162235.130   162272.130   162541.130
  2170:   162673.130   162751.120   162757.120   162848.130   162854.130
  2175:   163041.120   163188.120   163314.130   163322.130   163356.130
  2180:   163531.130   163841.120   163846.120   163873.120   163932.740
  2185:   164000.540   164000.320   164000.330   164000.350   164000.240
  2190:   164000.120   164250.220   164250.230   164250.250   164250.340
  2195:   164429.130   164471.130   164477.130   164561.120   164565.120
  2200:   164611.120   164617.120   164724.130   164730.130   164765.130
  2205:   164859.130   164969.130   165133.130   165298.130   165465.130
  2210:   165472.130   165574.130   165850.740   165911.130   165918.130
  2215:   166054.130   166061.130   166386.130   166484.540   166484.320
  2220:   166484.330   166484.350   166484.240   166484.120   166489.120
  2225:   166496.120   166734.220   166734.230   166734.250   166734.340
  2230:   167049.130   167054.130   167063.130   167097.130   167104.130
  2235:   167183.120   167456.130   167463.130   167634.740   167643.540
  2240:   167643.320   167643.330   167643.350   167643.240   167643.120
  2245:   167648.120   167656.120   167664.120   167893.220   167893.230
  2250:   167893.250   167893.340   168027.130   168044.130   168150.130
  2255:   168160.130   168183.130   168263.120   168293.740   168510.540
  2260:   168510.320   168510.330   168510.350   168510.240   168510.120
  2265:   168522.120   168760.220   168760.230   168760.250   168760.340
  2270:   168927.120   168932.120   169036.130   169041.130   169176.120
  2275:   169181.120   169417.120   169422.120   169600.120   169701.130
  2280:   169710.130   169822.130   169901.120   169906.120   170105.120
  2285:   170190.130   170227.840   170351.640   170351.320   170351.330
  2290:   170351.350   170351.240   170351.130   170358.130   170601.220
  2295:   170601.230   170601.250   170601.340   170763.120   170768.120
  2300:   170871.130   170877.130   170885.130   171121.120   171271.130
  2305:   171291.130   171401.130   171409.130   171460.740   171572.540
  2310:   171572.320   171572.330   171572.350   171572.240   171572.120
  2315:   171578.120   171584.120   171593.120   171822.220   171822.230
  2320:   171822.250   171822.340   171994.130   171999.130   172007.130
  2325:   172101.120   172106.120   172253.120   172258.120   172317.120
  2330:   172322.120   172349.120   172354.120   172362.120   172479.120
  2335:   172508.120   172513.120   172632.130   172637.130   172647.130
  2340:   172770.130   172776.130   172971.120   172976.120   173072.130
  2345:   173178.130   173552.130   173881.120   173886.120   174061.120
  2350:   174067.120   174128.120   174135.120   174316.130   174486.120
  2355:   174742.120   174922.740   175071.130   175078.130   175122.130
  2360:   175217.540   175217.320   175217.330   175217.350   175217.240
  2365:   175217.120   175230.120   175238.120   175467.220   175467.230
  2370:   175467.250   175467.340   175654.130   175747.120   175751.120
  2375:   175884.120   175889.120   175927.120   175933.120   175994.120
  2380:   176068.120   176334.120   176460.130   176468.130   176563.130
  2385:   176646.120   176652.120   176714.120   176820.130   177058.130
  2390:   177219.130   177412.120   177483.120   177583.130   177616.130
  2395:   177622.130   177724.130   177832.120   177836.120   177959.120
  2400:   177989.120   177996.120   178190.130   178299.120   178305.120
  2405:   178461.120   178590.120   178659.120   178902.120   178907.120
  2410:   179048.130   179130.120   179137.120   179403.130   179409.130
  2415:   179491.120   179624.120   179630.120   180035.130   180041.130
  2420:   180265.130   180394.130   180401.130   180665.120   181297.120
  2425:   181367.740   181536.130   181741.130   181747.130   181944.130
  2430:   182076.130   182101.840   182687.540   182687.320   182687.330
  2435:   182687.350   182687.240   182687.120   182937.220   182937.230
  2440:   182937.250   182937.340   183094.640   183094.320   183094.330
  2445:   183094.350   183094.240   183094.130   183344.220   183344.230
  2450:   183344.250   183344.340   183489.130   183494.130   183501.130
  2455:   183533.130   183538.130   183615.120   183697.120   183703.120
  2460:   183741.120   183748.120   183933.120   184034.120   184037.740
  2465:   184039.540   184039.320   184039.330   184039.350   184039.240
  2470:   184039.120   184289.220   184289.230   184289.250   184289.340
  2475:   184425.130   184455.130   184461.130   184547.120   184552.120
  2480:   184618.120   184698.120   184704.120   184795.120   184963.120
  2485:   184968.120   184997.120   185043.120   185048.120   185106.120
  2490:   185235.120   185262.120   185324.120   185329.120   185505.120
  2495:   185511.120   185698.120   185704.120   185947.130   186069.120
  2500:   186102.120   186109.120   186386.120   186392.120   186593.120
  2505:   186598.120   186690.130   186780.120   186806.120   186926.120
  2510:   186932.120   187051.130   187136.120   187410.120   187417.120
  2515:   187453.120   187460.120   187500.120   187505.120   187675.120
  2520:   187717.120   187773.120   187779.120   187935.120   188023.120
  2525:   188029.120   188225.120   188231.120   188496.120   188619.130
  2530:   188789.120   188872.130   188950.120   189054.120   189132.130
  2535:   189334.130   189441.120   189503.120   189671.120   189701.120
  2540:   189856.130   189948.120   190110.120   190140.120   190312.120
  2545:   190318.120   190526.120   190531.120   190747.120   190980.130
  2550:   190987.130   191015.130   191116.120   191123.120   191224.120
  2555:   191463.120   191654.120   191660.120   191857.120   191863.120
  2560:   191901.120   192110.120   192270.120   192560.120   192565.120
  2565:   192715.120   192855.130   192977.120   192983.120   193144.120
  2570:   193149.120   193211.120   193454.120   193487.120   193494.120
  2575:   193678.120   194013.120   194019.120   194188.120   194194.120
  2580:   194224.120   194229.120   194328.130   194447.120   194630.120
  2585:   194635.120   194698.120   194734.120   194740.120   195108.130
  2590:   195198.120   195375.120   195825.130   195972.120   196052.130
  2595:   196059.130   196218.130   196314.120   196376.120   196527.130
  2600:   196605.120   196610.120   196654.120   196812.120   197084.120
  2605:   197224.130   197335.120   197497.120   197504.120   197660.130
  2610:   197879.130   197892.130   198071.120   198078.120   198466.120
  2615:   198471.120   198574.130   198579.130   198754.120   198841.130
  2620:   198953.130   198958.130   199142.130   199147.130   199246.120
  2625:   199252.120   199582.130   199590.130   199758.130   199765.130
  2630:   200094.120   200100.120   200370.130   200377.130   200478.130
  2635:   200486.130   200735.130   200821.120   200898.130   201021.120
  2640:   201153.120   201420.120   201454.120   201459.120   201674.120
  2645:   201754.130   201863.120   201891.120   201897.120   201964.130
  2650:   202188.120   202194.120   202339.130   202347.130   202433.120
  2655:   202440.120   202652.120   202658.120   202789.740   202919.130
  2660:   203009.540   203009.320   203009.330   203009.350   203009.240
  2665:   203009.120   203014.120   203259.220   203259.230   203259.250
  2670:   203259.340   203411.130   203494.120   203500.120   203573.120
  2675:   203617.120   203624.120   203739.130   203745.130   203752.130
  2680:   203820.120   203825.120   203864.120   203902.120   203942.120
  2685:   204182.120   204331.120   204337.120   204498.120   204504.120
  2690:   204588.130   204771.120   204859.740   204901.540   204901.320
  2695:   204901.330   204901.350   204901.240   204901.120   204918.120
  2700:   205151.220   205151.230   205151.250   205151.340   205408.120
  2705:   205414.120   205539.120   205545.120   205766.120   205801.120
  2710:   205807.120   205898.120   205904.120   206019.120   206048.120
  2715:   206054.120   206230.120   206236.120   206400.120   206406.120
  2720:   206569.120   206703.130   206779.120   206851.740   207073.540
  2725:   207073.320   207073.330   207073.350   207073.240   207073.120
  2730:   207085.120   207323.220   207323.230   207323.250   207323.340
  2735:   207569.130   207647.120   207653.120   207696.120   207735.120
  2740:   207941.120   207949.120   208090.120   208121.120   208126.120
  2745:   208324.120   208330.120   208473.120   208683.120   208690.120
  2750:   208815.120   209023.740   209067.540   209067.320   209067.330
  2755:   209067.350   209067.240   209067.120   209074.120   209317.220
  2760:   209317.230   209317.250   209317.340   209544.840   209675.120
  2765:   209681.120   209883.120   209889.120   209980.640   209980.320
  2770:   209980.330   209980.350   209980.240   209980.130   209986.130
  2775:   209994.130   210230.220   210230.230   210230.250   210230.340
  2780:   210375.120   210379.120   210385.120   210431.120   210548.130
  2785:   210721.120   210727.120   210838.120   210844.120   210959.120
  2790:   210964.120   211022.120   211243.120   211249.120   211345.120
  2795:   211598.120   211622.120   211776.120   211816.120   211999.120
  2800:   212017.740   212067.540   212067.320   212067.330   212067.350
  2805:   212067.240   212067.120   212317.220   212317.230   212317.250
  2810:   212317.340   212507.120   212631.120   212637.120   212698.120
  2815:   212731.120   212799.120   212846.120   212853.120   212918.120
  2820:   213037.120   213064.120   213183.120   213189.120   213306.120
  2825:   213617.740   213623.540   213623.320   213623.330   213623.350
  2830:   213623.240   213623.120   213629.120   213635.120   213873.220
  2835:   213873.230   213873.250   213873.340   214050.130   214055.130
  2840:   214134.120   214139.120   214237.120   214242.120   214386.120
  2845:   214391.120   214531.120   214536.120   214573.740   214686.540
  2850:   214686.320   214686.330   214686.350   214686.240   214686.120
  2855:   214700.120   214936.220   214936.230   214936.250   214936.340
  2860:   215036.740   215125.540   215125.320   215125.330   215125.350
  2865:   215125.240   215125.120   215375.220   215375.230   215375.250
  2870:   215375.340   215597.130   215603.130   215610.130   215679.120
  2875:   215684.120   215732.120   215763.120   215770.120   215834.120
  2880:   215880.120   215886.120   216027.120   216032.120   216203.120
  2885:   216208.120   216340.120   216346.120   216488.120   216493.120
  2890:   216545.120   216551.120   216615.120   216621.120   216753.120
  2895:   216759.120   216864.120   216870.120   216938.120   217063.120
  2900:   217127.120   217189.120   217195.120   217389.120   217560.120
  2905:   217729.120   217735.120   217791.120   217798.120   217824.120
  2910:   217830.120   218015.120   218135.120   218167.120   218175.740
  2915:   218363.130   218432.540   218432.320   218432.330   218432.350
  2920:   218432.240   218432.120   218439.120   218445.120   218682.220
  2925:   218682.230   218682.250   218682.340   218865.120   218870.120
  2930:   218983.130   218989.130   218997.130   219072.120   219078.120
  2935:   219113.120   219151.120   219291.120   219296.120   219438.120
  2940:   219444.120   219534.120   219539.120   219674.120   219680.120
  2945:   219795.120   219952.120   220122.120   220127.120   220276.120
  2950:   220282.740   220282.120   220344.540   220344.320   220344.330
  2955:   220344.350   220344.240   220344.120   220349.120   220357.120
  2960:   220594.220   220594.230   220594.250   220594.340   220807.130
  2965:   220811.130   220818.130   220903.120   220908.120   220972.120
  2970:   220977.120   221008.120   221015.120   221099.120   221247.120
  2975:   221253.120   221368.120   221401.120   221570.120   221603.120
  2980:   221608.120   221679.120   221740.120   221745.120   221917.120
  2985:   221923.120   222075.120   222080.120   222272.120   222495.120
  2990:   222634.120   222640.120   222794.740   222914.130   222921.130
  2995:   223021.540   223021.320   223021.330   223021.350   223021.240
  3000:   223021.120   223271.220   223271.230   223271.250   223271.340
  3005:   223431.130   223519.120   223525.120   223600.120   223637.120
  3010:   223874.120   223879.120   223904.120   223911.120   224033.120
  3015:   224058.120   224204.120   224209.120   224432.120   224438.120
  3020:   224563.120   224595.120   224650.120   224871.740   224877.540
  3025:   224877.320   224877.330   224877.350   224877.240   224877.120
  3030:   224892.120   225127.220   225127.230   225127.250   225127.340
  3035:   225414.130   225420.130   225431.130   225525.120   225530.120
  3040:   225631.120   225686.120   225692.120   225815.120   225821.120
  3045:   225965.120   226000.120   226006.120   226087.120   226322.120
  3050:   226598.120   226632.120   226687.120   226813.120   226834.120
  3055:   226840.120   226960.120   227047.130   227114.120   227174.120
  3060:   227180.120   227313.120   227351.120   227405.120   227427.740
  3065:   227562.540   227562.320   227562.330   227562.350   227562.240
  3070:   227562.120   227575.120   227812.220   227812.230   227812.250
  3075:   227812.340   227973.120   227979.120   228081.130   228086.130
  3080:   228093.130   228169.120   228174.120   228180.120   228320.120
  3085:   228325.120   228383.120   228389.120   228612.740   228612.120
  3090:   228746.540   228746.320   228746.330   228746.350   228746.240
  3095:   228746.120   228751.120   228759.120   228996.220   228996.230
  3100:   228996.250   228996.340   229161.130   229236.120   229242.120
  3105:   229441.120   229447.120   229567.120   229632.120   229908.120
  3110:   229996.740   230035.540   230035.320   230035.330   230035.350
  3115:   230035.240   230035.120   230040.120   230047.120   230055.120
  3120:   230285.220   230285.230   230285.250   230285.340   230432.120
  3125:   230437.120   230607.120   230613.120   230776.120   230951.120
  3130:   230956.120   231085.120   231091.120   231243.120   231249.120
  3135:   231416.120   231421.120   231538.120   231543.120   231885.120
  3140:   231892.120   232092.120   232098.120   232231.120   232237.120
  3145:   232554.120   232560.120   232694.120   232885.740   233159.540
  3150:   233159.320   233159.330   233159.350   233159.240   233159.120
  3155:   233165.120   233172.120   233409.220   233409.230   233409.250
  3160:   233409.340   233614.120   233620.120   233809.740   233860.130
  3165:   233873.130   233944.540   233944.320   233944.330   233944.350
  3170:   233944.240   233944.120   233956.120   233964.120   234194.220
  3175:   234194.230   234194.250   234194.340   234366.120   234371.120
  3180:   234483.130   234488.130   234553.120   234558.120   234668.120
  3185:   234673.120   234815.120   234972.120   235094.120   235275.120
  3190:   235317.120   235446.120   235452.120   235620.120   235625.120
  3195:   235751.120   235757.120   235899.120   236051.120   236056.120
  3200:   236255.120   236394.120   236400.120   236523.120   236654.120
  3205:   236714.120   236838.120   236967.120   237097.120   237126.120
  3210:   237133.120   237258.120   237347.120   237353.120   237474.120
  3215:   237602.120   237607.120   237670.120   238200.120   238231.120
  3220:   238238.120   238386.120   238545.120   238676.130   238686.130
  3225:   238762.120   238875.120   238913.120   238976.120   238982.120
  3230:   239142.120   239245.120   239250.120   239257.120   239488.130
  3235:   239615.120   239620.120   239671.120   240001.120   240161.120
  3240:   240229.120   240234.120   240370.120   241294.740   241436.540
  3245:   241436.320   241436.330   241436.350   241436.240   241436.120
  3250:   241441.120   241448.120   241686.220   241686.230   241686.250
  3255:   241686.340   241874.120   242014.130   242020.130   242117.120
  3260:   242230.130   242239.130   242336.120   242539.120   242654.130
  3265:   242660.130   242741.120   242746.120   242924.120   242963.120
  3270:   243104.120   243110.120   243327.120   243471.120   243476.120
  3275:   243669.120   243675.120   243728.120   243850.120   243856.120
  3280:   243915.120   244044.120   244051.120   244175.120   244344.120
  3285:   244543.120   244686.740   244756.540   244756.320   244756.330
  3290:   244756.350   244756.240   244756.120   244770.120   245006.220
  3295:   245006.230   245006.250   245006.340   245245.120   245252.120
  3300:   245394.120   245399.120   245533.120   245701.120   245707.120
  3305:   246200.120   246353.120   246687.120   246692.120   246834.120
  3310:   247104.120   247226.120   247379.120   247506.740   247617.540
  3315:   247617.320   247617.330   247617.350   247617.240   247617.120
  3320:   247623.120   247630.120   247867.220   247867.230   247867.250
  3325:   247867.340   248016.130   248023.130   248101.120   248163.120
  3330:   248168.120   248441.120   248448.120   248610.120   248615.120
  3335:   248756.120   248915.120   249088.120   249242.120   249267.740
  3340:   249314.540   249314.320   249314.330   249314.350   249314.240
  3345:   249314.120   249319.120   249325.120   249564.220   249564.230
  3350:   249564.250   249564.340   249806.130   249842.130   249848.130
  3355:   249940.120   249945.120   250064.120   250126.120   250131.120
  3360:   250162.120   250223.120   250229.120   250364.740   250588.540
  3365:   250588.320   250588.330   250588.350   250588.240   250588.120
  3370:   250600.120   250838.220   250838.230   250838.250   250838.340
  3375:   251050.120   251308.130   251338.740   251401.540   251401.320
  3380:   251401.330   251401.350   251401.240   251401.120   251651.220
  3385:   251651.230   251651.250   251651.340   251804.130   251810.130
  3390:   251818.130   251890.120   251960.120   251966.120   252005.120
  3395:   252096.120   252153.120   252159.120   252300.120   252306.120
  3400:   252451.120   252457.120   252591.120   252596.120   252731.120
  3405:   252737.120   252872.120   252902.120   252909.120   253069.120
  3410:   253251.740   253532.540   253532.320   253532.330   253532.350
  3415:   253532.240   253532.120   253537.120   253544.120   253782.220
  3420:   253782.230   253782.250   253782.340   253963.130   254042.120
  3425:   254158.120   254220.120   254227.120   254355.120   254361.120
  3430:   254389.120   254395.120   254531.120   254537.120   254693.120
  3435:   254698.120   254856.120   254987.120   255147.120   255182.740
  3440:   255455.540   255455.320   255455.330   255455.350   255455.240
  3445:   255455.120   255705.220   255705.230   255705.250   255705.340
  3450:   255805.740   255852.130   255857.130   255934.540   255934.320
  3455:   255934.330   255934.350   255934.240   255934.120   255940.120
  3460:   255947.120   256184.220   256184.230   256184.250   256184.340
  3465:   256379.120   256392.120   256498.130   256565.120   256570.120
  3470:   256711.120   256717.120   256852.120   256858.120   256998.120
  3475:   257004.120   257136.120   257201.120   257207.120   257347.120
  3480:   257586.120   257645.120   257828.120   257880.120   258093.120
  3485:   258353.120   258389.120   258437.120   258655.120   258794.120
  3490:   258799.120   259101.120   259133.120   259139.120   259718.120
  3495:   259723.120   259855.120   259984.740   260048.540   260048.320
  3500:   260048.330   260048.350   260048.240   260048.120   260298.220
  3505:   260298.230   260298.250   260298.340   260458.120   260463.120
  3510:   260670.120   260678.120   260813.130   260894.120   260969.120
  3515:   261102.120   261338.120   261344.120   261398.740   261482.540
  3520:   261482.320   261482.330   261482.350   261482.240   261482.120
  3525:   261487.120   261493.120   261732.220   261732.230   261732.250
  3530:   261732.340   261861.120   261867.120   261874.120   262028.120
  3535:   262199.120   262207.120   262542.120   262547.120   262972.120
  3540:   263116.120   263130.840   263248.120   263444.640   263444.320
  3545:   263444.330   263444.350   263444.240   263444.130   263694.220
  3550:   263694.230   263694.250   263694.340   263853.120   263858.120
  3555:   263867.120   264084.130   264090.130   264165.120   264171.120
  3560:   264223.120   264228.120   264358.130   264440.120   264444.120
  3565:   264582.120   264588.120   264631.120   264638.120   264755.120
  3570:   264942.120   265124.120   265294.120   265456.120   265598.120
  3575:   265669.120   265957.120   266088.120   266122.120   266129.120
  3580:   266411.120   266765.120   266771.120   266878.120   266884.120
  3585:   267420.120   267628.120   268161.120   268167.120   268929.130
  3590:   269073.120   269300.120   269359.120   269624.120   269734.120
  3595:   269740.120   269920.120   270096.120   270102.120   270230.120
  3600:   270556.120   270562.120   270715.120   270824.120   270831.120
  3605:   271018.130   271024.130   271329.130   271332.740   271623.130
  3610:   271628.130   271884.130   271891.130   271981.540   271981.320
  3615:   271981.330   271981.350   271981.240   271981.120   271997.120
  3620:   272231.220   272231.230   272231.250   272231.340   272389.120
  3625:   272450.120   272499.120   272685.120   272690.120   272812.120
  3630:   272970.130   273049.120   273053.120   273120.120   273126.120
  3635:   273282.120   273699.120   273869.130   274142.120   274148.120
  3640:   274277.120   274552.120   274825.120   274831.120   274955.120
  3645:   275367.120   275371.120   275618.120   275644.120   275648.120
  3650:   275997.120   276234.120   276240.120   276297.120   276305.120
  3655:   276542.120   276546.120   276785.120   276792.120   277031.740
  3660:   277201.540   277201.320   277201.330   277201.350   277201.240
  3665:   277201.120   277213.120   277451.220   277451.230   277451.250
  3670:   277451.340   277594.120   277600.120   277693.130   277762.120
  3675:   277766.120   277841.120   277848.120   277926.120   277938.120
  3680:   278106.120   278110.120   278247.120   278380.120   278413.120
  3685:   278419.120   278588.120   278591.120   278760.120   278795.120
  3690:   278824.120   278967.120   279285.120   279291.120   279325.120
  3695:   279462.120   279634.120   279668.120   279757.120   280021.120
  3700:   280051.740   280165.540   280165.320   280165.330   280165.350
  3705:   280165.240   280165.120   280170.120   280176.120   280415.220
  3710:   280415.230   280415.250   280415.340   280534.120   280540.120
  3715:   280639.130   280645.130   280653.130   280718.120   280815.130
  3720:   280821.130   280906.120   280946.120   281108.120   281233.120
  3725:   281261.120   281394.120   281398.120   281551.120   281557.120
  3730:   281588.120   281729.120   281735.120   282070.120   282076.120
  3735:   282114.120   282121.120   282246.120   282250.120   282276.120
  3740:   282282.120   282313.120   282318.120   282439.120   282444.120
  3745:   282452.120   282540.120   282544.120   282574.120   282581.120
  3750:   282777.120   282783.120   282915.120   282921.120   282946.120
  3755:   283144.120   283377.120   283660.120   283859.130   283963.120
  3760:   283968.120   283976.120   284189.120   284196.120   284280.130
  3765:   284391.120   284398.120   284567.120   284572.120   284707.120
  3770:   284713.120   284969.120   285311.120   285492.120   285612.120
  3775:   285870.120   285876.120   285902.120   285906.120   286042.130
  3780:   286119.120   286464.120   286618.120   286879.120   286885.120
  3785:   287034.120   287040.120   287244.120   287434.130   287440.130
  3790:   287447.130   287547.120   287552.120   287813.120   287819.120
  3795:   288049.130   288148.120   288347.120   288505.120   288542.120
  3800:   288724.120   288730.120   288862.130   288939.120   288944.120
  3805:   289073.120   289078.120   289152.120   289270.130   289276.130
  3810:   289344.120   289415.740   289588.540   289588.320   289588.330
  3815:   289588.350   289588.240   289588.120   289598.120   289838.220
  3820:   289838.230   289838.250   289838.340   289966.120   289972.120
  3825:   290140.120   290145.120   290169.120   290350.130   290424.120
  3830:   290471.120   290525.120   291252.120   291382.120   291439.120
  3835:   291748.120   291754.120   291873.120   291976.130   292005.130
  3840:   292131.120   292136.120   292221.130   292228.130   292305.120
  3845:   292337.120   292503.120   292857.120   292863.120   293066.130
  3850:   293144.120   293592.120   293774.120   294220.120   294438.120
  3855:   294473.120   294678.130   294754.120   294909.120   294914.120
  3860:   294971.120   295411.130   295576.130   295653.120   295743.120
  3865:   295861.130   296018.130   296293.130   296462.130   296469.130
  3870:   296579.130   296726.120   297156.130   297385.120   297523.120
  3875:   297529.120   297614.120   297620.120   297680.120   297795.130
  3880:   297799.130   297806.130   297927.130   297995.120   298053.120
  3885:   298109.120   298135.120   298217.130   298222.130   298334.120
  3890:   298338.120   298509.120   298788.130   298890.120   298938.740
  3895:   299194.540   299194.320   299194.330   299194.350   299194.240
  3900:   299194.120   299206.120   299444.220   299444.230   299444.250
  3905:   299444.340   299663.120   299669.120   299827.120   299980.120
  3910:   299985.120   300131.120   300137.120   300262.120   300392.120
  3915:   300668.120   300916.120   300923.120   301055.120   301062.120
  3920:   301114.120   301223.130   301279.120   301777.120   301782.120
  3925:   301861.130   301927.120   301985.120   302017.120   302317.130
  3930:   302424.130   302497.120   302650.120   302793.120   302799.120
  3935:   302932.130   302938.130   303022.120   303028.120   304125.120
  3940:   304218.130   304512.120   304571.120   304772.120   304883.130
  3945:   304944.740   305062.540   305062.320   305062.330   305062.350
  3950:   305062.240   305062.120   305074.120   305312.220   305312.230
  3955:   305312.250   305312.340   305589.120   305738.120   305818.120
  3960:   305823.120   305939.120   306131.120   306271.120   306277.120
  3965:   306487.120   306493.120   306611.120   306612.740   306697.540
  3970:   306697.320   306697.330   306697.350   306697.240   306697.120
  3975:   306701.120   306709.120   306947.220   306947.230   306947.250
  3980:   306947.340   307186.120   307293.130   307370.120   307376.120
  3985:   307448.120   307455.120   307583.120   307589.120   307657.120
  3990:   307662.120   307784.120   308613.120   308620.120   308977.120
  3995:   308981.120   309301.120   309308.120   309481.120   309502.120
  4000:   309659.120   309688.120   309692.120   309727.120   309734.120
  4005:   309747.740   309904.540   309904.320   309904.330   309904.350
  4010:   309904.240   309904.120   310154.220   310154.230   310154.250
  4015:   310154.340   310384.120   310391.120   310517.120   310545.120
  4020:   310550.120   310618.120   310623.120   310629.120   310683.120
  4025:   310872.120   311164.120   311311.120   311355.120   311454.740
  4030:   311512.540   311512.320   311512.330   311512.350   311512.240
  4035:   311512.120   311517.120   311524.120   311762.220   311762.230
  4040:   311762.250   311762.340   311946.130   311953.130   311962.740
  4045:   312019.540   312019.320   312019.330   312019.350   312019.240
  4050:   312019.120   312024.120   312031.120   312269.220   312269.230
  4055:   312269.250   312269.340   312434.120   312437.120   312469.120
  4060:   312474.120   312669.120   312674.120   312713.120   312720.120
  4065:   312850.120   312880.120   312922.120   312955.120   313081.120
  4070:   313088.120   313293.120   313464.120   313648.120   313654.120
  4075:   313795.120   313801.120   313930.120   313934.120   314060.120
  4080:   314227.120   314553.120   314608.120   314615.120   314635.120
  4085:   314808.120   315005.120   315008.120   315033.120   315208.120
  4090:   315330.120   315417.120   315723.120   315847.120   315963.120
  4095:   316174.120   316391.120   316554.120   316561.120   316713.120
  4100:   316959.120   317423.120   317429.120   317827.120   317882.120
  4105:   318211.120   318369.740   318656.540   318656.320   318656.330
  4110:   318656.350   318656.240   318656.120   318906.220   318906.230
  4115:   318906.250   318906.340   319043.120   319048.120   319176.120
  4120:   319182.120   319246.120   319302.120   319450.120   319663.120
  4125:   319691.120   319852.120   319858.120   320006.740   320140.540
  4130:   320140.320   320140.330   320140.350   320140.240   320140.120
  4135:   320153.120   320158.120   320390.220   320390.230   320390.250
  4140:   320390.340   320552.130   320620.120   320655.120   320686.120
  4145:   320723.120   320794.120   320800.120   320928.120   320934.120
  4150:   320990.740   321055.540   321055.320   321055.330   321055.350
  4155:   321055.240   321055.120   321067.120   321305.220   321305.230
  4160:   321305.250   321305.340   321521.120   321527.120   321636.120
  4165:   321671.120   321793.120   322041.120   322044.120   322076.120
  4170:   322083.120   322213.120   322219.120   322245.120   322369.120
  4175:   322375.120   322411.120   322443.120   322494.120   322624.120
  4180:   322764.130   322836.120   322955.120   322961.120   323081.120
  4185:   323107.120   323113.120   323421.120   323425.120   323549.120
  4190:   323579.120   323703.120   323736.120   323892.120   324003.120
  4195:   324008.120   324039.120   324051.120   324282.120   324420.120
  4200:   324426.120   324556.120   324691.120   324697.120   324705.740
  4205:   324833.540   324833.320   324833.330   324833.350   324833.240
  4210:   324833.120   325083.220   325083.230   325083.250   325083.340
  4215:   325363.120   325367.120   325449.120   325487.120   325555.120
  4220:   325681.120   325686.120   325721.120   325865.120   325870.120
  4225:   325897.120   325905.120   326025.120   326030.120   326158.120
  4230:   326163.120   326293.120   326298.120   326430.120   326459.120
  4235:   326465.120   326630.120   326787.120   327056.120   327177.120
  4240:   327206.120   327568.120   327627.120   327874.120   327901.120
  4245:   328042.120   328073.120   328080.120   328227.120   328460.120
  4250:   328466.120   328619.120   328755.120   328787.120   328792.120
  4255:   328846.120   328985.120   329110.120   329138.120   329353.120
  4260:   329359.120   329518.120   329572.120   329871.120   329878.120
  4265:   330310.120   330471.120   330558.120   330736.120   330742.120
  4270:   331072.120   331173.130   331455.120   331461.120   331665.120
  4275:   331839.120   331845.120   332283.740   332397.540   332397.320
  4280:   332397.330   332397.350   332397.240   332397.120   332647.220
  4285:   332647.230   332647.250   332647.340   332849.120   332854.120
  4290:   332911.120   333050.120   333055.120   333144.120   333284.120
  4295:   333487.120   333493.120   333631.120   333695.120   333700.120
  4300:   333825.120   333830.120   333890.120   333897.120   334065.120
  4305:   334072.120   334251.120   334304.120   334452.120   334603.120
  4310:   334929.120   335087.120   335258.120   335458.120   335464.120
  4315:   335614.120   335621.120   335731.130   335822.120   335828.120
  4320:   336407.120   336414.120   336583.120   336589.120   336764.120
  4325:   336798.120   336804.120   337000.120   337006.120   337242.120
  4330:   337302.120   337347.740   337423.540   337423.320   337423.330
  4335:   337423.350   337423.240   337423.120   337429.120   337435.120
  4340:   337673.220   337673.230   337673.250   337673.340   337773.740
  4345:   337810.130   337877.540   337877.320   337877.330   337877.350
  4350:   337877.240   337877.120   337882.120   337888.120   337895.120
  4355:   338127.220   338127.230   338127.250   338127.340   338227.740
  4360:   338396.540   338396.320   338396.330   338396.350   338396.240
  4365:   338396.120   338402.120   338409.120   338646.220   338646.230
  4370:   338646.250   338646.340   338891.120   338896.120   338966.120
  4375:   339120.120   339125.120   339270.120   339275.120   339414.120
  4380:   339419.120   339589.120   339596.120   339664.120   339669.120
  4385:   339783.120   339789.120   339817.120   339848.120   339854.120
  4390:   339991.120   339997.120   340139.120   340346.740   340398.540
  4395:   340398.320   340398.330   340398.350   340398.240   340398.120
  4400:   340404.120   340411.120   340648.220   340648.230   340648.250
  4405:   340648.340   340839.120   340844.120   340848.740   340850.540
  4410:   340850.320   340850.330   340850.350   340850.240   340850.120
  4415:   341100.220   341100.230   341100.250   341100.340   341475.130
  4420:   341566.120   341571.120   341579.120   341647.120   341814.120
  4425:   341819.120   341826.120   342025.120   342031.120   342100.740
  4430:   342166.540   342166.320   342166.330   342166.350   342166.240
  4435:   342166.120   342172.120   342180.120   342416.220   342416.230
  4440:   342416.250   342416.340   342624.130   342719.120   342725.120
  4445:   342788.120   342793.120   342854.120   342859.120   342916.740
  4450:   342994.540   342994.320   342994.330   342994.350   342994.240
  4455:   342994.120   342999.120   343007.120   343244.220   343244.230
  4460:   343244.250   343244.340   343475.120   343480.120   343628.120
  4465:   343633.120   343715.120   343720.120   343798.120   343804.120
  4470:   343938.120   343943.120   344074.120   344080.120   344256.120
  4475:   344262.120   344406.120   344470.120   344475.120   344481.120
  4480:   344576.120   344718.120   344724.120   344990.120   345181.120
  4485:   345187.120   345218.120   345399.120   345578.120   345794.840
  4490:   345974.120   346006.120   346048.120   346239.120   346464.120
  4495:   346470.120   346650.120   346912.120   346918.120   346944.740
  4500:   347124.540   347124.320   347124.330   347124.350   347124.240
  4505:   347124.120   347374.220   347374.230   347374.250   347374.340
  4510:   347796.120   347802.120   347876.120   347883.120   347923.120
  4515:   347929.120   348072.120   348078.120   348446.120   348614.120
  4520:   348751.120   348757.120   348781.120   348787.120   349065.120
  4525:   349071.120   349199.120   349205.120   349317.120   349380.120
  4530:   349386.120   349443.120   349891.120   350024.120   350174.740
  4535:   350177.540   350177.320   350177.330   350177.350   350177.240
  4540:   350177.120   350427.220   350427.230   350427.250   350427.340
  4545:   350614.120   350620.120   350692.120   350698.120   350792.120
  4550:   350797.120   350827.740   351102.540   351102.320   351102.330
  4555:   351102.350   351102.240   351102.120   351110.120   351118.120
  4560:   351125.120   351352.220   351352.230   351352.250   351352.340
  4565:   351643.120   351648.120   351788.120   351793.120   351880.120
  4570:   351925.120   352078.120   352083.120   352234.120   352330.120
  4575:   352458.120   352464.120   352538.120   352732.120   352769.120
  4580:   352776.120   352840.120   352847.120   352981.120   352987.120
  4585:   353133.120   353263.120   353268.120   353432.120   353620.120
  4590:   353750.120   353916.120   353922.120   354052.740   354077.540
  4595:   354077.320   354077.330   354077.350   354077.240   354077.120
  4600:   354083.120   354091.120   354327.220   354327.230   354327.250
  4605:   354327.340   354599.120   354668.120   354675.120   354717.120
  4610:   354723.120   354792.120   354939.120   354944.120   354951.120
  4615:   355015.120   355103.120   355108.120   355344.120   355451.120
  4620:   355456.120   355515.120   355520.120   356099.120   356104.120
  4625:   356394.120   356584.120   356773.120   356777.120   356935.120
  4630:   357002.120   357051.120   357192.120   357226.120   357456.120
  4635:   357583.120   357715.120   357736.120   357777.120   357782.120
  4640:   357884.120   357889.120   358131.120   358136.120   358259.120
  4645:   358262.120   358399.120   358518.120   358523.120   358683.120
  4650:   358687.120   358865.120   359008.120   359011.120   359300.120
  4655:   359433.120   359438.120   359467.120   359471.120   359622.120
  4660:   359884.120   359889.120   360000.320   360000.330   360000.350
  4665:   360000.020
C:
     0:        0.000     1825.000     1512.000       73.000       59.000
     5:        0.000
D:
     0:        0.000        0.000
L:
     0:       74.000      416.000      416.000
M:
     0:     1200.000     1201.000     1202.000     1203.000     1204.000
     5:     1205.000     1206.000     1207.000     1208.000     1209.000
    10:     1210.000     1211.000     1212.000     1213.000     1214.000
    15:     1215.000     1216.000     1217.000     1218.000     1219.000
    20:     1220.000     1221.000     1222.000     1223.000     1224.000
    25:     1225.000     1226.000     1227.000     1228.000     1229.000
    30:     1230.000     1231.000     1232.000     1233.000     1234.000
    35:     1235.000     1236.000     1237.000     1238.000     1239.000
    40:     1240.000     1241.000     1242.000     1243.000     1244.000
    45:     1245.000     1246.000     1247.000     1248.000     1249.000
    50:     1250.000     1251.000     1252.000     1253.000     1254.000
    55:     1255.000     1256.000     1257.000     1258.000     1259.000
    60:     1260.000     1261.000     1262.000     1263.000     1264.000
    65:     1265.000     1266.000     1267.000     1268.000     1269.000
    70:     1270.000     1271.000     1272.000     1273.000     1274.000
    75:     1275.000     1276.000     1277.000     1278.000     1279.000
    80:     1280.000     1281.000     1282.000     1283.000     1284.000
    85:     1285.000     1286.000     1287.000     1288.000     1289.000
    90:     1290.000     1291.000     1292.000     1293.000     1294.000
    95:     1295.000     1296.000     1297.000     1298.000     1299.000
   100:     1300.000     1301.000     1302.000     1303.000     1304.000
   105:     1305.000     1306.000     1307.000     1308.000     1309.000
   110:     1310.000     1311.000     1312.000     1313.000     1314.000
   115:     1315.000     1316.000     1317.000     1318.000     1319.000
   120:     1320.000     1321.000     1322.000     1323.000     1324.000
   125:     1325.000     1326.000     1327.000     1328.000     1329.000
   130:     1330.000     1331.000     1332.000     1333.000     1334.000
   135:     1335.000     1336.000     1337.000     1338.000     1339.000
   140:     1340.000     1341.000     1342.000     1343.000     1344.000
   145:     1345.000     1346.000     1347.000     1348.000     1349.000
   150:     1350.000     1351.000     1352.000     1353.000     1354.000
   155:     1355.000     1356.000     1357.000     1358.000     1359.000
   160:     1360.000     1361.000     1362.000     1363.000     1364.000
   165:     1365.000     1366.000     1367.000     1368.000     1369.000
   170:     1370.000     1371.000     1372.000     1373.000     1374.000
   175:     1375.000     1376.000     1377.000     1378.000     1379.000
   180:     1380.000     1381.000     1382.000     1383.000     1384.000
   185:     1385.000     1386.000     1387.000     1388.000     1389.000
   190:     1390.000     1391.000     1392.000     1393.000     1394.000
   195:     1395.000     1396.000     1397.000     1398.000     1399.000
   200:     1400.000     1401.000     1402.000     1403.000     1404.000
   205:     1405.000     1406.000     1407.000     1408.000     1409.000
   210:     1410.000     1411.000     1412.000     1413.000     1414.000
   215:     1415.000     1416.000     1417.000     1418.000     1419.000
   220:     1420.000     1421.000     1422.000     1423.000     1424.000
   225:     1425.000     1426.000     1427.000     1428.000     1429.000
   230:     1430.000     1431.000     1432.000     1433.000     1434.000
   235:     1435.000     1436.000     1437.000     1438.000     1439.000
   240:     1440.000     1441.000     1442.000     1443.000     1444.000
   245:     1445.000     1446.000     1447.000     1448.000     1449.000
   250:     1450.000     1451.000     1452.000     1453.000     1454.000
   255:     1455.000     1456.000     1457.000     1458.000     1459.000
   260:     1460.000     1461.000     1462.000     1463.000     1464.000
   265:     1465.000     1466.000     1467.000     1468.000     1469.000
   270:     1470.000     1471.000     1472.000     1473.000     1474.000
   275:     1475.000     1476.000     1477.000     1478.000     1479.000
   280:     1480.000     1481.000     1482.000     1483.000     1484.000
   285:     1485.000     1486.000     1487.000     1488.000     1489.000
   290:     1490.000     1491.000     1492.000     1493.000     1494.000
   295:     1495.000     1496.000     1497.000     1498.000     1499.000
   300:     1500.000     1501.000     1502.000     1503.000     1504.000
   305:     1505.000     1506.000     1507.000     1508.000     1509.000
   310:     1510.000     1511.000     1512.000     1513.000     1514.000
   315:     1515.000     1516.000     1517.000     1518.000     1519.000
   320:     1520.000     1521.000     1522.000     1523.000     1524.000
   325:     1525.000     1526.000     1527.000     1528.000     1529.000
   330:     1530.000     1531.000     1532.000     1533.000     1534.000
   335:     1535.000     1536.000     1537.000     1538.000     1539.000
   340:     1540.000     1541.000     1542.000     1543.000     1544.000
   345:     1545.000     1546.000     1547.000     1548.000     1549.000
   350:     1550.000     1551.000     1552.000     1553.000     1554.000
   355:     1555.000     1556.000     1557.000     1558.000     1559.000
   360:     1560.000     1561.000     1562.000     1563.000     1564.000
   365:     1565.000     1566.000     1567.000     1568.000     1569.000
   370:     1570.000     1571.000     1572.000     1573.000     1574.000
   375:     1575.000     1576.000     1577.000     1578.000     1579.000
   380:     1580.000     1581.000     1582.000     1583.000     1584.000
   385:     1585.000     1586.000     1587.000     1588.000     1589.000
   390:     1590.000     1591.000     1592.000     1593.000     1594.000
   395:     1595.000     1596.000     1597.000     1598.000     1599.000
   400:     1600.000     1601.000     1602.000     1603.000     1604.000
   405:     1605.000     1606.000     1607.000     1608.000     1609.000
   410:     1610.000     1611.000     1612.000     1613.000     1614.000
   415:     1615.000     1616.000     1617.000     1618.000     1619.000
   420:     1620.000     1621.000     1622.000     1623.000     1624.000
   425:     1625.000     1626.000     1627.000     1628.000     1629.000
   430:     1630.000     1631.000     1632.000     1633.000     1634.000
   435:     1635.000     1636.000     1637.000     1638.000     1639.000
   440:     1640.000     1641.000     1642.000     1643.000     1644.000
   445:     1645.000     1646.000     1647.000     1648.000     1649.000
   450:     1650.000     1651.000     1652.000     1653.000     1654.000
   455:     1655.000     1656.000     1657.000     1658.000     1659.000
   460:     1660.000     1661.000     1662.000     1663.000     1664.000
   465:     1665.000     1666.000     1667.000     1668.000     1669.000
   470:     1670.000     1671.000     1672.000     1673.000     1674.000
   475:     1675.000     1676.000     1677.000     1678.000     1679.000
   480:     1680.000     1681.000     1682.000     1683.000     1684.000
   485:     1685.000     1686.000     1687.000     1688.000     1689.000
   490:     1690.000     1691.000     1692.000     1693.000     1694.000
   495:     1695.000     1696.000     1697.000     1698.000     1699.000
   500:     1700.000     1701.000     1702.000     1703.000     1704.000
   505:     1705.000     1706.000     1707.000     1708.000     1709.000
   510:     1710.000     1711.000     1712.000     1713.000     1714.000
   515:     1715.000     1716.000     1717.000     1718.000     1719.000
   520:     1720.000     1721.000     1722.000     1723.000     1724.000
   525:     1725.000     1726.000     1727.000     1728.000     1729.000
   530:     1730.000     1731.000     1732.000     1733.000     1734.000
   535:     1735.000     1736.000     1737.000     1738.000     1739.000
   540:     1740.000     1741.000     1742.000     1743.000     1744.000
   545:     1745.000     1746.000     1747.000     1748.000     1749.000
   550:     1750.000     1751.000     1752.000     1753.000     1754.000
   555:     1755.000     1756.000     1757.000     1758.000     1759.000
   560:     1760.000     1761.000     1762.000     1763.000     1764.000
   565:     1765.000     1766.000     1767.000     1768.000     1769.000
   570:     1770.000     1771.000     1772.000     1773.000     1774.000
   575:     1775.000     1776.000     1777.000     1778.000     1779.000
   580:     1780.000     1781.000     1782.000     1783.000     1784.000
   585:     1785.000     1786.000     1787.000     1788.000     1789.000
   590:     1790.000     1791.000     1792.000     1793.000     1794.000
   595:     1795.000     1796.000     1797.000     1798.000     1799.000
   600:     1800.000     1801.000     1802.000     1803.000     1804.000
   605:     1805.000     1806.000     1807.000     1808.000     1809.000
   610:     1810.000     1811.000     1812.000     1813.000     1814.000
   615:     1815.000     1816.000     1817.000     1818.000     1819.000
   620:     1820.000     1821.000     1822.000     1823.000     1824.000
   625:     1825.000     1826.000     1827.000     1828.000     1829.000
   630:     1830.000     1831.000     1832.000     1833.000     1834.000
   635:     1835.000     1836.000     1837.000     1838.000     1839.000
   640:     1840.000     1841.000     1842.000     1843.000     1844.000
   645:     1845.000     1846.000     1847.000     1848.000     1849.000
   650:     1850.000     1851.000     1852.000     1853.000     1854.000
   655:     1855.000     1856.000     1857.000     1858.000     1859.000
   660:     1860.000     1861.000     1862.000     1863.000     1864.000
   665:     1865.000     1866.000     1867.000     1868.000     1869.000
   670:     1870.000     1871.000     1872.000     1873.000     1874.000
   675:     1875.000     1876.000     1877.000     1878.000     1879.000
   680:     1880.000     1881.000     1882.000     1883.000     1884.000
   685:     1885.000     1886.000     1887.000     1888.000     1889.000
   690:     1890.000     1891.000     1892.000     1893.000     1894.000
   695:     1895.000     1896.000     1897.000     1898.000     1899.000
   700:     1900.000     1901.000     1902.000     1903.000     1904.000
   705:     1905.000     1906.000     1907.000     1908.000     1909.000
   710:     1910.000     1911.000     1912.000     1913.000     1914.000
   715:     1915.000     1916.000     1917.000     1918.000     1919.000
   720:     1920.000     1921.000     1922.000     1923.000     1924.000
   725:     1925.000     1926.000     1927.000     1928.000     1929.000
   730:     1930.000     1931.000     1932.000     1933.000     1934.000
   735:     1935.000     1936.000     1937.000     1938.000     1939.000
   740:     1940.000     1941.000     1942.000     1943.000     1944.000
   745:     1945.000     1946.000     1947.000     1948.000     1949.000
   750:     1950.000     1951.000     1952.000     1953.000     1954.000
   755:     1955.000     1956.000     1957.000     1958.000     1959.000
   760:     1960.000     1961.000     1962.000     1963.000     1964.000
   765:     1965.000     1966.000     1967.000     1968.000     1969.000
   770:     1970.000     1971.000     1972.000     1973.000     1974.000
   775:     1975.000     1976.000     1977.000     1978.000     1979.000
   780:     1980.000     1981.000     1982.000     1983.000     1984.000
   785:     1985.000     1986.000     1987.000     1988.000     1989.000
   790:     1990.000     1991.000     1992.000     1993.000     1994.000
   795:     1995.000     1996.000     1997.000     1998.000     1999.000
   800:     2000.000     2001.000     2002.000     2003.000     2004.000
   805:     2005.000     2006.000     2007.000     2008.000     2009.000
   810:     2010.000     2011.000     2012.000     2013.000     2014.000
   815:     2015.000     2016.000     2017.000     2018.000     2019.000
   820:     2020.000     2021.000     2022.000     2023.000     2024.000
   825:     2025.000     2026.000     2027.000     2028.000     2029.000
   830:     2030.000     2031.000     2032.000     2033.000     2034.000
   835:     2035.000     2036.000     2037.000     2038.000     2039.000
   840:     2040.000     2041.000     2042.000     2043.000     2044.000
   845:     2045.000     2046.000     2047.000     2048.000     2049.000
   850:     2050.000     2051.000     2052.000     2053.000     2054.000
   855:     2055.000     2056.000     2057.000     2058.000     2059.000
   860:     2060.000     2061.000     2062.000     2063.000     2064.000
   865:     2065.000     2066.000     2067.000     2068.000     2069.000
   870:     2070.000     2071.000     2072.000     2073.000     2074.000
   875:     2075.000     2076.000     2077.000     2078.000     2079.000
   880:     2080.000     2081.000     2082.000     2083.000     2084.000
   885:     2085.000     2086.000     2087.000     2088.000     2089.000
   890:     2090.000     2091.000     2092.000     2093.000     2094.000
   895:     2095.000     2096.000     2097.000     2098.000     2099.000
   900:     2100.000     2101.000     2102.000     2103.000     2104.000
   905:     2105.000     2106.000     2107.000     2108.000     2109.000
   910:     2110.000     2111.000     2112.000     2113.000     2114.000
   915:     2115.000     2116.000     2117.000     2118.000     2119.000
   920:     2120.000     2121.000     2122.000     2123.000     2124.000
   925:     2125.000     2126.000     2127.000     2128.000     2129.000
   930:     2130.000     2131.000     2132.000     2133.000     2134.000
   935:     2135.000     2136.000     2137.000     2138.000     2139.000
   940:     2140.000     2141.000     2142.000     2143.000     2144.000
   945:     2145.000     2146.000     2147.000     2148.000     2149.000
   950:     2150.000     2151.000     2152.000     2153.000     2154.000
   955:     2155.000     2156.000     2157.000     2158.000     2159.000
   960:     2160.000     2161.000     2162.000     2163.000     2164.000
   965:     2165.000     2166.000     2167.000     2168.000     2169.000
   970:     2170.000     2171.000     2172.000     2173.000     2174.000
   975:     2175.000     2176.000     2177.000     2178.000     2179.000
   980:     2180.000     2181.000     2182.000     2183.000     2184.000
   985:     2185.000     2186.000     2187.000     2188.000     2189.000
   990:     2190.000     2191.000     2192.000     2193.000     2194.000
   995:     2195.000     2196.000     2197.000     2198.000     2199.000
  1000:     2200.000     2201.000     2202.000     2203.000     2204.000
  1005:     2205.000     2206.000     2207.000     2208.000     2209.000
  1010:     2210.000     2211.000     2212.000     2213.000     2214.000
  1015:     2215.000     2216.000     2217.000     2218.000     2219.000
  1020:     2220.000     2221.000     2222.000     2223.000     2224.000
  1025:     2225.000     2226.000     2227.000     2228.000     2229.000
  1030:     2230.000     2231.000     2232.000     2233.000     2234.000
  1035:     2235.000     2236.000     2237.000     2238.000     2239.000
  1040:     2240.000     2241.000     2242.000     2243.000     2244.000
  1045:     2245.000     2246.000     2247.000     2248.000     2249.000
  1050:     2250.000     2251.000     2252.000     2253.000     2254.000
  1055:     2255.000     2256.000     2257.000     2258.000     2259.000
  1060:     2260.000     2261.000     2262.000     2263.000     2264.000
  1065:     2265.000     2266.000     2267.000     2268.000     2269.000
  1070:     2270.000     2271.000     2272.000     2273.000     2274.000
  1075:     2275.000     2276.000     2277.000     2278.000     2279.000
  1080:     2280.000     2281.000     2282.000     2283.000     2284.000
  1085:     2285.000     2286.000     2287.000     2288.000     2289.000
  1090:     2290.000     2291.000     2292.000     2293.000     2294.000
  1095:     2295.000     2296.000     2297.000     2298.000     2299.000
  1100:     2300.000     2301.000     2302.000     2303.000     2304.000
  1105:     2305.000     2306.000     2307.000     2308.000     2309.000
  1110:     2310.000     2311.000     2312.000     2313.000     2314.000
  1115:     2315.000     2316.000     2317.000     2318.000     2319.000
  1120:     2320.000     2321.000     2322.000     2323.000     2324.000
  1125:     2325.000     2326.000     2327.000     2328.000     2329.000
  1130:     2330.000     2331.000     2332.000     2333.000     2334.000
  1135:     2335.000     2336.000     2337.000     2338.000     2339.000
  1140:     2340.000     2341.000     2342.000     2343.000     2344.000
  1145:     2345.000     2346.000     2347.000     2348.000     2349.000
  1150:     2350.000     2351.000     2352.000     2353.000     2354.000
  1155:     2355.000     2356.000     2357.000     2358.000     2359.000
  1160:     2360.000     2361.000     2362.000     2363.000     2364.000
  1165:     2365.000     2366.000     2367.000     2368.000     2369.000
  1170:     2370.000     2371.000     2372.000     2373.000     2374.000
  1175:     2375.000     2376.000     2377.000     2378.000     2379.000
  1180:     2380.000     2381.000     2382.000     2383.000     2384.000
  1185:     2385.000     2386.000     2387.000     2388.000     2389.000
  1190:     2390.000     2391.000     2392.000     2393.000     2394.000
  1195:     2395.000     2396.000     2397.000     2398.000     2399.000
  1200:     2400.000
N:
     0:     2700.000     2701.000     2702.000     2703.000     2704.000
     5:     2705.000     2706.000     2707.000     2708.000     2709.000
    10:     2710.000     2711.000     2712.000     2713.000     2714.000
    15:     2715.000     2716.000     2717.000     2718.000     2719.000
    20:     2720.000     2721.000     2722.000     2723.000     2724.000
    25:     2725.000     2726.000     2727.000     2728.000     2729.000
    30:     2730.000     2731.000     2732.000     2733.000     2734.000
    35:     2735.000     2736.000     2737.000     2738.000     2739.000
    40:     2740.000     2741.000     2742.000     2743.000     2744.000
    45:     2745.000     2746.000     2747.000     2748.000     2749.000
    50:     2750.000     2751.000     2752.000     2753.000     2754.000
    55:     2755.000     2756.000     2757.000     2758.000     2759.000
    60:     2760.000     2761.000     2762.000     2763.000     2764.000
    65:     2765.000     2766.000     2767.000     2768.000     2769.000
    70:     2770.000     2771.000     2772.000     2773.000     2774.000
    75:     2775.000     2776.000     2777.000     2778.000     2779.000
    80:     2780.000     2781.000     2782.000     2783.000     2784.000
    85:     2785.000     2786.000     2787.000     2788.000     2789.000
    90:     2790.000     2791.000     2792.000     2793.000     2794.000
    95:     2795.000     2796.000     2797.000     2798.000     2799.000
   100:     2800.000     2801.000     2802.000     2803.000     2804.000
   105:     2805.000     2806.000     2807.000     2808.000     2809.000
   110:     2810.000     2811.000     2812.000     2813.000     2814.000
   115:     2815.000     2816.000     2817.000     2818.000     2819.000
   120:     2820.000     2821.000     2822.000     2823.000     2824.000
   125:     2825.000     2826.000     2827.000     2828.000     2829.000
   130:     2830.000     2831.000     2832.000     2833.000     2834.000
   135:     2835.000     2836.000     2837.000     2838.000     2839.000
   140:     2840.000     2841.000     2842.000     2843.000     2844.000
   145:     2845.000     2846.000     2847.000     2848.000     2849.000
   150:     2850.000     2851.000     2852.000     2853.000     2854.000
   155:     2855.000     2856.000     2857.000     2858.000     2859.000
   160:     2860.000     2861.000     2862.000     2863.000     2864.000
   165:     2865.000     2866.000     2867.000     2868.000     2869.000
   170:     2870.000     2871.000     2872.000     2873.000     2874.000
   175:     2875.000     2876.000     2877.000     2878.000     2879.000
   180:     2880.000     2881.000     2882.000     2883.000     2884.000
   185:     2885.000     2886.000     2887.000     2888.000     2889.000
   190:     2890.000     2891.000     2892.000     2893.000     2894.000
   195:     2895.000     2896.000     2897.000     2898.000     2899.000
   200:     2900.000     2901.000     2902.000     2903.000     2904.000
   205:     2905.000     2906.000     2907.000     2908.000     2909.000
   210:     2910.000     2911.000     2912.000     2913.000     2914.000
   215:     2915.000     2916.000     2917.000     2918.000     2919.000
   220:     2920.000     2921.000     2922.000     2923.000     2924.000
   225:     2925.000     2926.000     2927.000     2928.000     2929.000
   230:     2930.000     2931.000     2932.000     2933.000     2934.000
   235:     2935.000     2936.000     2937.000     2938.000     2939.000
   240:     2940.000     2941.000     2942.000     2943.000     2944.000
   245:     2945.000     2946.000     2947.000     2948.000     2949.000
   250:     2950.000     2951.000     2952.000     2953.000     2954.000
   255:     2955.000     2956.000     2957.000     2958.000     2959.000
   260:     2960.000     2961.000     2962.000     2963.000     2964.000
   265:     2965.000     2966.000     2967.000     2968.000     2969.000
   270:     2970.000     2971.000     2972.000     2973.000     2974.000
   275:     2975.000     2976.000     2977.000     2978.000     2979.000
   280:     2980.000     2981.000     2982.000     2983.000     2984.000
   285:     2985.000     2986.000     2987.000     2988.000     2989.000
   290:     2990.000     2991.000     2992.000     2993.000     2994.000
   295:     2995.000     2996.000     2997.000     2998.000     2999.000
   300:     3000.000
R:
     0:      370.000       27.000       27.000
V:
     0:     1553.000     2870.000
W:
     0:     1553.000     2870.000
