File: C:\MED-PC IV\DATA\p530_s45_japede


Start Date: 08/10/17
End Date: 08/10/17
Subject: p530
Experiment: 0
Group: 0
Box: 8
Start Time: 16:20:06
End Time: 17:20:42
MSN: japede_L_90_90_90_R_30_30_30
B:       0.000
E:    2337.000
F:       0.000
G:       0.000
H:       0.000
I:       1.000
J:       1.000
K:       0.000
O:       0.000
P:       0.000
Q:       0.000
S:  360000.000
T:  360000.000
U:       0.000
X:       0.000
Y:       0.000
Z:       0.000
A:
     0:        0.010        0.250        0.220        0.230      728.130
     5:      799.840     1890.640     1890.320     1890.330     1890.350
    10:     1890.240     1890.130     2140.220     2140.230     2140.250
    15:     2140.340     2674.120     3078.130     3280.130     4510.130
    20:     5887.130     7022.120     7040.840     7576.120     7773.120
    25:     9382.120     9477.120     9680.120    11274.120    12824.640
    30:    12824.320    12824.330    12824.350    12824.240    12824.130
    35:    13074.220    13074.230    13074.250    13074.340    13293.120
    40:    13391.130    15492.130    18172.130    18252.120    18337.130
    45:    18574.840    19477.120    19483.120    20518.120    20522.120
    50:    20628.640    20628.320    20628.330    20628.350    20628.240
    55:    20628.130    20878.220    20878.230    20878.250    20878.340
    60:    21043.130    21139.130    21678.840    22080.640    22080.320
    65:    22080.330    22080.350    22080.240    22080.130    22088.130
    70:    22330.220    22330.230    22330.250    22330.340    22730.840
    75:    23069.640    23069.320    23069.330    23069.350    23069.240
    80:    23069.130    23319.220    23319.230    23319.250    23319.340
    85:    23676.120    23714.120    24019.840    24688.640    24688.320
    90:    24688.330    24688.350    24688.240    24688.130    24938.220
    95:    24938.230    24938.250    24938.340    25207.120    25211.120
   100:    25253.120    25260.120    25543.130    25638.130    25809.130
   105:    26167.130    26309.130    26907.130    27038.840    27171.640
   110:    27171.320    27171.330    27171.350    27171.240    27171.130
   115:    27421.220    27421.230    27421.250    27421.340    27627.120
   120:    27633.120    27672.120    28657.130    28828.130    29182.130
   125:    30166.130    30253.130    30344.130    30452.130    30718.130
   130:    31437.130    31706.130    32099.740    32321.840    32353.540
   135:    32353.320    32353.330    32353.350    32353.240    32353.120
   140:    32603.220    32603.230    32603.250    32603.340    32787.120
   145:    33002.640    33002.320    33002.330    33002.350    33002.240
   150:    33002.130    33252.220    33252.230    33252.250    33252.340
   155:    33865.130    33952.840    34466.640    34466.320    34466.330
   160:    34466.350    34466.240    34466.130    34716.220    34716.230
   165:    34716.250    34716.340    34911.120    35616.130    35705.120
   170:    35817.130    35855.130    35999.130    36091.130    36886.120
   175:    36892.120    36916.840    36989.640    36989.320    36989.330
   180:    36989.350    36989.240    36989.130    36996.130    37239.220
   185:    37239.230    37239.250    37239.340    37539.840    37556.640
   190:    37556.320    37556.330    37556.350    37556.240    37556.130
   195:    37806.220    37806.230    37806.250    37806.340    37906.840
   200:    38042.120    38129.640    38129.320    38129.330    38129.350
   205:    38129.240    38129.130    38379.220    38379.230    38379.250
   210:    38379.340    38562.120    38595.120    38680.130    38687.130
   215:    38869.130    38947.130    38953.130    39136.130    39210.130
   220:    40052.130    40170.130    40548.120    41279.840    41747.120
   225:    41936.640    41936.320    41936.330    41936.350    41936.240
   230:    41936.130    42186.220    42186.230    42186.250    42186.340
   235:    43761.130    43907.130    44541.130    44677.130    44683.130
   240:    45144.130    45149.130    45537.130    45543.130    46403.120
   245:    46408.120    46874.120    46877.120    46910.120    46915.120
   250:    46986.840    47344.120    48209.120    48905.120    48977.640
   255:    48977.320    48977.330    48977.350    48977.240    48977.130
   260:    49227.220    49227.230    49227.250    49227.340    49413.130
   265:    49504.130    49913.130    49919.130    50213.120    51324.120
   270:    51330.120    51338.120    51610.130    51616.130    52013.120
   275:    52017.120    52025.120    52206.120    52210.120    52576.120
   280:    52948.120    53033.130    53927.120    53955.120    53961.120
   285:    54298.120    54343.120    54616.120    56827.840    56872.640
   290:    56872.320    56872.330    56872.350    56872.240    56872.130
   295:    57122.220    57122.230    57122.250    57122.340    57375.120
   300:    57380.120    57429.120    57664.130    58220.130    58528.130
   305:    59322.840    59546.640    59546.320    59546.330    59546.350
   310:    59546.240    59546.130    59796.220    59796.230    59796.250
   315:    59796.340    60003.740    60441.130    61714.130    61722.130
   320:    62196.130    62366.130    62866.130    63037.130    63131.540
   325:    63131.320    63131.330    63131.350    63131.240    63131.120
   330:    63381.220    63381.230    63381.250    63381.340    63656.130
   335:    63850.130    64106.130    64496.840    65418.640    65418.320
   340:    65418.330    65418.350    65418.240    65418.130    65668.220
   345:    65668.230    65668.250    65668.340    65843.120    66618.130
   350:    66891.130    67257.130    67631.120    67994.130    68160.130
   355:    68167.130    68338.130    68465.130    68819.130    69581.740
   360:    69968.840    70279.640    70279.320    70279.330    70279.350
   365:    70279.240    70279.130    70529.220    70529.230    70529.250
   370:    70529.340    70790.130    71494.130    71673.130    71762.540
   375:    71762.320    71762.330    71762.350    71762.240    71762.120
   380:    72012.220    72012.230    72012.250    72012.340    72344.130
   385:    72437.130    72604.130    72697.130    73054.120    73228.130
   390:    73801.120    75010.130    75246.120    75334.130    76048.130
   395:    76329.840    76708.640    76708.320    76708.330    76708.350
   400:    76708.240    76708.130    76713.130    76958.220    76958.230
   405:    76958.250    76958.340    77214.130    77812.740    77991.130
   410:    78434.130    78757.540    78757.320    78757.330    78757.350
   415:    78757.240    78757.120    79007.220    79007.230    79007.250
   420:    79007.340    79207.740    79252.130    79258.130    79327.130
   425:    79431.130    79705.130    79912.130    79917.130    80229.130
   430:    80567.130    80732.130    81195.540    81195.320    81195.330
   435:    81195.350    81195.240    81195.120    81445.220    81445.230
   440:    81445.250    81445.340    81750.120    81756.120    82305.130
   445:    82860.120    83223.130    83311.120    83650.130    83933.130
   450:    84077.120    84193.120    84225.120    84488.120    84521.120
   455:    84528.120    84615.130    84751.120    84931.120    85045.740
   460:    85158.840    85439.540    85439.320    85439.330    85439.350
   465:    85439.240    85439.120    85445.120    85454.120    85689.220
   470:    85689.230    85689.250    85689.340    85861.120    85970.640
   475:    85970.320    85970.330    85970.350    85970.240    85970.130
   480:    86220.220    86220.230    86220.250    86220.340    86383.120
   485:    86489.740    86771.540    86771.320    86771.330    86771.350
   490:    86771.240    86771.120    87021.220    87021.230    87021.250
   495:    87021.340    87600.120    88320.840    88333.640    88333.320
   500:    88333.330    88333.350    88333.240    88333.130    88583.220
   505:    88583.230    88583.250    88583.340    88851.120    88890.120
   510:    88895.120    88985.130    89118.120    89198.130    89535.120
   515:    89683.840    89777.640    89777.320    89777.330    89777.350
   520:    89777.240    89777.130    90027.220    90027.230    90027.250
   525:    90027.340    90423.130    90827.840    91421.740    91763.640
   530:    91763.320    91763.330    91763.350    91763.240    91763.130
   535:    92013.220    92013.230    92013.250    92013.340    92344.540
   540:    92344.320    92344.330    92344.350    92344.240    92344.120
   545:    92349.120    92594.220    92594.230    92594.250    92594.340
   550:    92751.120    92757.120    92795.120    92878.130    92883.130
   555:    92913.840    93520.640    93520.320    93520.330    93520.350
   560:    93520.240    93520.130    93770.220    93770.230    93770.250
   565:    93770.340    94083.130    94427.130    95770.840    96170.640
   570:    96170.320    96170.330    96170.350    96170.240    96170.130
   575:    96420.220    96420.230    96420.250    96420.340    96635.120
   580:    96831.130    96927.130    97094.740    97996.540    97996.320
   585:    97996.330    97996.350    97996.240    97996.120    98246.220
   590:    98246.230    98246.250    98246.340    98497.130    99158.120
   595:    99163.120    99395.130    99492.130    99604.120    99886.130
   600:   100530.130   100639.120   100645.120   100820.840   100948.640
   605:   100948.320   100948.330   100948.350   100948.240   100948.130
   610:   101198.220   101198.230   101198.250   101198.340   101298.840
   615:   101653.120   102044.640   102044.320   102044.330   102044.350
   620:   102044.240   102044.130   102294.220   102294.230   102294.250
   625:   102294.340   102470.120   102475.120   102518.120   102594.840
   630:   102804.640   102804.320   102804.330   102804.350   102804.240
   635:   102804.130   103054.220   103054.230   103054.250   103054.340
   640:   103239.120   103244.120   103288.120   103293.120   104810.130
   645:   104846.740   104995.130   105460.130   105466.130   105767.540
   650:   105767.320   105767.330   105767.350   105767.240   105767.120
   655:   105772.120   106017.220   106017.230   106017.250   106017.340
   660:   106214.130   106599.130   106606.130   106885.130   107061.120
   665:   107101.120   107239.120   107554.840   107932.640   107932.320
   670:   107932.330   107932.350   107932.240   107932.130   108182.220
   675:   108182.230   108182.250   108182.340   108347.120   108717.740
   680:   108784.130   109501.130   110063.130   110082.840   110201.540
   685:   110201.320   110201.330   110201.350   110201.240   110201.120
   690:   110206.120   110212.120   110451.220   110451.230   110451.250
   695:   110451.340   111599.640   111599.320   111599.330   111599.350
   700:   111599.240   111599.130   111849.220   111849.230   111849.250
   705:   111849.340   112023.120   112449.840   112587.640   112587.320
   710:   112587.330   112587.350   112587.240   112587.130   112837.220
   715:   112837.230   112837.250   112837.340   113003.120   113008.120
   720:   113015.120   113456.130   113700.120   113706.120   113737.840
   725:   113878.640   113878.320   113878.330   113878.350   113878.240
   730:   113878.130   114128.220   114128.230   114128.250   114128.340
   735:   114397.120   114403.120   114522.130   114527.130   115163.130
   740:   115438.130   115445.130   115537.130   115796.120   115873.130
   745:   116147.130   116357.130   116621.120   116664.120   116670.120
   750:   117230.120   117441.120   117572.120   117842.120   117847.120
   755:   118101.120   118106.120   118202.130   118469.120   118785.120
   760:   119248.120   119254.120   119295.120   119325.120   119608.120
   765:   119612.120   120384.120   120421.120   120427.120   120877.120
   770:   120882.120   120927.120   121128.840   121407.120   121413.120
   775:   121835.640   121835.320   121835.330   121835.350   121835.240
   780:   121835.130   122085.220   122085.230   122085.250   122085.340
   785:   122733.130   122944.130   123045.130   123429.130   123696.120
   790:   123702.120   123785.840   123793.640   123793.320   123793.330
   795:   123793.350   123793.240   123793.130   124043.220   124043.230
   800:   124043.250   124043.340   124151.740   124231.130   124332.130
   805:   124426.540   124426.320   124426.330   124426.350   124426.240
   810:   124426.120   124676.220   124676.230   124676.250   124676.340
   815:   124843.840   124862.120   125376.740   125985.640   125985.320
   820:   125985.330   125985.350   125985.240   125985.130   125991.130
   825:   126235.220   126235.230   126235.250   126235.340   126618.130
   830:   127172.130   127435.840   127608.640   127608.320   127608.330
   835:   127608.350   127608.240   127608.130   127858.220   127858.230
   840:   127858.250   127858.340   128016.540   128016.320   128016.330
   845:   128016.350   128016.240   128016.120   128266.220   128266.230
   850:   128266.250   128266.340   128432.120   128658.840   129038.640
   855:   129038.320   129038.330   129038.350   129038.240   129038.130
   860:   129288.220   129288.230   129288.250   129288.340   131436.130
   865:   131530.120   132166.740   133671.130   133688.840   134235.640
   870:   134235.320   134235.330   134235.350   134235.240   134235.130
   875:   134485.220   134485.230   134485.250   134485.340   134865.130
   880:   134958.130   136068.130   136154.540   136154.320   136154.330
   885:   136154.350   136154.240   136154.120   136404.220   136404.230
   890:   136404.250   136404.340   136672.120   136677.120   136685.120
   895:   137767.130   138041.130   138485.840   138841.640   138841.320
   900:   138841.330   138841.350   138841.240   138841.130   139091.220
   905:   139091.230   139091.250   139091.340   139967.120   139972.120
   910:   140080.120   140091.840   140365.640   140365.320   140365.330
   915:   140365.350   140365.240   140365.130   140615.220   140615.230
   920:   140615.250   140615.340   141404.740   142457.130   142904.130
   925:   143084.130   143180.130   143302.130   143943.130   145411.540
   930:   145411.320   145411.330   145411.350   145411.240   145411.120
   935:   145661.220   145661.230   145661.250   145661.340   145816.120
   940:   145820.120   146361.740   147320.540   147320.320   147320.330
   945:   147320.350   147320.240   147320.120   147570.220   147570.230
   950:   147570.250   147570.340   147715.840   147744.120   148135.640
   955:   148135.320   148135.330   148135.350   148135.240   148135.130
   960:   148385.220   148385.230   148385.250   148385.340   148543.120
   965:   148885.840   149747.640   149747.320   149747.330   149747.350
   970:   149747.240   149747.130   149997.220   149997.230   149997.250
   975:   149997.340   150140.120   150225.130   150898.130   151497.840
   980:   151840.640   151840.320   151840.330   151840.350   151840.240
   985:   151840.130   152090.220   152090.230   152090.250   152090.340
   990:   152346.130   152920.120   153619.130   154090.840   156014.120
   995:   156056.120   156094.120   157005.120   157010.120   157929.120
  1000:   157934.120   158405.120   158411.120   158721.120   158726.120
  1005:   158732.120   159126.120   159217.640   159217.320   159217.330
  1010:   159217.350   159217.240   159217.130   159223.130   159467.220
  1015:   159467.230   159467.250   159467.340   159803.120   159809.120
  1020:   159844.120   159848.120   160252.130   160341.120   160567.840
  1025:   160710.640   160710.320   160710.330   160710.350   160710.240
  1030:   160710.130   160960.220   160960.230   160960.250   160960.340
  1035:   161184.130   161456.120   161971.130   162460.840   162699.640
  1040:   162699.320   162699.330   162699.350   162699.240   162699.130
  1045:   162949.220   162949.230   162949.250   162949.340   163049.840
  1050:   163294.120   163339.120   164652.640   164652.320   164652.330
  1055:   164652.350   164652.240   164652.130   164902.220   164902.230
  1060:   164902.250   164902.340   167267.130   167402.130   167415.130
  1065:   167561.120   167567.120   168038.130   168744.130   168750.130
  1070:   168996.120   169001.120   169357.120   169440.130   169796.120
  1075:   169802.120   170364.120   171082.120   171090.120   171102.840
  1080:   171120.120   171126.120   171548.120   171552.120   171644.640
  1085:   171644.320   171644.330   171644.350   171644.240   171644.130
  1090:   171649.130   171894.220   171894.230   171894.250   171894.340
  1095:   172694.840   174217.120   174223.120   174531.120   174538.120
  1100:   174748.120   174753.120   174784.120   175226.120   175231.120
  1105:   175713.120   176077.120   176578.120   176608.120   176613.120
  1110:   176940.120   177158.640   177158.320   177158.330   177158.350
  1115:   177158.240   177158.130   177408.220   177408.230   177408.250
  1120:   177408.340   177708.840   178370.740   179233.540   179233.320
  1125:   179233.330   179233.350   179233.240   179233.120   179483.220
  1130:   179483.230   179483.250   179483.340   179783.740   180150.540
  1135:   180150.320   180150.330   180150.350   180150.240   180150.120
  1140:   180400.220   180400.230   180400.250   180400.340   180558.120
  1145:   180562.120   180735.640   180735.320   180735.330   180735.350
  1150:   180735.240   180735.130   180985.220   180985.230   180985.250
  1155:   180985.340   181645.130   182315.120   183638.130   183645.130
  1160:   184632.130   185020.130   186161.130   188239.120   188485.840
  1165:   188858.120   189215.120   189831.120   189837.120   190000.740
  1170:   190215.540   190215.320   190215.330   190215.350   190215.240
  1175:   190215.120   190220.120   190465.220   190465.230   190465.250
  1180:   190465.340   191127.120   191850.640   191850.320   191850.330
  1185:   191850.350   191850.240   191850.130   192100.220   192100.230
  1190:   192100.250   192100.340   192300.840   192466.120   192471.120
  1195:   192704.120   192709.120   193857.640   193857.320   193857.330
  1200:   193857.350   193857.240   193857.130   194107.220   194107.230
  1205:   194107.250   194107.340   194477.120   195464.130   195877.130
  1210:   196006.130   196007.840   196985.120   197031.120   197040.120
  1215:   197554.120   197560.120   197974.640   197974.320   197974.330
  1220:   197974.350   197974.240   197974.130   198224.220   198224.230
  1225:   198224.250   198224.340   198324.840   199940.640   199940.320
  1230:   199940.330   199940.350   199940.240   199940.130   200190.220
  1235:   200190.230   200190.250   200190.340   200360.120   200365.120
  1240:   200373.120   200556.130   200990.840   201221.640   201221.320
  1245:   201221.330   201221.350   201221.240   201221.130   201471.220
  1250:   201471.230   201471.250   201471.340   202165.740   202694.130
  1255:   203118.130   203124.130   204453.540   204453.320   204453.330
  1260:   204453.350   204453.240   204453.120   204457.120   204703.220
  1265:   204703.230   204703.250   204703.340   204882.120   204888.120
  1270:   206948.130   206953.130   207039.120   207732.120   207871.840
  1275:   208024.640   208024.320   208024.330   208024.350   208024.240
  1280:   208024.130   208274.220   208274.230   208274.250   208274.340
  1285:   208474.840   208496.120   208906.640   208906.320   208906.330
  1290:   208906.350   208906.240   208906.130   209156.220   209156.230
  1295:   209156.250   209156.340   209479.120   209484.120   210096.120
  1300:   210803.740   211313.540   211313.320   211313.330   211313.350
  1305:   211313.240   211313.120   211318.120   211324.120   211563.220
  1310:   211563.230   211563.250   211563.340   211734.120   211741.120
  1315:   211877.130   213463.740   213696.130   213809.540   213809.320
  1320:   213809.330   213809.350   213809.240   213809.120   213814.120
  1325:   214059.220   214059.230   214059.250   214059.340   214559.740
  1330:   214612.540   214612.320   214612.330   214612.350   214612.240
  1335:   214612.120   214862.220   214862.230   214862.250   214862.340
  1340:   215113.120   215119.120   215571.120   215577.120   216042.120
  1345:   216048.120   216240.130   216337.120   216431.130   216437.130
  1350:   216456.840   217926.640   217926.320   217926.330   217926.350
  1355:   217926.240   217926.130   218176.220   218176.230   218176.250
  1360:   218176.340   218376.840   219659.120   221217.120   221223.120
  1365:   221716.120   222148.120   222153.120   222431.120   222436.120
  1370:   222444.120   222471.120   222479.120   223074.120   223080.120
  1375:   223431.120   223783.120   223819.120   224041.640   224041.320
  1380:   224041.330   224041.350   224041.240   224041.130   224291.220
  1385:   224291.230   224291.250   224291.340   224538.120   224662.740
  1390:   226126.540   226126.320   226126.330   226126.350   226126.240
  1395:   226126.120   226376.220   226376.230   226376.250   226376.340
  1400:   226754.130   227691.840   228666.120   229410.640   229410.320
  1405:   229410.330   229410.350   229410.240   229410.130   229660.220
  1410:   229660.230   229660.250   229660.340   229919.120   229957.120
  1415:   229963.120   230173.130   231337.130   231746.130   231835.120
  1420:   232460.840   232954.120   232959.120   233091.120   233286.640
  1425:   233286.320   233286.330   233286.350   233286.240   233286.130
  1430:   233536.220   233536.230   233536.250   233536.340   234076.120
  1435:   234082.120   235360.130   235601.120   235606.120   236076.130
  1440:   236176.740   236773.540   236773.320   236773.330   236773.350
  1445:   236773.240   236773.120   236779.120   236784.120   237023.220
  1450:   237023.230   237023.250   237023.340   237225.120   237267.120
  1455:   237274.120   238223.740   238906.540   238906.320   238906.330
  1460:   238906.350   238906.240   238906.120   239156.220   239156.230
  1465:   239156.250   239156.340   239389.120   239394.120   239401.120
  1470:   239695.120   240418.120   240671.120   240862.120   241172.120
  1475:   241178.120   241214.120   241219.120   241392.120   241398.120
  1480:   241425.120   241430.120   241885.120   241916.120   242370.130
  1485:   242436.840   242556.740   242753.540   242753.320   242753.330
  1490:   242753.350   242753.240   242753.120   243003.220   243003.230
  1495:   243003.250   243003.340   243617.120   243984.640   243984.320
  1500:   243984.330   243984.350   243984.240   243984.130   244234.220
  1505:   244234.230   244234.250   244234.340   244439.130   244671.130
  1510:   244767.120   245134.840   246256.640   246256.320   246256.330
  1515:   246256.350   246256.240   246256.130   246506.220   246506.230
  1520:   246506.250   246506.340   246973.120   246978.120   247012.120
  1525:   247017.120   247577.120   248456.120   248462.120   249245.120
  1530:   249279.120   249284.120   249290.120   249386.130   249928.120
  1535:   249962.120   250146.130   250373.120   250378.120   250385.120
  1540:   250871.130   251053.120   251066.120   251449.130   251665.120
  1545:   251760.130   252060.130   252282.120   252287.120   252537.120
  1550:   252543.120   252551.120   252578.120   252591.120   252789.120
  1555:   252819.120   252825.120   252872.120   252998.120   253004.120
  1560:   253011.120   253195.120   253651.120   253657.120   253667.120
  1565:   253694.120   253701.120   253954.120   253959.120   254503.130
  1570:   254599.120   254783.120   254788.120   254827.120   255469.120
  1575:   255475.120   255838.120   255843.120   255906.840   255940.640
  1580:   255940.320   255940.330   255940.350   255940.240   255940.130
  1585:   256190.220   256190.230   256190.250   256190.340   256548.120
  1590:   256553.120   256562.120   256594.120   256599.120   256902.130
  1595:   257314.130   257415.120   257490.130   258535.130   258645.120
  1600:   258790.840   258872.120   258877.120   259254.120   259260.120
  1605:   259266.120   259468.120   259541.120   259547.120   260039.120
  1610:   260066.120   260201.120   260288.640   260288.320   260288.330
  1615:   260288.350   260288.240   260288.130   260293.130   260538.220
  1620:   260538.230   260538.250   260538.340   261421.130   261587.130
  1625:   262108.130   262638.840   263076.640   263076.320   263076.330
  1630:   263076.350   263076.240   263076.130   263326.220   263326.230
  1635:   263326.250   263326.340   263650.130   264203.740   265235.540
  1640:   265235.320   265235.330   265235.350   265235.240   265235.120
  1645:   265485.220   265485.230   265485.250   265485.340   265664.120
  1650:   265698.120   266163.120   266241.120   266246.120   266253.120
  1655:   266286.120   266292.120   266326.840   266427.120   266432.120
  1660:   266596.640   266596.320   266596.330   266596.350   266596.240
  1665:   266596.130   266846.220   266846.230   266846.250   266846.340
  1670:   266998.120   267076.130   267081.130   267178.120   267443.130
  1675:   267535.120   267574.120   267749.120   268678.130   268846.840
  1680:   269311.120   269316.120   269324.120   269488.640   269488.320
  1685:   269488.330   269488.350   269488.240   269488.130   269738.220
  1690:   269738.230   269738.250   269738.340   270100.120   270105.120
  1695:   270392.120   270399.120   270688.130   270938.840   271283.120
  1700:   271618.640   271618.320   271618.330   271618.350   271618.240
  1705:   271618.130   271868.220   271868.230   271868.250   271868.340
  1710:   272086.120   272090.120   272133.120   272262.130   272368.840
  1715:   274197.120   274201.120   274658.120   274663.120   274692.120
  1720:   274698.120   275150.120   275154.120   275160.120   275233.120
  1725:   275238.120   275363.120   275368.120   275756.120   275795.120
  1730:   275803.120   275835.120   275931.640   275931.320   275931.330
  1735:   275931.350   275931.240   275931.130   276181.220   276181.230
  1740:   276181.250   276181.340   276585.740   276790.540   276790.320
  1745:   276790.330   276790.350   276790.240   276790.120   277040.220
  1750:   277040.230   277040.250   277040.340   277750.120   277755.120
  1755:   277881.840   278085.120   278874.640   278874.320   278874.330
  1760:   278874.350   278874.240   278874.130   279124.220   279124.230
  1765:   279124.250   279124.340   279289.120   279362.130   279806.120
  1770:   280288.120   280295.120   280324.840   280325.120   280330.120
  1775:   280414.640   280414.320   280414.330   280414.350   280414.240
  1780:   280414.130   280664.220   280664.230   280664.250   280664.340
  1785:   280828.120   281022.120   281027.120   281417.120   282875.130
  1790:   283639.120   283644.120   283864.120   283930.120   283935.120
  1795:   284247.120   284252.120   284281.120   284847.120   284854.120
  1800:   284884.120   285015.120   285020.120   285164.840   285180.120
  1805:   285223.120   285451.120   285457.120   285487.120   285493.120
  1810:   285905.120   285911.120   285944.120   285951.120   286038.640
  1815:   286038.320   286038.330   286038.350   286038.240   286038.130
  1820:   286288.220   286288.230   286288.250   286288.340   286483.120
  1825:   286489.120   286987.120   287494.130   287662.130   287668.130
  1830:   287894.120   288280.120   288529.120   288533.120   289084.120
  1835:   289091.120   289126.120   289169.120   289175.120   289182.120
  1840:   289247.120   289252.120   289387.120   289393.120   289592.120
  1845:   289718.120   289724.120   289810.130   290253.120   290258.120
  1850:   290266.120   290327.120   290332.120   290545.120   290718.120
  1855:   290724.120   290755.120   290761.120   291080.120   291084.120
  1860:   291239.120   291245.120   291338.130   291524.120   291687.120
  1865:   291692.120   291698.120   291940.120   291945.120   292286.120
  1870:   292292.120   292391.130   292488.840   292621.120   292838.120
  1875:   292846.120   293060.120   293545.120   294446.120   295151.120
  1880:   295157.120   295547.120   295582.120   295588.120   295643.120
  1885:   295840.120   295847.120   296325.640   296325.320   296325.330
  1890:   296325.350   296325.240   296325.130   296575.220   296575.230
  1895:   296575.250   296575.340   296844.130   296875.840   297455.640
  1900:   297455.320   297455.330   297455.350   297455.240   297455.130
  1905:   297705.220   297705.230   297705.250   297705.340   297955.120
  1910:   298078.130   298155.130   298161.130   299124.130   300607.120
  1915:   300612.120   300827.130   301405.840   301737.120   301985.640
  1920:   301985.320   301985.330   301985.350   301985.240   301985.130
  1925:   302235.220   302235.230   302235.250   302235.340   302420.120
  1930:   302425.120   302435.840   302736.640   302736.320   302736.330
  1935:   302736.350   302736.240   302736.130   302986.220   302986.230
  1940:   302986.250   302986.340   303147.130   303231.130   303414.130
  1945:   303527.120   305086.840   305770.640   305770.320   305770.330
  1950:   305770.350   305770.240   305770.130   306020.220   306020.230
  1955:   306020.250   306020.340   306520.840   307209.120   308621.120
  1960:   308657.120   308825.120   308830.120   308988.640   308988.320
  1965:   308988.330   308988.350   308988.240   308988.130   309238.220
  1970:   309238.230   309238.250   309238.340   309509.130   309784.130
  1975:   309790.130   310038.840   310467.120   310654.120   310821.120
  1980:   311189.120   311575.640   311575.320   311575.330   311575.350
  1985:   311575.240   311575.130   311825.220   311825.230   311825.250
  1990:   311825.340   312224.120   312229.120   312237.120   312266.120
  1995:   312270.120   312325.840   312370.640   312370.320   312370.330
  2000:   312370.350   312370.240   312370.130   312620.220   312620.230
  2005:   312620.250   312620.340   312850.120   312855.120   312894.120
  2010:   313020.840   313271.120   313589.640   313589.320   313589.330
  2015:   313589.350   313589.240   313589.130   313839.220   313839.230
  2020:   313839.250   313839.340   314232.120   314359.130   315575.130
  2025:   316297.120   316625.130   317004.120   317119.130   317397.130
  2030:   317569.120   317732.130   318026.120   318804.130   319202.120
  2035:   319208.120   319240.120   319247.120   319454.120   319729.120
  2040:   320340.740   320436.540   320436.320   320436.330   320436.350
  2045:   320436.240   320436.120   320686.220   320686.230   320686.250
  2050:   320686.340   322255.120   322261.120   322344.130   322350.130
  2055:   322717.130   323398.120   323599.120   323639.120   323645.120
  2060:   324186.740   324213.130   324791.540   324791.320   324791.330
  2065:   324791.350   324791.240   324791.120   324798.120   324806.120
  2070:   325041.220   325041.230   325041.250   325041.340   325661.120
  2075:   326941.740   327604.540   327604.320   327604.330   327604.350
  2080:   327604.240   327604.120   327610.120   327854.220   327854.230
  2085:   327854.250   327854.340   328167.130   328258.130   328901.120
  2090:   328906.120   330408.130   330532.120   330538.120   330566.120
  2095:   330907.120   330913.120   330920.120   330950.120   330956.120
  2100:   331367.130   331480.120   331518.120   331547.120   331561.120
  2105:   331646.130   331904.120   331909.120   332260.120   332266.120
  2110:   332273.120   332309.120   332339.840   332563.120   332568.120
  2115:   332614.120   332619.120   332627.120   333128.120   333133.120
  2120:   333214.640   333214.320   333214.330   333214.350   333214.240
  2125:   333214.130   333464.220   333464.230   333464.250   333464.340
  2130:   333638.130   333786.130   333854.740   334249.130   334339.540
  2135:   334339.320   334339.330   334339.350   334339.240   334339.120
  2140:   334364.840   334589.220   334589.230   334589.250   334589.340
  2145:   334880.120   336634.120   337004.120   337114.640   337114.320
  2150:   337114.330   337114.350   337114.240   337114.130   337364.220
  2155:   337364.230   337364.250   337364.340   337528.130   337627.130
  2160:   337934.120   337941.120   338843.130   338931.120   339007.130
  2165:   339167.130   339469.130   339628.130   339633.130   339763.120
  2170:   340127.130   340710.130   340876.130   341377.130   341383.130
  2175:   341689.740   341696.130   342088.540   342088.320   342088.330
  2180:   342088.350   342088.240   342088.120   342338.220   342338.230
  2185:   342338.250   342338.340   342531.120   342568.120   342574.120
  2190:   342924.130   342929.130   343012.120   343267.120   343870.130
  2195:   343876.130   343961.120   343967.120   344593.120   344599.120
  2200:   345038.120   345652.130   345685.130   345889.120   345924.120
  2205:   345937.120   346018.130   346455.120   346460.120   346539.130
  2210:   346633.120   346792.120   346893.120   346898.120   346904.120
  2215:   347002.130   347087.120   347441.120   347447.120   347485.120
  2220:   347490.120   347563.130   347568.130   347716.120   347721.120
  2225:   347754.120   347761.120   347959.130   348469.120   348473.120
  2230:   348480.120   349107.130   349295.120   349300.120   349330.120
  2235:   349513.120   349649.120   349654.120   349739.130   349885.120
  2240:   349945.120   349950.120   349956.120   350064.840   350704.640
  2245:   350704.320   350704.330   350704.350   350704.240   350704.130
  2250:   350954.220   350954.230   350954.250   350954.340   351343.130
  2255:   351436.130   352237.130   352338.120   352537.130   352542.130
  2260:   352635.120   352704.120   352710.120   352736.120   353151.120
  2265:   353157.120   353164.120   353244.130   353250.130   353426.120
  2270:   353454.120   354064.120   354070.120   354338.740   354354.840
  2275:   354385.640   354385.320   354385.330   354385.350   354385.240
  2280:   354385.130   354390.130   354635.220   354635.230   354635.250
  2285:   354635.340   354735.840   354830.540   354830.320   354830.330
  2290:   354830.350   354830.240   354830.120   355080.220   355080.230
  2295:   355080.250   355080.340   355334.120   355348.120   355388.120
  2300:   356304.640   356304.320   356304.330   356304.350   356304.240
  2305:   356304.130   356554.220   356554.230   356554.250   356554.340
  2310:   356761.120   356766.120   357456.130   357463.130   357961.130
  2315:   358154.840   358158.640   358158.320   358158.330   358158.350
  2320:   358158.240   358158.130   358408.220   358408.230   358408.250
  2325:   358408.340   358706.120   358719.120   358877.130   359122.120
  2330:   359627.130   359976.120   360000.320   360000.330   360000.350
  2335:   360000.020
C:
     0:        0.000      693.000      405.000       35.000       88.000
     5:        0.000
D:
     0:        0.000        0.000
L:
     0:      111.000      111.000      111.000
M:
     0:      900.000      901.000      902.000      903.000      904.000
     5:      905.000      906.000      907.000      908.000      909.000
    10:      910.000      911.000      912.000      913.000      914.000
    15:      915.000      916.000      917.000      918.000      919.000
    20:      920.000      921.000      922.000      923.000      924.000
    25:      925.000      926.000      927.000      928.000      929.000
    30:      930.000      931.000      932.000      933.000      934.000
    35:      935.000      936.000      937.000      938.000      939.000
    40:      940.000      941.000      942.000      943.000      944.000
    45:      945.000      946.000      947.000      948.000      949.000
    50:      950.000      951.000      952.000      953.000      954.000
    55:      955.000      956.000      957.000      958.000      959.000
    60:      960.000      961.000      962.000      963.000      964.000
    65:      965.000      966.000      967.000      968.000      969.000
    70:      970.000      971.000      972.000      973.000      974.000
    75:      975.000      976.000      977.000      978.000      979.000
    80:      980.000      981.000      982.000      983.000      984.000
    85:      985.000      986.000      987.000      988.000      989.000
    90:      990.000      991.000      992.000      993.000      994.000
    95:      995.000      996.000      997.000      998.000      999.000
   100:     1000.000     1001.000     1002.000     1003.000     1004.000
   105:     1005.000     1006.000     1007.000     1008.000     1009.000
   110:     1010.000     1011.000     1012.000     1013.000     1014.000
   115:     1015.000     1016.000     1017.000     1018.000     1019.000
   120:     1020.000     1021.000     1022.000     1023.000     1024.000
   125:     1025.000     1026.000     1027.000     1028.000     1029.000
   130:     1030.000     1031.000     1032.000     1033.000     1034.000
   135:     1035.000     1036.000     1037.000     1038.000     1039.000
   140:     1040.000     1041.000     1042.000     1043.000     1044.000
   145:     1045.000     1046.000     1047.000     1048.000     1049.000
   150:     1050.000     1051.000     1052.000     1053.000     1054.000
   155:     1055.000     1056.000     1057.000     1058.000     1059.000
   160:     1060.000     1061.000     1062.000     1063.000     1064.000
   165:     1065.000     1066.000     1067.000     1068.000     1069.000
   170:     1070.000     1071.000     1072.000     1073.000     1074.000
   175:     1075.000     1076.000     1077.000     1078.000     1079.000
   180:     1080.000     1081.000     1082.000     1083.000     1084.000
   185:     1085.000     1086.000     1087.000     1088.000     1089.000
   190:     1090.000     1091.000     1092.000     1093.000     1094.000
   195:     1095.000     1096.000     1097.000     1098.000     1099.000
   200:     1100.000     1101.000     1102.000     1103.000     1104.000
   205:     1105.000     1106.000     1107.000     1108.000     1109.000
   210:     1110.000     1111.000     1112.000     1113.000     1114.000
   215:     1115.000     1116.000     1117.000     1118.000     1119.000
   220:     1120.000     1121.000     1122.000     1123.000     1124.000
   225:     1125.000     1126.000     1127.000     1128.000     1129.000
   230:     1130.000     1131.000     1132.000     1133.000     1134.000
   235:     1135.000     1136.000     1137.000     1138.000     1139.000
   240:     1140.000     1141.000     1142.000     1143.000     1144.000
   245:     1145.000     1146.000     1147.000     1148.000     1149.000
   250:     1150.000     1151.000     1152.000     1153.000     1154.000
   255:     1155.000     1156.000     1157.000     1158.000     1159.000
   260:     1160.000     1161.000     1162.000     1163.000     1164.000
   265:     1165.000     1166.000     1167.000     1168.000     1169.000
   270:     1170.000     1171.000     1172.000     1173.000     1174.000
   275:     1175.000     1176.000     1177.000     1178.000     1179.000
   280:     1180.000     1181.000     1182.000     1183.000     1184.000
   285:     1185.000     1186.000     1187.000     1188.000     1189.000
   290:     1190.000     1191.000     1192.000     1193.000     1194.000
   295:     1195.000     1196.000     1197.000     1198.000     1199.000
   300:     1200.000     1201.000     1202.000     1203.000     1204.000
   305:     1205.000     1206.000     1207.000     1208.000     1209.000
   310:     1210.000     1211.000     1212.000     1213.000     1214.000
   315:     1215.000     1216.000     1217.000     1218.000     1219.000
   320:     1220.000     1221.000     1222.000     1223.000     1224.000
   325:     1225.000     1226.000     1227.000     1228.000     1229.000
   330:     1230.000     1231.000     1232.000     1233.000     1234.000
   335:     1235.000     1236.000     1237.000     1238.000     1239.000
   340:     1240.000     1241.000     1242.000     1243.000     1244.000
   345:     1245.000     1246.000     1247.000     1248.000     1249.000
   350:     1250.000     1251.000     1252.000     1253.000     1254.000
   355:     1255.000     1256.000     1257.000     1258.000     1259.000
   360:     1260.000     1261.000     1262.000     1263.000     1264.000
   365:     1265.000     1266.000     1267.000     1268.000     1269.000
   370:     1270.000     1271.000     1272.000     1273.000     1274.000
   375:     1275.000     1276.000     1277.000     1278.000     1279.000
   380:     1280.000     1281.000     1282.000     1283.000     1284.000
   385:     1285.000     1286.000     1287.000     1288.000     1289.000
   390:     1290.000     1291.000     1292.000     1293.000     1294.000
   395:     1295.000     1296.000     1297.000     1298.000     1299.000
   400:     1300.000     1301.000     1302.000     1303.000     1304.000
   405:     1305.000     1306.000     1307.000     1308.000     1309.000
   410:     1310.000     1311.000     1312.000     1313.000     1314.000
   415:     1315.000     1316.000     1317.000     1318.000     1319.000
   420:     1320.000     1321.000     1322.000     1323.000     1324.000
   425:     1325.000     1326.000     1327.000     1328.000     1329.000
   430:     1330.000     1331.000     1332.000     1333.000     1334.000
   435:     1335.000     1336.000     1337.000     1338.000     1339.000
   440:     1340.000     1341.000     1342.000     1343.000     1344.000
   445:     1345.000     1346.000     1347.000     1348.000     1349.000
   450:     1350.000     1351.000     1352.000     1353.000     1354.000
   455:     1355.000     1356.000     1357.000     1358.000     1359.000
   460:     1360.000     1361.000     1362.000     1363.000     1364.000
   465:     1365.000     1366.000     1367.000     1368.000     1369.000
   470:     1370.000     1371.000     1372.000     1373.000     1374.000
   475:     1375.000     1376.000     1377.000     1378.000     1379.000
   480:     1380.000     1381.000     1382.000     1383.000     1384.000
   485:     1385.000     1386.000     1387.000     1388.000     1389.000
   490:     1390.000     1391.000     1392.000     1393.000     1394.000
   495:     1395.000     1396.000     1397.000     1398.000     1399.000
   500:     1400.000     1401.000     1402.000     1403.000     1404.000
   505:     1405.000     1406.000     1407.000     1408.000     1409.000
   510:     1410.000     1411.000     1412.000     1413.000     1414.000
   515:     1415.000     1416.000     1417.000     1418.000     1419.000
   520:     1420.000     1421.000     1422.000     1423.000     1424.000
   525:     1425.000     1426.000     1427.000     1428.000     1429.000
   530:     1430.000     1431.000     1432.000     1433.000     1434.000
   535:     1435.000     1436.000     1437.000     1438.000     1439.000
   540:     1440.000     1441.000     1442.000     1443.000     1444.000
   545:     1445.000     1446.000     1447.000     1448.000     1449.000
   550:     1450.000     1451.000     1452.000     1453.000     1454.000
   555:     1455.000     1456.000     1457.000     1458.000     1459.000
   560:     1460.000     1461.000     1462.000     1463.000     1464.000
   565:     1465.000     1466.000     1467.000     1468.000     1469.000
   570:     1470.000     1471.000     1472.000     1473.000     1474.000
   575:     1475.000     1476.000     1477.000     1478.000     1479.000
   580:     1480.000     1481.000     1482.000     1483.000     1484.000
   585:     1485.000     1486.000     1487.000     1488.000     1489.000
   590:     1490.000     1491.000     1492.000     1493.000     1494.000
   595:     1495.000     1496.000     1497.000     1498.000     1499.000
   600:     1500.000
N:
     0:     3300.000     3301.000     3302.000     3303.000     3304.000
     5:     3305.000     3306.000     3307.000     3308.000     3309.000
    10:     3310.000     3311.000     3312.000     3313.000     3314.000
    15:     3315.000     3316.000     3317.000     3318.000     3319.000
    20:     3320.000     3321.000     3322.000     3323.000     3324.000
    25:     3325.000     3326.000     3327.000     3328.000     3329.000
    30:     3330.000     3331.000     3332.000     3333.000     3334.000
    35:     3335.000     3336.000     3337.000     3338.000     3339.000
    40:     3340.000     3341.000     3342.000     3343.000     3344.000
    45:     3345.000     3346.000     3347.000     3348.000     3349.000
    50:     3350.000     3351.000     3352.000     3353.000     3354.000
    55:     3355.000     3356.000     3357.000     3358.000     3359.000
    60:     3360.000     3361.000     3362.000     3363.000     3364.000
    65:     3365.000     3366.000     3367.000     3368.000     3369.000
    70:     3370.000     3371.000     3372.000     3373.000     3374.000
    75:     3375.000     3376.000     3377.000     3378.000     3379.000
    80:     3380.000     3381.000     3382.000     3383.000     3384.000
    85:     3385.000     3386.000     3387.000     3388.000     3389.000
    90:     3390.000     3391.000     3392.000     3393.000     3394.000
    95:     3395.000     3396.000     3397.000     3398.000     3399.000
   100:     3400.000     3401.000     3402.000     3403.000     3404.000
   105:     3405.000     3406.000     3407.000     3408.000     3409.000
   110:     3410.000     3411.000     3412.000     3413.000     3414.000
   115:     3415.000     3416.000     3417.000     3418.000     3419.000
   120:     3420.000     3421.000     3422.000     3423.000     3424.000
   125:     3425.000     3426.000     3427.000     3428.000     3429.000
   130:     3430.000     3431.000     3432.000     3433.000     3434.000
   135:     3435.000     3436.000     3437.000     3438.000     3439.000
   140:     3440.000     3441.000     3442.000     3443.000     3444.000
   145:     3445.000     3446.000     3447.000     3448.000     3449.000
   150:     3450.000     3451.000     3452.000     3453.000     3454.000
   155:     3455.000     3456.000     3457.000     3458.000     3459.000
   160:     3460.000     3461.000     3462.000     3463.000     3464.000
   165:     3465.000     3466.000     3467.000     3468.000     3469.000
   170:     3470.000     3471.000     3472.000     3473.000     3474.000
   175:     3475.000     3476.000     3477.000     3478.000     3479.000
   180:     3480.000     3481.000     3482.000     3483.000     3484.000
   185:     3485.000     3486.000     3487.000     3488.000     3489.000
   190:     3490.000     3491.000     3492.000     3493.000     3494.000
   195:     3495.000     3496.000     3497.000     3498.000     3499.000
   200:     3500.000     3501.000     3502.000     3503.000     3504.000
   205:     3505.000     3506.000     3507.000     3508.000     3509.000
   210:     3510.000     3511.000     3512.000     3513.000     3514.000
   215:     3515.000     3516.000     3517.000     3518.000     3519.000
   220:     3520.000     3521.000     3522.000     3523.000     3524.000
   225:     3525.000     3526.000     3527.000     3528.000     3529.000
   230:     3530.000     3531.000     3532.000     3533.000     3534.000
   235:     3535.000     3536.000     3537.000     3538.000     3539.000
   240:     3540.000     3541.000     3542.000     3543.000     3544.000
   245:     3545.000     3546.000     3547.000     3548.000     3549.000
   250:     3550.000     3551.000     3552.000     3553.000     3554.000
   255:     3555.000     3556.000     3557.000     3558.000     3559.000
   260:     3560.000     3561.000     3562.000     3563.000     3564.000
   265:     3565.000     3566.000     3567.000     3568.000     3569.000
   270:     3570.000     3571.000     3572.000     3573.000     3574.000
   275:     3575.000     3576.000     3577.000     3578.000     3579.000
   280:     3580.000     3581.000     3582.000     3583.000     3584.000
   285:     3585.000     3586.000     3587.000     3588.000     3589.000
   290:     3590.000     3591.000     3592.000     3593.000     3594.000
   295:     3595.000     3596.000     3597.000     3598.000     3599.000
   300:     3600.000     3601.000     3602.000     3603.000     3604.000
   305:     3605.000     3606.000     3607.000     3608.000     3609.000
   310:     3610.000     3611.000     3612.000     3613.000     3614.000
   315:     3615.000     3616.000     3617.000     3618.000     3619.000
   320:     3620.000     3621.000     3622.000     3623.000     3624.000
   325:     3625.000     3626.000     3627.000     3628.000     3629.000
   330:     3630.000     3631.000     3632.000     3633.000     3634.000
   335:     3635.000     3636.000     3637.000     3638.000     3639.000
   340:     3640.000     3641.000     3642.000     3643.000     3644.000
   345:     3645.000     3646.000     3647.000     3648.000     3649.000
   350:     3650.000     3651.000     3652.000     3653.000     3654.000
   355:     3655.000     3656.000     3657.000     3658.000     3659.000
   360:     3660.000     3661.000     3662.000     3663.000     3664.000
   365:     3665.000     3666.000     3667.000     3668.000     3669.000
   370:     3670.000     3671.000     3672.000     3673.000     3674.000
   375:     3675.000     3676.000     3677.000     3678.000     3679.000
   380:     3680.000     3681.000     3682.000     3683.000     3684.000
   385:     3685.000     3686.000     3687.000     3688.000     3689.000
   390:     3690.000     3691.000     3692.000     3693.000     3694.000
   395:     3695.000     3696.000     3697.000     3698.000     3699.000
   400:     3700.000     3701.000     3702.000     3703.000     3704.000
   405:     3705.000     3706.000     3707.000     3708.000     3709.000
   410:     3710.000     3711.000     3712.000     3713.000     3714.000
   415:     3715.000     3716.000     3717.000     3718.000     3719.000
   420:     3720.000     3721.000     3722.000     3723.000     3724.000
   425:     3725.000     3726.000     3727.000     3728.000     3729.000
   430:     3730.000     3731.000     3732.000     3733.000     3734.000
   435:     3735.000     3736.000     3737.000     3738.000     3739.000
   440:     3740.000     3741.000     3742.000     3743.000     3744.000
   445:     3745.000     3746.000     3747.000     3748.000     3749.000
   450:     3750.000     3751.000     3752.000     3753.000     3754.000
   455:     3755.000     3756.000     3757.000     3758.000     3759.000
   460:     3760.000     3761.000     3762.000     3763.000     3764.000
   465:     3765.000     3766.000     3767.000     3768.000     3769.000
   470:     3770.000     3771.000     3772.000     3773.000     3774.000
   475:     3775.000     3776.000     3777.000     3778.000     3779.000
   480:     3780.000     3781.000     3782.000     3783.000     3784.000
   485:     3785.000     3786.000     3787.000     3788.000     3789.000
   490:     3790.000     3791.000     3792.000     3793.000     3794.000
   495:     3795.000     3796.000     3797.000     3798.000     3799.000
   500:     3800.000     3801.000     3802.000     3803.000     3804.000
   505:     3805.000     3806.000     3807.000     3808.000     3809.000
   510:     3810.000     3811.000     3812.000     3813.000     3814.000
   515:     3815.000     3816.000     3817.000     3818.000     3819.000
   520:     3820.000     3821.000     3822.000     3823.000     3824.000
   525:     3825.000     3826.000     3827.000     3828.000     3829.000
   530:     3830.000     3831.000     3832.000     3833.000     3834.000
   535:     3835.000     3836.000     3837.000     3838.000     3839.000
   540:     3840.000     3841.000     3842.000     3843.000     3844.000
   545:     3845.000     3846.000     3847.000     3848.000     3849.000
   550:     3850.000     3851.000     3852.000     3853.000     3854.000
   555:     3855.000     3856.000     3857.000     3858.000     3859.000
   560:     3860.000     3861.000     3862.000     3863.000     3864.000
   565:     3865.000     3866.000     3867.000     3868.000     3869.000
   570:     3870.000     3871.000     3872.000     3873.000     3874.000
   575:     3875.000     3876.000     3877.000     3878.000     3879.000
   580:     3880.000     3881.000     3882.000     3883.000     3884.000
   585:     3885.000     3886.000     3887.000     3888.000     3889.000
   590:     3890.000     3891.000     3892.000     3893.000     3894.000
   595:     3895.000     3896.000     3897.000     3898.000     3899.000
   600:     3900.000     3901.000     3902.000     3903.000     3904.000
   605:     3905.000     3906.000     3907.000     3908.000     3909.000
   610:     3910.000     3911.000     3912.000     3913.000     3914.000
   615:     3915.000     3916.000     3917.000     3918.000     3919.000
   620:     3920.000     3921.000     3922.000     3923.000     3924.000
   625:     3925.000     3926.000     3927.000     3928.000     3929.000
   630:     3930.000     3931.000     3932.000     3933.000     3934.000
   635:     3935.000     3936.000     3937.000     3938.000     3939.000
   640:     3940.000     3941.000     3942.000     3943.000     3944.000
   645:     3945.000     3946.000     3947.000     3948.000     3949.000
   650:     3950.000     3951.000     3952.000     3953.000     3954.000
   655:     3955.000     3956.000     3957.000     3958.000     3959.000
   660:     3960.000     3961.000     3962.000     3963.000     3964.000
   665:     3965.000     3966.000     3967.000     3968.000     3969.000
   670:     3970.000     3971.000     3972.000     3973.000     3974.000
   675:     3975.000     3976.000     3977.000     3978.000     3979.000
   680:     3980.000     3981.000     3982.000     3983.000     3984.000
   685:     3985.000     3986.000     3987.000     3988.000     3989.000
   690:     3990.000     3991.000     3992.000     3993.000     3994.000
   695:     3995.000     3996.000     3997.000     3998.000     3999.000
   700:     4000.000     4001.000     4002.000     4003.000     4004.000
   705:     4005.000     4006.000     4007.000     4008.000     4009.000
   710:     4010.000     4011.000     4012.000     4013.000     4014.000
   715:     4015.000     4016.000     4017.000     4018.000     4019.000
   720:     4020.000     4021.000     4022.000     4023.000     4024.000
   725:     4025.000     4026.000     4027.000     4028.000     4029.000
   730:     4030.000     4031.000     4032.000     4033.000     4034.000
   735:     4035.000     4036.000     4037.000     4038.000     4039.000
   740:     4040.000     4041.000     4042.000     4043.000     4044.000
   745:     4045.000     4046.000     4047.000     4048.000     4049.000
   750:     4050.000     4051.000     4052.000     4053.000     4054.000
   755:     4055.000     4056.000     4057.000     4058.000     4059.000
   760:     4060.000     4061.000     4062.000     4063.000     4064.000
   765:     4065.000     4066.000     4067.000     4068.000     4069.000
   770:     4070.000     4071.000     4072.000     4073.000     4074.000
   775:     4075.000     4076.000     4077.000     4078.000     4079.000
   780:     4080.000     4081.000     4082.000     4083.000     4084.000
   785:     4085.000     4086.000     4087.000     4088.000     4089.000
   790:     4090.000     4091.000     4092.000     4093.000     4094.000
   795:     4095.000     4096.000     4097.000     4098.000     4099.000
   800:     4100.000     4101.000     4102.000     4103.000     4104.000
   805:     4105.000     4106.000     4107.000     4108.000     4109.000
   810:     4110.000     4111.000     4112.000     4113.000     4114.000
   815:     4115.000     4116.000     4117.000     4118.000     4119.000
   820:     4120.000     4121.000     4122.000     4123.000     4124.000
   825:     4125.000     4126.000     4127.000     4128.000     4129.000
   830:     4130.000     4131.000     4132.000     4133.000     4134.000
   835:     4135.000     4136.000     4137.000     4138.000     4139.000
   840:     4140.000     4141.000     4142.000     4143.000     4144.000
   845:     4145.000     4146.000     4147.000     4148.000     4149.000
   850:     4150.000     4151.000     4152.000     4153.000     4154.000
   855:     4155.000     4156.000     4157.000     4158.000     4159.000
   860:     4160.000     4161.000     4162.000     4163.000     4164.000
   865:     4165.000     4166.000     4167.000     4168.000     4169.000
   870:     4170.000     4171.000     4172.000     4173.000     4174.000
   875:     4175.000     4176.000     4177.000     4178.000     4179.000
   880:     4180.000     4181.000     4182.000     4183.000     4184.000
   885:     4185.000     4186.000     4187.000     4188.000     4189.000
   890:     4190.000     4191.000     4192.000     4193.000     4194.000
   895:     4195.000     4196.000     4197.000     4198.000     4199.000
   900:     4200.000     4201.000     4202.000     4203.000     4204.000
   905:     4205.000     4206.000     4207.000     4208.000     4209.000
   910:     4210.000     4211.000     4212.000     4213.000     4214.000
   915:     4215.000     4216.000     4217.000     4218.000     4219.000
   920:     4220.000     4221.000     4222.000     4223.000     4224.000
   925:     4225.000     4226.000     4227.000     4228.000     4229.000
   930:     4230.000     4231.000     4232.000     4233.000     4234.000
   935:     4235.000     4236.000     4237.000     4238.000     4239.000
   940:     4240.000     4241.000     4242.000     4243.000     4244.000
   945:     4245.000     4246.000     4247.000     4248.000     4249.000
   950:     4250.000     4251.000     4252.000     4253.000     4254.000
   955:     4255.000     4256.000     4257.000     4258.000     4259.000
   960:     4260.000     4261.000     4262.000     4263.000     4264.000
   965:     4265.000     4266.000     4267.000     4268.000     4269.000
   970:     4270.000     4271.000     4272.000     4273.000     4274.000
   975:     4275.000     4276.000     4277.000     4278.000     4279.000
   980:     4280.000     4281.000     4282.000     4283.000     4284.000
   985:     4285.000     4286.000     4287.000     4288.000     4289.000
   990:     4290.000     4291.000     4292.000     4293.000     4294.000
   995:     4295.000     4296.000     4297.000     4298.000     4299.000
  1000:     4300.000     4301.000     4302.000     4303.000     4304.000
  1005:     4305.000     4306.000     4307.000     4308.000     4309.000
  1010:     4310.000     4311.000     4312.000     4313.000     4314.000
  1015:     4315.000     4316.000     4317.000     4318.000     4319.000
  1020:     4320.000     4321.000     4322.000     4323.000     4324.000
  1025:     4325.000     4326.000     4327.000     4328.000     4329.000
  1030:     4330.000     4331.000     4332.000     4333.000     4334.000
  1035:     4335.000     4336.000     4337.000     4338.000     4339.000
  1040:     4340.000     4341.000     4342.000     4343.000     4344.000
  1045:     4345.000     4346.000     4347.000     4348.000     4349.000
  1050:     4350.000     4351.000     4352.000     4353.000     4354.000
  1055:     4355.000     4356.000     4357.000     4358.000     4359.000
  1060:     4360.000     4361.000     4362.000     4363.000     4364.000
  1065:     4365.000     4366.000     4367.000     4368.000     4369.000
  1070:     4370.000     4371.000     4372.000     4373.000     4374.000
  1075:     4375.000     4376.000     4377.000     4378.000     4379.000
  1080:     4380.000     4381.000     4382.000     4383.000     4384.000
  1085:     4385.000     4386.000     4387.000     4388.000     4389.000
  1090:     4390.000     4391.000     4392.000     4393.000     4394.000
  1095:     4395.000     4396.000     4397.000     4398.000     4399.000
  1100:     4400.000     4401.000     4402.000     4403.000     4404.000
  1105:     4405.000     4406.000     4407.000     4408.000     4409.000
  1110:     4410.000     4411.000     4412.000     4413.000     4414.000
  1115:     4415.000     4416.000     4417.000     4418.000     4419.000
  1120:     4420.000     4421.000     4422.000     4423.000     4424.000
  1125:     4425.000     4426.000     4427.000     4428.000     4429.000
  1130:     4430.000     4431.000     4432.000     4433.000     4434.000
  1135:     4435.000     4436.000     4437.000     4438.000     4439.000
  1140:     4440.000     4441.000     4442.000     4443.000     4444.000
  1145:     4445.000     4446.000     4447.000     4448.000     4449.000
  1150:     4450.000     4451.000     4452.000     4453.000     4454.000
  1155:     4455.000     4456.000     4457.000     4458.000     4459.000
  1160:     4460.000     4461.000     4462.000     4463.000     4464.000
  1165:     4465.000     4466.000     4467.000     4468.000     4469.000
  1170:     4470.000     4471.000     4472.000     4473.000     4474.000
  1175:     4475.000     4476.000     4477.000     4478.000     4479.000
  1180:     4480.000     4481.000     4482.000     4483.000     4484.000
  1185:     4485.000     4486.000     4487.000     4488.000     4489.000
  1190:     4490.000     4491.000     4492.000     4493.000     4494.000
  1195:     4495.000     4496.000     4497.000     4498.000     4499.000
  1200:     4500.000
R:
     0:      333.000      333.000      333.000
V:
     0:     1144.000     4064.000
W:
     0:     1144.000     4064.000
