File: C:\MED-PC IV\DATA\p530_s23_japede


Start Date: 07/19/17
End Date: 07/19/17
Subject: p530
Experiment: 0
Group: 0
Box: 8
Start Time: 16:50:09
End Time: 17:50:24
MSN: japede_L_90_90_90_R_30_30_30
B:       0.000
E:    4453.000
F:       0.000
G:       0.000
H:       0.000
I:       1.000
J:       1.000
K:       0.000
O:       0.000
P:       0.000
Q:       0.000
S:  360000.000
T:  360000.000
U:       0.000
X:       0.000
Y:       0.000
Z:       0.000
A:
     0:        0.010        0.250        0.220        0.230     1142.120
     5:     1147.120     1503.120     1707.130     1808.120     1899.740
    10:     2217.130     2222.130     2419.130     2424.130     2597.540
    15:     2597.320     2597.330     2597.350     2597.240     2597.120
    20:     2602.120     2847.220     2847.230     2847.250     2847.340
    25:     3059.130     3064.130     3177.120     3181.120     3387.130
    30:     3592.120     3927.130     4193.130     4288.120     4410.130
    35:     4425.130     4499.840     4617.640     4617.320     4617.330
    40:     4617.350     4617.240     4617.130     4625.130     4867.220
    45:     4867.230     4867.250     4867.340     5054.120     5059.120
    50:     5098.120     5136.120     5306.130     5367.840     5510.640
    55:     5510.320     5510.330     5510.350     5510.240     5510.130
    60:     5760.220     5760.230     5760.250     5760.340     5955.120
    65:     5992.120     6190.120     6383.130     6460.840     6771.640
    70:     6771.320     6771.330     6771.350     6771.240     6771.130
    75:     7021.220     7021.230     7021.250     7021.340     7302.120
    80:     7345.120     7649.130     7654.130     7664.130     7753.120
    85:     7948.130     8040.120     8142.130     8148.130     8334.130
    90:     8340.130     8435.120     8527.130     8732.130     8838.120
    95:     8937.130     8947.740     9145.130     9600.130     9690.540
   100:     9690.320     9690.330     9690.350     9690.240     9690.120
   105:     9940.220     9940.230     9940.250     9940.340    10071.120
   110:    10207.130    10236.130    10650.120    10942.130    11127.130
   115:    11290.130    11295.130    11394.120    11588.120    11711.130
   120:    11715.130    11809.120    11917.130    12006.120    12128.130
   125:    12242.120    12347.130    12438.120    12545.130    12780.130
   130:    12976.130    13152.130    13322.130    13326.130    13489.130
   135:    13526.130    13533.130    13636.120    13721.130    13726.130
   140:    13735.130    13796.130    13800.130    13964.130    13998.130
   145:    14005.130    14040.740    14218.130    14367.130    14373.130
   150:    14439.130    14525.540    14525.320    14525.330    14525.350
   155:    14525.240    14525.120    14530.120    14775.220    14775.230
   160:    14775.250    14775.340    14933.130    14962.130    15167.130
   165:    15199.130    15444.120    15535.130    15540.130    15570.130
   170:    15656.120    15765.130    16104.120    16147.120    16154.120
   175:    16273.130    16378.120    16474.130    16478.130    16562.120
   180:    16641.130    16821.840    16840.640    16840.320    16840.330
   185:    16840.350    16840.240    16840.130    16851.130    17090.220
   190:    17090.230    17090.250    17090.340    17238.130    17322.120
   195:    17425.130    17429.130    17589.130    17795.130    17800.130
   200:    17954.130    17965.130    18131.130    18312.130    18342.130
   205:    18378.130    18384.130    18554.130    18561.130    18675.120
   210:    18823.130    18827.130    18897.130    18902.130    18986.120
   215:    18991.120    19141.130    19242.120    19247.120    19388.130
   220:    19419.130    19637.130    19642.130    19680.130    19688.130
   225:    19855.130    19860.130    19887.130    20083.130    20175.740
   230:    20262.130    20290.840    20509.640    20509.320    20509.330
   235:    20509.350    20509.240    20509.130    20759.220    20759.230
   240:    20759.250    20759.340    20905.540    20905.320    20905.330
   245:    20905.350    20905.240    20905.120    20910.120    21155.220
   250:    21155.230    21155.250    21155.340    21259.840    21316.120
   255:    21321.120    21478.640    21478.320    21478.330    21478.350
   260:    21478.240    21478.130    21485.130    21728.220    21728.230
   265:    21728.250    21728.340    22017.120    22021.120    22057.120
   270:    22062.120    22263.120    22427.130    22428.840    22534.640
   275:    22534.320    22534.330    22534.350    22534.240    22534.130
   280:    22539.130    22549.130    22784.220    22784.230    22784.250
   285:    22784.340    23003.120    23039.120    23044.120    23329.130
   290:    23356.130    23728.130    23732.130    23741.130    23923.130
   295:    23928.130    24014.120    24020.120    24084.840    24115.640
   300:    24115.320    24115.330    24115.350    24115.240    24115.130
   305:    24365.220    24365.230    24365.250    24365.340    24525.120
   310:    24551.120    24555.120    24563.120    24705.130    24892.130
   315:    24898.130    24936.130    24942.130    25131.130    25133.130
   320:    25172.130    25177.130    25350.130    25354.130    25365.840
   325:    25405.640    25405.320    25405.330    25405.350    25405.240
   330:    25405.130    25655.220    25655.230    25655.250    25655.340
   335:    25821.120    25946.130    25976.130    25984.130    26015.130
   340:    26088.120    26255.120    26332.130    26441.130    26447.130
   345:    26536.120    26610.130    26615.130    26703.120    26707.120
   350:    26787.130    26793.130    26970.130    26974.130    26983.130
   355:    27013.130    27019.130    27132.130    27314.130    27319.130
   360:    27398.120    27403.120    27501.130    27526.130    27658.130
   365:    27746.120    27755.840    27848.640    27848.320    27848.330
   370:    27848.350    27848.240    27848.130    28098.220    28098.230
   375:    28098.250    28098.340    28249.120    28251.120    28379.130
   380:    28384.130    28416.130    28423.130    28584.120    28589.120
   385:    28691.130    28776.120    28926.130    28955.740    29102.130
   390:    29137.130    29145.130    29181.130    29216.130    29222.130
   395:    29387.130    29415.130    29420.130    29640.130    29698.840
   400:    29886.640    29886.320    29886.330    29886.350    29886.240
   405:    29886.130    30136.220    30136.230    30136.250    30136.340
   410:    30288.540    30288.320    30288.330    30288.350    30288.240
   415:    30288.120    30538.220    30538.230    30538.250    30538.340
   420:    30669.120    30789.130    30964.130    30970.130    31004.130
   425:    31156.130    31238.120    31480.130    31640.130    31803.130
   430:    32004.130    32229.130    32254.130    32421.130    32582.130
   435:    32626.130    32656.130    32810.130    33008.130    33011.130
   440:    33122.130    33292.130    33400.130    33403.130    33640.130
   445:    33747.120    33848.130    33931.120    34032.130    34174.130
   450:    34185.130    34373.130    34399.130    34405.130    34556.130
   455:    34561.130    34797.130    34802.130    34912.130    34934.130
   460:    35050.120    35123.130    35158.130    35234.120    35381.130
   465:    35512.120    35670.130    35676.130    35761.120    35841.130
   470:    35846.130    36000.120    36106.130    36170.120    36258.130
   475:    36297.130    36301.130    36407.120    36671.130    36736.840
   480:    36797.640    36797.320    36797.330    36797.350    36797.240
   485:    36797.130    37047.220    37047.230    37047.250    37047.340
   490:    37247.840    37302.640    37302.320    37302.330    37302.350
   495:    37302.240    37302.130    37552.220    37552.230    37552.250
   500:    37552.340    37878.130    37905.130    38075.130    38079.130
   505:    38172.130    38178.130    38351.120    38456.130    38562.130
   510:    38566.130    38601.130    38723.130    38823.130    38828.130
   515:    38984.130    39134.120    39223.130    39228.130    39481.130
   520:    39527.130    39626.120    39632.120    39750.130    39949.130
   525:    40138.130    40183.130    40223.130    40292.120    40352.840
   530:    40434.640    40434.320    40434.330    40434.350    40434.240
   535:    40434.130    40684.220    40684.230    40684.250    40684.340
   540:    40815.120    40912.130    41077.130    41226.130    41258.130
   545:    41443.130    41636.130    41743.120    41824.130    41829.130
   550:    41861.130    42084.130    42088.130    42116.130    42285.130
   555:    42401.130    42405.130    42596.130    42601.130    42899.130
   560:    43076.120    43084.840    43169.640    43169.320    43169.330
   565:    43169.350    43169.240    43169.130    43173.130    43419.220
   570:    43419.230    43419.250    43419.340    43697.120    43701.120
   575:    43993.130    43998.130    44088.120    44173.130    44348.130
   580:    44510.120    44622.130    44790.130    45003.130    45090.120
   585:    45096.120    45178.130    45221.130    45397.130    45403.130
   590:    45784.130    45928.120    46011.130    46047.130    46053.130
   595:    46082.130    46089.130    46319.840    46505.640    46505.320
   600:    46505.330    46505.350    46505.240    46505.130    46755.220
   605:    46755.230    46755.250    46755.340    47035.130    47203.130
   610:    47206.130    47237.130    47353.130    47359.130    47698.120
   615:    47899.130    47905.130    48263.120    48398.130    48530.120
   620:    48607.130    48645.130    48650.130    48742.120    48839.130
   625:    48843.130    49053.130    49168.120    49250.130    49255.130
   630:    49285.130    49469.130    49475.130    49632.130    49638.130
   635:    49679.130    49776.120    49870.130    49875.130    49906.130
   640:    50341.130    50520.130    50767.130    50772.130    50857.120
   645:    50939.130    51065.120    51178.130    51182.130    51293.120
   650:    51368.130    51407.130    51509.130    51514.130    51551.130
   655:    51555.840    51706.120    51800.640    51800.320    51800.330
   660:    51800.350    51800.240    51800.130    51805.130    52050.220
   665:    52050.230    52050.250    52050.340    52471.130    52475.130
   670:    52571.130    52798.130    52839.130    53094.130    53098.130
   675:    53217.120    53300.130    53312.130    53450.120    53523.130
   680:    53731.130    53766.130    53771.130    53841.120    53922.130
   685:    54264.130    54396.120    54450.840    54473.640    54473.320
   690:    54473.330    54473.350    54473.240    54473.130    54723.220
   695:    54723.230    54723.250    54723.340    54912.120    55025.130
   700:    55029.130    55073.130    55178.130    55183.130    55347.120
   705:    55438.740    55464.130    55472.130    55577.540    55577.320
   710:    55577.330    55577.350    55577.240    55577.120    55827.220
   715:    55827.230    55827.250    55827.340    56019.120    56099.130
   720:    56215.130    56219.130    56266.130    56410.120    56504.130
   725:    56508.130    56707.130    56747.130    56789.130    56961.130
   730:    56966.130    56974.130    57105.130    57110.130    57223.840
   735:    57247.120    57366.640    57366.320    57366.330    57366.350
   740:    57366.240    57366.130    57373.130    57616.220    57616.230
   745:    57616.250    57616.340    57758.120    57856.130    57972.130
   750:    58012.130    58199.130    58241.130    58282.130    58289.130
   755:    58518.130    58523.130    58675.120    58757.130    58790.130
   760:    58798.130    58902.120    58976.130    59129.120    59199.130
   765:    59204.130    59351.120    59467.130    59472.130    59862.130
   770:    60088.130    60303.130    60308.130    60317.130    60416.840
   775:    60562.640    60562.320    60562.330    60562.350    60562.240
   780:    60562.130    60812.220    60812.230    60812.250    60812.340
   785:    61046.130    61052.130    61155.130    61162.130    61192.130
   790:    61199.130    61420.130    61513.130    61517.130    61655.120
   795:    61756.130    61761.130    61884.130    61889.130    62036.120
   800:    62135.130    62285.120    62387.130    62807.130    62812.130
   805:    62841.130    62846.130    62994.120    63075.130    63111.130
   810:    63117.130    63334.130    63339.130    63373.130    63380.130
   815:    63427.740    63528.540    63528.320    63528.330    63528.350
   820:    63528.240    63528.120    63778.220    63778.230    63778.250
   825:    63778.340    63945.120    64244.130    64249.130    64533.130
   830:    64677.120    64922.120    65013.130    65025.130    65261.130
   835:    65266.130    65274.130    65482.130    65632.120    65721.130
   840:    65763.130    65980.130    65985.130    66015.130    66167.120
   845:    66239.130    66284.130    66710.130    66952.130    67121.120
   850:    67203.130    67474.130    67481.130    67515.130    67521.130
   855:    67691.130    67829.120    67937.130    68157.130    68161.130
   860:    68253.120    68568.130    68714.120    68817.120    68899.130
   865:    68912.840    69114.640    69114.320    69114.330    69114.350
   870:    69114.240    69114.130    69121.130    69364.220    69364.230
   875:    69364.250    69364.340    69617.130    69622.130    69762.130
   880:    69864.840    70056.640    70056.320    70056.330    70056.350
   885:    70056.240    70056.130    70306.220    70306.230    70306.250
   890:    70306.340    70589.130    70594.130    70711.130    70903.120
   895:    70998.130    71002.130    71044.130    71207.120    71564.130
   900:    71568.130    71603.130    71648.130    71731.120    71738.120
   905:    72070.130    72078.130    72278.740    72307.130    72311.130
   910:    72356.130    72543.130    72550.130    72849.130    72854.130
   915:    72895.130    73152.130    73441.130    73481.130    73584.540
   920:    73584.320    73584.330    73584.350    73584.240    73584.120
   925:    73834.220    73834.230    73834.250    73834.340    74071.130
   930:    74264.130    74297.130    74430.130    74435.130    74478.130
   935:    74718.130    74972.130    75114.120    75231.130    75462.130
   940:    75505.130    75777.130    75786.130    76044.130    76048.130
   945:    76132.130    76352.120    76357.120    76406.840    76489.640
   950:    76489.320    76489.330    76489.350    76489.240    76489.130
   955:    76493.130    76739.220    76739.230    76739.250    76739.340
   960:    76990.130    76995.130    77193.130    77324.120    77415.130
   965:    77515.120    77521.120    77595.130    77716.130    77722.130
   970:    77867.120    78222.130    78483.130    78488.130    78721.130
   975:    78771.130    78893.130    78898.130    79086.120    79091.120
   980:    79184.130    79188.130    79224.130    79232.130    79442.120
   985:    79537.130    79542.130    79811.130    79991.130    80235.120
   990:    80337.130    80521.130    80674.120    81000.130    81004.130
   995:    81046.130    81270.120    81352.130    81386.130    81391.130
  1000:    81540.120    81638.130    81643.130    81679.130    81851.130
  1005:    81857.130    81972.130    81977.130    82016.130    82278.130
  1010:    82417.120    82530.130    82899.120    82994.130    83000.130
  1015:    83041.130    83449.120    83539.840    83564.640    83564.320
  1020:    83564.330    83564.350    83564.240    83564.130    83814.220
  1025:    83814.230    83814.250    83814.340    83971.120    83977.120
  1030:    84306.130    84312.130    84414.840    84426.120    84431.120
  1035:    84689.640    84689.320    84689.330    84689.350    84689.240
  1040:    84689.130    84695.130    84939.220    84939.230    84939.250
  1045:    84939.340    85178.120    85300.130    85396.130    85402.130
  1050:    85439.840    85544.120    85745.640    85745.320    85745.330
  1055:    85745.350    85745.240    85745.130    85995.220    85995.230
  1060:    85995.250    85995.340    86231.130    86262.130    86383.130
  1065:    86389.130    86417.130    86697.130    86702.130    86845.120
  1070:    86923.130    87102.120    87191.130    87195.840    87234.640
  1075:    87234.320    87234.330    87234.350    87234.240    87234.130
  1080:    87484.220    87484.230    87484.250    87484.340    87698.130
  1085:    87704.130    87734.130    87739.130    87899.120    87985.130
  1090:    87990.130    88032.130    88038.130    88076.130    88222.120
  1095:    88314.130    88584.840    88743.640    88743.320    88743.330
  1100:    88743.350    88743.240    88743.130    88748.130    88993.220
  1105:    88993.230    88993.250    88993.340    89210.120    89548.130
  1110:    89553.130    89674.130    89679.130    89686.130    89715.130
  1115:    89867.120    89939.130    89943.130    89977.130    90178.130
  1120:    90184.130    90431.130    90437.130    90912.130    90945.130
  1125:    90952.130    91167.120    91243.130    91248.130    91290.130
  1130:    91457.120    91534.130    91547.130    91579.130    91807.120
  1135:    91812.120    91904.130    91908.130    91955.130    91961.130
  1140:    92166.130    92244.130    92362.130    92367.130    92598.130
  1145:    92603.130    92612.130    92916.130    92955.130    93161.120
  1150:    93167.120    93254.130    93291.130    93301.130    93337.130
  1155:    93464.130    93469.130    93681.130    93725.130    93768.130
  1160:    93776.130    93834.740    93851.130    93885.130    93891.130
  1165:    94045.540    94045.320    94045.330    94045.350    94045.240
  1170:    94045.120    94295.220    94295.230    94295.250    94295.340
  1175:    94478.120    94484.120    94595.130    94693.840    94788.640
  1180:    94788.320    94788.330    94788.350    94788.240    94788.130
  1185:    94792.130    94800.130    94895.740    95038.220    95038.230
  1190:    95038.250    95038.340    95205.540    95205.320    95205.330
  1195:    95205.350    95205.240    95205.120    95455.220    95455.230
  1200:    95455.250    95455.340    95802.130    95920.130    95952.130
  1205:    96038.840    96054.640    96054.320    96054.330    96054.350
  1210:    96054.240    96054.130    96060.130    96075.130    96304.220
  1215:    96304.230    96304.250    96304.340    96465.120    96560.130
  1220:    96594.130    96904.130    97000.130    97005.130    97147.130
  1225:    97186.130    97347.130    97352.130    97394.130    97402.130
  1230:    97508.130    97513.130    97550.130    97557.130    97818.130
  1235:    97823.130    98004.840    98014.640    98014.320    98014.330
  1240:    98014.350    98014.240    98014.130    98019.130    98264.220
  1245:    98264.230    98264.250    98264.340    98571.130    98576.130
  1250:    98584.130    98664.840    98756.640    98756.320    98756.330
  1255:    98756.350    98756.240    98756.130    98772.130    99006.220
  1260:    99006.230    99006.250    99006.340    99224.130    99393.130
  1265:    99505.120    99510.120    99641.130    99894.130   100003.130
  1270:   100219.130   100256.130   100297.130   100302.130   100609.130
  1275:   100614.130   100622.130   100657.130   100918.130   100966.130
  1280:   100973.130   101097.130   101102.130   101280.120   101285.120
  1285:   101387.130   101425.130   101625.130   101631.130   101706.840
  1290:   101867.640   101867.320   101867.330   101867.350   101867.240
  1295:   101867.130   101873.130   102117.220   102117.230   102117.250
  1300:   102117.340   102382.130   102417.840   102479.120   102483.120
  1305:   102567.640   102567.320   102567.330   102567.350   102567.240
  1310:   102567.130   102571.130   102817.220   102817.230   102817.250
  1315:   102817.340   103053.120   103157.130   103316.130   103383.130
  1320:   103388.130   103428.130   103434.130   103589.130   103956.130
  1325:   104185.130   104189.130   104405.130   104409.130   104444.130
  1330:   104599.130   104603.130   104888.130   105003.130   105225.130
  1335:   105370.120   105450.130   105491.130   105758.130   105764.130
  1340:   105961.130   105995.130   106001.130   106185.130   106454.130
  1345:   106459.130   106549.120   106663.130   106837.130   107028.130
  1350:   107277.130   107282.130   107321.130   107506.130   107510.130
  1355:   107785.130   107827.130   107840.130   108047.130   108198.120
  1360:   108204.120   108820.130   108824.130   108913.120   109033.130
  1365:   109251.130   109257.130   109540.130   109544.130   109765.130
  1370:   110094.130   110098.130   110348.130   110352.130   110501.120
  1375:   110696.120   110783.130   110812.130   110817.130   111294.130
  1380:   111327.130   111600.130   111605.130   111613.130   111654.130
  1385:   111660.130   111944.130   111949.130   112096.120   112155.740
  1390:   112183.130   112415.130   112633.130   112638.130   112646.130
  1395:   112906.130   112912.130   113152.130   113157.130   113390.540
  1400:   113390.320   113390.330   113390.350   113390.240   113390.120
  1405:   113640.220   113640.230   113640.250   113640.340   113812.120
  1410:   113818.120   113826.120   113917.840   113919.640   113919.320
  1415:   113919.330   113919.350   113919.240   113919.130   113927.130
  1420:   114169.220   114169.230   114169.250   114169.340   114408.130
  1425:   114413.130   114440.130   114604.120   114679.130   114685.130
  1430:   114858.120   114946.130   115069.840   115077.640   115077.320
  1435:   115077.330   115077.350   115077.240   115077.130   115081.130
  1440:   115327.220   115327.230   115327.250   115327.340   115461.120
  1445:   115466.120   115557.130   115562.130   115592.130   115631.130
  1450:   115679.130   116071.130   116200.130   116205.130   116433.130
  1455:   116467.130   116617.120   116703.130   116737.130   116963.130
  1460:   116992.130   116999.130   117173.130   117179.130   117429.130
  1465:   117465.130   117470.130   117667.120   117770.130   117775.130
  1470:   118073.130   118113.130   118293.130   118512.130   118518.130
  1475:   118725.120   118823.130   118828.130   118958.130   119065.130
  1480:   119095.130   119195.120   119200.120   119317.130   119322.130
  1485:   119508.130   119513.130   119736.130   119741.130   119748.130
  1490:   119971.130   119975.130   120009.130   120016.130   120290.130
  1495:   120331.130   120337.130   120561.130   120712.120   120792.130
  1500:   120927.840   120942.120   121283.640   121283.320   121283.330
  1505:   121283.350   121283.240   121283.130   121533.220   121533.230
  1510:   121533.250   121533.340   121774.130   121778.130   121974.130
  1515:   121979.130   122114.130   122143.130   122329.120   122425.130
  1520:   122431.130   122581.120   122661.130   122790.130   122794.130
  1525:   122829.130   122981.120   123098.130   123132.130   123137.130
  1530:   123540.740   123590.130   123595.130   123630.130   123635.130
  1535:   123856.130   124099.540   124099.320   124099.330   124099.350
  1540:   124099.240   124099.120   124349.220   124349.230   124349.250
  1545:   124349.340   124507.120   124513.120   124603.130   124607.130
  1550:   124617.130   124648.130   124658.130   124838.130   124842.130
  1555:   124995.130   125150.120   125230.130   125396.130   125589.120
  1560:   125695.130   125733.840   125734.640   125734.320   125734.330
  1565:   125734.350   125734.240   125734.130   125740.130   125984.220
  1570:   125984.230   125984.250   125984.340   126209.130   126214.130
  1575:   126247.130   126419.130   126542.130   126578.130   126678.120
  1580:   126775.130   126780.130   126967.120   127059.130   127063.130
  1585:   127217.120   127298.130   127453.130   127458.130   127495.130
  1590:   127501.130   127666.130   127693.130   127699.130   127848.120
  1595:   127921.130   127926.130   127958.130   127963.130   128115.120
  1600:   128201.130   128433.130   128704.130   128923.130   128928.130
  1605:   129282.130   129406.120   129486.130   129530.130   129825.130
  1610:   129999.130   130012.130   130049.130   130202.120   130313.130
  1615:   130506.120   130601.130   130617.130   130651.130   130657.130
  1620:   130684.840   130694.640   130694.320   130694.330   130694.350
  1625:   130694.240   130694.130   130701.130   130944.220   130944.230
  1630:   130944.250   130944.340   131107.120   131112.120   131208.130
  1635:   131311.120   131384.130   131390.130   131677.130   131834.120
  1640:   131916.130   131947.130   132106.120   132220.130   132362.120
  1645:   132468.130   132473.130   132752.120   132846.130   132851.130
  1650:   133013.130   133152.120   133271.130   133278.130   133560.130
  1655:   133565.130   133608.130   133615.130   133832.130   133838.130
  1660:   133982.120   134056.130   134062.130   134094.130   134099.130
  1665:   134468.120   134547.130   134579.130   134585.130   134746.120
  1670:   134838.130   134844.130   135107.130   135112.130   135151.130
  1675:   135454.130   135500.130   135658.130   135664.130   135702.130
  1680:   135708.130   135953.130   135959.130   136190.130   136370.120
  1685:   136461.130   136509.130   136515.130   136788.130   136793.130
  1690:   136834.130   136841.130   136893.130   136923.130   136929.130
  1695:   136966.130   137017.130   137169.130   137174.130   137249.740
  1700:   137305.130   137310.130   137456.540   137456.320   137456.330
  1705:   137456.350   137456.240   137456.120   137706.220   137706.230
  1710:   137706.250   137706.340   138020.120   138026.120   138408.130
  1715:   138508.120   138514.120   138584.130   138620.130   138630.130
  1720:   138673.130   138818.120   138902.130   139117.130   139238.130
  1725:   139243.130   139516.130   139775.130   139783.130   140029.130
  1730:   140033.130   140257.130   140284.130   140538.130   140574.130
  1735:   140775.120   140868.130   141090.130   141382.130   141388.130
  1740:   141431.130   141437.130   141675.130   141678.130   141686.130
  1745:   141844.840   141932.640   141932.320   141932.330   141932.350
  1750:   141932.240   141932.130   141937.130   141951.130   142182.220
  1755:   142182.230   142182.250   142182.340   142425.130   142430.130
  1760:   142470.130   142602.130   142643.130   142686.130   142730.130
  1765:   142890.120   142979.130   142986.130   143018.130   143242.130
  1770:   143247.130   143497.130   143505.130   143765.130   143949.120
  1775:   144053.130   144090.130   144368.130   144380.130   144413.130
  1780:   144592.120   144598.120   144704.130   144800.120   144911.130
  1785:   145144.130   145355.120   145460.130   145464.130   145674.130
  1790:   145680.130   145950.130   145954.130   146082.840   146133.120
  1795:   146225.640   146225.320   146225.330   146225.350   146225.240
  1800:   146225.130   146475.220   146475.230   146475.250   146475.340
  1805:   146786.130   146822.130   146867.130   147105.130   147352.130
  1810:   147594.130   147600.130   148123.130   148338.120   148344.120
  1815:   148426.130   148463.130   148921.130   148927.130   148958.130
  1820:   148966.130   149159.120   149164.120   149235.130   149283.130
  1825:   149540.130   149575.840   149587.640   149587.320   149587.330
  1830:   149587.350   149587.240   149587.130   149837.220   149837.230
  1835:   149837.250   149837.340   150075.130   150117.130   150282.130
  1840:   150288.130   150468.120   150561.130   150595.130   150637.840
  1845:   150754.120   150840.640   150840.320   150840.330   150840.350
  1850:   150840.240   150840.130   151090.220   151090.230   151090.250
  1855:   151090.340   151317.130   151498.130   151601.130   151747.120
  1860:   151858.130   151890.840   151992.640   151992.320   151992.330
  1865:   151992.350   151992.240   151992.130   151997.130   152006.130
  1870:   152242.220   152242.230   152242.250   152242.340   152465.130
  1875:   152469.130   152505.130   152962.130   152969.130   153198.130
  1880:   153452.130   153457.130   153489.130   153599.130   153604.130
  1885:   154061.130   154066.130   154368.130   154603.130   154608.130
  1890:   154820.130   154825.130   155073.130   155317.130   155322.130
  1895:   155550.130   155590.130   155629.130   155856.130   156022.130
  1900:   156240.130   156542.840   156734.640   156734.320   156734.330
  1905:   156734.350   156734.240   156734.130   156753.130   156984.220
  1910:   156984.230   156984.250   156984.340   157106.740   157140.130
  1915:   157184.840   157318.640   157318.320   157318.330   157318.350
  1920:   157318.240   157318.130   157323.130   157331.130   157568.220
  1925:   157568.230   157568.250   157568.340   157724.540   157724.320
  1930:   157724.330   157724.350   157724.240   157724.120   157974.220
  1935:   157974.230   157974.250   157974.340   158139.120   158145.120
  1940:   158240.130   158268.130   158453.130   158485.130   158493.130
  1945:   158568.840   158620.640   158620.320   158620.330   158620.350
  1950:   158620.240   158620.130   158870.220   158870.230   158870.250
  1955:   158870.340   159022.120   159028.120   159112.130   159118.130
  1960:   159147.130   159230.130   159236.130   159461.130   159466.130
  1965:   159866.130   159952.130   160042.130   160191.120   160271.130
  1970:   160412.120   160682.120   160970.120   161063.130   161099.130
  1975:   161105.130   161399.130   161427.130   161435.130   161609.120
  1980:   161695.130   161700.130   161774.740   161854.540   161854.320
  1985:   161854.330   161854.350   161854.240   161854.120   162104.220
  1990:   162104.230   162104.250   162104.340   162480.130   162579.120
  1995:   162660.130   162778.130   162815.130   162959.130   162964.130
  2000:   163147.130   163461.130   163470.840   163640.120   163720.640
  2005:   163720.320   163720.330   163720.350   163720.240   163720.130
  2010:   163738.130   163970.220   163970.230   163970.250   163970.340
  2015:   164106.120   164267.130   164385.130   164572.120   164654.130
  2020:   164660.130   165067.120   165140.130   165146.130   165154.130
  2025:   165328.120   165423.130   165636.130   165642.130   165945.130
  2030:   166088.130   166547.130   166575.130   166872.130   166877.130
  2035:   166908.130   166916.130   166970.840   167107.120   167195.640
  2040:   167195.320   167195.330   167195.350   167195.240   167195.130
  2045:   167445.220   167445.230   167445.250   167445.340   167626.120
  2050:   167775.130   167780.130   167826.130   167832.130   167936.130
  2055:   167942.130   168216.130   168339.130   168344.130   168559.130
  2060:   168787.130   168801.130   168947.120   169056.130   169065.130
  2065:   169164.130   169169.130   169245.840   169408.640   169408.320
  2070:   169408.330   169408.350   169408.240   169408.130   169658.220
  2075:   169658.230   169658.250   169658.340   169906.130   169912.130
  2080:   169992.130   170099.130   170327.130   170490.120   170572.130
  2085:   170719.120   170758.840   170791.640   170791.320   170791.330
  2090:   170791.350   170791.240   170791.130   171041.220   171041.230
  2095:   171041.250   171041.340   171402.130   171631.130   171635.130
  2100:   171759.130   171765.130   172007.130   172012.130   172237.130
  2105:   172241.130   172440.120   172765.130   172770.130   172805.130
  2110:   173036.130   173218.120   173305.130   173309.130   173565.130
  2115:   173741.840   173777.120   173867.640   173867.320   173867.330
  2120:   173867.350   173867.240   173867.130   173872.130   173882.130
  2125:   174117.220   174117.230   174117.250   174117.340   174303.120
  2130:   174308.120   174403.130   174408.130   174535.130   174540.130
  2135:   174580.130   174812.130   174823.130   174965.120   175042.130
  2140:   175047.130   175079.130   175310.130   175466.120   175545.130
  2145:   175832.130   175870.130   175917.840   176102.120   176196.640
  2150:   176196.320   176196.330   176196.350   176196.240   176196.130
  2155:   176216.130   176446.220   176446.230   176446.250   176446.340
  2160:   176644.130   176648.130   176768.130   176772.130   177076.130
  2165:   177080.130   177297.130   177302.130   177726.130   177763.130
  2170:   177774.130   178027.130   178166.120   178244.130   178246.840
  2175:   178252.640   178252.320   178252.330   178252.350   178252.240
  2180:   178252.130   178502.220   178502.230   178502.250   178502.340
  2185:   178714.130   178718.130   178902.840   178997.640   178997.320
  2190:   178997.330   178997.350   178997.240   178997.130   179001.130
  2195:   179247.220   179247.230   179247.250   179247.340   179564.130
  2200:   179569.130   179774.130   180048.130   180052.130   180352.130
  2205:   180388.130   180395.130   180600.130   180748.120   180833.130
  2210:   180845.130   180876.130   181183.130   181384.130   181465.130
  2215:   181543.130   181548.130   181702.120   181794.130   181798.130
  2220:   182024.130   182029.130   182246.130   182478.130   182701.120
  2225:   182797.130   182803.130   182847.840   182985.120   183057.640
  2230:   183057.320   183057.330   183057.350   183057.240   183057.130
  2235:   183062.130   183075.130   183307.220   183307.230   183307.250
  2240:   183307.340   183448.120   183572.130   183577.130   183677.130
  2245:   183681.130   183865.120   183943.130   184007.840   184159.640
  2250:   184159.320   184159.330   184159.350   184159.240   184159.130
  2255:   184165.130   184172.130   184409.220   184409.230   184409.250
  2260:   184409.340   184763.130   184768.130   184777.130   184906.130
  2265:   184929.130   185189.130   185491.130   185496.130   185779.130
  2270:   185930.120   186127.130   186133.130   186376.130   186575.120
  2275:   186658.130   186807.130   186814.130   186822.130   186856.130
  2280:   187082.130   187320.120   187413.130   187445.130   187451.130
  2285:   187721.130   187869.120   187950.130   188264.130   188276.130
  2290:   188307.130   188574.120   188659.130   188670.130   188700.130
  2295:   188712.130   188906.120   188993.130   189009.840   189034.640
  2300:   189034.320   189034.330   189034.350   189034.240   189034.130
  2305:   189284.220   189284.230   189284.250   189284.340   189421.120
  2310:   189426.120   189722.130   189934.120   190054.130   190097.130
  2315:   190141.130   190173.130   190412.130   190423.130   190455.130
  2320:   190697.120   190791.130   190818.130   191033.130   191265.120
  2325:   191357.130   191363.130   191590.130   191604.130   191633.130
  2330:   191745.130   191787.130   191792.130   192046.120   192169.130
  2335:   192310.130   192342.130   192348.130   192596.130   192867.120
  2340:   192976.130   193111.130   193271.130   193276.130   193458.120
  2345:   193527.130   193534.130   193569.130   193576.130   193680.120
  2350:   193775.130   194061.130   194075.130   194111.130   194462.130
  2355:   194502.130   194730.130   194762.130   194997.130   195266.130
  2360:   195415.120   195498.130   195716.130   195721.130   195864.120
  2365:   195966.130   196165.130   196170.130   196460.130   196727.130
  2370:   196769.130   196938.120   197004.740   197026.130   197042.130
  2375:   197187.540   197187.320   197187.330   197187.350   197187.240
  2380:   197187.120   197437.220   197437.230   197437.250   197437.340
  2385:   197581.120   197586.120   197685.130   197718.130   197786.130
  2390:   197959.130   198144.120   198225.130   198388.120   198496.130
  2395:   198688.130   198916.130   198953.130   198964.130   199309.130
  2400:   199313.130   199358.130   199364.130   199559.130   199588.130
  2405:   199870.130   199884.840   200169.640   200169.320   200169.330
  2410:   200169.350   200169.240   200169.130   200419.220   200419.230
  2415:   200419.250   200419.340   200582.120   200668.130   200673.130
  2420:   200680.130   200711.130   200744.130   200877.130   200918.130
  2425:   201099.120   201196.130   201294.130   201327.130   201576.130
  2430:   201754.120   201760.120   201835.130   201862.130   202094.130
  2435:   202297.130   202310.130   202607.130   202612.130   202725.120
  2440:   202814.130   202929.120   203021.130   203025.130   203059.130
  2445:   203063.130   203325.130   203762.130   203980.130   204260.130
  2450:   204295.130   204668.130   204758.120   204763.120   204859.130
  2455:   205103.130   205292.130   205298.130   205576.130   205819.840
  2460:   205914.640   205914.320   205914.330   205914.350   205914.240
  2465:   205914.130   205919.130   206164.220   206164.230   206164.250
  2470:   206164.340   206380.130   206385.130   206416.130   206519.130
  2475:   206524.130   206698.130   206703.130   206968.130   207187.130
  2480:   207224.130   207230.130   207410.130   207415.130   207442.130
  2485:   207730.130   207735.130   207770.130   207946.130   208219.130
  2490:   208224.130   208314.120   208545.130   208552.130   208564.840
  2495:   208768.640   208768.320   208768.330   208768.350   208768.240
  2500:   208768.130   208773.130   209018.220   209018.230   209018.250
  2505:   209018.340   209161.130   209344.130   209418.840   209508.640
  2510:   209508.320   209508.330   209508.350   209508.240   209508.130
  2515:   209758.220   209758.230   209758.250   209758.340   209929.130
  2520:   210107.130   210167.130   210329.130   210337.740   210419.540
  2525:   210419.320   210419.330   210419.350   210419.240   210419.120
  2530:   210669.220   210669.230   210669.250   210669.340   210950.130
  2535:   210954.130   210984.130   210994.130   211160.130   211167.130
  2540:   211407.130   211412.130   211504.120   211586.130   211786.130
  2545:   212063.130   212781.130   212812.130   213068.130   213076.130
  2550:   213388.130   213418.130   213715.130   213731.130   213802.120
  2555:   214079.130   214085.130   214316.130   214324.130   214400.120
  2560:   214405.120   214520.130   214846.130   214852.130   215031.130
  2565:   215655.130   215662.130   215932.130   215938.130   216144.130
  2570:   216408.130   216642.130   216956.130   217056.120   217147.130
  2575:   217155.130   217189.130   217363.130   217450.120   217455.120
  2580:   217654.130   217658.840   217659.640   217659.320   217659.330
  2585:   217659.350   217659.240   217659.130   217909.220   217909.230
  2590:   217909.250   217909.340   218066.120   218073.120   218157.130
  2595:   218162.130   218170.130   218196.130   218237.130   218341.130
  2600:   218347.130   218374.130   218416.130   218546.130   218552.130
  2605:   218645.120   218717.130   218750.130   218942.130   218947.130
  2610:   218991.130   219232.130   219238.130   219360.130   219613.130
  2615:   219617.130   219710.130   219715.130   219924.130   219930.130
  2620:   220054.130   220059.130   220093.130   220309.130   220548.130
  2625:   220553.130   220609.840   220720.640   220720.320   220720.330
  2630:   220720.350   220720.240   220720.130   220970.220   220970.230
  2635:   220970.250   220970.340   221118.120   221210.130   221215.130
  2640:   221320.120   221412.130   221418.130   221452.130   221550.130
  2645:   221593.130   221699.130   221733.130   221921.130   221934.130
  2650:   222076.120   222284.130   222468.120   222555.130   222590.130
  2655:   222714.130   222720.130   222752.130   222832.130   222862.130
  2660:   223079.130   223084.130   223118.130   223320.130   223417.120
  2665:   223655.120   223791.130   223870.840   224004.640   224004.320
  2670:   224004.330   224004.350   224004.240   224004.130   224254.220
  2675:   224254.230   224254.250   224254.340   224420.120   224426.120
  2680:   224507.130   224512.130   224627.130   224724.120   224730.120
  2685:   224874.130   225280.120   225286.120   225405.130   225471.130
  2690:   225573.130   225735.120   225862.120   225867.120   225973.130
  2695:   226136.130   226142.130   226175.130   226480.130   226485.130
  2700:   226616.130   226793.130   227074.130   227243.130   227248.130
  2705:   227464.130   227469.130   227634.130   227642.130   227677.130
  2710:   227889.130   227895.130   227931.130   228156.130   228161.130
  2715:   228581.130   228586.130   228682.120   228754.840   228778.640
  2720:   228778.320   228778.330   228778.350   228778.240   228778.130
  2725:   228783.130   229028.220   229028.230   229028.250   229028.340
  2730:   229317.130   229501.130   229506.130   229605.130   229609.130
  2735:   229647.130   229772.130   229810.130   229874.130   229879.130
  2740:   230001.130   230006.130   230162.120   230257.130   230261.130
  2745:   230517.130   230619.120   230701.130   230804.130   231001.130
  2750:   231005.130   231122.120   231215.130   231220.130   231403.130
  2755:   231408.130   231574.130   231729.120   231839.130   231849.130
  2760:   231921.130   231930.130   232041.130   232185.120   232284.130
  2765:   232442.120   232519.130   232528.840   232528.130   232790.640
  2770:   232790.320   232790.330   232790.350   232790.240   232790.130
  2775:   233040.220   233040.230   233040.250   233040.340   233262.130
  2780:   233584.130   233615.130   233640.840   233821.640   233821.320
  2785:   233821.330   233821.350   233821.240   233821.130   234071.220
  2790:   234071.230   234071.250   234071.340   234234.120   234240.120
  2795:   234271.840   234489.640   234489.320   234489.330   234489.350
  2800:   234489.240   234489.130   234739.220   234739.230   234739.250
  2805:   234739.340   234886.120   234965.130   234969.740   234999.130
  2810:   235006.130   235138.130   235319.130   235414.130   235576.130
  2815:   235877.130   236094.540   236094.320   236094.330   236094.350
  2820:   236094.240   236094.120   236344.220   236344.230   236344.250
  2825:   236344.340   236500.120   236505.120   236601.130   236607.130
  2830:   236741.130   236746.130   237012.120   237039.840   237086.640
  2835:   237086.320   237086.330   237086.350   237086.240   237086.130
  2840:   237102.130   237336.220   237336.230   237336.250   237336.340
  2845:   237678.120   237684.120   237766.130   237771.130   237882.120
  2850:   237977.130   237982.130   238016.130   238063.130   238136.840
  2855:   238254.640   238254.320   238254.330   238254.350   238254.240
  2860:   238254.130   238260.130   238504.220   238504.230   238504.250
  2865:   238504.340   238811.130   238816.130   238914.120   239005.130
  2870:   239271.130   239279.130   239496.130   239503.130   239617.130
  2875:   239622.130   239834.130   239839.130   239984.120   240056.130
  2880:   240064.130   240249.130   240405.120   240518.130   240522.130
  2885:   240675.130   240865.130   240870.130   241061.130   241282.130
  2890:   241287.130   241329.130   241336.130   241481.120   241567.130
  2895:   241904.840   241953.120   242030.640   242030.320   242030.330
  2900:   242030.350   242030.240   242030.130   242037.130   242280.220
  2905:   242280.230   242280.250   242280.340   242741.130   242746.130
  2910:   242867.130   242872.130   242980.840   243047.120   243146.640
  2915:   243146.320   243146.330   243146.350   243146.240   243146.130
  2920:   243151.130   243396.220   243396.230   243396.250   243396.340
  2925:   243725.120   243760.120   243766.120   243853.130   243888.130
  2930:   243982.130   243987.130   244128.120   244192.130   244198.130
  2935:   244231.130   244236.130   244603.130   244609.130   244725.130
  2940:   244934.130   244939.130   245107.120   245195.130   245297.130
  2945:   245303.130   245340.130   245546.130   245552.130   245584.130
  2950:   245805.130   245847.130   245880.130   246095.130   246100.130
  2955:   246171.130   246177.130   246254.130   246403.120   246521.130
  2960:   246526.130   246597.120   246695.130   246743.130   246796.840
  2965:   246865.640   246865.320   246865.330   246865.350   246865.240
  2970:   246865.130   247115.220   247115.230   247115.250   247115.340
  2975:   247569.130   247574.130   247618.130   247698.130   247704.130
  2980:   247909.130   248009.120   248014.120   248129.130   248263.130
  2985:   248880.130   249053.130   249172.130   249210.130   249294.130
  2990:   249329.130   249334.130   249573.130   249578.130   249690.130
  2995:   249953.130   249958.130   250115.840   250198.640   250198.320
  3000:   250198.330   250198.350   250198.240   250198.130   250213.130
  3005:   250448.220   250448.230   250448.250   250448.340   250742.130
  3010:   250840.120   250845.120   250926.130   250956.130   251126.130
  3015:   251132.130   251172.130   251179.130   251514.130   251519.130
  3020:   251812.120   251901.130   251906.130   252074.130   252176.120
  3025:   252373.130   252379.130   252527.120   252603.130   252607.130
  3030:   252615.130   252738.130   252743.130   252977.130   253023.130
  3035:   253029.130   253127.120   253195.130   253235.130   253443.130
  3040:   253449.130   253597.120   253686.130   253723.130   253970.130
  3045:   253975.130   254009.130   254047.130   254229.120   254368.130
  3050:   254465.120   254554.130   254678.130   254684.130   254916.130
  3055:   254930.130   254960.130   255109.120   255188.130   255221.130
  3060:   255344.740   255398.540   255398.320   255398.330   255398.350
  3065:   255398.240   255398.120   255648.220   255648.230   255648.250
  3070:   255648.340   255939.130   256253.120   256336.130   256342.130
  3075:   256372.130   256512.130   256542.130   256581.130   256587.130
  3080:   256701.130   256821.130   256854.130   257002.120   257097.130
  3085:   257144.130   257154.130   257225.130   257231.130   257340.130
  3090:   257345.130   257352.130   257624.130   257629.130   257749.130
  3095:   257753.130   257997.130   258003.130   258128.130   258132.130
  3100:   258328.130   258333.130   258434.130   258441.130   258477.130
  3105:   258548.840   258643.640   258643.320   258643.330   258643.350
  3110:   258643.240   258643.130   258648.130   258893.220   258893.230
  3115:   258893.250   258893.340   259120.130   259147.130   259479.130
  3120:   259603.120   259678.130   259778.130   259908.130   259939.130
  3125:   259981.130   259987.130   260172.130   260382.130   260394.130
  3130:   260432.130   260702.130   260707.130   260784.130   260943.120
  3135:   261050.130   261055.130   261184.120   261271.130   261395.120
  3140:   261401.120   261493.840   261502.640   261502.320   261502.330
  3145:   261502.350   261502.240   261502.130   261752.220   261752.230
  3150:   261752.250   261752.340   261885.120   261890.120   261977.130
  3155:   261981.130   262325.130   262330.130   262547.130   262587.130
  3160:   262594.130   262770.130   262777.130   262987.130   262995.130
  3165:   263280.130   263285.130   263378.120   263457.130   263487.130
  3170:   263644.130   263648.740   263687.130   263722.130   264149.130
  3175:   264155.130   264515.540   264515.320   264515.330   264515.350
  3180:   264515.240   264515.120   264522.120   264765.220   264765.230
  3185:   264765.250   264765.340   264874.120   264879.120   264979.130
  3190:   265191.130   265196.130   265529.130   265766.130   265771.130
  3195:   265869.130   265874.130   266111.130   266115.130   266352.840
  3200:   266369.640   266369.320   266369.330   266369.350   266369.240
  3205:   266369.130   266372.130   266619.220   266619.230   266619.250
  3210:   266619.340   266764.130   266769.130   266884.120   266979.130
  3215:   266983.130   267014.130   267144.130   267150.130   267156.130
  3220:   267365.130   267370.130   267409.130   267569.120   267644.130
  3225:   267649.130   267683.130   267835.130   267871.130   267877.130
  3230:   267977.120   267982.120   268228.130   268234.130   268275.130
  3235:   268516.130   268521.130   268731.130   268849.130   269070.130
  3240:   269098.130   269309.130   269483.120   269488.120   269577.130
  3245:   269708.130   269713.130   269950.130   269954.130   270298.130
  3250:   270479.130   270484.130   270682.120   270688.120   270719.840
  3255:   270798.640   270798.320   270798.330   270798.350   270798.240
  3260:   270798.130   270808.130   271048.220   271048.230   271048.250
  3265:   271048.340   271258.120   271263.120   271386.130   271392.130
  3270:   271423.130   271639.130   271643.130   271653.130   271681.130
  3275:   271830.120   271903.130   271909.130   272131.130   272136.130
  3280:   272263.130   272268.130   272474.130   272480.130   272690.130
  3285:   272813.130   272819.130   273054.130   273058.130   273231.130
  3290:   273265.130   273270.130   273513.130   273565.740   273635.130
  3295:   273913.130   274097.130   274103.130   274204.130   274209.130
  3300:   274395.130   274401.130   274430.130   274602.130   274607.130
  3305:   274784.130   274788.130   274824.130   274865.130   275035.130
  3310:   275039.130   275048.130   275263.130   275948.840   276108.640
  3315:   276108.320   276108.330   276108.350   276108.240   276108.130
  3320:   276358.220   276358.230   276358.250   276358.340   276647.540
  3325:   276647.320   276647.330   276647.350   276647.240   276647.120
  3330:   276652.120   276897.220   276897.230   276897.250   276897.340
  3335:   276997.740   277076.540   277076.320   277076.330   277076.350
  3340:   277076.240   277076.120   277081.120   277326.220   277326.230
  3345:   277326.250   277326.340   277476.120   277507.120   277512.120
  3350:   277519.120   277614.130   277618.130   277653.130   277743.130
  3355:   277884.120   277973.130   278094.130   278109.130   278283.130
  3360:   278297.130   278351.130   278491.130   278496.130   278530.130
  3365:   278642.130   278646.130   278679.130   278685.130   278800.130
  3370:   279056.120   279148.130   279153.130   279187.130   279223.130
  3375:   279229.130   279357.130   279501.130   279509.130   279638.130
  3380:   279850.130   279854.130   279985.130   280029.130   280121.120
  3385:   280344.130   280350.130   280530.120   280620.130   280822.130
  3390:   280827.130   281058.840   281147.640   281147.320   281147.330
  3395:   281147.350   281147.240   281147.130   281397.220   281397.230
  3400:   281397.250   281397.340   281740.120   281746.120   281830.130
  3405:   281936.130   281971.130   282048.130   282053.130   282172.130
  3410:   282180.130   282384.120   282515.130   282548.130   282713.130
  3415:   282926.740   282955.130   282961.130   282997.840   283105.540
  3420:   283105.320   283105.330   283105.350   283105.240   283105.120
  3425:   283110.120   283355.220   283355.230   283355.250   283355.340
  3430:   283489.120   283494.120   283587.640   283587.320   283587.330
  3435:   283587.350   283587.240   283587.130   283591.130   283837.220
  3440:   283837.230   283837.250   283837.340   283993.120   283998.120
  3445:   284225.120   284332.130   284336.130   284373.130   284381.130
  3450:   284417.130   284422.130   284505.130   284534.130   284542.130
  3455:   284643.130   284758.120   284865.130   284998.130   285002.130
  3460:   285119.130   285617.130   285647.130   285837.840   285840.640
  3465:   285840.320   285840.330   285840.350   285840.240   285840.130
  3470:   286090.220   286090.230   286090.250   286090.340   286222.120
  3475:   286227.120   286311.130   286317.130   286342.130   286451.130
  3480:   286591.120   286811.120   286882.130   286887.130   287028.120
  3485:   287111.130   287117.130   287474.120   287569.130   287573.130
  3490:   287607.130   287667.130   287823.120   287922.130   287926.130
  3495:   288090.840   288094.640   288094.320   288094.330   288094.350
  3500:   288094.240   288094.130   288102.130   288344.220   288344.230
  3505:   288344.250   288344.340   288473.120   288478.120   288561.130
  3510:   288566.130   288598.130   288636.130   288642.130   288800.130
  3515:   288806.130   289067.130   289072.130   289219.120   289305.130
  3520:   289310.130   289347.130   289565.130   289572.130   289718.120
  3525:   289744.840   289789.640   289789.320   289789.330   289789.350
  3530:   289789.240   289789.130   290039.220   290039.230   290039.250
  3535:   290039.340   290298.130   290414.130   290420.130   290639.840
  3540:   290683.640   290683.320   290683.330   290683.350   290683.240
  3545:   290683.130   290933.220   290933.230   290933.250   290933.340
  3550:   291169.130   291173.130   291210.130   291246.130   291250.130
  3555:   291286.130   291516.130   291617.120   291622.120   291698.130
  3560:   291810.130   291815.130   292028.130   292233.130   292378.120
  3565:   292598.120   292685.130   292849.130   292855.130   293085.130
  3570:   293250.130   293295.130   293377.130   293407.130   293673.130
  3575:   293679.130   293774.120   293873.130   293900.130   293992.120
  3580:   294078.130   294085.130   294256.130   294263.130   294299.130
  3585:   294741.130   294747.130   294965.130   295092.130   295155.740
  3590:   295313.130   295460.540   295460.320   295460.330   295460.350
  3595:   295460.240   295460.120   295710.220   295710.230   295710.250
  3600:   295710.340   295845.120   295940.130   295945.130   296040.130
  3605:   296046.130   296083.130   296090.130   296244.130   296250.130
  3610:   296406.130   296497.120   296608.130   296748.130   296753.130
  3615:   296782.130   296901.130   296906.130   297141.130   297147.130
  3620:   297233.840   297261.640   297261.320   297261.330   297261.350
  3625:   297261.240   297261.130   297511.220   297511.230   297511.250
  3630:   297511.340   297630.120   297724.130   297730.130   297933.120
  3635:   298141.130   298146.130   298329.120   298422.130   298427.130
  3640:   298643.130   298648.130   298681.130   298788.130   298815.130
  3645:   299030.130   299036.130   299185.120   299282.130   299385.120
  3650:   299466.130   299592.130   299598.130   299611.840   299811.640
  3655:   299811.320   299811.330   299811.350   299811.240   299811.130
  3660:   299827.130   300061.220   300061.230   300061.250   300061.340
  3665:   300237.120   300333.130   300337.130   300500.130   300730.130
  3670:   300756.130   300761.130   301028.130   301386.120   301458.130
  3675:   301463.130   301716.130   301721.130   301754.130   302018.130
  3680:   302051.130   302058.130   302099.130   302317.130   302461.840
  3685:   302549.640   302549.320   302549.330   302549.350   302549.240
  3690:   302549.130   302561.130   302799.220   302799.230   302799.250
  3695:   302799.340   302961.120   302967.120   303068.130   303084.130
  3700:   303216.130   303221.130   303263.130   303268.130   303424.130
  3705:   303428.130   303801.130   303831.130   303988.120   304064.130
  3710:   304097.130   304503.130   304899.840   304985.640   304985.320
  3715:   304985.330   304985.350   304985.240   304985.130   304991.130
  3720:   305235.220   305235.230   305235.250   305235.340   305463.130
  3725:   305469.130   305701.130   306027.130   306132.130   306348.130
  3730:   306505.130   306770.130   306782.130   306812.130   307083.130
  3735:   307088.130   307125.130   307226.130   307232.130   307438.130
  3740:   307444.130   307567.130   307571.130   307598.130   307605.130
  3745:   307710.740   307734.540   307734.320   307734.330   307734.350
  3750:   307734.240   307734.120   307984.220   307984.230   307984.250
  3755:   307984.340   308158.120   308164.120   308425.130   308637.130
  3760:   308751.130   308756.130   308791.130   309016.130   309035.840
  3765:   309110.120   309192.640   309192.320   309192.330   309192.350
  3770:   309192.240   309192.130   309442.220   309442.230   309442.250
  3775:   309442.340   309674.130   309678.130   309716.130   309784.740
  3780:   309807.130   309812.130   309971.540   309971.320   309971.330
  3785:   309971.350   309971.240   309971.120   310221.220   310221.230
  3790:   310221.250   310221.340   310349.120   310354.120   310442.840
  3795:   310473.640   310473.320   310473.330   310473.350   310473.240
  3800:   310473.130   310478.130   310723.220   310723.230   310723.250
  3805:   310723.340   310951.130   310955.130   311053.130   311061.130
  3810:   311325.130   311332.130   311490.130   311758.130   311763.130
  3815:   311880.130   311923.130   311963.130   312070.130   312198.130
  3820:   312206.130   312576.130   312720.120   312793.130   312798.130
  3825:   312828.130   312834.130   313137.130   313142.130   313410.120
  3830:   313518.130   313793.130   313798.130   313894.120   313972.130
  3835:   314179.130   314222.130   314336.130   314341.130   314523.840
  3840:   314596.640   314596.320   314596.330   314596.350   314596.240
  3845:   314596.130   314602.130   314846.220   314846.230   314846.250
  3850:   314846.340   314970.120   315090.130   315146.130   315179.130
  3855:   315219.130   315224.130   315302.130   315326.130   315617.130
  3860:   315945.120   316064.130   316102.130   316106.130   316214.120
  3865:   316299.130   316346.840   316413.120   316418.120   316488.640
  3870:   316488.320   316488.330   316488.350   316488.240   316488.130
  3875:   316495.130   316504.130   316738.220   316738.230   316738.250
  3880:   316738.340   317025.130   317155.130   317252.130   317296.130
  3885:   317569.120   317666.130   317671.130   317856.130   317862.130
  3890:   317901.130   318073.130   318292.130   318410.130   318808.130
  3895:   318851.130   319138.840   319400.120   319482.640   319482.320
  3900:   319482.330   319482.350   319482.240   319482.130   319521.740
  3905:   319732.220   319732.230   319732.250   319732.340   319986.130
  3910:   319991.130   320110.130   320115.130   320167.130   320505.130
  3915:   320632.840   320671.640   320671.320   320671.330   320671.350
  3920:   320671.240   320671.130   320921.220   320921.230   320921.250
  3925:   320921.340   321088.130   321249.130   321254.130   321419.540
  3930:   321419.320   321419.330   321419.350   321419.240   321419.120
  3935:   321669.220   321669.230   321669.250   321669.340   321831.120
  3940:   322117.130   322147.130   322271.130   322422.130   322540.130
  3945:   322546.130   322577.130   322721.840   322817.640   322817.320
  3950:   322817.330   322817.350   322817.240   322817.130   322822.130
  3955:   322832.130   323067.220   323067.230   323067.250   323067.340
  3960:   323200.120   323291.130   323384.130   323389.130   323667.130
  3965:   323819.130   323852.130   323958.130   324099.120   324319.120
  3970:   324401.130   324782.130   324788.130   325037.130   325169.740
  3975:   325272.130   325277.130   325305.130   325696.540   325696.320
  3980:   325696.330   325696.350   325696.240   325696.120   325946.220
  3985:   325946.230   325946.250   325946.340   326094.120   326167.840
  3990:   326234.640   326234.320   326234.330   326234.350   326234.240
  3995:   326234.130   326239.130   326484.220   326484.230   326484.250
  4000:   326484.340   326638.120   326643.120   326907.130   326912.130
  4005:   327087.120   327161.130   327184.840   327198.640   327198.320
  4010:   327198.330   327198.350   327198.240   327198.130   327448.220
  4015:   327448.230   327448.250   327448.340   327635.120   327741.130
  4020:   327827.130   327833.130   328023.120   328148.840   328356.640
  4025:   328356.320   328356.330   328356.350   328356.240   328356.130
  4030:   328370.130   328606.220   328606.230   328606.250   328606.340
  4035:   328760.130   328766.130   328863.120   328968.130   329102.130
  4040:   329346.130   329351.130   329385.130   329476.130   329579.130
  4045:   329724.120   329808.130   329927.130   329931.130   330180.130
  4050:   330318.120   330390.130   330397.130   330573.130   330577.130
  4055:   330610.130   330616.130   330795.130   331137.130   331248.130
  4060:   331254.130   331535.130   331542.130   331581.130   331588.130
  4065:   331629.130   331856.130   332076.130   332311.130   332506.840
  4070:   332550.120   332645.640   332645.320   332645.330   332645.350
  4075:   332645.240   332645.130   332895.220   332895.230   332895.250
  4080:   332895.340   333129.130   333170.130   333208.130   333214.130
  4085:   333358.120   333363.120   333427.130   333527.130   333532.130
  4090:   333694.120   333786.130   333790.130   333846.740   334022.130
  4095:   334271.130   334282.130   334295.840   334319.640   334319.320
  4100:   334319.330   334319.350   334319.240   334319.130   334569.220
  4105:   334569.230   334569.250   334569.340   334811.130   334815.130
  4110:   334923.130   334953.130   334959.130   335136.130   335140.130
  4115:   335260.540   335260.320   335260.330   335260.350   335260.240
  4120:   335260.120   335510.220   335510.230   335510.250   335510.340
  4125:   335667.120   335769.840   335783.640   335783.320   335783.330
  4130:   335783.350   335783.240   335783.130   336033.220   336033.230
  4135:   336033.250   336033.340   336279.120   336520.130   336525.130
  4140:   336623.130   336629.130   336655.130   336664.130   336978.120
  4145:   337091.130   337099.130   337247.120   337346.130   337354.130
  4150:   337388.130   337397.130   337544.130   337755.130   337762.130
  4155:   337987.130   338246.130   338251.130   338415.130   338421.130
  4160:   338619.130   338624.130   338864.130   338902.130   338910.130
  4165:   339135.130   339237.130   339243.130   339286.130   339357.120
  4170:   339470.130   339599.130   339604.130   339633.840   340046.640
  4175:   340046.320   340046.330   340046.350   340046.240   340046.130
  4180:   340061.130   340210.740   340296.220   340296.230   340296.250
  4185:   340296.340   340581.130   340613.130   340692.130   340699.130
  4190:   340815.130   340821.130   341001.540   341001.320   341001.330
  4195:   341001.350   341001.240   341001.120   341251.220   341251.230
  4200:   341251.250   341251.340   341296.840   341409.120   341414.120
  4205:   341532.640   341532.320   341532.330   341532.350   341532.240
  4210:   341532.130   341782.220   341782.230   341782.250   341782.340
  4215:   342029.120   342033.120   342152.130   342246.120   342343.130
  4220:   342357.130   342458.130   342488.130   342495.130   342624.130
  4225:   342720.130   342868.130   342995.120   343094.130   343099.130
  4230:   343182.840   343218.640   343218.320   343218.330   343218.350
  4235:   343218.240   343218.130   343468.220   343468.230   343468.250
  4240:   343468.340   343568.840   343594.120   343685.640   343685.320
  4245:   343685.330   343685.350   343685.240   343685.130   343690.130
  4250:   343935.220   343935.230   343935.250   343935.340   344251.740
  4255:   344296.130   344301.130   344469.130   344473.130   344512.130
  4260:   344703.130   344923.540   344923.320   344923.330   344923.350
  4265:   344923.240   344923.120   345173.220   345173.230   345173.250
  4270:   345173.340   345435.840   347259.640   347259.320   347259.330
  4275:   347259.350   347259.240   347259.130   347265.130   347509.220
  4280:   347509.230   347509.250   347509.340   347706.120   347712.120
  4285:   347749.120   347862.130   348053.130   348154.130   348160.130
  4290:   348190.130   348302.130   348306.130   348491.130   348497.130
  4295:   348881.120   348982.130   348987.130   349115.130   349121.130
  4300:   349362.120   349453.130   349458.130   349781.130   349785.130
  4305:   349939.130   349945.130   349980.130   350187.130   350192.130
  4310:   350503.130   350509.130   350546.130   350616.130   350621.130
  4315:   350819.130   350979.130   350985.130   351274.130   351278.130
  4320:   351407.130   351449.130   351455.130   351607.120   351716.130
  4325:   351909.840   351954.640   351954.320   351954.330   351954.350
  4330:   351954.240   351954.130   352204.220   352204.230   352204.250
  4335:   352204.340   352361.120   352434.130   352438.130   352473.130
  4340:   352479.130   352669.130   352773.120   352804.840   352850.640
  4345:   352850.320   352850.330   352850.350   352850.240   352850.130
  4350:   352858.130   353100.220   353100.230   353100.250   353100.340
  4355:   353352.130   353397.130   353433.130   353439.130   353590.130
  4360:   353628.130   353633.130   353839.120   353918.130   353948.130
  4365:   354130.130   354246.130   354278.130   354471.130   354476.130
  4370:   354700.840   354726.640   354726.320   354726.330   354726.350
  4375:   354726.240   354726.130   354976.220   354976.230   354976.250
  4380:   354976.340   355176.840   355283.640   355283.320   355283.330
  4385:   355283.350   355283.240   355283.130   355533.220   355533.230
  4390:   355533.250   355533.340   355698.120   355726.120   355732.120
  4395:   355821.130   355826.130   355943.130   356255.130   356622.130
  4400:   356633.840   356801.640   356801.320   356801.330   356801.350
  4405:   356801.240   356801.130   356806.130   357051.220   357051.230
  4410:   357051.250   357051.340   357237.120   357247.120   357367.130
  4415:   357545.130   357549.130   357724.130   357836.130   357866.130
  4420:   358105.130   358241.130   358338.130   358344.130   358376.130
  4425:   358532.120   358631.130   358742.130   358974.130   359051.840
  4430:   359180.640   359180.320   359180.330   359180.350   359180.240
  4435:   359180.130   359185.130   359430.220   359430.230   359430.250
  4440:   359430.340   359564.120   359682.130   359719.130   359724.130
  4445:   359733.130   359893.130   359898.130   360000.320   360000.330
  4450:   360000.350   360000.020
C:
     0:        0.000      554.000     2440.000       31.000      114.000
     5:        0.000
D:
     0:        0.000        0.000
L:
     0:      111.000      111.000      111.000
M:
     0:      900.000      901.000      902.000      903.000      904.000
     5:      905.000      906.000      907.000      908.000      909.000
    10:      910.000      911.000      912.000      913.000      914.000
    15:      915.000      916.000      917.000      918.000      919.000
    20:      920.000      921.000      922.000      923.000      924.000
    25:      925.000      926.000      927.000      928.000      929.000
    30:      930.000      931.000      932.000      933.000      934.000
    35:      935.000      936.000      937.000      938.000      939.000
    40:      940.000      941.000      942.000      943.000      944.000
    45:      945.000      946.000      947.000      948.000      949.000
    50:      950.000      951.000      952.000      953.000      954.000
    55:      955.000      956.000      957.000      958.000      959.000
    60:      960.000      961.000      962.000      963.000      964.000
    65:      965.000      966.000      967.000      968.000      969.000
    70:      970.000      971.000      972.000      973.000      974.000
    75:      975.000      976.000      977.000      978.000      979.000
    80:      980.000      981.000      982.000      983.000      984.000
    85:      985.000      986.000      987.000      988.000      989.000
    90:      990.000      991.000      992.000      993.000      994.000
    95:      995.000      996.000      997.000      998.000      999.000
   100:     1000.000     1001.000     1002.000     1003.000     1004.000
   105:     1005.000     1006.000     1007.000     1008.000     1009.000
   110:     1010.000     1011.000     1012.000     1013.000     1014.000
   115:     1015.000     1016.000     1017.000     1018.000     1019.000
   120:     1020.000     1021.000     1022.000     1023.000     1024.000
   125:     1025.000     1026.000     1027.000     1028.000     1029.000
   130:     1030.000     1031.000     1032.000     1033.000     1034.000
   135:     1035.000     1036.000     1037.000     1038.000     1039.000
   140:     1040.000     1041.000     1042.000     1043.000     1044.000
   145:     1045.000     1046.000     1047.000     1048.000     1049.000
   150:     1050.000     1051.000     1052.000     1053.000     1054.000
   155:     1055.000     1056.000     1057.000     1058.000     1059.000
   160:     1060.000     1061.000     1062.000     1063.000     1064.000
   165:     1065.000     1066.000     1067.000     1068.000     1069.000
   170:     1070.000     1071.000     1072.000     1073.000     1074.000
   175:     1075.000     1076.000     1077.000     1078.000     1079.000
   180:     1080.000     1081.000     1082.000     1083.000     1084.000
   185:     1085.000     1086.000     1087.000     1088.000     1089.000
   190:     1090.000     1091.000     1092.000     1093.000     1094.000
   195:     1095.000     1096.000     1097.000     1098.000     1099.000
   200:     1100.000     1101.000     1102.000     1103.000     1104.000
   205:     1105.000     1106.000     1107.000     1108.000     1109.000
   210:     1110.000     1111.000     1112.000     1113.000     1114.000
   215:     1115.000     1116.000     1117.000     1118.000     1119.000
   220:     1120.000     1121.000     1122.000     1123.000     1124.000
   225:     1125.000     1126.000     1127.000     1128.000     1129.000
   230:     1130.000     1131.000     1132.000     1133.000     1134.000
   235:     1135.000     1136.000     1137.000     1138.000     1139.000
   240:     1140.000     1141.000     1142.000     1143.000     1144.000
   245:     1145.000     1146.000     1147.000     1148.000     1149.000
   250:     1150.000     1151.000     1152.000     1153.000     1154.000
   255:     1155.000     1156.000     1157.000     1158.000     1159.000
   260:     1160.000     1161.000     1162.000     1163.000     1164.000
   265:     1165.000     1166.000     1167.000     1168.000     1169.000
   270:     1170.000     1171.000     1172.000     1173.000     1174.000
   275:     1175.000     1176.000     1177.000     1178.000     1179.000
   280:     1180.000     1181.000     1182.000     1183.000     1184.000
   285:     1185.000     1186.000     1187.000     1188.000     1189.000
   290:     1190.000     1191.000     1192.000     1193.000     1194.000
   295:     1195.000     1196.000     1197.000     1198.000     1199.000
   300:     1200.000     1201.000     1202.000     1203.000     1204.000
   305:     1205.000     1206.000     1207.000     1208.000     1209.000
   310:     1210.000     1211.000     1212.000     1213.000     1214.000
   315:     1215.000     1216.000     1217.000     1218.000     1219.000
   320:     1220.000     1221.000     1222.000     1223.000     1224.000
   325:     1225.000     1226.000     1227.000     1228.000     1229.000
   330:     1230.000     1231.000     1232.000     1233.000     1234.000
   335:     1235.000     1236.000     1237.000     1238.000     1239.000
   340:     1240.000     1241.000     1242.000     1243.000     1244.000
   345:     1245.000     1246.000     1247.000     1248.000     1249.000
   350:     1250.000     1251.000     1252.000     1253.000     1254.000
   355:     1255.000     1256.000     1257.000     1258.000     1259.000
   360:     1260.000     1261.000     1262.000     1263.000     1264.000
   365:     1265.000     1266.000     1267.000     1268.000     1269.000
   370:     1270.000     1271.000     1272.000     1273.000     1274.000
   375:     1275.000     1276.000     1277.000     1278.000     1279.000
   380:     1280.000     1281.000     1282.000     1283.000     1284.000
   385:     1285.000     1286.000     1287.000     1288.000     1289.000
   390:     1290.000     1291.000     1292.000     1293.000     1294.000
   395:     1295.000     1296.000     1297.000     1298.000     1299.000
   400:     1300.000     1301.000     1302.000     1303.000     1304.000
   405:     1305.000     1306.000     1307.000     1308.000     1309.000
   410:     1310.000     1311.000     1312.000     1313.000     1314.000
   415:     1315.000     1316.000     1317.000     1318.000     1319.000
   420:     1320.000     1321.000     1322.000     1323.000     1324.000
   425:     1325.000     1326.000     1327.000     1328.000     1329.000
   430:     1330.000     1331.000     1332.000     1333.000     1334.000
   435:     1335.000     1336.000     1337.000     1338.000     1339.000
   440:     1340.000     1341.000     1342.000     1343.000     1344.000
   445:     1345.000     1346.000     1347.000     1348.000     1349.000
   450:     1350.000     1351.000     1352.000     1353.000     1354.000
   455:     1355.000     1356.000     1357.000     1358.000     1359.000
   460:     1360.000     1361.000     1362.000     1363.000     1364.000
   465:     1365.000     1366.000     1367.000     1368.000     1369.000
   470:     1370.000     1371.000     1372.000     1373.000     1374.000
   475:     1375.000     1376.000     1377.000     1378.000     1379.000
   480:     1380.000     1381.000     1382.000     1383.000     1384.000
   485:     1385.000     1386.000     1387.000     1388.000     1389.000
   490:     1390.000     1391.000     1392.000     1393.000     1394.000
   495:     1395.000     1396.000     1397.000     1398.000     1399.000
   500:     1400.000     1401.000     1402.000     1403.000     1404.000
   505:     1405.000     1406.000     1407.000     1408.000     1409.000
   510:     1410.000     1411.000     1412.000     1413.000     1414.000
   515:     1415.000     1416.000     1417.000     1418.000     1419.000
   520:     1420.000     1421.000     1422.000     1423.000     1424.000
   525:     1425.000     1426.000     1427.000     1428.000     1429.000
   530:     1430.000     1431.000     1432.000     1433.000     1434.000
   535:     1435.000     1436.000     1437.000     1438.000     1439.000
   540:     1440.000     1441.000     1442.000     1443.000     1444.000
   545:     1445.000     1446.000     1447.000     1448.000     1449.000
   550:     1450.000     1451.000     1452.000     1453.000     1454.000
   555:     1455.000     1456.000     1457.000     1458.000     1459.000
   560:     1460.000     1461.000     1462.000     1463.000     1464.000
   565:     1465.000     1466.000     1467.000     1468.000     1469.000
   570:     1470.000     1471.000     1472.000     1473.000     1474.000
   575:     1475.000     1476.000     1477.000     1478.000     1479.000
   580:     1480.000     1481.000     1482.000     1483.000     1484.000
   585:     1485.000     1486.000     1487.000     1488.000     1489.000
   590:     1490.000     1491.000     1492.000     1493.000     1494.000
   595:     1495.000     1496.000     1497.000     1498.000     1499.000
   600:     1500.000
N:
     0:     3300.000     3301.000     3302.000     3303.000     3304.000
     5:     3305.000     3306.000     3307.000     3308.000     3309.000
    10:     3310.000     3311.000     3312.000     3313.000     3314.000
    15:     3315.000     3316.000     3317.000     3318.000     3319.000
    20:     3320.000     3321.000     3322.000     3323.000     3324.000
    25:     3325.000     3326.000     3327.000     3328.000     3329.000
    30:     3330.000     3331.000     3332.000     3333.000     3334.000
    35:     3335.000     3336.000     3337.000     3338.000     3339.000
    40:     3340.000     3341.000     3342.000     3343.000     3344.000
    45:     3345.000     3346.000     3347.000     3348.000     3349.000
    50:     3350.000     3351.000     3352.000     3353.000     3354.000
    55:     3355.000     3356.000     3357.000     3358.000     3359.000
    60:     3360.000     3361.000     3362.000     3363.000     3364.000
    65:     3365.000     3366.000     3367.000     3368.000     3369.000
    70:     3370.000     3371.000     3372.000     3373.000     3374.000
    75:     3375.000     3376.000     3377.000     3378.000     3379.000
    80:     3380.000     3381.000     3382.000     3383.000     3384.000
    85:     3385.000     3386.000     3387.000     3388.000     3389.000
    90:     3390.000     3391.000     3392.000     3393.000     3394.000
    95:     3395.000     3396.000     3397.000     3398.000     3399.000
   100:     3400.000     3401.000     3402.000     3403.000     3404.000
   105:     3405.000     3406.000     3407.000     3408.000     3409.000
   110:     3410.000     3411.000     3412.000     3413.000     3414.000
   115:     3415.000     3416.000     3417.000     3418.000     3419.000
   120:     3420.000     3421.000     3422.000     3423.000     3424.000
   125:     3425.000     3426.000     3427.000     3428.000     3429.000
   130:     3430.000     3431.000     3432.000     3433.000     3434.000
   135:     3435.000     3436.000     3437.000     3438.000     3439.000
   140:     3440.000     3441.000     3442.000     3443.000     3444.000
   145:     3445.000     3446.000     3447.000     3448.000     3449.000
   150:     3450.000     3451.000     3452.000     3453.000     3454.000
   155:     3455.000     3456.000     3457.000     3458.000     3459.000
   160:     3460.000     3461.000     3462.000     3463.000     3464.000
   165:     3465.000     3466.000     3467.000     3468.000     3469.000
   170:     3470.000     3471.000     3472.000     3473.000     3474.000
   175:     3475.000     3476.000     3477.000     3478.000     3479.000
   180:     3480.000     3481.000     3482.000     3483.000     3484.000
   185:     3485.000     3486.000     3487.000     3488.000     3489.000
   190:     3490.000     3491.000     3492.000     3493.000     3494.000
   195:     3495.000     3496.000     3497.000     3498.000     3499.000
   200:     3500.000     3501.000     3502.000     3503.000     3504.000
   205:     3505.000     3506.000     3507.000     3508.000     3509.000
   210:     3510.000     3511.000     3512.000     3513.000     3514.000
   215:     3515.000     3516.000     3517.000     3518.000     3519.000
   220:     3520.000     3521.000     3522.000     3523.000     3524.000
   225:     3525.000     3526.000     3527.000     3528.000     3529.000
   230:     3530.000     3531.000     3532.000     3533.000     3534.000
   235:     3535.000     3536.000     3537.000     3538.000     3539.000
   240:     3540.000     3541.000     3542.000     3543.000     3544.000
   245:     3545.000     3546.000     3547.000     3548.000     3549.000
   250:     3550.000     3551.000     3552.000     3553.000     3554.000
   255:     3555.000     3556.000     3557.000     3558.000     3559.000
   260:     3560.000     3561.000     3562.000     3563.000     3564.000
   265:     3565.000     3566.000     3567.000     3568.000     3569.000
   270:     3570.000     3571.000     3572.000     3573.000     3574.000
   275:     3575.000     3576.000     3577.000     3578.000     3579.000
   280:     3580.000     3581.000     3582.000     3583.000     3584.000
   285:     3585.000     3586.000     3587.000     3588.000     3589.000
   290:     3590.000     3591.000     3592.000     3593.000     3594.000
   295:     3595.000     3596.000     3597.000     3598.000     3599.000
   300:     3600.000     3601.000     3602.000     3603.000     3604.000
   305:     3605.000     3606.000     3607.000     3608.000     3609.000
   310:     3610.000     3611.000     3612.000     3613.000     3614.000
   315:     3615.000     3616.000     3617.000     3618.000     3619.000
   320:     3620.000     3621.000     3622.000     3623.000     3624.000
   325:     3625.000     3626.000     3627.000     3628.000     3629.000
   330:     3630.000     3631.000     3632.000     3633.000     3634.000
   335:     3635.000     3636.000     3637.000     3638.000     3639.000
   340:     3640.000     3641.000     3642.000     3643.000     3644.000
   345:     3645.000     3646.000     3647.000     3648.000     3649.000
   350:     3650.000     3651.000     3652.000     3653.000     3654.000
   355:     3655.000     3656.000     3657.000     3658.000     3659.000
   360:     3660.000     3661.000     3662.000     3663.000     3664.000
   365:     3665.000     3666.000     3667.000     3668.000     3669.000
   370:     3670.000     3671.000     3672.000     3673.000     3674.000
   375:     3675.000     3676.000     3677.000     3678.000     3679.000
   380:     3680.000     3681.000     3682.000     3683.000     3684.000
   385:     3685.000     3686.000     3687.000     3688.000     3689.000
   390:     3690.000     3691.000     3692.000     3693.000     3694.000
   395:     3695.000     3696.000     3697.000     3698.000     3699.000
   400:     3700.000     3701.000     3702.000     3703.000     3704.000
   405:     3705.000     3706.000     3707.000     3708.000     3709.000
   410:     3710.000     3711.000     3712.000     3713.000     3714.000
   415:     3715.000     3716.000     3717.000     3718.000     3719.000
   420:     3720.000     3721.000     3722.000     3723.000     3724.000
   425:     3725.000     3726.000     3727.000     3728.000     3729.000
   430:     3730.000     3731.000     3732.000     3733.000     3734.000
   435:     3735.000     3736.000     3737.000     3738.000     3739.000
   440:     3740.000     3741.000     3742.000     3743.000     3744.000
   445:     3745.000     3746.000     3747.000     3748.000     3749.000
   450:     3750.000     3751.000     3752.000     3753.000     3754.000
   455:     3755.000     3756.000     3757.000     3758.000     3759.000
   460:     3760.000     3761.000     3762.000     3763.000     3764.000
   465:     3765.000     3766.000     3767.000     3768.000     3769.000
   470:     3770.000     3771.000     3772.000     3773.000     3774.000
   475:     3775.000     3776.000     3777.000     3778.000     3779.000
   480:     3780.000     3781.000     3782.000     3783.000     3784.000
   485:     3785.000     3786.000     3787.000     3788.000     3789.000
   490:     3790.000     3791.000     3792.000     3793.000     3794.000
   495:     3795.000     3796.000     3797.000     3798.000     3799.000
   500:     3800.000     3801.000     3802.000     3803.000     3804.000
   505:     3805.000     3806.000     3807.000     3808.000     3809.000
   510:     3810.000     3811.000     3812.000     3813.000     3814.000
   515:     3815.000     3816.000     3817.000     3818.000     3819.000
   520:     3820.000     3821.000     3822.000     3823.000     3824.000
   525:     3825.000     3826.000     3827.000     3828.000     3829.000
   530:     3830.000     3831.000     3832.000     3833.000     3834.000
   535:     3835.000     3836.000     3837.000     3838.000     3839.000
   540:     3840.000     3841.000     3842.000     3843.000     3844.000
   545:     3845.000     3846.000     3847.000     3848.000     3849.000
   550:     3850.000     3851.000     3852.000     3853.000     3854.000
   555:     3855.000     3856.000     3857.000     3858.000     3859.000
   560:     3860.000     3861.000     3862.000     3863.000     3864.000
   565:     3865.000     3866.000     3867.000     3868.000     3869.000
   570:     3870.000     3871.000     3872.000     3873.000     3874.000
   575:     3875.000     3876.000     3877.000     3878.000     3879.000
   580:     3880.000     3881.000     3882.000     3883.000     3884.000
   585:     3885.000     3886.000     3887.000     3888.000     3889.000
   590:     3890.000     3891.000     3892.000     3893.000     3894.000
   595:     3895.000     3896.000     3897.000     3898.000     3899.000
   600:     3900.000     3901.000     3902.000     3903.000     3904.000
   605:     3905.000     3906.000     3907.000     3908.000     3909.000
   610:     3910.000     3911.000     3912.000     3913.000     3914.000
   615:     3915.000     3916.000     3917.000     3918.000     3919.000
   620:     3920.000     3921.000     3922.000     3923.000     3924.000
   625:     3925.000     3926.000     3927.000     3928.000     3929.000
   630:     3930.000     3931.000     3932.000     3933.000     3934.000
   635:     3935.000     3936.000     3937.000     3938.000     3939.000
   640:     3940.000     3941.000     3942.000     3943.000     3944.000
   645:     3945.000     3946.000     3947.000     3948.000     3949.000
   650:     3950.000     3951.000     3952.000     3953.000     3954.000
   655:     3955.000     3956.000     3957.000     3958.000     3959.000
   660:     3960.000     3961.000     3962.000     3963.000     3964.000
   665:     3965.000     3966.000     3967.000     3968.000     3969.000
   670:     3970.000     3971.000     3972.000     3973.000     3974.000
   675:     3975.000     3976.000     3977.000     3978.000     3979.000
   680:     3980.000     3981.000     3982.000     3983.000     3984.000
   685:     3985.000     3986.000     3987.000     3988.000     3989.000
   690:     3990.000     3991.000     3992.000     3993.000     3994.000
   695:     3995.000     3996.000     3997.000     3998.000     3999.000
   700:     4000.000     4001.000     4002.000     4003.000     4004.000
   705:     4005.000     4006.000     4007.000     4008.000     4009.000
   710:     4010.000     4011.000     4012.000     4013.000     4014.000
   715:     4015.000     4016.000     4017.000     4018.000     4019.000
   720:     4020.000     4021.000     4022.000     4023.000     4024.000
   725:     4025.000     4026.000     4027.000     4028.000     4029.000
   730:     4030.000     4031.000     4032.000     4033.000     4034.000
   735:     4035.000     4036.000     4037.000     4038.000     4039.000
   740:     4040.000     4041.000     4042.000     4043.000     4044.000
   745:     4045.000     4046.000     4047.000     4048.000     4049.000
   750:     4050.000     4051.000     4052.000     4053.000     4054.000
   755:     4055.000     4056.000     4057.000     4058.000     4059.000
   760:     4060.000     4061.000     4062.000     4063.000     4064.000
   765:     4065.000     4066.000     4067.000     4068.000     4069.000
   770:     4070.000     4071.000     4072.000     4073.000     4074.000
   775:     4075.000     4076.000     4077.000     4078.000     4079.000
   780:     4080.000     4081.000     4082.000     4083.000     4084.000
   785:     4085.000     4086.000     4087.000     4088.000     4089.000
   790:     4090.000     4091.000     4092.000     4093.000     4094.000
   795:     4095.000     4096.000     4097.000     4098.000     4099.000
   800:     4100.000     4101.000     4102.000     4103.000     4104.000
   805:     4105.000     4106.000     4107.000     4108.000     4109.000
   810:     4110.000     4111.000     4112.000     4113.000     4114.000
   815:     4115.000     4116.000     4117.000     4118.000     4119.000
   820:     4120.000     4121.000     4122.000     4123.000     4124.000
   825:     4125.000     4126.000     4127.000     4128.000     4129.000
   830:     4130.000     4131.000     4132.000     4133.000     4134.000
   835:     4135.000     4136.000     4137.000     4138.000     4139.000
   840:     4140.000     4141.000     4142.000     4143.000     4144.000
   845:     4145.000     4146.000     4147.000     4148.000     4149.000
   850:     4150.000     4151.000     4152.000     4153.000     4154.000
   855:     4155.000     4156.000     4157.000     4158.000     4159.000
   860:     4160.000     4161.000     4162.000     4163.000     4164.000
   865:     4165.000     4166.000     4167.000     4168.000     4169.000
   870:     4170.000     4171.000     4172.000     4173.000     4174.000
   875:     4175.000     4176.000     4177.000     4178.000     4179.000
   880:     4180.000     4181.000     4182.000     4183.000     4184.000
   885:     4185.000     4186.000     4187.000     4188.000     4189.000
   890:     4190.000     4191.000     4192.000     4193.000     4194.000
   895:     4195.000     4196.000     4197.000     4198.000     4199.000
   900:     4200.000     4201.000     4202.000     4203.000     4204.000
   905:     4205.000     4206.000     4207.000     4208.000     4209.000
   910:     4210.000     4211.000     4212.000     4213.000     4214.000
   915:     4215.000     4216.000     4217.000     4218.000     4219.000
   920:     4220.000     4221.000     4222.000     4223.000     4224.000
   925:     4225.000     4226.000     4227.000     4228.000     4229.000
   930:     4230.000     4231.000     4232.000     4233.000     4234.000
   935:     4235.000     4236.000     4237.000     4238.000     4239.000
   940:     4240.000     4241.000     4242.000     4243.000     4244.000
   945:     4245.000     4246.000     4247.000     4248.000     4249.000
   950:     4250.000     4251.000     4252.000     4253.000     4254.000
   955:     4255.000     4256.000     4257.000     4258.000     4259.000
   960:     4260.000     4261.000     4262.000     4263.000     4264.000
   965:     4265.000     4266.000     4267.000     4268.000     4269.000
   970:     4270.000     4271.000     4272.000     4273.000     4274.000
   975:     4275.000     4276.000     4277.000     4278.000     4279.000
   980:     4280.000     4281.000     4282.000     4283.000     4284.000
   985:     4285.000     4286.000     4287.000     4288.000     4289.000
   990:     4290.000     4291.000     4292.000     4293.000     4294.000
   995:     4295.000     4296.000     4297.000     4298.000     4299.000
  1000:     4300.000     4301.000     4302.000     4303.000     4304.000
  1005:     4305.000     4306.000     4307.000     4308.000     4309.000
  1010:     4310.000     4311.000     4312.000     4313.000     4314.000
  1015:     4315.000     4316.000     4317.000     4318.000     4319.000
  1020:     4320.000     4321.000     4322.000     4323.000     4324.000
  1025:     4325.000     4326.000     4327.000     4328.000     4329.000
  1030:     4330.000     4331.000     4332.000     4333.000     4334.000
  1035:     4335.000     4336.000     4337.000     4338.000     4339.000
  1040:     4340.000     4341.000     4342.000     4343.000     4344.000
  1045:     4345.000     4346.000     4347.000     4348.000     4349.000
  1050:     4350.000     4351.000     4352.000     4353.000     4354.000
  1055:     4355.000     4356.000     4357.000     4358.000     4359.000
  1060:     4360.000     4361.000     4362.000     4363.000     4364.000
  1065:     4365.000     4366.000     4367.000     4368.000     4369.000
  1070:     4370.000     4371.000     4372.000     4373.000     4374.000
  1075:     4375.000     4376.000     4377.000     4378.000     4379.000
  1080:     4380.000     4381.000     4382.000     4383.000     4384.000
  1085:     4385.000     4386.000     4387.000     4388.000     4389.000
  1090:     4390.000     4391.000     4392.000     4393.000     4394.000
  1095:     4395.000     4396.000     4397.000     4398.000     4399.000
  1100:     4400.000     4401.000     4402.000     4403.000     4404.000
  1105:     4405.000     4406.000     4407.000     4408.000     4409.000
  1110:     4410.000     4411.000     4412.000     4413.000     4414.000
  1115:     4415.000     4416.000     4417.000     4418.000     4419.000
  1120:     4420.000     4421.000     4422.000     4423.000     4424.000
  1125:     4425.000     4426.000     4427.000     4428.000     4429.000
  1130:     4430.000     4431.000     4432.000     4433.000     4434.000
  1135:     4435.000     4436.000     4437.000     4438.000     4439.000
  1140:     4440.000     4441.000     4442.000     4443.000     4444.000
  1145:     4445.000     4446.000     4447.000     4448.000     4449.000
  1150:     4450.000     4451.000     4452.000     4453.000     4454.000
  1155:     4455.000     4456.000     4457.000     4458.000     4459.000
  1160:     4460.000     4461.000     4462.000     4463.000     4464.000
  1165:     4465.000     4466.000     4467.000     4468.000     4469.000
  1170:     4470.000     4471.000     4472.000     4473.000     4474.000
  1175:     4475.000     4476.000     4477.000     4478.000     4479.000
  1180:     4480.000     4481.000     4482.000     4483.000     4484.000
  1185:     4485.000     4486.000     4487.000     4488.000     4489.000
  1190:     4490.000     4491.000     4492.000     4493.000     4494.000
  1195:     4495.000     4496.000     4497.000     4498.000     4499.000
  1200:     4500.000
R:
     0:      333.000      333.000      333.000
V:
     0:     1452.000     3969.000
W:
     0:     1452.000     3969.000
