File: C:\MED-PC IV\DATA\p736_s21_japede


Start Date: 07/17/17
End Date: 07/17/17
Subject: p736
Experiment: 0
Group: 0
Box: 6
Start Time: 15:45:53
End Time: 16:46:50
MSN: japede_L_90_90_90_R_30_30_30
B:       0.000
E:    3962.000
F:       0.000
G:       0.000
H:       0.000
I:       1.000
J:       1.000
K:       0.000
O:       0.000
P:       0.000
Q:       0.000
S:  360000.000
T:  360000.000
U:       0.000
X:       0.000
Y:       0.000
Z:       0.000
A:
     0:        0.010        0.250        0.220        0.230     1741.120
     5:     1789.120     2099.740     2129.540     2129.320     2129.330
    10:     2129.350     2129.240     2129.120     2379.220     2379.230
    15:     2379.250     2379.340     2712.130     2934.120     2976.120
    20:     3094.130     3140.130     3260.120     3375.130     3535.130
    25:     3667.120     3716.120     3825.130     4100.130     4235.120
    30:     4411.130     4538.130     4648.120     4748.130     5022.130
    35:     5173.120     5325.120     5358.120     5399.840     5508.640
    40:     5508.320     5508.330     5508.350     5508.240     5508.130
    45:     5758.220     5758.230     5758.250     5758.340     6605.120
    50:     6729.130     6985.120     7092.130     7385.120     7486.130
    55:     7529.130     7688.130     7958.130     8161.130     8415.130
    60:     8552.120     8586.120     8690.130     8958.840     8967.120
    65:     8998.120     9080.120     9116.120     9244.120     9280.120
    70:     9314.120     9448.640     9448.320     9448.330     9448.350
    75:     9448.240     9448.130     9698.220     9698.230     9698.250
    80:     9698.340     9951.130    10046.130    10183.120    10277.130
    85:    10379.130    10736.120    10770.120    10896.130    11083.130
    90:    11207.120    11315.130    11576.120    11660.130    12009.130
    95:    12137.120    12605.130    12796.130    13104.120    13207.130
   100:    13243.130    13366.120    13479.130    13784.120    13815.120
   105:    13844.120    13875.120    13995.130    14035.130    14249.130
   110:    14349.120    14390.120    14400.120    14779.130    14869.130
   115:    14908.130    15044.120    15145.130    15324.120    15435.130
   120:    15576.120    15675.130    15698.840    16189.120    16476.640
   125:    16476.320    16476.330    16476.350    16476.240    16476.130
   130:    16726.220    16726.230    16726.250    16726.340    16870.130
   135:    16969.120    17065.130    17161.130    17226.840    17280.120
   140:    17357.640    17357.320    17357.330    17357.350    17357.240
   145:    17357.130    17607.220    17607.230    17607.250    17607.340
   150:    17787.130    17984.130    18181.130    18375.130    18476.120
   155:    18848.130    18975.120    19080.130    19178.120    19256.130
   160:    19452.130    19551.130    19695.120    19728.120    19818.130
   165:    20005.120    20103.130    20279.130    20404.120    20504.130
   170:    20930.130    21060.120    21091.120    21168.130    21293.120
   175:    21307.840    21484.640    21484.320    21484.330    21484.350
   180:    21484.240    21484.130    21734.220    21734.230    21734.250
   185:    21734.340    21983.120    22014.120    22106.130    22149.130
   190:    22368.130    22463.120    22554.130    22647.120    22736.130
   195:    22867.130    22903.130    23203.120    23238.120    23275.120
   200:    23379.130    23474.130    23561.120    23650.130    23834.840
   205:    24066.640    24066.320    24066.330    24066.350    24066.240
   210:    24066.130    24316.220    24316.230    24316.250    24316.340
   215:    24502.130    24608.120    24641.120    24719.130    24760.130
   220:    24965.130    25060.130    25284.130    25401.130    25440.130
   225:    25634.130    25758.120    25805.120    26085.120    26120.120
   230:    26198.120    26230.120    26270.120    26373.130    26408.130
   235:    26448.130    26486.130    26596.130    26697.120    26791.130
   240:    26886.120    26966.130    27068.130    27190.120    27279.740
   245:    27549.130    27775.130    27881.540    27881.320    27881.330
   250:    27881.350    27881.240    27881.120    28131.220    28131.230
   255:    28131.250    28131.340    28298.130    28407.120    28416.840
   260:    28445.120    28547.640    28547.320    28547.330    28547.350
   265:    28547.240    28547.130    28797.220    28797.230    28797.250
   270:    28797.340    29016.120    29051.120    29470.130    29509.130
   275:    29554.130    29782.130    29797.840    29886.640    29886.320
   280:    29886.330    29886.350    29886.240    29886.130    30136.220
   285:    30136.230    30136.250    30136.340    30326.120    30363.120
   290:    30470.130    30507.130    30607.130    30696.120    30788.130
   295:    30879.130    30918.130    31266.130    31382.130    31515.120
   300:    31589.130    31718.130    31816.120    31824.120    32026.120
   305:    32213.130    32379.130    32587.130    32686.130    32795.120
   310:    32828.120    32925.120    32999.120    33097.130    33142.130
   315:    33206.130    33294.120    33375.130    33867.120    33877.120
   320:    33962.130    34071.120    34157.130    34194.130    34330.120
   325:    34436.840    34510.640    34510.320    34510.330    34510.350
   330:    34510.240    34510.130    34760.220    34760.230    34760.250
   335:    34760.340    34913.130    34955.130    35062.130    35162.120
   340:    35201.120    35307.130    35331.740    35346.130    35438.130
   345:    35569.540    35569.320    35569.330    35569.350    35569.240
   350:    35569.120    35819.220    35819.230    35819.250    35819.340
   355:    36023.130    36061.130    36135.130    36243.130    36347.120
   360:    36424.130    36513.130    36606.130    36776.130    36840.130
   365:    36875.130    37029.130    37063.130    37164.130    37245.120
   370:    37585.130    37636.130    37804.120    37935.130    37973.130
   375:    38011.130    38120.120    38153.120    38236.130    38279.130
   380:    38479.130    38517.130    38563.130    38705.120    38801.130
   385:    38900.130    39022.120    39128.130    39219.740    39220.130
   390:    39318.540    39318.320    39318.330    39318.350    39318.240
   395:    39318.120    39560.840    39568.220    39568.230    39568.250
   400:    39568.340    39730.120    39760.120    39858.640    39858.320
   405:    39858.330    39858.350    39858.240    39858.130    40108.220
   410:    40108.230    40108.250    40108.340    40292.130    40331.130
   415:    40381.130    40422.130    40519.130    40650.120    40662.120
   420:    40737.130    40917.120    40999.130    41085.120    41271.120
   425:    41376.130    41559.130    41595.130    41686.130    41809.120
   430:    42068.740    42154.130    42247.540    42247.320    42247.330
   435:    42247.350    42247.240    42247.120    42497.220    42497.230
   440:    42497.250    42497.340    42683.130    42903.130    42993.130
   445:    43079.120    43108.840    43261.120    43338.640    43338.320
   450:    43338.330    43338.350    43338.240    43338.130    43588.220
   455:    43588.230    43588.250    43588.340    43861.130    43961.130
   460:    44068.120    44101.120    44174.130    44291.130    44379.120
   465:    44470.120    44563.130    44649.130    44998.120    45197.740
   470:    45323.130    45480.540    45480.320    45480.330    45480.350
   475:    45480.240    45480.120    45730.220    45730.230    45730.250
   480:    45730.340    45881.130    45980.130    46080.120    46109.120
   485:    46195.130    46299.130    46392.130    46493.130    46617.120
   490:    46706.130    46799.130    46893.120    47216.120    47246.120
   495:    47288.840    47315.120    47349.120    47468.640    47468.320
   500:    47468.330    47468.350    47468.240    47468.130    47718.220
   505:    47718.230    47718.250    47718.340    47879.130    47994.120
   510:    48029.120    48113.130    48151.130    48246.120    48337.130
   515:    48381.130    48489.130    48607.130    48707.130    48804.120
   520:    48901.130    49229.120    49365.130    49536.120    49618.130
   525:    49653.130    49780.120    49863.130    50424.120    50520.130
   530:    50561.130    50662.120    50727.120    50806.130    50931.130
   535:    51029.120    51109.130    51213.130    51313.130    51771.130
   540:    51904.120    51997.130    52096.130    52210.120    52311.130
   545:    52412.130    52782.120    52815.120    52845.120    52885.120
   550:    53035.130    53134.130    53229.120    53263.120    53336.130
   555:    53421.130    53825.120    53918.130    53955.130    53991.130
   560:    54137.130    54183.130    54218.840    54231.640    54231.320
   565:    54231.330    54231.350    54231.240    54231.130    54481.220
   570:    54481.230    54481.250    54481.340    54672.130    54774.120
   575:    54812.120    54904.130    54943.130    55037.120    55081.840
   580:    55126.640    55126.320    55126.330    55126.350    55126.240
   585:    55126.130    55376.220    55376.230    55376.250    55376.340
   590:    55539.130    55702.120    55788.130    55843.130    55953.120
   595:    56052.130    56092.130    56200.130    56313.120    56818.120
   600:    56903.130    57003.130    57200.130    57300.130    57346.130
   605:    57647.130    57686.130    57930.740    58007.540    58007.320
   610:    58007.330    58007.350    58007.240    58007.120    58257.220
   615:    58257.230    58257.250    58257.340    58276.840    58432.640
   620:    58432.320    58432.330    58432.350    58432.240    58432.130
   625:    58682.220    58682.230    58682.250    58682.340    58957.130
   630:    59110.120    59189.130    59292.130    59432.120    59540.130
   635:    60014.130    60062.130    60342.120    60379.120    60479.130
   640:    60557.740    61140.130    61271.540    61271.320    61271.330
   645:    61271.350    61271.240    61271.120    61521.220    61521.230
   650:    61521.250    61521.340    61774.120    61920.130    61972.130
   655:    62072.130    62235.120    62314.120    62415.130    62465.130
   660:    62508.130    62621.130    62762.120    62795.120    62879.130
   665:    62990.130    63127.120    63355.120    63551.130    63668.130
   670:    63885.130    63932.130    64149.120    64178.120    64266.130
   675:    64624.130    64721.740    64951.540    64951.320    64951.330
   680:    64951.350    64951.240    64951.120    65201.220    65201.230
   685:    65201.250    65201.340    65301.740    65529.130    65639.540
   690:    65639.320    65639.330    65639.350    65639.240    65639.120
   695:    65889.220    65889.230    65889.250    65889.340    66084.130
   700:    66231.120    66282.840    66320.640    66320.320    66320.330
   705:    66320.350    66320.240    66320.130    66570.220    66570.230
   710:    66570.250    66570.340    66743.130    66770.840    66855.120
   715:    66890.120    66986.640    66986.320    66986.330    66986.350
   720:    66986.240    66986.130    67236.220    67236.230    67236.250
   725:    67236.340    67457.130    67576.120    67609.120    67695.130
   730:    67734.130    67921.120    68021.130    68126.120    68221.130
   735:    68264.130    68498.120    68535.120    68640.130    69285.120
   740:    69394.130    69500.130    69744.130    69790.130    69988.130
   745:    70169.120    70189.740    70299.130    70432.130    70436.840
   750:    70476.640    70476.320    70476.330    70476.350    70476.240
   755:    70476.130    70726.220    70726.230    70726.250    70726.340
   760:    70926.130    71136.130    71174.130    71301.130    71543.130
   765:    71581.130    71679.130    71808.130    71844.130    72154.130
   770:    72200.130    72344.540    72344.320    72344.330    72344.350
   775:    72344.240    72344.120    72594.220    72594.230    72594.250
   780:    72594.340    72763.120    72796.120    72916.130    72961.130
   785:    73066.130    73201.120    73226.840    73339.640    73339.320
   790:    73339.330    73339.350    73339.240    73339.130    73589.220
   795:    73589.230    73589.250    73589.340    73730.130    73773.130
   800:    73874.130    73979.120    74076.130    74116.130    74230.120
   805:    74337.130    74376.130    74558.120    74589.840    74640.640
   810:    74640.320    74640.330    74640.350    74640.240    74640.130
   815:    74890.220    74890.230    74890.250    74890.340    75320.120
   820:    75355.120    75438.130    75483.130    75593.130    75861.130
   825:    76183.120    76215.120    76255.120    76358.130    76448.120
   830:    76534.130    76574.130    76656.130    76703.130    77065.130
   835:    77105.130    77342.130    77381.130    77452.130    77633.130
   840:    77718.130    77756.130    77968.120    78003.120    78089.130
   845:    78264.130    78310.130    78466.120    78499.120    78579.130
   850:    78897.120    78929.120    78965.120    78996.120    79094.130
   855:    79193.130    79284.120    79442.120    79478.120    79580.130
   860:    79744.120    80099.130    80227.120    80331.130    80372.130
   865:    80486.120    80582.130    80671.130    80770.120    80884.130
   870:    81017.130    81542.120    81635.130    81727.130    81915.130
   875:    82078.120    82110.120    82148.120    82243.130    82294.740
   880:    82610.540    82610.320    82610.330    82610.350    82610.240
   885:    82610.120    82860.220    82860.230    82860.250    82860.340
   890:    83094.120    83125.120    83251.130    83347.130    83452.120
   895:    83483.120    83563.130    83704.130    83832.130    83938.120
   900:    84065.120    84189.130    84557.120    84593.120    84632.120
   905:    84664.120    84745.120    84776.120    84837.120    84896.120
   910:    84931.120    85068.130    85171.130    85278.120    85360.740
   915:    85417.130    85509.540    85509.320    85509.330    85509.350
   920:    85509.240    85509.120    85759.220    85759.230    85759.250
   925:    85759.340    85944.120    86049.130    86174.130    86314.120
   930:    86422.130    86473.130    86728.120    86767.120    86876.130
   935:    87074.130    87211.130    87252.130    87290.840    87703.640
   940:    87703.320    87703.330    87703.350    87703.240    87703.130
   945:    87953.220    87953.230    87953.250    87953.340    88128.130
   950:    88246.120    88367.130    88624.120    88751.130    88804.130
   955:    88897.120    89184.120    89298.130    89751.120    89784.120
   960:    89887.130    90459.740    90462.540    90462.320    90462.330
   965:    90462.350    90462.240    90462.120    90712.220    90712.230
   970:    90712.250    90712.340    90992.130    91469.120    91588.120
   975:    91686.130    91773.130    91991.120    92026.120    92154.130
   980:    92197.130    92389.130    92453.840    93126.120    93232.640
   985:    93232.320    93232.330    93232.350    93232.240    93232.130
   990:    93482.220    93482.230    93482.250    93482.340    93660.130
   995:    93760.130    93809.130    93978.120    94072.130    94122.130
  1000:    94316.130    94431.120    94440.120    94524.130    94737.130
  1005:    94743.130    94831.120    94988.120    95023.120    95135.130
  1010:    95438.120    95530.120    95773.130    95863.120    96204.130
  1015:    96336.120    96448.130    96515.130    96610.130    96778.120
  1020:    96788.120    96987.120    97150.120    97183.120    97219.120
  1025:    97323.130    97631.120    97667.120    97820.130    98019.120
  1030:    98148.130    98190.130    98357.120    98397.120    98485.130
  1035:    98729.130    98864.130    98900.130    99071.120    99102.120
  1040:    99192.130    99350.130    99599.120   100010.120   100046.120
  1045:   100082.120   100217.130   100261.130   100407.130   100679.120
  1050:   100716.120   100860.120   100896.120   101005.120   101040.120
  1055:   101149.120   101189.120   101220.120   101252.120   101284.120
  1060:   101385.120   101423.120   101473.120   101508.120   101538.120
  1065:   101669.120   101710.120   101797.120   101844.120   101971.130
  1070:   102016.130   102082.840   102122.640   102122.320   102122.330
  1075:   102122.350   102122.240   102122.130   102372.220   102372.230
  1080:   102372.250   102372.340   102797.130   102958.120   103066.130
  1085:   103072.840   103122.640   103122.320   103122.330   103122.350
  1090:   103122.240   103122.130   103372.220   103372.230   103372.250
  1095:   103372.340   103563.130   103608.130   103919.130   103965.130
  1100:   104073.120   104167.130   104374.120   104415.120   104545.130
  1105:   104586.130   104818.120   104926.130   105186.130   105225.130
  1110:   105752.130   105885.120   105986.130   106193.120   106225.120
  1115:   106362.130   106471.120   106519.120   106612.740   106631.130
  1120:   106734.130   106773.130   106885.540   106885.320   106885.330
  1125:   106885.350   106885.240   106885.120   107135.220   107135.230
  1130:   107135.250   107135.340   107305.130   107407.120   107444.120
  1135:   107566.130   107679.130   107908.130   108250.130   108288.130
  1140:   108393.120   108521.130   108723.120   108995.120   109069.120
  1145:   109104.120   109133.120   109250.120   109433.130   109567.120
  1150:   109574.120   109667.120   109794.130   109902.120   110278.130
  1155:   110400.120   110499.130   110599.130   110695.120   110920.130
  1160:   111030.120   111114.130   111208.120   111631.130   111772.840
  1165:   111824.640   111824.320   111824.330   111824.350   111824.240
  1170:   111824.130   112074.220   112074.230   112074.250   112074.340
  1175:   112371.120   112407.120   112484.130   112568.130   112665.130
  1180:   112703.130   112799.120   112882.130   112989.130   113132.130
  1185:   113239.120   113350.130   113453.120   113461.120   113579.130
  1190:   113618.130   113663.130   113757.120   113849.130   114280.120
  1195:   114314.120   114381.120   114413.120   114449.120   114593.130
  1200:   114690.120   114805.130   114849.130   114874.840   114972.120
  1205:   115013.120   115119.640   115119.320   115119.330   115119.350
  1210:   115119.240   115119.130   115369.220   115369.230   115369.250
  1215:   115369.340   115560.130   115653.120   115877.130   116173.130
  1220:   116369.840   116432.120   116526.640   116526.320   116526.330
  1225:   116526.350   116526.240   116526.130   116776.220   116776.230
  1230:   116776.250   116776.340   116924.130   117108.130   117203.120
  1235:   117288.130   117329.130   117558.120   117576.840   117690.640
  1240:   117690.320   117690.330   117690.350   117690.240   117690.130
  1245:   117940.220   117940.230   117940.250   117940.340   118196.130
  1250:   118329.120   118437.130   118544.130   118640.840   118642.640
  1255:   118642.320   118642.330   118642.350   118642.240   118642.130
  1260:   118892.220   118892.230   118892.250   118892.340   119072.130
  1265:   119202.120   119313.130   119353.130   119394.130   119584.130
  1270:   119892.840   119900.120   120011.640   120011.320   120011.330
  1275:   120011.350   120011.240   120011.130   120261.220   120261.230
  1280:   120261.250   120261.340   120425.120   120458.120   120565.130
  1285:   120604.130   120744.130   120963.120   121101.130   121300.130
  1290:   121339.130   121361.840   121551.640   121551.320   121551.330
  1295:   121551.350   121551.240   121551.130   121801.220   121801.230
  1300:   121801.250   121801.340   121901.840   122160.120   122511.640
  1305:   122511.320   122511.330   122511.350   122511.240   122511.130
  1310:   122761.220   122761.230   122761.250   122761.340   122947.130
  1315:   123034.120   123118.130   123242.120   123280.120   123288.120
  1320:   123423.130   123645.130   123688.130   123904.130   124183.120
  1325:   124217.120   124335.130   124345.130   124377.130   124512.120
  1330:   124561.840   124595.640   124595.320   124595.330   124595.350
  1335:   124595.240   124595.130   124845.220   124845.230   124845.250
  1340:   124845.340   125018.130   125120.120   125236.130   125330.120
  1345:   125411.130   125453.130   125537.130   125643.120   125732.130
  1350:   125770.130   125864.120   126079.120   126215.130   126414.130
  1355:   126455.130   126505.130   126647.120   126952.120   127112.130
  1360:   127209.130   127611.130   127800.130   127840.130   128125.130
  1365:   128295.120   128329.120   128345.120   128392.120   128433.120
  1370:   128550.130   128669.120   128775.130   128891.120   129028.130
  1375:   129130.120   129238.130   129338.120   129345.840   129536.120
  1380:   129737.120   129775.120   129811.120   129927.120   129965.120
  1385:   130090.640   130090.320   130090.330   130090.350   130090.240
  1390:   130090.130   130340.220   130340.230   130340.250   130340.340
  1395:   130551.130   130637.130   130640.840   130743.120   130844.640
  1400:   130844.320   130844.330   130844.350   130844.240   130844.130
  1405:   131094.220   131094.230   131094.250   131094.340   131314.130
  1410:   131359.130   131446.130   131567.120   131609.120   131719.130
  1415:   131765.130   131955.130   132064.130   132204.130   132320.120
  1420:   132544.130   132556.130   132594.130   132706.130   132877.120
  1425:   132966.130   133320.120   133357.120   133394.120   133513.130
  1430:   133627.120   133727.130   133865.130   133874.130   134043.130
  1435:   134082.130   134275.130   134705.120   134738.120   134857.130
  1440:   134963.130   135157.130   135261.120   135303.120   135417.130
  1445:   135468.130   135722.120   135893.120   135928.120   135960.120
  1450:   136145.120   136190.120   136332.130   136436.120   136537.130
  1455:   136641.120   136819.120   136979.120   137017.120   137065.120
  1460:   137108.120   137297.130   137335.740   137338.130   137537.130
  1465:   137676.540   137676.320   137676.330   137676.350   137676.240
  1470:   137676.120   137926.220   137926.230   137926.250   137926.340
  1475:   138094.840   138120.120   138296.120   138335.120   138368.120
  1480:   138416.120   138583.120   138627.120   138819.640   138819.320
  1485:   138819.330   138819.350   138819.240   138819.130   139069.220
  1490:   139069.230   139069.250   139069.340   139505.120   139650.130
  1495:   139692.130   139847.130   139959.130   140007.130   140120.130
  1500:   140219.120   140372.130   140480.120   140568.130   140621.130
  1505:   140753.120   140856.130   140899.130   140969.840   141002.120
  1510:   141094.640   141094.320   141094.330   141094.350   141094.240
  1515:   141094.130   141344.220   141344.230   141344.250   141344.340
  1520:   141548.120   141683.130   141718.130   141758.130   141834.130
  1525:   141938.120   142034.130   142151.120   142254.130   142362.120
  1530:   142444.130   142486.130   142584.120   142850.120   142887.120
  1535:   143025.130   143132.130   143308.130   143348.130   143602.120
  1540:   143720.130   143762.130   143851.120   143943.130   144256.130
  1545:   144463.120   144553.130   144730.130   144835.130   144945.120
  1550:   145174.120   145210.120   145308.120   145438.130   145536.120
  1555:   145631.130   145738.130   145915.130   145960.130   146064.120
  1560:   146183.130   146276.120   146433.120   146518.120   146627.130
  1565:   146805.130   146844.130   146948.120   146957.120   147049.130
  1570:   147147.120   147157.120   147310.120   147414.130   147458.130
  1575:   147604.130   147706.120   147944.840   148426.740   148530.540
  1580:   148530.320   148530.330   148530.350   148530.240   148530.120
  1585:   148780.220   148780.230   148780.250   148780.340   148949.120
  1590:   149064.640   149064.320   149064.330   149064.350   149064.240
  1595:   149064.130   149314.220   149314.230   149314.250   149314.340
  1600:   149499.120   149634.130   149679.130   149784.130   149882.120
  1605:   149980.130   150113.130   150208.120   150290.130   150390.130
  1610:   150479.120   150619.130   150661.130   150747.130   150835.120
  1615:   150924.130   151015.120   151104.130   151200.120   151214.840
  1620:   151291.640   151291.320   151291.330   151291.350   151291.240
  1625:   151291.130   151541.220   151541.230   151541.250   151541.340
  1630:   151775.130   151884.120   151919.120   152023.130   152154.130
  1635:   152251.120   152345.130   152503.130   152541.130   152702.130
  1640:   152808.130   153164.130   153356.130   153392.130   153479.120
  1645:   153566.130   153887.120   153918.120   154036.120   154066.120
  1650:   154184.130   154286.120   154367.130   154459.130   154495.130
  1655:   154759.130   154929.130   155028.120   155220.120   155266.120
  1660:   155441.840   155473.640   155473.320   155473.330   155473.350
  1665:   155473.240   155473.130   155723.220   155723.230   155723.250
  1670:   155723.340   155974.130   156022.130   156071.130   156174.130
  1675:   156263.120   156374.130   156467.130   156552.120   156652.130
  1680:   156750.120   156834.130   156919.120   157150.130   157299.120
  1685:   157425.130   157459.130   157711.120   157742.120   157925.120
  1690:   157999.130   158084.120   158166.130   158200.130   158342.120
  1695:   158589.120   158615.120   158748.130   158902.130   158987.120
  1700:   159075.130   159169.120   159337.120   159546.130   159633.120
  1705:   159719.130   159902.120   159977.130   160198.120   160286.130
  1710:   160412.130   160495.120   160680.740   160701.540   160701.320
  1715:   160701.330   160701.350   160701.240   160701.120   160951.220
  1720:   160951.230   160951.250   160951.340   161104.130   161278.130
  1725:   161369.130   161442.120   161647.120   161731.130   161765.130
  1730:   161857.120   161936.130   161966.130   162040.120   162051.740
  1735:   162381.540   162381.320   162381.330   162381.350   162381.240
  1740:   162381.120   162631.220   162631.230   162631.250   162631.340
  1745:   162810.130   162989.130   163143.130   163220.120   163312.130
  1750:   163408.120   163581.120   163704.130   163950.130   164040.120
  1755:   164288.120   164361.120   164514.130   164549.130   164617.130
  1760:   164717.120   164804.130   164892.120   164980.130   165066.130
  1765:   165144.120   165365.120   165402.120   165423.840   165491.120
  1770:   165587.640   165587.320   165587.330   165587.350   165587.240
  1775:   165587.130   165837.220   165837.230   165837.250   165837.340
  1780:   165991.120   166105.130   166271.120   166346.130   166476.120
  1785:   166579.130   166738.130   166867.120   167061.120   167088.120
  1790:   167382.120   167455.130   167606.130   167676.130   167737.840
  1795:   167738.120   167868.120   167974.640   167974.320   167974.330
  1800:   167974.350   167974.240   167974.130   168224.220   168224.230
  1805:   168224.250   168224.340   168375.120   168431.740   168499.130
  1810:   168632.130   168716.540   168716.320   168716.330   168716.350
  1815:   168716.240   168716.120   168966.220   168966.230   168966.250
  1820:   168966.340   169219.120   169244.120   169361.130   169455.130
  1825:   169632.120   169704.130   169824.840   169853.640   169853.320
  1830:   169853.330   169853.350   169853.240   169853.130   170066.740
  1835:   170103.220   170103.230   170103.250   170103.340   170719.130
  1840:   170829.540   170829.320   170829.330   170829.350   170829.240
  1845:   170829.120   171079.220   171079.230   171079.250   171079.340
  1850:   171468.120   171504.120   171731.130   171877.130   171995.120
  1855:   172074.130   172862.130   173149.130   173177.130   173267.120
  1860:   173441.130   173472.130   173702.130   173899.130   174248.130
  1865:   174282.130   174669.120   174912.130   174999.130   175151.130
  1870:   175239.120   175303.840   175334.640   175334.320   175334.330
  1875:   175334.350   175334.240   175334.130   175584.220   175584.230
  1880:   175584.250   175584.340   175842.130   175930.130   176022.130
  1885:   176101.120   176199.130   176284.130   176426.130   176510.120
  1890:   176516.120   176585.130   176843.120   176873.120   176965.130
  1895:   177113.130   177276.130   177326.130   177331.130   177340.130
  1900:   177436.120   177547.130   177555.130   177651.120   177805.120
  1905:   177837.120   177923.130   177979.740   178073.130   178106.130
  1910:   178170.130   178244.540   178244.320   178244.330   178244.350
  1915:   178244.240   178244.120   178494.220   178494.230   178494.250
  1920:   178494.340   178584.840   178637.120   178674.120   178750.640
  1925:   178750.320   178750.330   178750.350   178750.240   178750.130
  1930:   179000.220   179000.230   179000.250   179000.340   179160.130
  1935:   179228.130   179327.120   179419.130   179453.130   179631.130
  1940:   179668.130   179756.120   179919.120   180003.130   180127.130
  1945:   180218.120   180356.120   180454.130   180694.120   180726.120
  1950:   180853.130   180933.120   181011.130   181092.120   181101.120
  1955:   181175.130   181250.120   181371.120   181534.120   181562.120
  1960:   181700.840   181707.120   181825.640   181825.320   181825.330
  1965:   181825.350   181825.240   181825.130   182075.220   182075.230
  1970:   182075.250   182075.340   182213.130   182483.130   182562.120
  1975:   182638.130   182712.120   182796.130   182875.120   182994.120
  1980:   183071.130   183151.120   183229.130   183310.120   183393.130
  1985:   183470.120   183611.120   183643.120   183753.130   183843.120
  1990:   183924.130   183956.130   184041.120   184125.130   184156.130
  1995:   184352.120   184481.130   184640.130   184802.130   184882.120
  2000:   184970.130   185173.130   185408.130   185453.130   185626.130
  2005:   185660.130   185744.120   185791.120   185800.120   185870.130
  2010:   186041.130   186074.130   186248.130   186327.130   186394.120
  2015:   186487.130   186610.120   186769.120   186838.120   186964.130
  2020:   187061.130   187231.130   187264.130   187353.120   187432.130
  2025:   187509.120   187517.120   187611.130   187711.120   187919.120
  2030:   187953.120   188203.120   188303.130   188344.130   188394.740
  2035:   188416.130   188501.540   188501.320   188501.330   188501.350
  2040:   188501.240   188501.120   188751.220   188751.230   188751.250
  2045:   188751.340   188851.740   188907.130   189001.540   189001.320
  2050:   189001.330   189001.350   189001.240   189001.120   189251.220
  2055:   189251.230   189251.250   189251.340   189681.120   189715.120
  2060:   189809.130   189908.130   190084.130   190126.130   190219.120
  2065:   190310.130   190391.120   190486.130   190572.120   190582.120
  2070:   190698.130   190893.130   190991.120   191141.120   191234.130
  2075:   191268.130   191358.130   191488.120   191526.120   191609.130
  2080:   191792.130   191870.120   191978.130   192068.120   192275.840
  2085:   192306.120   192406.640   192406.320   192406.330   192406.350
  2090:   192406.240   192406.130   192656.220   192656.230   192656.250
  2095:   192656.340   192829.130   192929.120   192966.120   193047.130
  2100:   193136.130   193319.130   193731.130   193836.120   193856.840
  2105:   193867.120   193960.640   193960.320   193960.330   193960.350
  2110:   193960.240   193960.130   194210.220   194210.230   194210.250
  2115:   194210.340   194389.120   194418.120   194535.130   194572.130
  2120:   194682.130   194721.130   194764.130   194900.120   195003.130
  2125:   195044.130   195115.130   195303.130   195405.120   195410.840
  2130:   195512.640   195512.320   195512.330   195512.350   195512.240
  2135:   195512.130   195762.220   195762.230   195762.250   195762.340
  2140:   195986.130   196086.120   196180.130   196241.130   196362.120
  2145:   196450.130   196490.130   196662.130   196841.130   196878.130
  2150:   196963.130   197006.130   197105.120   197204.130   197262.840
  2155:   197390.120   197479.640   197479.320   197479.330   197479.350
  2160:   197479.240   197479.130   197729.220   197729.230   197729.250
  2165:   197729.340   198144.120   198178.120   198229.840   198366.640
  2170:   198366.320   198366.330   198366.350   198366.240   198366.130
  2175:   198551.740   198616.220   198616.230   198616.250   198616.340
  2180:   198841.540   198841.320   198841.330   198841.350   198841.240
  2185:   198841.120   199091.220   199091.230   199091.250   199091.340
  2190:   199300.120   199338.120   199443.130   199482.130   199595.130
  2195:   199726.120   199807.130   199853.130   199947.120   200034.130
  2200:   200238.130   200442.130   200538.120   200640.130   200734.120
  2205:   201155.130   201258.120   201294.120   201387.130   201426.130
  2210:   201549.120   201631.130   201762.120   201875.130   201920.130
  2215:   202007.120   202095.130   202191.130   202281.120   202312.120
  2220:   202393.130   202436.130   202571.130   202615.130   202715.120
  2225:   202794.130   202832.130   202931.120   203013.130   203050.130
  2230:   203222.130   203257.130   203355.120   203456.130   203491.130
  2235:   203516.840   203627.640   203627.320   203627.330   203627.350
  2240:   203627.240   203627.130   203877.220   203877.230   203877.250
  2245:   203877.340   204047.120   204080.120   204158.130   204257.130
  2250:   204442.130   204478.130   204630.130   204807.130   204899.120
  2255:   204977.840   204986.640   204986.320   204986.330   204986.350
  2260:   204986.240   204986.130   205236.220   205236.230   205236.250
  2265:   205236.340   205401.130   205512.120   205604.130   205709.130
  2270:   205750.130   205861.120   205985.130   206025.130   206036.840
  2275:   206204.640   206204.320   206204.330   206204.350   206204.240
  2280:   206204.130   206454.220   206454.230   206454.250   206454.340
  2285:   206554.840   206628.640   206628.320   206628.330   206628.350
  2290:   206628.240   206628.130   206878.220   206878.230   206878.250
  2295:   206878.340   207065.130   207105.130   207178.840   207204.120
  2300:   207292.640   207292.320   207292.330   207292.350   207292.240
  2305:   207292.130   207542.220   207542.230   207542.250   207542.340
  2310:   208152.130   208285.120   208385.130   208424.130   208520.120
  2315:   208625.130   208662.130   208771.130   208933.130   209103.130
  2320:   209196.120   209654.120   209689.120   209729.120   209835.130
  2325:   209874.130   209972.120   210063.130   210323.120   210422.130
  2330:   210457.130   210550.120   210630.130   210666.130   210742.130
  2335:   210781.130   210878.130   210975.120   211067.130   211224.130
  2340:   211256.130   211268.130   211428.130   211527.120   211621.130
  2345:   211632.130   211713.120   211814.130   212142.130   212183.130
  2350:   212227.130   212326.120   212410.130   212507.120   212618.130
  2355:   212653.130   212744.120   213022.120   213069.120   213345.120
  2360:   213374.120   213474.130   213513.130   213583.130   213671.120
  2365:   213744.130   213836.120   213909.130   214005.120   214082.130
  2370:   214134.130   214176.130   214358.120   214429.130   214773.120
  2375:   214821.120   215127.130   215166.130   215232.130   215322.120
  2380:   215416.130   215508.120   215597.130   215638.130   215732.120
  2385:   215824.130   215920.120   216003.130   216041.130   216138.120
  2390:   216180.120   216265.130   216360.120   216575.120   216614.120
  2395:   216646.120   216753.130   216853.120   217038.120   217134.130
  2400:   217170.130   217260.120   217337.130   217426.120   217618.120
  2405:   217655.120   217771.130   217811.130   217869.130   217965.120
  2410:   218056.130   218096.130   218370.120   218406.120   218504.130
  2415:   218677.130   218770.120   218860.130   219054.130   219148.120
  2420:   219315.120   219351.120   219472.130   219559.120   219722.120
  2425:   219791.130   220069.120   220190.130   220283.130   220319.130
  2430:   220461.130   220500.130   220590.130   220675.120   220806.120
  2435:   220841.120   220875.120   220906.120   221008.130   221042.840
  2440:   221091.740   221102.540   221102.320   221102.330   221102.350
  2445:   221102.240   221102.120   221352.220   221352.230   221352.250
  2450:   221352.340   221533.640   221533.320   221533.330   221533.350
  2455:   221533.240   221533.130   221783.220   221783.230   221783.250
  2460:   221783.340   222264.130   222357.120   222390.120   222555.130
  2465:   222715.130   222803.120   222877.130   222983.840   223056.640
  2470:   223056.320   223056.330   223056.350   223056.240   223056.130
  2475:   223306.220   223306.230   223306.250   223306.340   223587.130
  2480:   223682.130   223794.120   223885.130   223906.840   223925.640
  2485:   223925.320   223925.330   223925.350   223925.240   223925.130
  2490:   224175.220   224175.230   224175.250   224175.340   224275.840
  2495:   224353.640   224353.320   224353.330   224353.350   224353.240
  2500:   224353.130   224603.220   224603.230   224603.250   224603.340
  2505:   224957.120   224987.120   225031.120   225102.130   225138.130
  2510:   225178.130   225364.130   225438.130   225475.130   225569.130
  2515:   225746.130   225844.120   225948.130   225983.130   226069.130
  2520:   226258.130   226358.120   226435.130   226669.130   226903.840
  2525:   226982.640   226982.320   226982.330   226982.350   226982.240
  2530:   226982.130   227232.220   227232.230   227232.250   227232.340
  2535:   227388.130   227575.130   227611.130   227649.130   227847.130
  2540:   227944.120   228025.130   228062.130   228220.130   228255.130
  2545:   228410.130   228442.130   228540.120   228622.130   228658.130
  2550:   228763.130   228886.130   229170.120   229387.120   229542.130
  2555:   229704.130   229756.130   229897.130   229952.740   229995.540
  2560:   229995.320   229995.330   229995.350   229995.240   229995.120
  2565:   230032.840   230245.220   230245.230   230245.250   230245.340
  2570:   230441.640   230441.320   230441.330   230441.350   230441.240
  2575:   230441.130   230691.220   230691.230   230691.250   230691.340
  2580:   230922.120   230956.120   231066.130   231104.130   231194.130
  2585:   231394.130   231437.130   231537.120   231630.130   231726.120
  2590:   231817.130   231904.120   231996.130   232039.130   232112.130
  2595:   232203.120   232305.130   232401.130   232482.120   232579.130
  2600:   232679.120   232745.740   232867.540   232867.320   232867.330
  2605:   232867.350   232867.240   232867.120   233117.220   233117.230
  2610:   233117.250   233117.340   233397.130   233590.130   233661.130
  2615:   233726.130   233834.120   233927.130   233967.130   234074.120
  2620:   234150.130   234372.130   234459.120   234534.130   234644.120
  2625:   234737.130   234922.130   235015.120   235179.120   235211.120
  2630:   235243.120   235391.840   235394.640   235394.320   235394.330
  2635:   235394.350   235394.240   235394.130   235644.220   235644.230
  2640:   235644.250   235644.340   235885.130   235921.130   236005.120
  2645:   236038.120   236105.130   236117.740   236144.130   236247.130
  2650:   236509.130   236602.540   236602.320   236602.330   236602.350
  2655:   236602.240   236602.120   236619.120   236852.220   236852.230
  2660:   236852.250   236852.340   237030.130   237083.130   237178.120
  2665:   237187.120   237257.130   237342.120   237434.130   237528.130
  2670:   237616.120   237652.740   237714.130   237861.130   238023.130
  2675:   238145.130   238202.130   238289.540   238289.320   238289.330
  2680:   238289.350   238289.240   238289.120   238539.220   238539.230
  2685:   238539.250   238539.340   238694.130   238730.130   238816.130
  2690:   238938.120   239037.130   239133.130   239281.130   239468.130
  2695:   239997.120   240034.120   240077.120   240289.120   240392.130
  2700:   240486.120   240575.130   240808.120   240917.130   241009.130
  2705:   241345.120   241563.130   241653.120   241762.130   241909.120
  2710:   241953.120   242084.130   242127.130   242144.840   242266.640
  2715:   242266.320   242266.330   242266.350   242266.240   242266.130
  2720:   242516.220   242516.230   242516.250   242516.340   242639.740
  2725:   242775.130   242902.540   242902.320   242902.330   242902.350
  2730:   242902.240   242902.120   243152.220   243152.230   243152.250
  2735:   243152.340   243345.120   243384.120   243534.120   243561.120
  2740:   243669.130   243761.130   243947.130   244128.130   244221.120
  2745:   244252.740   244294.130   244453.130   244550.540   244550.320
  2750:   244550.330   244550.350   244550.240   244550.120   244800.220
  2755:   244800.230   244800.250   244800.340   244991.130   245029.130
  2760:   245220.130   245477.130   245635.130   245674.130   245882.130
  2765:   246162.120   246321.130   246496.130   246579.120   246674.130
  2770:   246744.120   246909.120   246989.130   247309.120   247381.130
  2775:   247471.120   247544.130   247626.120   247703.130   247818.130
  2780:   247934.120   248026.130   248114.120   248258.120   248287.120
  2785:   248350.120   248462.130   248549.120   248623.130   248656.130
  2790:   248744.130   248849.120   248999.120   249032.120   249064.120
  2795:   249152.130   249311.130   249379.120   249474.130   249638.130
  2800:   249719.120   250039.130   250074.130   250177.130   250269.120
  2805:   250366.130   250403.130   250496.120   250616.840   250685.120
  2810:   250758.120   250859.640   250859.320   250859.330   250859.350
  2815:   250859.240   250859.130   251109.220   251109.230   251109.250
  2820:   251109.340   251209.840   251312.640   251312.320   251312.330
  2825:   251312.350   251312.240   251312.130   251562.220   251562.230
  2830:   251562.250   251562.340   251772.130   251871.120   251904.120
  2835:   251986.130   252023.130   252185.120   252243.120   252333.130
  2840:   252372.130   252451.120   252483.120   252562.840   252689.120
  2845:   252728.120   252819.640   252819.320   252819.330   252819.350
  2850:   252819.240   252819.130   253069.220   253069.230   253069.250
  2855:   253069.340   253222.130   253400.130   253571.130   253617.130
  2860:   253682.130   253769.840   253816.640   253816.320   253816.330
  2865:   253816.350   253816.240   253816.130   254066.220   254066.230
  2870:   254066.250   254066.340   254221.130   254383.130   254425.130
  2875:   254594.120   254697.130   254788.120   254866.840   254878.640
  2880:   254878.320   254878.330   254878.350   254878.240   254878.130
  2885:   255128.220   255128.230   255128.250   255128.340   255329.130
  2890:   255425.120   255460.120   255536.130   255800.130   255837.130
  2895:   256005.130   256193.130   256483.120   256519.120   256615.130
  2900:   256651.130   256818.130   256855.130   256920.130   257111.130
  2905:   257200.740   257325.540   257325.320   257325.330   257325.350
  2910:   257325.240   257325.120   257575.220   257575.230   257575.250
  2915:   257575.340   257838.120   257871.120   257968.130   258428.840
  2920:   259375.740   260442.640   260442.320   260442.330   260442.350
  2925:   260442.240   260442.130   260692.220   260692.230   260692.250
  2930:   260692.340   260992.840   262253.640   262253.320   262253.330
  2935:   262253.350   262253.240   262253.130   262503.220   262503.230
  2940:   262503.250   262503.340   262792.130   263107.130   263560.130
  2945:   264007.130   264158.130   264503.840   267320.640   267320.320
  2950:   267320.330   267320.350   267320.240   267320.130   267570.220
  2955:   267570.230   267570.250   267570.340   267867.130   267908.130
  2960:   268035.130   268207.130   268306.130   268382.130   268536.130
  2965:   268549.130   268612.130   268805.540   268805.320   268805.330
  2970:   268805.350   268805.240   268805.120   269055.220   269055.230
  2975:   269055.250   269055.340   269278.130   269470.840   269641.640
  2980:   269641.320   269641.330   269641.350   269641.240   269641.130
  2985:   269891.220   269891.230   269891.250   269891.340   270111.130
  2990:   270166.130   270291.840   270308.640   270308.320   270308.330
  2995:   270308.350   270308.240   270308.130   270558.220   270558.230
  3000:   270558.250   270558.340   270760.130   270901.130   271247.130
  3005:   271293.130   271371.130   271415.130   271542.130   271584.130
  3010:   271661.130   271708.130   271853.120   271885.120   272013.130
  3015:   272256.130   272300.130   272342.130   272489.130   272534.130
  3020:   272726.120   272764.120   272854.130   272895.130   273053.130
  3025:   273061.130   273127.130   273263.120   273369.130   273449.130
  3030:   273665.130   273895.130   273939.130   274309.130   274418.120
  3035:   274463.120   274583.130   274623.130   274760.130   274858.840
  3040:   274869.640   274869.320   274869.330   274869.350   274869.240
  3045:   274869.130   275119.220   275119.230   275119.250   275119.340
  3050:   275349.130   275493.120   275600.130   275643.130   275710.130
  3055:   275827.130   275877.130   275981.130   276193.130   276230.130
  3060:   276278.130   276388.130   276555.740   276564.130   276740.130
  3065:   276786.130   276912.130   276951.130   277163.130   277200.130
  3070:   277381.130   277561.130   277773.130   277812.130   278006.130
  3075:   278054.130   278231.130   278416.130   278610.130   278734.130
  3080:   278846.540   278846.320   278846.330   278846.350   278846.240
  3085:   278846.120   279096.220   279096.230   279096.250   279096.340
  3090:   279420.120   279519.130   279625.130   279811.130   279854.130
  3095:   279959.130   280209.130   280249.130   280363.130   280401.130
  3100:   280583.120   280683.130   280720.130   280849.130   280987.130
  3105:   281086.120   281205.130   281342.120   281470.130   281648.130
  3110:   281691.130   282139.120   282219.840   282229.120   282354.120
  3115:   282415.120   282540.640   282540.320   282540.330   282540.350
  3120:   282540.240   282540.130   282790.220   282790.230   282790.250
  3125:   282790.340   283162.120   283418.120   283454.120   283615.120
  3130:   283696.740   283826.540   283826.320   283826.330   283826.350
  3135:   283826.240   283826.120   284076.220   284076.230   284076.250
  3140:   284076.340   284275.130   284388.120   284492.130   284534.130
  3145:   284608.130   284658.130   284771.120   284804.120   284885.130
  3150:   284890.840   285000.120   285101.640   285101.320   285101.330
  3155:   285101.350   285101.240   285101.130   285351.220   285351.230
  3160:   285351.250   285351.340   285584.120   285615.120   285778.120
  3165:   285968.120   285995.120   286152.120   286314.120   286593.120
  3170:   286633.120   286997.120   287035.120   287075.120   287229.120
  3175:   287604.120   287914.120   287956.120   288062.120   288196.120
  3180:   288363.120   288402.120   288698.120   288731.120   288956.120
  3185:   289000.120   289034.120   289184.120   289222.120   289397.120
  3190:   289451.840   289569.120   289614.120   289721.120   290341.120
  3195:   290453.120   290642.120   290810.120   290966.120   291227.120
  3200:   291264.120   291419.120   291454.120   291583.120   291766.120
  3205:   291893.120   292153.120   292192.120   292280.120   292318.120
  3210:   292352.120   292394.120   292807.120   292914.120   292981.120
  3215:   293186.120   293232.120   293329.120   293483.120   293662.120
  3220:   293740.120   293786.120   293935.120   294085.120   294127.120
  3225:   294244.120   294356.120   294525.120   294581.120   294762.120
  3230:   294769.120   294887.120   295215.120   295345.120   295393.120
  3235:   295450.120   295493.120   295537.120   295963.120   296010.120
  3240:   296049.120   296167.120   296386.120   296520.120   296643.120
  3245:   296691.120   296727.120   297122.120   297227.120   297269.120
  3250:   297418.120   297535.120   297663.120   297909.120   298068.120
  3255:   298106.120   298397.120   299003.120   299051.120   299187.120
  3260:   299223.120   299365.120   299405.120   299526.120   299782.120
  3265:   299823.120   299987.120   300029.120   300138.120   300234.120
  3270:   300277.120   300403.120   300500.120   300622.120   300789.120
  3275:   300932.120   300966.120   301139.120   301522.120   301567.120
  3280:   301862.120   302155.120   302442.120   302484.120   302560.120
  3285:   302603.120   302641.120   302898.120   303013.120   303111.120
  3290:   303149.120   303290.120   303398.120   303593.120   303634.120
  3295:   303747.120   303872.120   303982.120   304260.120   304291.120
  3300:   304429.120   304622.120   304782.120   304817.120   304860.120
  3305:   305562.120   305598.120   305676.740   305718.540   305718.320
  3310:   305718.330   305718.350   305718.240   305718.120   305968.220
  3315:   305968.230   305968.250   305968.340   306139.120   306229.120
  3320:   306338.120   306768.120   306808.120   306847.120   306963.120
  3325:   307005.120   307080.120   307167.120   307204.120   307267.120
  3330:   307415.120   307592.120   307636.120   307682.120   308197.120
  3335:   308232.120   308394.120   308626.120   308667.120   308702.120
  3340:   308752.120   308886.120   309258.120   309301.120   309441.640
  3345:   309441.320   309441.330   309441.350   309441.240   309441.130
  3350:   309691.220   309691.230   309691.250   309691.340   309852.130
  3355:   309896.130   309938.130   309986.130   310064.130   310173.120
  3360:   310282.130   310291.840   310321.640   310321.320   310321.330
  3365:   310321.350   310321.240   310321.130   310571.220   310571.230
  3370:   310571.250   310571.340   310786.130   310891.130   311003.120
  3375:   311111.130   311150.130   311192.130   311240.130   311336.130
  3380:   311547.130   311600.130   311700.130   311812.130   311821.130
  3385:   311871.840   311986.640   311986.320   311986.330   311986.350
  3390:   311986.240   311986.130   312236.220   312236.230   312236.250
  3395:   312236.340   312401.130   312495.130   312536.840   312540.640
  3400:   312540.320   312540.330   312540.350   312540.240   312540.130
  3405:   312790.220   312790.230   312790.250   312790.340   313062.130
  3410:   313166.120   313257.130   313294.130   313338.130   313428.120
  3415:   313529.130   313624.130   313631.130   313668.130   313766.130
  3420:   313790.840   313856.640   313856.320   313856.330   313856.350
  3425:   313856.240   313856.130   314106.220   314106.230   314106.250
  3430:   314106.340   314364.120   314635.120   314752.120   314783.120
  3435:   314819.120   314902.120   315078.120   315180.120   315306.120
  3440:   315553.120   315743.120   315870.120   316561.120   316692.120
  3445:   316906.840   317030.120   317396.120   317425.120   318047.120
  3450:   318491.120   318597.120   318966.640   318966.320   318966.330
  3455:   318966.350   318966.240   318966.130   319216.220   319216.230
  3460:   319216.250   319216.340   319386.130   319476.120   319566.130
  3465:   319603.130   319714.130   319818.120   319859.120   319870.120
  3470:   319942.130   319976.130   320017.130   320116.120   320215.130
  3475:   320216.840   320252.640   320252.320   320252.330   320252.350
  3480:   320252.240   320252.130   320502.220   320502.230   320502.250
  3485:   320502.340   320794.130   320934.120   321044.130   321068.740
  3490:   321080.130   321118.130   321302.840   321317.640   321317.320
  3495:   321317.330   321317.350   321317.240   321317.130   321567.220
  3500:   321567.230   321567.250   321567.340   321795.130   321897.540
  3505:   321897.320   321897.330   321897.350   321897.240   321897.120
  3510:   321967.840   322147.220   322147.230   322147.250   322147.340
  3515:   322470.640   322470.320   322470.330   322470.350   322470.240
  3520:   322470.130   322720.220   322720.230   322720.250   322720.340
  3525:   322952.130   322992.130   323159.130   323193.130   323253.130
  3530:   323381.120   323499.130   323535.130   323717.130   323752.130
  3535:   323968.130   324002.130   324100.130   324365.130   324452.130
  3540:   324547.130   324698.130   324782.130   324981.130   325014.130
  3545:   325187.130   325488.130   325522.130   325530.130   325639.130
  3550:   325745.120   325827.130   325862.130   326032.130   326068.130
  3555:   326107.130   326191.120   326286.130   326320.840   326324.640
  3560:   326324.320   326324.330   326324.350   326324.240   326324.130
  3565:   326574.220   326574.230   326574.250   326574.340   326792.130
  3570:   326882.120   326983.130   327023.130   327057.130   327074.840
  3575:   327228.640   327228.320   327228.330   327228.350   327228.240
  3580:   327228.130   327478.220   327478.230   327478.250   327478.340
  3585:   327901.130   327937.130   328000.130   328092.130   328204.120
  3590:   328282.130   328457.120   328578.130   328698.120   328764.130
  3595:   328891.120   328981.130   329064.130   329238.130   329330.130
  3600:   329441.120   329531.130   329566.130   329756.120   330115.130
  3605:   330150.130   330301.130   330492.130   330663.130   330842.130
  3610:   331293.130   331373.130   331627.130   331739.130   331829.120
  3615:   331947.740   331953.130   332168.130   332313.540   332313.320
  3620:   332313.330   332313.350   332313.240   332313.120   332563.220
  3625:   332563.230   332563.250   332563.340   332900.120   332936.120
  3630:   332947.120   333051.130   333092.130   333191.130   333372.130
  3635:   333574.130   333610.130   333705.120   333878.840   333980.640
  3640:   333980.320   333980.330   333980.350   333980.240   333980.130
  3645:   334230.220   334230.230   334230.250   334230.340   334363.740
  3650:   334405.130   334498.540   334498.320   334498.330   334498.350
  3655:   334498.240   334498.120   334748.220   334748.230   334748.250
  3660:   334748.340   334919.130   335032.130   335130.120   335237.130
  3665:   335273.130   335362.130   335453.130   335546.120   335585.120
  3670:   335661.130   335753.130   335818.130   336008.130   336041.130
  3675:   336150.120   336232.130   336273.130   336383.130   336467.120
  3680:   336564.130   336606.130   336616.130   336651.130   336757.120
  3685:   336853.130   336937.120   337029.130   337247.130   337283.130
  3690:   337354.130   337429.120   337521.130   337559.130   337682.130
  3695:   337781.120   338017.120   338030.840   338151.640   338151.320
  3700:   338151.330   338151.350   338151.240   338151.130   338401.220
  3705:   338401.230   338401.250   338401.340   338707.120   338748.120
  3710:   338837.130   339037.130   339158.120   339260.130   339304.130
  3715:   339510.130   339606.130   339777.130   339934.130   340124.130
  3720:   340534.130   340598.130   340697.120   340789.130   340986.130
  3725:   341083.120   341189.130   341353.130   341443.120   341536.130
  3730:   341628.130   341666.130   341675.130   341770.130   341826.130
  3735:   341835.130   341923.120   342001.840   342023.640   342023.320
  3740:   342023.330   342023.350   342023.240   342023.130   342273.220
  3745:   342273.230   342273.250   342273.340   342516.120   342602.130
  3750:   342694.130   342809.130   342909.120   342941.120   343018.130
  3755:   343060.130   343188.120   343270.130   343303.130   343399.120
  3760:   343481.130   343572.130   343658.120   343752.130   344042.130
  3765:   344225.130   344750.130   344847.120   344877.120   344975.130
  3770:   345017.130   345099.130   345173.840   345243.120   345348.640
  3775:   345348.320   345348.330   345348.350   345348.240   345348.130
  3780:   345598.220   345598.230   345598.250   345598.340   345949.130
  3785:   345983.130   346086.120   346118.120   346217.130   346252.130
  3790:   346355.130   346574.120   346663.130   346704.130   346852.120
  3795:   346944.130   347037.130   347200.130   347237.130   347368.130
  3800:   347544.130   347641.120   347743.130   347898.840   347933.640
  3805:   347933.320   347933.330   347933.350   347933.240   347933.130
  3810:   348148.740   348183.220   348183.230   348183.250   348183.340
  3815:   348511.540   348511.320   348511.330   348511.350   348511.240
  3820:   348511.120   348761.220   348761.230   348761.250   348761.340
  3825:   348883.840   348970.640   348970.320   348970.330   348970.350
  3830:   348970.240   348970.130   349220.220   349220.230   349220.250
  3835:   349220.340   349695.130   349974.120   350006.120   350086.130
  3840:   350118.130   350158.130   350339.130   350400.130   350512.130
  3845:   350692.120   350830.130   351110.120   351151.120   351287.130
  3850:   351327.130   351415.120   351504.130   351540.130   351635.130
  3855:   351677.130   351775.120   351858.130   351896.130   352034.120
  3860:   352067.120   352172.130   352277.130   352377.120   352500.130
  3865:   352552.130   352668.120   352753.130   352785.130   352905.120
  3870:   352999.130   353020.840   353038.640   353038.320   353038.330
  3875:   353038.350   353038.240   353038.130   353049.130   353288.220
  3880:   353288.230   353288.250   353288.340   353441.130   353801.120
  3885:   353896.130   353941.130   354023.130   354123.120   354158.120
  3890:   354238.130   354338.130   354445.120   354531.130   354565.130
  3895:   354747.130   354783.130   354909.120   355083.130   355118.130
  3900:   355254.120   355351.130   355466.120   355542.130   355792.130
  3905:   355829.130   355865.130   355957.120   356026.130   356127.120
  3910:   356248.130   356441.130   356612.130   356824.130   356988.840
  3915:   357242.640   357242.320   357242.330   357242.350   357242.240
  3920:   357242.130   357492.220   357492.230   357492.250   357492.340
  3925:   357823.130   357918.120   358024.130   358064.130   358163.120
  3930:   358207.120   358285.130   358320.130   358362.130   358462.130
  3935:   358589.120   358680.130   358721.130   358767.130   358809.130
  3940:   358965.130   359002.130   359108.120   359150.120   359226.130
  3945:   359264.130   359432.120   359503.130   359681.130   359761.740
  3950:   359777.130   359863.540   359863.320   359863.330   359863.350
  3955:   359863.240   359863.120   360000.320   360000.330   360000.350
  3960:   360000.020
C:
     0:        0.000     1095.000     1482.000       42.000       96.000
     5:        0.000
D:
     0:        0.000        0.000
L:
     0:      111.000      111.000      111.000
M:
     0:      900.000      901.000      902.000      903.000      904.000
     5:      905.000      906.000      907.000      908.000      909.000
    10:      910.000      911.000      912.000      913.000      914.000
    15:      915.000      916.000      917.000      918.000      919.000
    20:      920.000      921.000      922.000      923.000      924.000
    25:      925.000      926.000      927.000      928.000      929.000
    30:      930.000      931.000      932.000      933.000      934.000
    35:      935.000      936.000      937.000      938.000      939.000
    40:      940.000      941.000      942.000      943.000      944.000
    45:      945.000      946.000      947.000      948.000      949.000
    50:      950.000      951.000      952.000      953.000      954.000
    55:      955.000      956.000      957.000      958.000      959.000
    60:      960.000      961.000      962.000      963.000      964.000
    65:      965.000      966.000      967.000      968.000      969.000
    70:      970.000      971.000      972.000      973.000      974.000
    75:      975.000      976.000      977.000      978.000      979.000
    80:      980.000      981.000      982.000      983.000      984.000
    85:      985.000      986.000      987.000      988.000      989.000
    90:      990.000      991.000      992.000      993.000      994.000
    95:      995.000      996.000      997.000      998.000      999.000
   100:     1000.000     1001.000     1002.000     1003.000     1004.000
   105:     1005.000     1006.000     1007.000     1008.000     1009.000
   110:     1010.000     1011.000     1012.000     1013.000     1014.000
   115:     1015.000     1016.000     1017.000     1018.000     1019.000
   120:     1020.000     1021.000     1022.000     1023.000     1024.000
   125:     1025.000     1026.000     1027.000     1028.000     1029.000
   130:     1030.000     1031.000     1032.000     1033.000     1034.000
   135:     1035.000     1036.000     1037.000     1038.000     1039.000
   140:     1040.000     1041.000     1042.000     1043.000     1044.000
   145:     1045.000     1046.000     1047.000     1048.000     1049.000
   150:     1050.000     1051.000     1052.000     1053.000     1054.000
   155:     1055.000     1056.000     1057.000     1058.000     1059.000
   160:     1060.000     1061.000     1062.000     1063.000     1064.000
   165:     1065.000     1066.000     1067.000     1068.000     1069.000
   170:     1070.000     1071.000     1072.000     1073.000     1074.000
   175:     1075.000     1076.000     1077.000     1078.000     1079.000
   180:     1080.000     1081.000     1082.000     1083.000     1084.000
   185:     1085.000     1086.000     1087.000     1088.000     1089.000
   190:     1090.000     1091.000     1092.000     1093.000     1094.000
   195:     1095.000     1096.000     1097.000     1098.000     1099.000
   200:     1100.000     1101.000     1102.000     1103.000     1104.000
   205:     1105.000     1106.000     1107.000     1108.000     1109.000
   210:     1110.000     1111.000     1112.000     1113.000     1114.000
   215:     1115.000     1116.000     1117.000     1118.000     1119.000
   220:     1120.000     1121.000     1122.000     1123.000     1124.000
   225:     1125.000     1126.000     1127.000     1128.000     1129.000
   230:     1130.000     1131.000     1132.000     1133.000     1134.000
   235:     1135.000     1136.000     1137.000     1138.000     1139.000
   240:     1140.000     1141.000     1142.000     1143.000     1144.000
   245:     1145.000     1146.000     1147.000     1148.000     1149.000
   250:     1150.000     1151.000     1152.000     1153.000     1154.000
   255:     1155.000     1156.000     1157.000     1158.000     1159.000
   260:     1160.000     1161.000     1162.000     1163.000     1164.000
   265:     1165.000     1166.000     1167.000     1168.000     1169.000
   270:     1170.000     1171.000     1172.000     1173.000     1174.000
   275:     1175.000     1176.000     1177.000     1178.000     1179.000
   280:     1180.000     1181.000     1182.000     1183.000     1184.000
   285:     1185.000     1186.000     1187.000     1188.000     1189.000
   290:     1190.000     1191.000     1192.000     1193.000     1194.000
   295:     1195.000     1196.000     1197.000     1198.000     1199.000
   300:     1200.000     1201.000     1202.000     1203.000     1204.000
   305:     1205.000     1206.000     1207.000     1208.000     1209.000
   310:     1210.000     1211.000     1212.000     1213.000     1214.000
   315:     1215.000     1216.000     1217.000     1218.000     1219.000
   320:     1220.000     1221.000     1222.000     1223.000     1224.000
   325:     1225.000     1226.000     1227.000     1228.000     1229.000
   330:     1230.000     1231.000     1232.000     1233.000     1234.000
   335:     1235.000     1236.000     1237.000     1238.000     1239.000
   340:     1240.000     1241.000     1242.000     1243.000     1244.000
   345:     1245.000     1246.000     1247.000     1248.000     1249.000
   350:     1250.000     1251.000     1252.000     1253.000     1254.000
   355:     1255.000     1256.000     1257.000     1258.000     1259.000
   360:     1260.000     1261.000     1262.000     1263.000     1264.000
   365:     1265.000     1266.000     1267.000     1268.000     1269.000
   370:     1270.000     1271.000     1272.000     1273.000     1274.000
   375:     1275.000     1276.000     1277.000     1278.000     1279.000
   380:     1280.000     1281.000     1282.000     1283.000     1284.000
   385:     1285.000     1286.000     1287.000     1288.000     1289.000
   390:     1290.000     1291.000     1292.000     1293.000     1294.000
   395:     1295.000     1296.000     1297.000     1298.000     1299.000
   400:     1300.000     1301.000     1302.000     1303.000     1304.000
   405:     1305.000     1306.000     1307.000     1308.000     1309.000
   410:     1310.000     1311.000     1312.000     1313.000     1314.000
   415:     1315.000     1316.000     1317.000     1318.000     1319.000
   420:     1320.000     1321.000     1322.000     1323.000     1324.000
   425:     1325.000     1326.000     1327.000     1328.000     1329.000
   430:     1330.000     1331.000     1332.000     1333.000     1334.000
   435:     1335.000     1336.000     1337.000     1338.000     1339.000
   440:     1340.000     1341.000     1342.000     1343.000     1344.000
   445:     1345.000     1346.000     1347.000     1348.000     1349.000
   450:     1350.000     1351.000     1352.000     1353.000     1354.000
   455:     1355.000     1356.000     1357.000     1358.000     1359.000
   460:     1360.000     1361.000     1362.000     1363.000     1364.000
   465:     1365.000     1366.000     1367.000     1368.000     1369.000
   470:     1370.000     1371.000     1372.000     1373.000     1374.000
   475:     1375.000     1376.000     1377.000     1378.000     1379.000
   480:     1380.000     1381.000     1382.000     1383.000     1384.000
   485:     1385.000     1386.000     1387.000     1388.000     1389.000
   490:     1390.000     1391.000     1392.000     1393.000     1394.000
   495:     1395.000     1396.000     1397.000     1398.000     1399.000
   500:     1400.000     1401.000     1402.000     1403.000     1404.000
   505:     1405.000     1406.000     1407.000     1408.000     1409.000
   510:     1410.000     1411.000     1412.000     1413.000     1414.000
   515:     1415.000     1416.000     1417.000     1418.000     1419.000
   520:     1420.000     1421.000     1422.000     1423.000     1424.000
   525:     1425.000     1426.000     1427.000     1428.000     1429.000
   530:     1430.000     1431.000     1432.000     1433.000     1434.000
   535:     1435.000     1436.000     1437.000     1438.000     1439.000
   540:     1440.000     1441.000     1442.000     1443.000     1444.000
   545:     1445.000     1446.000     1447.000     1448.000     1449.000
   550:     1450.000     1451.000     1452.000     1453.000     1454.000
   555:     1455.000     1456.000     1457.000     1458.000     1459.000
   560:     1460.000     1461.000     1462.000     1463.000     1464.000
   565:     1465.000     1466.000     1467.000     1468.000     1469.000
   570:     1470.000     1471.000     1472.000     1473.000     1474.000
   575:     1475.000     1476.000     1477.000     1478.000     1479.000
   580:     1480.000     1481.000     1482.000     1483.000     1484.000
   585:     1485.000     1486.000     1487.000     1488.000     1489.000
   590:     1490.000     1491.000     1492.000     1493.000     1494.000
   595:     1495.000     1496.000     1497.000     1498.000     1499.000
   600:     1500.000
N:
     0:     3300.000     3301.000     3302.000     3303.000     3304.000
     5:     3305.000     3306.000     3307.000     3308.000     3309.000
    10:     3310.000     3311.000     3312.000     3313.000     3314.000
    15:     3315.000     3316.000     3317.000     3318.000     3319.000
    20:     3320.000     3321.000     3322.000     3323.000     3324.000
    25:     3325.000     3326.000     3327.000     3328.000     3329.000
    30:     3330.000     3331.000     3332.000     3333.000     3334.000
    35:     3335.000     3336.000     3337.000     3338.000     3339.000
    40:     3340.000     3341.000     3342.000     3343.000     3344.000
    45:     3345.000     3346.000     3347.000     3348.000     3349.000
    50:     3350.000     3351.000     3352.000     3353.000     3354.000
    55:     3355.000     3356.000     3357.000     3358.000     3359.000
    60:     3360.000     3361.000     3362.000     3363.000     3364.000
    65:     3365.000     3366.000     3367.000     3368.000     3369.000
    70:     3370.000     3371.000     3372.000     3373.000     3374.000
    75:     3375.000     3376.000     3377.000     3378.000     3379.000
    80:     3380.000     3381.000     3382.000     3383.000     3384.000
    85:     3385.000     3386.000     3387.000     3388.000     3389.000
    90:     3390.000     3391.000     3392.000     3393.000     3394.000
    95:     3395.000     3396.000     3397.000     3398.000     3399.000
   100:     3400.000     3401.000     3402.000     3403.000     3404.000
   105:     3405.000     3406.000     3407.000     3408.000     3409.000
   110:     3410.000     3411.000     3412.000     3413.000     3414.000
   115:     3415.000     3416.000     3417.000     3418.000     3419.000
   120:     3420.000     3421.000     3422.000     3423.000     3424.000
   125:     3425.000     3426.000     3427.000     3428.000     3429.000
   130:     3430.000     3431.000     3432.000     3433.000     3434.000
   135:     3435.000     3436.000     3437.000     3438.000     3439.000
   140:     3440.000     3441.000     3442.000     3443.000     3444.000
   145:     3445.000     3446.000     3447.000     3448.000     3449.000
   150:     3450.000     3451.000     3452.000     3453.000     3454.000
   155:     3455.000     3456.000     3457.000     3458.000     3459.000
   160:     3460.000     3461.000     3462.000     3463.000     3464.000
   165:     3465.000     3466.000     3467.000     3468.000     3469.000
   170:     3470.000     3471.000     3472.000     3473.000     3474.000
   175:     3475.000     3476.000     3477.000     3478.000     3479.000
   180:     3480.000     3481.000     3482.000     3483.000     3484.000
   185:     3485.000     3486.000     3487.000     3488.000     3489.000
   190:     3490.000     3491.000     3492.000     3493.000     3494.000
   195:     3495.000     3496.000     3497.000     3498.000     3499.000
   200:     3500.000     3501.000     3502.000     3503.000     3504.000
   205:     3505.000     3506.000     3507.000     3508.000     3509.000
   210:     3510.000     3511.000     3512.000     3513.000     3514.000
   215:     3515.000     3516.000     3517.000     3518.000     3519.000
   220:     3520.000     3521.000     3522.000     3523.000     3524.000
   225:     3525.000     3526.000     3527.000     3528.000     3529.000
   230:     3530.000     3531.000     3532.000     3533.000     3534.000
   235:     3535.000     3536.000     3537.000     3538.000     3539.000
   240:     3540.000     3541.000     3542.000     3543.000     3544.000
   245:     3545.000     3546.000     3547.000     3548.000     3549.000
   250:     3550.000     3551.000     3552.000     3553.000     3554.000
   255:     3555.000     3556.000     3557.000     3558.000     3559.000
   260:     3560.000     3561.000     3562.000     3563.000     3564.000
   265:     3565.000     3566.000     3567.000     3568.000     3569.000
   270:     3570.000     3571.000     3572.000     3573.000     3574.000
   275:     3575.000     3576.000     3577.000     3578.000     3579.000
   280:     3580.000     3581.000     3582.000     3583.000     3584.000
   285:     3585.000     3586.000     3587.000     3588.000     3589.000
   290:     3590.000     3591.000     3592.000     3593.000     3594.000
   295:     3595.000     3596.000     3597.000     3598.000     3599.000
   300:     3600.000     3601.000     3602.000     3603.000     3604.000
   305:     3605.000     3606.000     3607.000     3608.000     3609.000
   310:     3610.000     3611.000     3612.000     3613.000     3614.000
   315:     3615.000     3616.000     3617.000     3618.000     3619.000
   320:     3620.000     3621.000     3622.000     3623.000     3624.000
   325:     3625.000     3626.000     3627.000     3628.000     3629.000
   330:     3630.000     3631.000     3632.000     3633.000     3634.000
   335:     3635.000     3636.000     3637.000     3638.000     3639.000
   340:     3640.000     3641.000     3642.000     3643.000     3644.000
   345:     3645.000     3646.000     3647.000     3648.000     3649.000
   350:     3650.000     3651.000     3652.000     3653.000     3654.000
   355:     3655.000     3656.000     3657.000     3658.000     3659.000
   360:     3660.000     3661.000     3662.000     3663.000     3664.000
   365:     3665.000     3666.000     3667.000     3668.000     3669.000
   370:     3670.000     3671.000     3672.000     3673.000     3674.000
   375:     3675.000     3676.000     3677.000     3678.000     3679.000
   380:     3680.000     3681.000     3682.000     3683.000     3684.000
   385:     3685.000     3686.000     3687.000     3688.000     3689.000
   390:     3690.000     3691.000     3692.000     3693.000     3694.000
   395:     3695.000     3696.000     3697.000     3698.000     3699.000
   400:     3700.000     3701.000     3702.000     3703.000     3704.000
   405:     3705.000     3706.000     3707.000     3708.000     3709.000
   410:     3710.000     3711.000     3712.000     3713.000     3714.000
   415:     3715.000     3716.000     3717.000     3718.000     3719.000
   420:     3720.000     3721.000     3722.000     3723.000     3724.000
   425:     3725.000     3726.000     3727.000     3728.000     3729.000
   430:     3730.000     3731.000     3732.000     3733.000     3734.000
   435:     3735.000     3736.000     3737.000     3738.000     3739.000
   440:     3740.000     3741.000     3742.000     3743.000     3744.000
   445:     3745.000     3746.000     3747.000     3748.000     3749.000
   450:     3750.000     3751.000     3752.000     3753.000     3754.000
   455:     3755.000     3756.000     3757.000     3758.000     3759.000
   460:     3760.000     3761.000     3762.000     3763.000     3764.000
   465:     3765.000     3766.000     3767.000     3768.000     3769.000
   470:     3770.000     3771.000     3772.000     3773.000     3774.000
   475:     3775.000     3776.000     3777.000     3778.000     3779.000
   480:     3780.000     3781.000     3782.000     3783.000     3784.000
   485:     3785.000     3786.000     3787.000     3788.000     3789.000
   490:     3790.000     3791.000     3792.000     3793.000     3794.000
   495:     3795.000     3796.000     3797.000     3798.000     3799.000
   500:     3800.000     3801.000     3802.000     3803.000     3804.000
   505:     3805.000     3806.000     3807.000     3808.000     3809.000
   510:     3810.000     3811.000     3812.000     3813.000     3814.000
   515:     3815.000     3816.000     3817.000     3818.000     3819.000
   520:     3820.000     3821.000     3822.000     3823.000     3824.000
   525:     3825.000     3826.000     3827.000     3828.000     3829.000
   530:     3830.000     3831.000     3832.000     3833.000     3834.000
   535:     3835.000     3836.000     3837.000     3838.000     3839.000
   540:     3840.000     3841.000     3842.000     3843.000     3844.000
   545:     3845.000     3846.000     3847.000     3848.000     3849.000
   550:     3850.000     3851.000     3852.000     3853.000     3854.000
   555:     3855.000     3856.000     3857.000     3858.000     3859.000
   560:     3860.000     3861.000     3862.000     3863.000     3864.000
   565:     3865.000     3866.000     3867.000     3868.000     3869.000
   570:     3870.000     3871.000     3872.000     3873.000     3874.000
   575:     3875.000     3876.000     3877.000     3878.000     3879.000
   580:     3880.000     3881.000     3882.000     3883.000     3884.000
   585:     3885.000     3886.000     3887.000     3888.000     3889.000
   590:     3890.000     3891.000     3892.000     3893.000     3894.000
   595:     3895.000     3896.000     3897.000     3898.000     3899.000
   600:     3900.000     3901.000     3902.000     3903.000     3904.000
   605:     3905.000     3906.000     3907.000     3908.000     3909.000
   610:     3910.000     3911.000     3912.000     3913.000     3914.000
   615:     3915.000     3916.000     3917.000     3918.000     3919.000
   620:     3920.000     3921.000     3922.000     3923.000     3924.000
   625:     3925.000     3926.000     3927.000     3928.000     3929.000
   630:     3930.000     3931.000     3932.000     3933.000     3934.000
   635:     3935.000     3936.000     3937.000     3938.000     3939.000
   640:     3940.000     3941.000     3942.000     3943.000     3944.000
   645:     3945.000     3946.000     3947.000     3948.000     3949.000
   650:     3950.000     3951.000     3952.000     3953.000     3954.000
   655:     3955.000     3956.000     3957.000     3958.000     3959.000
   660:     3960.000     3961.000     3962.000     3963.000     3964.000
   665:     3965.000     3966.000     3967.000     3968.000     3969.000
   670:     3970.000     3971.000     3972.000     3973.000     3974.000
   675:     3975.000     3976.000     3977.000     3978.000     3979.000
   680:     3980.000     3981.000     3982.000     3983.000     3984.000
   685:     3985.000     3986.000     3987.000     3988.000     3989.000
   690:     3990.000     3991.000     3992.000     3993.000     3994.000
   695:     3995.000     3996.000     3997.000     3998.000     3999.000
   700:     4000.000     4001.000     4002.000     4003.000     4004.000
   705:     4005.000     4006.000     4007.000     4008.000     4009.000
   710:     4010.000     4011.000     4012.000     4013.000     4014.000
   715:     4015.000     4016.000     4017.000     4018.000     4019.000
   720:     4020.000     4021.000     4022.000     4023.000     4024.000
   725:     4025.000     4026.000     4027.000     4028.000     4029.000
   730:     4030.000     4031.000     4032.000     4033.000     4034.000
   735:     4035.000     4036.000     4037.000     4038.000     4039.000
   740:     4040.000     4041.000     4042.000     4043.000     4044.000
   745:     4045.000     4046.000     4047.000     4048.000     4049.000
   750:     4050.000     4051.000     4052.000     4053.000     4054.000
   755:     4055.000     4056.000     4057.000     4058.000     4059.000
   760:     4060.000     4061.000     4062.000     4063.000     4064.000
   765:     4065.000     4066.000     4067.000     4068.000     4069.000
   770:     4070.000     4071.000     4072.000     4073.000     4074.000
   775:     4075.000     4076.000     4077.000     4078.000     4079.000
   780:     4080.000     4081.000     4082.000     4083.000     4084.000
   785:     4085.000     4086.000     4087.000     4088.000     4089.000
   790:     4090.000     4091.000     4092.000     4093.000     4094.000
   795:     4095.000     4096.000     4097.000     4098.000     4099.000
   800:     4100.000     4101.000     4102.000     4103.000     4104.000
   805:     4105.000     4106.000     4107.000     4108.000     4109.000
   810:     4110.000     4111.000     4112.000     4113.000     4114.000
   815:     4115.000     4116.000     4117.000     4118.000     4119.000
   820:     4120.000     4121.000     4122.000     4123.000     4124.000
   825:     4125.000     4126.000     4127.000     4128.000     4129.000
   830:     4130.000     4131.000     4132.000     4133.000     4134.000
   835:     4135.000     4136.000     4137.000     4138.000     4139.000
   840:     4140.000     4141.000     4142.000     4143.000     4144.000
   845:     4145.000     4146.000     4147.000     4148.000     4149.000
   850:     4150.000     4151.000     4152.000     4153.000     4154.000
   855:     4155.000     4156.000     4157.000     4158.000     4159.000
   860:     4160.000     4161.000     4162.000     4163.000     4164.000
   865:     4165.000     4166.000     4167.000     4168.000     4169.000
   870:     4170.000     4171.000     4172.000     4173.000     4174.000
   875:     4175.000     4176.000     4177.000     4178.000     4179.000
   880:     4180.000     4181.000     4182.000     4183.000     4184.000
   885:     4185.000     4186.000     4187.000     4188.000     4189.000
   890:     4190.000     4191.000     4192.000     4193.000     4194.000
   895:     4195.000     4196.000     4197.000     4198.000     4199.000
   900:     4200.000     4201.000     4202.000     4203.000     4204.000
   905:     4205.000     4206.000     4207.000     4208.000     4209.000
   910:     4210.000     4211.000     4212.000     4213.000     4214.000
   915:     4215.000     4216.000     4217.000     4218.000     4219.000
   920:     4220.000     4221.000     4222.000     4223.000     4224.000
   925:     4225.000     4226.000     4227.000     4228.000     4229.000
   930:     4230.000     4231.000     4232.000     4233.000     4234.000
   935:     4235.000     4236.000     4237.000     4238.000     4239.000
   940:     4240.000     4241.000     4242.000     4243.000     4244.000
   945:     4245.000     4246.000     4247.000     4248.000     4249.000
   950:     4250.000     4251.000     4252.000     4253.000     4254.000
   955:     4255.000     4256.000     4257.000     4258.000     4259.000
   960:     4260.000     4261.000     4262.000     4263.000     4264.000
   965:     4265.000     4266.000     4267.000     4268.000     4269.000
   970:     4270.000     4271.000     4272.000     4273.000     4274.000
   975:     4275.000     4276.000     4277.000     4278.000     4279.000
   980:     4280.000     4281.000     4282.000     4283.000     4284.000
   985:     4285.000     4286.000     4287.000     4288.000     4289.000
   990:     4290.000     4291.000     4292.000     4293.000     4294.000
   995:     4295.000     4296.000     4297.000     4298.000     4299.000
  1000:     4300.000     4301.000     4302.000     4303.000     4304.000
  1005:     4305.000     4306.000     4307.000     4308.000     4309.000
  1010:     4310.000     4311.000     4312.000     4313.000     4314.000
  1015:     4315.000     4316.000     4317.000     4318.000     4319.000
  1020:     4320.000     4321.000     4322.000     4323.000     4324.000
  1025:     4325.000     4326.000     4327.000     4328.000     4329.000
  1030:     4330.000     4331.000     4332.000     4333.000     4334.000
  1035:     4335.000     4336.000     4337.000     4338.000     4339.000
  1040:     4340.000     4341.000     4342.000     4343.000     4344.000
  1045:     4345.000     4346.000     4347.000     4348.000     4349.000
  1050:     4350.000     4351.000     4352.000     4353.000     4354.000
  1055:     4355.000     4356.000     4357.000     4358.000     4359.000
  1060:     4360.000     4361.000     4362.000     4363.000     4364.000
  1065:     4365.000     4366.000     4367.000     4368.000     4369.000
  1070:     4370.000     4371.000     4372.000     4373.000     4374.000
  1075:     4375.000     4376.000     4377.000     4378.000     4379.000
  1080:     4380.000     4381.000     4382.000     4383.000     4384.000
  1085:     4385.000     4386.000     4387.000     4388.000     4389.000
  1090:     4390.000     4391.000     4392.000     4393.000     4394.000
  1095:     4395.000     4396.000     4397.000     4398.000     4399.000
  1100:     4400.000     4401.000     4402.000     4403.000     4404.000
  1105:     4405.000     4406.000     4407.000     4408.000     4409.000
  1110:     4410.000     4411.000     4412.000     4413.000     4414.000
  1115:     4415.000     4416.000     4417.000     4418.000     4419.000
  1120:     4420.000     4421.000     4422.000     4423.000     4424.000
  1125:     4425.000     4426.000     4427.000     4428.000     4429.000
  1130:     4430.000     4431.000     4432.000     4433.000     4434.000
  1135:     4435.000     4436.000     4437.000     4438.000     4439.000
  1140:     4440.000     4441.000     4442.000     4443.000     4444.000
  1145:     4445.000     4446.000     4447.000     4448.000     4449.000
  1150:     4450.000     4451.000     4452.000     4453.000     4454.000
  1155:     4455.000     4456.000     4457.000     4458.000     4459.000
  1160:     4460.000     4461.000     4462.000     4463.000     4464.000
  1165:     4465.000     4466.000     4467.000     4468.000     4469.000
  1170:     4470.000     4471.000     4472.000     4473.000     4474.000
  1175:     4475.000     4476.000     4477.000     4478.000     4479.000
  1180:     4480.000     4481.000     4482.000     4483.000     4484.000
  1185:     4485.000     4486.000     4487.000     4488.000     4489.000
  1190:     4490.000     4491.000     4492.000     4493.000     4494.000
  1195:     4495.000     4496.000     4497.000     4498.000     4499.000
  1200:     4500.000
R:
     0:      333.000      333.000      333.000
V:
     0:     1407.000     4385.000
W:
     0:     1407.000     4385.000
