File: C:\MED-PC IV\DATA\p736_s168_japede


Start Date: 12/15/17
End Date: 12/15/17
Subject: p736
Experiment: 0
Group: 0
Box: 6
Start Time: 13:39:37
End Time: 14:41:02
MSN: japede_L_24_24_24_R_360_360_360
B:       0.000
E:    4043.000
F:       0.000
G:       0.000
H:       0.000
I:       2.000
J:       2.000
K:       0.000
O:       0.000
P:       0.000
Q:       0.000
S:  360000.000
T:  360000.000
U:       0.000
X:       0.000
Y:       0.000
Z:       0.000
A:
     0:        0.010        0.250        0.220        0.230       52.130
     5:       88.130      122.130      154.130      184.130      218.130
    10:      256.130      294.130      379.130      512.120      546.120
    15:     1199.740     1447.130     1565.540     1565.320     1565.330
    20:     1565.350     1565.240     1565.120     1815.220     1815.230
    25:     1815.250     1815.340     1987.120     2023.120     2212.120
    30:     2499.130     2615.120     2652.120     2960.130     3051.120
    35:     3215.740     3522.130     3643.540     3643.320     3643.330
    40:     3643.350     3643.240     3643.120     3893.220     3893.230
    45:     3893.250     3893.340     4064.120     4096.120     4295.120
    50:     4467.120     4614.120     4860.130     4982.120     5162.120
    55:     5411.130     5506.120     5540.120     5681.120     5693.740
    60:     5977.540     5977.320     5977.330     5977.350     5977.240
    65:     5977.120     6227.220     6227.230     6227.250     6227.340
    70:     6412.120     6427.740     6825.540     6825.320     6825.330
    75:     6825.350     6825.240     6825.120     7075.220     7075.230
    80:     7075.250     7075.340     7263.120     7446.120     7475.740
    85:     7797.540     7797.320     7797.330     7797.350     7797.240
    90:     7797.120     8047.220     8047.230     8047.250     8047.340
    95:     8247.740     8373.540     8373.320     8373.330     8373.350
   100:     8373.240     8373.120     8623.220     8623.230     8623.250
   105:     8623.340     8929.120     9051.120     9200.120     9369.120
   110:     9512.120     9523.740     9659.540     9659.320     9659.330
   115:     9659.350     9659.240     9659.120     9909.220     9909.230
   120:     9909.250     9909.340    10089.120    10249.120    10413.120
   125:    10608.120    10747.120    10809.740    10879.540    10879.320
   130:    10879.330    10879.350    10879.240    10879.120    10894.120
   135:    11129.220    11129.230    11129.250    11129.340    11304.120
   140:    11429.740    11507.540    11507.320    11507.330    11507.350
   145:    11507.240    11507.120    11757.220    11757.230    11757.250
   150:    11757.340    11953.120    12086.120    12279.120    12418.120
   155:    12687.120    12822.120    12843.120    12957.740    13064.130
   160:    13183.540    13183.320    13183.330    13183.350    13183.240
   165:    13183.120    13433.220    13433.230    13433.250    13433.340
   170:    13607.130    13678.120    13771.130    13831.120    13981.120
   175:    14113.120    14136.120    14282.120    14433.740    14490.130
   180:    14622.540    14622.320    14622.330    14622.350    14622.240
   185:    14622.120    14872.220    14872.230    14872.250    14872.340
   190:    15115.120    15290.120    15365.130    15456.120    15543.130
   195:    15624.120    15768.120    15772.740    15903.540    15903.320
   200:    15903.330    15903.350    15903.240    15903.120    15915.120
   205:    16153.220    16153.230    16153.250    16153.340    16489.120
   210:    16602.130    16672.120    16761.130    16917.130    16986.120
   215:    17031.120    17160.120    17289.120    17343.120    17490.120
   220:    17503.120    17633.120    17722.130    17781.120    17791.120
   225:    18666.120    18764.120    18845.120    18955.130    19036.120
   230:    19180.120    19343.120    19432.130    19494.120    19708.120
   235:    19839.120    20052.130    20144.120    20175.120    20200.120
   240:    20340.120    20531.120    20889.120    21166.120    21358.120
   245:    21511.120    21599.130    21660.120    21835.120    21974.130
   250:    22039.120    22050.120    22267.130    22360.120    22641.130
   255:    22756.120    22789.120    22864.130    22947.120    23030.130
   260:    23092.130    23153.120    23435.120    23694.120    23842.120
   265:    23853.740    23930.130    23995.540    23995.320    23995.330
   270:    23995.350    23995.240    23995.120    24245.220    24245.230
   275:    24245.250    24245.340    24412.120    24845.740    24977.540
   280:    24977.320    24977.330    24977.350    24977.240    24977.120
   285:    25227.220    25227.230    25227.250    25227.340    25427.740
   290:    25464.540    25464.320    25464.330    25464.350    25464.240
   295:    25464.120    25714.220    25714.230    25714.250    25714.340
   300:    26085.120    26240.120    26370.120    26505.120    26697.120
   305:    26883.120    27037.120    27567.120    27595.120    27879.120
   310:    27911.120    28360.130    28422.130    28511.120    28714.740
   315:    28859.540    28859.320    28859.330    28859.350    28859.240
   320:    28859.120    28879.120    29109.220    29109.230    29109.250
   325:    29109.340    29288.130    29380.120    29389.120    29409.740
   330:    29586.540    29586.320    29586.330    29586.350    29586.240
   335:    29586.120    29836.220    29836.230    29836.250    29836.340
   340:    29994.130    30080.120    30224.120    30242.120    30382.120
   345:    30638.120    31036.740    31138.540    31138.320    31138.330
   350:    31138.350    31138.240    31138.120    31388.220    31388.230
   355:    31388.250    31388.340    31636.120    31716.120    31862.120
   360:    32088.740    32148.540    32148.320    32148.330    32148.350
   365:    32148.240    32148.120    32398.220    32398.230    32398.250
   370:    32398.340    32629.120    32669.120    32825.120    32922.120
   375:    33029.130    33089.120    33233.120    33298.740    33564.540
   380:    33564.320    33564.330    33564.350    33564.240    33564.120
   385:    33574.120    33814.220    33814.230    33814.250    33814.340
   390:    34012.130    34088.120    34370.120    34447.120    34589.120
   395:    34721.120    34759.120    34857.120    34914.740    35004.540
   400:    35004.320    35004.330    35004.350    35004.240    35004.120
   405:    35017.120    35254.220    35254.230    35254.250    35254.340
   410:    35423.130    35523.120    35722.120    35819.120    35914.130
   415:    35976.120    35985.120    36106.120    36254.120    36275.120
   420:    36464.120    36602.120    36614.120    36803.120    36975.120
   425:    37149.120    37334.130    37406.120    37433.120    37568.120
   430:    37700.120    37845.120    38044.130    38113.120    38566.120
   435:    38704.120    38915.120    39291.120    39898.120    40088.130
   440:    40185.120    40217.120    40386.120    40499.840    40654.120
   445:    40806.120    40950.120    41045.640    41045.320    41045.330
   450:    41045.350    41045.240    41045.130    41295.220    41295.230
   455:    41295.250    41295.340    41454.740    41456.540    41456.320
   460:    41456.330    41456.350    41456.240    41456.120    41706.220
   465:    41706.230    41706.250    41706.340    41883.130    42099.120
   470:    42185.130    42252.120    42645.130    42734.120    42763.120
   475:    42865.120    42999.120    43146.120    43196.120    43329.120
   480:    43585.130    43648.120    43706.740    43912.540    43912.320
   485:    43912.330    43912.350    43912.240    43912.120    44162.220
   490:    44162.230    44162.250    44162.340    44374.120    44495.120
   495:    44622.120    44753.120    44832.120    44992.120    45183.120
   500:    45317.120    45456.120    45649.120    45778.120    45914.120
   505:    46045.120    46202.120    46332.120    46557.120    46699.120
   510:    46845.120    47024.120    47156.120    47320.120    47488.120
   515:    47562.740    47627.540    47627.320    47627.330    47627.350
   520:    47627.240    47627.120    47877.220    47877.230    47877.250
   525:    47877.340    48058.120    48089.120    48207.130    48269.120
   530:    48321.120    48496.120    48659.120    48791.120    48955.120
   535:    49141.130    49205.120    49337.120    49483.120    49629.120
   540:    49744.120    49877.740    49899.130    49967.540    49967.320
   545:    49967.330    49967.350    49967.240    49967.120    50217.220
   550:    50217.230    50217.250    50217.340    50387.120    50417.120
   555:    50426.120    50523.130    50583.120    50719.120    50869.120
   560:    51012.120    51150.120    51320.120    51458.120    51595.120
   565:    51760.120    51927.120    52102.120    52268.120    52517.740
   570:    52574.540    52574.320    52574.330    52574.350    52574.240
   575:    52574.120    52824.220    52824.230    52824.250    52824.340
   580:    53124.120    53252.120    53361.130    53421.120    53552.120
   585:    53717.120    53852.120    54016.120    54215.120    54360.120
   590:    54564.120    54657.130    54721.120    54871.120    54941.130
   595:    55011.120    55024.740    55192.540    55192.320    55192.330
   600:    55192.350    55192.240    55192.120    55442.220    55442.230
   605:    55442.250    55442.340    55816.120    55963.120    56109.120
   610:    56142.740    56251.540    56251.320    56251.330    56251.350
   615:    56251.240    56251.120    56501.220    56501.230    56501.250
   620:    56501.340    56660.120    56701.740    56810.540    56810.320
   625:    56810.330    56810.350    56810.240    56810.120    57060.220
   630:    57060.230    57060.250    57060.340    57227.130    57287.130
   635:    57402.120    57487.120    57672.120    57806.120    57937.120
   640:    58122.120    58266.120    58411.120    58578.130    58790.120
   645:    58921.130    59004.120    59015.120    59144.130    59214.120
   650:    59225.120    59414.120    59770.120    60103.130    60169.120
   655:    60352.120    60542.120    60814.120    60964.120    60991.120
   660:    61004.120    61147.120    61295.120    61564.120    61743.120
   665:    62033.120    62160.740    62183.540    62183.320    62183.330
   670:    62183.350    62183.240    62183.120    62433.220    62433.230
   675:    62433.250    62433.340    62631.120    62756.120    62920.120
   680:    63128.120    63140.120    63319.120    63492.120    63752.120
   685:    63984.130    64077.120    64228.120    64233.740    64375.540
   690:    64375.320    64375.330    64375.350    64375.240    64375.120
   695:    64625.220    64625.230    64625.250    64625.340    64819.120
   700:    64971.120    65130.120    65325.130    65393.120    65525.740
   705:    65604.540    65604.320    65604.330    65604.350    65604.240
   710:    65604.120    65854.220    65854.230    65854.250    65854.340
   715:    66051.120    66218.120    66375.120    66526.120    66554.740
   720:    66622.130    66683.540    66683.320    66683.330    66683.350
   725:    66683.240    66683.120    66933.220    66933.230    66933.250
   730:    66933.340    67130.120    67157.120    67302.120    67433.740
   735:    67435.130    67514.540    67514.320    67514.330    67514.350
   740:    67514.240    67514.120    67764.220    67764.230    67764.250
   745:    67764.340    67924.130    68012.120    68043.120    68069.120
   750:    68294.120    68454.120    68600.120    68745.120    68931.120
   755:    69085.120    69274.120    69408.120    69745.120    69849.130
   760:    69914.120    70061.120    70254.130    70323.120    70463.120
   765:    70694.130    70822.120    70994.120    71433.120    71570.120
   770:    71690.130    71754.120    72024.120    72050.120    72064.740
   775:    72185.540    72185.320    72185.330    72185.350    72185.240
   780:    72185.120    72435.220    72435.230    72435.250    72435.340
   785:    72735.740    72753.540    72753.320    72753.330    72753.350
   790:    72753.240    72753.120    73003.220    73003.230    73003.250
   795:    73003.340    73162.130    73239.120    73345.130    73409.120
   800:    73555.120    73634.120    73950.120    74135.120    74377.130
   805:    74403.740    74454.540    74454.320    74454.330    74454.350
   810:    74454.240    74454.120    74704.220    74704.230    74704.250
   815:    74704.340    74870.130    74965.120    75241.130    75309.120
   820:    75404.740    75450.540    75450.320    75450.330    75450.350
   825:    75450.240    75450.120    75495.840    75700.220    75700.230
   830:    75700.250    75700.340    75849.640    75849.320    75849.330
   835:    75849.350    75849.240    75849.130    76099.220    76099.230
   840:    76099.250    76099.340    76279.130    76375.120    76473.130
   845:    76555.120    76647.130    76731.120    76839.120    76937.130
   850:    77022.120    77032.120    77097.120    77267.120    77410.120
   855:    77570.120    77717.120    77896.120    77906.120    78045.120
   860:    78246.120    78335.130    78420.120    78516.130    78580.120
   865:    78592.120    78729.120    78930.120    79253.120    79343.130
   870:    79408.120    79418.120    79695.120    79736.120    79877.120
   875:    80000.740    80133.540    80133.320    80133.330    80133.350
   880:    80133.240    80133.120    80383.220    80383.230    80383.250
   885:    80383.340    80546.130    80771.120    80943.130    81088.120
   890:    81255.120    81346.130    81412.120    81608.130    81704.120
   895:    81862.120    82016.120    82083.740    82165.540    82165.320
   900:    82165.330    82165.350    82165.240    82165.120    82180.120
   905:    82415.220    82415.230    82415.250    82415.340    82586.130
   910:    82663.120    82763.130    82931.130    83002.120    83150.120
   915:    83291.120    83421.130    83485.120    83624.120    83755.130
   920:    83852.120    83864.120    84163.120    84197.120    84346.120
   925:    84488.120    84497.120    84515.740    84735.130    84834.540
   930:    84834.320    84834.330    84834.350    84834.240    84834.120
   935:    85084.220    85084.230    85084.250    85084.340    85243.130
   940:    85344.120    85427.120    85572.120    85717.120    85914.120
   945:    86002.130    86072.120    86325.120    86412.130    86477.120
   950:    86551.120    86561.120    86802.130    86962.130    87026.120
   955:    87263.120    87449.120    87731.120    87743.120    88033.120
   960:    88271.130    88371.120    88474.130    88499.840    88683.120
   965:    88910.640    88910.320    88910.330    88910.350    88910.240
   970:    88910.130    89160.220    89160.230    89160.250    89160.340
   975:    89318.130    89392.120    89476.130    89626.130    89714.120
   980:    89854.120    89937.130    89977.130    90063.120    90145.130
   985:    90229.120    90296.130    90385.120    90395.120    90479.130
   990:    90729.120    90808.130    90884.740    90888.540    90888.320
   995:    90888.330    90888.350    90888.240    90888.120    91138.220
  1000:    91138.230    91138.250    91138.340    91285.130    91499.130
  1005:    91565.120    91708.120    91796.130    91861.120    92073.130
  1010:    92163.120    92298.120    92338.740    92436.540    92436.320
  1015:    92436.330    92436.350    92436.240    92436.120    92686.220
  1020:    92686.230    92686.250    92686.340    92843.130    92915.120
  1025:    92955.120    93028.120    93165.120    93249.120    93388.120
  1030:    93482.130    93545.120    93556.120    93730.120    93870.120
  1035:    94027.120    94086.740    94184.540    94184.320    94184.330
  1040:    94184.350    94184.240    94184.120    94434.220    94434.230
  1045:    94434.250    94434.340    94606.130    94709.120    94769.120
  1050:    94921.120    94971.120    95205.130    95296.120    95366.130
  1055:    95640.130    95713.120    95947.130    96034.740    96138.540
  1060:    96138.320    96138.330    96138.350    96138.240    96138.120
  1065:    96388.220    96388.230    96388.250    96388.340    96559.130
  1070:    96588.740    96679.130    96904.540    96904.320    96904.330
  1075:    96904.350    96904.240    96904.120    97154.220    97154.230
  1080:    97154.250    97154.340    97310.130    97421.120    97563.120
  1085:    97727.120    97740.120    97883.120    98020.120    98109.130
  1090:    98193.120    98426.120    98515.130    98590.120    98722.120
  1095:    98865.120    98999.130    99062.120    99073.120    99544.120
  1100:    99574.120    99668.130    99732.120    99781.120    99961.120
  1105:   100113.120   100436.130   100538.120   100572.120   100718.120
  1110:   100854.740   101025.540   101025.320   101025.330   101025.350
  1115:   101025.240   101025.120   101275.220   101275.230   101275.250
  1120:   101275.340   101428.130   101526.120   101568.120   101710.130
  1125:   101862.130   101944.120   102090.120   102226.120   102482.130
  1130:   102605.120   103055.120   103075.740   103343.540   103343.320
  1135:   103343.330   103343.350   103343.240   103343.120   103593.220
  1140:   103593.230   103593.250   103593.340   103804.120   103831.120
  1145:   103980.120   104116.120   104137.120   104260.120   104352.120
  1150:   104535.120   104673.120   104726.120   104855.130   104924.120
  1155:   105020.130   105087.120   105193.740   105400.540   105400.320
  1160:   105400.330   105400.350   105400.240   105400.120   105650.220
  1165:   105650.230   105650.250   105650.340   105850.120   105885.120
  1170:   105997.130   106067.120   106172.130   106231.120   106317.130
  1175:   106379.120   106524.120   106694.120   106778.130   106982.130
  1180:   107104.120   107535.120   107605.120   107780.120   108043.120
  1185:   108050.740   108073.540   108073.320   108073.330   108073.350
  1190:   108073.240   108073.120   108086.120   108323.220   108323.230
  1195:   108323.250   108323.340   108642.130   108723.120   108888.130
  1200:   109042.130   109111.120   109160.840   109205.640   109205.320
  1205:   109205.330   109205.350   109205.240   109205.130   109455.220
  1210:   109455.230   109455.250   109455.340   109610.130   109691.120
  1215:   109726.120   109827.130   109923.740   109969.540   109969.320
  1220:   109969.330   109969.350   109969.240   109969.120   109982.120
  1225:   110219.220   110219.230   110219.250   110219.340   110369.130
  1230:   110435.130   110515.120   110607.130   110677.120   110759.130
  1235:   110839.120   110850.120   110889.120   110980.130   111064.120
  1240:   111115.120   111205.130   111274.120   111345.120   111509.120
  1245:   111605.130   111681.120   111770.130   111832.120   112039.120
  1250:   112158.120   112243.130   112309.120   112419.740   112467.540
  1255:   112467.320   112467.330   112467.350   112467.240   112467.120
  1260:   112717.220   112717.230   112717.250   112717.340   112916.120
  1265:   113018.130   113100.120   113148.120   113236.130   113314.120
  1270:   113369.120   113460.130   113519.120   113663.120   113832.120
  1275:   113922.130   114048.120   114189.120   114374.120   114464.130
  1280:   114540.120   114842.120   114896.120   114913.120   115048.120
  1285:   115100.120   115380.120   115407.120   115544.120   115765.120
  1290:   115851.130   115922.120   116059.120   116324.130   116421.120
  1295:   116472.120   116748.120   116834.130   116896.120   117033.120
  1300:   117125.120   117217.130   117452.120   117541.130   117605.120
  1305:   117692.130   117759.120   117930.120   118071.120   118117.740
  1310:   118317.540   118317.320   118317.330   118317.350   118317.240
  1315:   118317.120   118567.220   118567.230   118567.250   118567.340
  1320:   118709.130   118807.120   118859.120   118936.120   119076.120
  1325:   119121.120   119134.120   119268.130   119337.120   119482.120
  1330:   119678.130   119768.120   119856.130   119925.120   120056.120
  1335:   120354.120   120400.120   120609.120   120756.120   120841.130
  1340:   120922.120   121040.130   121106.120   121317.120   121608.120
  1345:   121694.130   121761.120   121989.120   122131.120   122183.120
  1350:   122321.120   122460.120   122683.120   123003.120   123058.120
  1355:   123067.740   123196.540   123196.320   123196.330   123196.350
  1360:   123196.240   123196.120   123446.220   123446.230   123446.250
  1365:   123446.340   123612.120   123700.130   123816.120   123830.120
  1370:   123964.120   124073.130   124144.120   124294.120   124444.130
  1375:   124455.840   124522.120   124546.740   124567.540   124567.320
  1380:   124567.330   124567.350   124567.240   124567.120   124817.220
  1385:   124817.230   124817.250   124817.340   125009.120   125109.640
  1390:   125109.320   125109.330   125109.350   125109.240   125109.130
  1395:   125359.220   125359.230   125359.250   125359.340   125514.130
  1400:   125571.130   125645.120   125731.130   125894.130   125959.120
  1405:   126026.130   126126.120   126222.130   126290.120   126382.130
  1410:   126444.120   126455.120   126626.120   126769.120   126782.120
  1415:   126947.120   127162.120   127207.120   127346.120   127539.120
  1420:   127789.120   127882.130   127944.120   128046.130   128115.120
  1425:   128254.120   128520.130   128642.120   128815.120   128960.120
  1430:   129105.120   129254.120   129327.130   129408.120   129582.120
  1435:   129592.120   129774.120   129910.120   129922.120   129963.120
  1440:   130105.120   130232.130   130294.120   130306.120   130446.120
  1445:   130647.120   130817.740   130927.540   130927.320   130927.330
  1450:   130927.350   130927.240   130927.120   131177.220   131177.230
  1455:   131177.250   131177.340   131313.130   131395.120   131437.120
  1460:   131577.740   131580.540   131580.320   131580.330   131580.350
  1465:   131580.240   131580.120   131830.220   131830.230   131830.250
  1470:   131830.340   131968.130   132058.120   132092.120   132234.120
  1475:   132279.120   132378.130   132460.120   132604.120   132783.120
  1480:   132928.120   133076.120   133130.740   133259.540   133259.320
  1485:   133259.330   133259.350   133259.240   133259.120   133509.220
  1490:   133509.230   133509.250   133509.340   133684.120   133780.130
  1495:   133985.120   134138.120   134190.120   134351.130   134414.120
  1500:   134426.120   134465.120   134599.120   134760.130   134823.120
  1505:   134909.740   135020.130   135085.540   135085.320   135085.330
  1510:   135085.350   135085.240   135085.120   135335.220   135335.230
  1515:   135335.250   135335.340   135483.130   135555.120   135675.120
  1520:   135827.120   136018.130   136085.120   136129.120   136266.120
  1525:   136402.130   136465.120   136726.120   136749.120   136891.120
  1530:   137048.120   137072.120   137353.120   137379.120   137569.120
  1535:   137800.130   137893.120   137927.120   138065.120   138116.120
  1540:   138144.120   138230.130   138295.120   138306.120   138499.130
  1545:   138583.130   138650.120   138791.120   138968.120   139021.120
  1550:   139154.120   139282.120   139487.130   139561.120   139691.120
  1555:   139857.120   140073.120   140124.120   140240.130   140313.120
  1560:   140325.120   140418.130   140478.120   140490.120   140535.740
  1565:   140584.130   140645.540   140645.320   140645.330   140645.350
  1570:   140645.240   140645.120   140895.220   140895.230   140895.250
  1575:   140895.340   141039.130   141122.120   141259.840   141280.120
  1580:   141306.120   141444.120   141634.120   141687.120   141712.120
  1585:   141909.640   141909.320   141909.330   141909.350   141909.240
  1590:   141909.130   142159.220   142159.230   142159.250   142159.340
  1595:   142341.130   142415.120   142501.130   142562.130   142648.120
  1600:   142798.120   142947.120   143074.130   143139.120   143270.130
  1605:   143335.120   143387.120   143566.120   143750.120   143871.130
  1610:   143939.120   144169.120   144350.130   144395.740   144421.540
  1615:   144421.320   144421.330   144421.350   144421.240   144421.120
  1620:   144671.220   144671.230   144671.250   144671.340   144905.120
  1625:   145053.120   145200.120   145383.120   145495.130   145554.120
  1630:   145708.120   145917.130   145987.120   145999.120   146035.120
  1635:   146205.120   146497.120   146521.120   146699.120   146826.120
  1640:   147016.120   147214.130   147305.120   147396.130   147458.120
  1645:   147470.120   147510.120   147700.120   147846.120   147858.120
  1650:   148025.120   148148.120   148349.120   148373.120   148476.130
  1655:   148542.120   148682.120   148898.120   149011.130   149071.120
  1660:   149238.130   149302.120   149598.120   149750.120   149762.120
  1665:   149906.120   149919.120   150163.120   150537.120   150867.120
  1670:   150968.130   151032.130   151105.120   151246.120   151513.120
  1675:   151649.120   151824.130   151894.120   152026.120   152166.120
  1680:   152353.120   152471.740   152484.540   152484.320   152484.330
  1685:   152484.350   152484.240   152484.120   152734.220   152734.230
  1690:   152734.250   152734.340   152979.120   153116.120   153231.120
  1695:   153393.130   153458.120   153467.120   153506.120   153648.120
  1700:   153802.120   153937.130   154005.120   154102.130   154163.120
  1705:   154176.120   154217.120   154485.120   154510.120   154582.130
  1710:   154654.120   154683.120   154922.120   155232.120   155373.120
  1715:   155426.120   155892.120   155920.120   155934.120   156017.130
  1720:   156086.120   156189.130   156250.120   156261.120   156305.120
  1725:   156432.120   156757.120   156898.120   157227.120   157248.120
  1730:   157388.120   157532.120   157811.120   157834.740   158006.130
  1735:   158076.540   158076.320   158076.330   158076.350   158076.240
  1740:   158076.120   158326.220   158326.230   158326.250   158326.340
  1745:   158547.120   158649.120   158768.130   158838.120   158964.130
  1750:   159061.120   159285.120   159440.120   159689.120   159726.740
  1755:   159997.130   160076.540   160076.320   160076.330   160076.350
  1760:   160076.240   160076.120   160326.220   160326.230   160326.250
  1765:   160326.340   160508.120   160538.120   160685.120   160785.130
  1770:   160864.120   161077.130   161143.120   161300.130   161364.120
  1775:   161460.130   161522.120   161660.130   161725.120   161735.120
  1780:   161918.130   161983.120   162182.120   162446.130   162543.120
  1785:   162571.120   162646.130   162712.120   162826.740   162901.130
  1790:   162972.540   162972.320   162972.330   162972.350   162972.240
  1795:   162972.120   163222.220   163222.230   163222.250   163222.340
  1800:   163419.120   163533.130   163596.120   163730.120   163987.120
  1805:   164075.130   164138.120   164305.130   164322.740   164375.540
  1810:   164375.320   164375.330   164375.350   164375.240   164375.120
  1815:   164625.220   164625.230   164625.250   164625.340   164813.120
  1820:   164979.120   165117.120   165168.120   165185.120   165315.120
  1825:   165552.120   165774.120   165982.120   165992.120   166161.120
  1830:   166362.130   166457.120   166480.120   166525.740   166689.130
  1835:   166755.540   166755.320   166755.330   166755.350   166755.240
  1840:   166755.120   167005.220   167005.230   167005.250   167005.340
  1845:   167189.120   167221.120   167418.120   167593.120   167641.120
  1850:   167655.120   167761.130   167822.120   168019.130   168124.120
  1855:   168259.840   168273.120   168632.120   168772.120   169027.120
  1860:   169274.120   169497.640   169497.320   169497.330   169497.350
  1865:   169497.240   169497.130   169747.220   169747.230   169747.250
  1870:   169747.340   169939.120   169978.120   170080.130   170170.120
  1875:   170318.120   170453.120   170629.120   170772.120   170949.120
  1880:   171193.130   171318.120   171412.130   171502.120   171745.130
  1885:   171891.120   172033.120   172044.120   172088.120   172358.130
  1890:   172404.130   172508.120   172542.120   172677.120   172880.130
  1895:   172976.120   173062.130   173133.120   173205.740   173221.130
  1900:   173284.540   173284.320   173284.330   173284.350   173284.240
  1905:   173284.120   173295.120   173534.220   173534.230   173534.250
  1910:   173534.340   173896.120   174037.120   174336.130   174551.120
  1915:   174968.120   175220.130   175334.740   175410.540   175410.320
  1920:   175410.330   175410.350   175410.240   175410.120   175660.220
  1925:   175660.230   175660.250   175660.340   175836.120   175869.120
  1930:   176147.840   176209.640   176209.320   176209.330   176209.350
  1935:   176209.240   176209.130   176459.220   176459.230   176459.250
  1940:   176459.340   176624.130   176715.120   176753.120   176899.120
  1945:   177046.120   177171.130   177241.120   177263.120   177394.130
  1950:   177664.130   177755.120   177892.120   178106.130   178196.120
  1955:   178267.120   178541.120   178570.120   178693.130   179091.130
  1960:   179170.120   179197.120   179327.120   179360.740   179439.130
  1965:   179499.540   179499.320   179499.330   179499.350   179499.240
  1970:   179499.120   179510.120   179749.220   179749.230   179749.250
  1975:   179749.340   179935.120   180022.130   180086.120   180141.120
  1980:   180322.120   180454.120   180635.120   180847.130   181145.130
  1985:   181262.120   181277.120   181349.740   181496.130   181606.540
  1990:   181606.320   181606.330   181606.350   181606.240   181606.120
  1995:   181856.220   181856.230   181856.250   181856.340   182027.120
  2000:   182063.120   182204.120   182229.120   182373.120   182510.120
  2005:   182708.120   182907.130   183002.120   183192.120   183456.130
  2010:   183561.120   183732.120   183872.120   184090.120   184251.120
  2015:   184434.130   184527.120   184560.120   184747.120   184872.120
  2020:   185046.130   185122.120   185267.120   185408.130   185474.120
  2025:   185698.130   185754.130   185820.120   185856.740   186122.540
  2030:   186122.320   186122.330   186122.350   186122.240   186122.120
  2035:   186372.220   186372.230   186372.250   186372.340   186526.120
  2040:   186560.120   186572.740   186702.130   186937.130   187004.540
  2045:   187004.320   187004.330   187004.350   187004.240   187004.120
  2050:   187254.220   187254.230   187254.250   187254.340   187401.130
  2055:   187469.120   187551.130   187610.120   187657.120   187772.130
  2060:   187836.120   187976.120   188101.130   188171.120   188346.130
  2065:   188413.120   188436.120   188574.120   188751.120   188945.130
  2070:   189008.120   189283.120   189429.130   189491.120   189501.120
  2075:   189779.120   189833.120   189966.130   190024.120   190194.120
  2080:   190404.130   190598.120   190942.130   191026.120   191155.120
  2085:   191377.130   191612.120   191914.120   191939.120   191952.120
  2090:   192054.740   192057.130   192118.540   192118.320   192118.330
  2095:   192118.350   192118.240   192118.120   192131.120   192368.220
  2100:   192368.230   192368.250   192368.340   192498.130   192555.130
  2105:   192773.120   192944.130   193006.130   193093.120   193234.120
  2110:   193400.120   193603.120   194156.120   194191.120   194555.130
  2115:   194618.130   194818.120   194871.120   195024.120   195227.130
  2120:   195315.120   195443.120   195569.120   195812.120   195995.130
  2125:   196085.120   196367.130   196463.120   196706.130   196768.130
  2130:   196834.120   196944.120   197020.120   197199.130   197252.130
  2135:   197324.120   197451.120   197676.130   197714.130   197817.120
  2140:   197868.740   197899.130   197961.540   197961.320   197961.330
  2145:   197961.350   197961.240   197961.120   198211.220   198211.230
  2150:   198211.250   198211.340   198448.120   198493.120   198511.740
  2155:   198633.130   198699.540   198699.320   198699.330   198699.350
  2160:   198699.240   198699.120   198949.220   198949.230   198949.250
  2165:   198949.340   199130.120   199160.120   199271.130   199336.120
  2170:   199478.120   199567.130   199630.120   199764.120   199939.120
  2175:   200132.120   200287.120   200296.120   200458.120   200467.120
  2180:   200683.130   200764.120   200956.130   201042.120   201363.130
  2185:   201448.120   201473.120   201612.120   201819.130   201850.130
  2190:   201937.120   202304.120   202438.120   202446.120   202713.130
  2195:   202768.130   202867.120   202906.120   203097.120   203106.120
  2200:   203243.120   203367.120   203490.120   203719.130   203833.120
  2205:   203996.130   204175.120   204301.120   204511.130   204608.120
  2210:   204871.130   204929.130   204994.120   205120.120   205130.120
  2215:   205166.120   205488.130   205600.120   205734.120   205747.120
  2220:   205865.120   206082.130   206143.130   206214.120   206298.130
  2225:   206361.120   206430.120   206441.120   206735.120   206758.120
  2230:   206880.120   207080.130   207165.120   207176.120   207291.120
  2235:   207396.130   207451.120   207495.120   207624.120   207830.130
  2240:   207916.120   207998.130   208070.120   208203.120   208408.130
  2245:   208444.130   208514.120   208536.120   208749.130   208839.120
  2250:   208853.120   208965.120   209181.130   209222.130   209270.130
  2255:   209336.120   209360.120   209495.120   209601.130   209665.120
  2260:   209996.130   210087.120   210171.130   210229.120   210584.130
  2265:   210649.740   210677.540   210677.320   210677.330   210677.350
  2270:   210677.240   210677.120   210927.220   210927.230   210927.250
  2275:   210927.340   211067.120   211232.130   211314.120   211446.130
  2280:   211528.120   211541.120   211693.130   211760.120   211897.120
  2285:   211972.130   212036.120   212264.130   212335.120   212420.130
  2290:   212480.120   212533.120   212771.130   212879.120   212953.130
  2295:   213227.740   213440.540   213440.320   213440.330   213440.350
  2300:   213440.240   213440.120   213690.220   213690.230   213690.250
  2305:   213690.340   213863.120   214142.130   214213.120   214368.120
  2310:   214585.130   214678.120   214823.120   214888.120   215083.120
  2315:   215380.120   215473.130   215546.120   215555.120   215732.130
  2320:   215813.120   215836.120   216060.120   216142.130   216203.120
  2325:   216594.120   216785.120   217096.130   217173.130   217247.120
  2330:   217272.120   217572.120   217596.120   217611.120   217729.120
  2335:   217738.120   217980.130   218016.130   218197.130   218258.120
  2340:   218389.120   218520.120   218805.120   218939.120   219064.120
  2345:   219115.120   219358.130   219425.120   219507.130   219568.120
  2350:   219813.130   219884.120   219913.120   220038.120   220218.130
  2355:   220296.120   220378.130   220439.120   220549.120   220828.130
  2360:   220863.130   220899.130   221009.120   221101.130   221165.120
  2365:   221299.120   221490.130   221611.120   221641.120   221670.120
  2370:   221784.130   221857.120   221867.120   222090.130   222131.130
  2375:   222235.120   222503.130   222561.120   222760.130   222832.120
  2380:   222855.120   223033.130   223090.740   223122.540   223122.320
  2385:   223122.330   223122.350   223122.240   223122.120   223372.220
  2390:   223372.230   223372.250   223372.340   223523.130   223608.120
  2395:   223835.120   223921.130   223971.130   224031.120   224240.120
  2400:   224250.120   224458.130   224493.130   224584.120   224614.120
  2405:   224885.120   224894.120   224940.120   225272.740   225281.540
  2410:   225281.320   225281.330   225281.350   225281.240   225281.120
  2415:   225531.220   225531.230   225531.250   225531.340   225657.130
  2420:   225793.120   225923.120   226108.130   226197.120   226228.120
  2425:   226381.130   226457.120   226883.130   226970.120   226998.120
  2430:   227128.130   227389.130   227616.130   227887.130   227953.120
  2435:   228306.130   228402.120   228528.120   228792.120   228894.130
  2440:   228944.130   229009.120   229139.120   229319.130   229395.120
  2445:   229524.130   229606.120   229895.120   229976.130   230033.120
  2450:   230081.120   230480.120   230608.120   231247.130   231331.130
  2455:   231368.130   231404.130   231431.740   231537.540   231537.320
  2460:   231537.330   231537.350   231537.240   231537.120   231787.220
  2465:   231787.230   231787.250   231787.340   231912.130   232002.120
  2470:   232092.130   232197.120   232327.120   232541.120   232724.120
  2475:   233060.120   233273.130   233364.120   233584.130   233666.120
  2480:   233904.120   234001.130   234056.120   234262.130   234335.120
  2485:   234459.120   234731.120   235287.740   235381.540   235381.320
  2490:   235381.330   235381.350   235381.240   235381.120   235631.220
  2495:   235631.230   235631.250   235631.340   235797.120   236007.130
  2500:   236072.120   236210.130   236271.120   236438.120   236672.130
  2505:   236790.120   236926.120   236936.120   237224.120   237487.120
  2510:   237632.130   237835.120   238082.120   238350.130   238419.120
  2515:   238639.130   238678.130   238762.120   239165.130   239288.120
  2520:   239446.130   239507.120   239635.120   239794.120   239804.120
  2525:   239936.130   239999.120   240068.120   240276.120   240285.120
  2530:   240330.120   240467.120   240725.130   240864.120   240896.120
  2535:   240907.120   241054.120   241449.120   241732.130   241826.120
  2540:   241852.120   242015.120   242287.130   242418.120   242602.130
  2545:   242631.740   242667.540   242667.320   242667.330   242667.350
  2550:   242667.240   242667.120   242917.220   242917.230   242917.250
  2555:   242917.340   243074.130   243163.120   243366.130   243434.120
  2560:   243668.130   243767.120   243801.120   243953.130   244016.120
  2565:   244200.130   244234.130   244302.120   244350.120   244617.740
  2570:   244769.130   244852.540   244852.320   244852.330   244852.350
  2575:   244852.240   244852.120   245102.220   245102.230   245102.250
  2580:   245102.340   245259.130   245332.120   245458.130   245539.120
  2585:   245805.120   245955.120   246157.130   246252.120   246458.130
  2590:   246535.120   246567.120   246708.130   246782.120   246808.120
  2595:   246929.130   246995.120   247226.130   247317.120   247343.120
  2600:   247357.120   247603.130   247724.120   247879.130   247978.120
  2605:   247991.120   248251.130   248351.120   248382.120   248592.120
  2610:   248783.120   248983.120   249127.120   249302.740   249398.540
  2615:   249398.320   249398.330   249398.350   249398.240   249398.120
  2620:   249648.220   249648.230   249648.250   249648.340   249813.130
  2625:   249884.130   249919.130   250005.120   250017.120   250158.130
  2630:   250230.120   250375.120   250544.120   250721.120   250730.120
  2635:   250784.120   250920.130   250986.120   250997.120   251134.120
  2640:   251143.120   251278.120   251289.120   251456.120   251608.120
  2645:   251787.120   251799.120   251933.120   252133.120   252355.120
  2650:   252613.130   252713.120   252862.120   253016.130   253273.130
  2655:   253373.120   253484.130   253551.120   253823.120   254251.120
  2660:   254330.120   254342.120   254658.120   254789.130   254857.120
  2665:   254868.120   255191.120   255248.740   255416.130   255476.130
  2670:   255545.540   255545.320   255545.330   255545.350   255545.240
  2675:   255545.120   255795.220   255795.230   255795.250   255795.340
  2680:   255922.130   255995.740   256020.540   256020.320   256020.330
  2685:   256020.350   256020.240   256020.120   256270.220   256270.230
  2690:   256270.250   256270.340   256405.130   256461.130   256551.120
  2695:   256585.120   256725.130   256793.120   256802.120   256982.120
  2700:   257005.120   257184.120   257193.120   257527.120   257666.120
  2705:   257899.130   257990.120   258133.120   258144.120   258236.130
  2710:   258296.120   258434.120   258470.740   258661.130   258759.540
  2715:   258759.320   258759.330   258759.350   258759.240   258759.120
  2720:   259009.220   259009.230   259009.250   259009.340   259131.130
  2725:   259220.120   259358.130   259440.120   259561.130   259621.120
  2730:   259634.120   259794.120   260116.120   260145.120   260209.740
  2735:   260354.130   260449.540   260449.320   260449.330   260449.350
  2740:   260449.240   260449.120   260699.220   260699.230   260699.250
  2745:   260699.340   260844.130   260890.130   260991.120   261168.120
  2750:   261178.120   261238.120   261252.120   261393.120   261610.120
  2755:   261639.120   261876.120   262092.120   262287.130   262403.120
  2760:   262413.120   262591.120   262743.130   262811.120   262821.120
  2765:   262951.120   263115.130   263183.120   263385.130   263479.120
  2770:   263640.120   263804.130   263880.120   264012.130   264082.120
  2775:   264152.120   264209.120   264347.120   264358.120   264401.120
  2780:   264560.130   264625.120   264672.120   264836.120   265043.120
  2785:   265054.120   265227.120   265273.120   265288.120   265448.120
  2790:   265458.120   265609.120   265762.120   265772.120   265978.120
  2795:   266008.120   266199.740   266308.130   266428.540   266428.320
  2800:   266428.330   266428.350   266428.240   266428.120   266678.220
  2805:   266678.230   266678.250   266678.340   266827.130   266889.130
  2810:   267012.120   267140.130   267221.120   267399.120   267543.120
  2815:   267611.120   267623.120   267667.120   267808.120   267985.120
  2820:   267995.120   268211.130   268310.120   268528.120   268616.120
  2825:   268863.120   268905.120   269067.120   269078.120   269200.130
  2830:   269271.120   269320.120   269545.130   269577.130   269663.120
  2835:   269713.120   269872.120   270037.130   270121.120   270353.120
  2840:   270365.120   270639.120   270794.120   270983.120   271254.120
  2845:   271446.130   271553.130   271578.740   271649.540   271649.320
  2850:   271649.330   271649.350   271649.240   271649.120   271663.120
  2855:   271899.220   271899.230   271899.250   271899.340   272079.130
  2860:   272173.120   272300.130   272376.120   272572.130   272640.120
  2865:   272775.120   272799.740   272804.540   272804.320   272804.330
  2870:   272804.350   272804.240   272804.120   273054.220   273054.230
  2875:   273054.250   273054.340   273198.130   273256.130   273322.130
  2880:   273416.120   273593.130   273654.120   273664.120   273706.120
  2885:   273854.120   274022.120   274033.120   274225.130   274304.130
  2890:   274364.130   274516.120   274568.120   274593.120   274728.120
  2895:   274949.130   274988.130   275071.120   275098.120   275110.120
  2900:   275251.120   275299.120   275448.120   275624.120   275741.130
  2905:   275802.120   275813.120   275856.120   275989.130   276068.120
  2910:   276224.120   276413.120   276426.120   276463.120   276618.130
  2915:   276686.120   276733.120   276746.120   276894.130   276953.120
  2920:   276954.740   276966.540   276966.320   276966.330   276966.350
  2925:   276966.240   276966.120   277216.220   277216.230   277216.250
  2930:   277216.340   277358.130   277432.120   277568.130   277647.120
  2935:   277658.120   277796.130   277874.120   278073.120   278082.120
  2940:   278118.120   278129.120   278259.120   278395.130   278456.120
  2945:   278466.120   278643.120   278686.120   278874.120   278884.120
  2950:   279009.120   279020.120   279218.120   279228.120   279404.130
  2955:   279473.120   279485.120   279516.120   279633.130   279696.120
  2960:   279743.120   279929.130   279999.120   280202.120   280391.130
  2965:   280484.120   280496.120   280681.120   280857.130   280927.120
  2970:   281026.130   281112.120   281123.120   281298.130   281368.120
  2975:   281634.120   281644.120   281782.130   281843.120   282028.130
  2980:   282094.120   282105.120   282217.130   282285.120   282502.120
  2985:   282511.120   282745.120   282770.120   282816.740   283048.540
  2990:   283048.320   283048.330   283048.350   283048.240   283048.120
  2995:   283298.220   283298.230   283298.250   283298.340   283452.130
  3000:   283527.120   283632.130   283690.120   283785.130   283846.120
  3005:   283857.120   283892.120   283898.740   283904.540   283904.320
  3010:   283904.330   283904.350   283904.240   283904.120   284154.220
  3015:   284154.230   284154.250   284154.340   284305.130   284354.740
  3020:   284362.130   284454.540   284454.320   284454.330   284454.350
  3025:   284454.240   284454.120   284704.220   284704.230   284704.250
  3030:   284704.340   284890.130   284985.120   285011.120   285065.120
  3035:   285180.130   285241.120   285283.120   285296.120   285425.120
  3040:   285466.120   285604.120   285625.120   285694.120   285708.120
  3045:   285788.130   285854.120   286002.120   286011.120   286136.120
  3050:   286287.130   286356.120   286377.120   286513.120   286525.120
  3055:   286560.120   286574.120   286604.740   286657.130   286716.540
  3060:   286716.320   286716.330   286716.350   286716.240   286716.120
  3065:   286966.220   286966.230   286966.250   286966.340   287118.130
  3070:   287191.120   287218.120   287351.120   287366.740   287536.540
  3075:   287536.320   287536.330   287536.350   287536.240   287536.120
  3080:   287786.220   287786.230   287786.250   287786.340   287936.130
  3085:   288014.120   288050.120   288073.120   288271.120   288280.120
  3090:   288314.120   288431.120   288577.120   288686.740   288800.540
  3095:   288800.320   288800.330   288800.350   288800.240   288800.120
  3100:   289050.220   289050.230   289050.250   289050.340   289310.130
  3105:   289471.120   289500.120   289665.120   289814.130   289872.120
  3110:   290019.130   290077.120   290088.120   290123.120   290244.130
  3115:   290307.120   290355.120   290450.740   290474.130   290533.540
  3120:   290533.320   290533.330   290533.350   290533.240   290533.120
  3125:   290545.120   290783.220   290783.230   290783.250   290783.340
  3130:   290951.130   291017.120   291040.120   291093.120   291239.130
  3135:   291302.120   291313.120   291348.120   291383.740   291473.130
  3140:   291550.540   291550.320   291550.330   291550.350   291550.240
  3145:   291550.120   291560.120   291800.220   291800.230   291800.250
  3150:   291800.340   291941.130   291998.130   292093.120   292261.130
  3155:   292356.130   292443.120   292454.120   292487.120   292679.120
  3160:   292689.120   292822.120   292833.120   292872.120   293025.120
  3165:   293145.130   293204.120   293216.120   293332.130   293399.120
  3170:   293409.120   293520.130   293578.120   293589.120   293712.130
  3175:   293776.120   293900.740   293900.130   293958.540   293958.320
  3180:   293958.330   293958.350   293958.240   293958.120   293969.120
  3185:   294208.220   294208.230   294208.250   294208.340   294349.130
  3190:   294408.740   294416.540   294416.320   294416.330   294416.350
  3195:   294416.240   294416.120   294666.220   294666.230   294666.250
  3200:   294666.340   294793.130   294838.130   294902.120   294930.120
  3205:   294973.120   295156.120   295305.130   295367.120   295379.120
  3210:   295415.120   295590.120   295724.120   295736.120   295989.120
  3215:   296000.120   296357.120   296552.120   296766.120   296776.120
  3220:   296911.130   296973.120   297019.120   297154.130   297219.120
  3225:   297364.130   297430.120   297568.130   297632.120   297666.740
  3230:   297743.130   297806.540   297806.320   297806.330   297806.350
  3235:   297806.240   297806.120   298056.220   298056.230   298056.250
  3240:   298056.340   298255.120   298363.130   298426.120   298475.120
  3245:   298627.120   298650.120   298875.130   298943.120   298953.120
  3250:   298983.120   299100.130   299158.120   299171.120   299319.120
  3255:   299356.740   299447.540   299447.320   299447.330   299447.350
  3260:   299447.240   299447.120   299459.120   299697.220   299697.230
  3265:   299697.250   299697.340   299822.130   299892.120   299918.120
  3270:   300088.120   300185.130   300216.130   300277.120   300316.120
  3275:   300330.120   300461.120   300486.120   300604.120   300615.120
  3280:   300815.120   300824.120   300857.120   301025.120   301036.120
  3285:   301229.120   301376.130   301439.120   301449.120   301589.130
  3290:   301652.120   301703.120   301916.120   302090.120   302101.120
  3295:   302139.120   302323.120   302471.120   302481.120   302646.120
  3300:   302846.120   303032.120   303062.120   303261.120   303297.740
  3305:   303459.540   303459.320   303459.330   303459.350   303459.240
  3310:   303459.120   303471.120   303709.220   303709.230   303709.250
  3315:   303709.340   303838.130   303928.120   303951.120   304093.130
  3320:   304156.120   304198.120   304334.120   304345.120   304382.120
  3325:   304572.120   304743.120   304756.120   304898.130   304958.120
  3330:   305078.130   305138.120   305149.120   305342.120   305353.120
  3335:   305389.120   305552.120   305563.120   305761.120   305784.120
  3340:   305799.120   305934.130   305997.120   306115.130   306175.120
  3345:   306186.120   306221.120   306340.130   306397.120   306408.120
  3350:   306545.130   306607.120   306621.120   306774.120   306784.120
  3355:   307150.120   307342.120   307385.120   307580.120   307590.120
  3360:   307738.130   307803.120   307813.120   307845.120   307859.120
  3365:   307992.130   308054.120   308065.120   308261.130   308297.130
  3370:   308383.120   308394.120   308427.120   308441.120   308566.120
  3375:   308578.120   308719.120   308730.120   308852.130   308886.130
  3380:   308960.120   309103.120   309249.120   309260.120   309346.130
  3385:   309386.130   309444.120   309455.120   309622.120   309632.120
  3390:   309815.120   309825.120   309864.120   310019.120   310145.130
  3395:   310214.120   310284.120   310425.120   310435.120   310594.120
  3400:   310605.120   310777.120   310787.120   310828.120   310840.120
  3405:   310978.120   310990.120   311189.120   311200.120   311309.740
  3410:   311344.130   311407.540   311407.320   311407.330   311407.350
  3415:   311407.240   311407.120   311657.220   311657.230   311657.250
  3420:   311657.340   311800.130   311894.120   311926.120   311938.120
  3425:   312101.120   312113.120   312275.120   312286.120   312448.130
  3430:   312517.120   312567.120   312585.120   312657.740   312741.540
  3435:   312741.320   312741.330   312741.350   312741.240   312741.120
  3440:   312753.120   312991.220   312991.230   312991.250   312991.340
  3445:   313165.120   313285.120   313424.120   313434.120   313583.120
  3450:   313740.120   313749.120   313867.130   313929.120   313939.120
  3455:   313974.120   314104.130   314179.120   314191.120   314361.120
  3460:   314452.130   314526.120   314536.120   314764.130   314836.120
  3465:   314886.120   315119.130   315181.120   315325.120   315335.120
  3470:   315375.120   315578.120   315722.130   315780.120   315792.120
  3475:   315945.120   315957.120   316059.130   316119.120   316166.120
  3480:   316341.120   316351.120   316388.120   316578.120   316590.120
  3485:   316691.740   316748.540   316748.320   316748.330   316748.350
  3490:   316748.240   316748.120   316759.120   316998.220   316998.230
  3495:   316998.250   316998.340   317125.130   317158.130   317225.120
  3500:   317273.120   317405.130   317488.120   317577.130   317735.130
  3505:   317799.120   317810.120   317840.120   317854.120   318014.130
  3510:   318079.120   318293.120   318647.120   318699.120   318828.130
  3515:   318891.120   319040.130   319107.120   319319.130   319383.120
  3520:   319395.120   319398.740   319565.540   319565.320   319565.330
  3525:   319565.350   319565.240   319565.120   319577.120   319815.220
  3530:   319815.230   319815.250   319815.340   319931.130   319999.120
  3535:   320028.120   320161.120   320282.120   320307.120   320319.120
  3540:   320470.120   320603.120   320614.120   320745.120   320756.120
  3545:   320897.120   320908.120   321037.120   321089.120   321314.120
  3550:   321327.120   321361.120   321526.120   321537.120   321695.120
  3555:   321874.120   321898.120   322082.120   322093.120   322259.840
  3560:   322272.120   322284.120   322444.640   322444.320   322444.330
  3565:   322444.350   322444.240   322444.130   322694.220   322694.230
  3570:   322694.250   322694.340   322820.130   322909.120   322938.120
  3575:   322949.120   323077.120   323220.120   323367.120   323561.120
  3580:   323572.120   323614.120   323803.120   323848.120   323861.120
  3585:   323997.120   324006.120   324166.120   324176.120   324330.120
  3590:   324716.130   324804.120   324844.120   324976.120   325114.120
  3595:   325124.120   325279.130   325366.120   325412.120   325423.120
  3600:   325552.130   325617.120   325663.120   325808.130   325866.120
  3605:   326100.120   326110.120   326338.120   326348.120   326487.130
  3610:   326547.120   326557.120   326597.120   326715.740   326738.540
  3615:   326738.320   326738.330   326738.350   326738.240   326738.120
  3620:   326988.220   326988.230   326988.250   326988.340   327111.130
  3625:   327178.120   327288.740   327387.540   327387.320   327387.330
  3630:   327387.350   327387.240   327387.120   327637.220   327637.230
  3635:   327637.250   327637.340   327878.120   327905.120   328038.120
  3640:   328089.120   328225.130   328286.120   328328.120   328480.120
  3645:   328611.130   328675.120   328824.120   328995.120   329007.120
  3650:   329156.120   329379.120   329503.130   329567.120   329737.740
  3655:   329763.540   329763.320   329763.330   329763.350   329763.240
  3660:   329763.120   329775.120   330013.220   330013.230   330013.250
  3665:   330013.340   330148.130   330212.120   330432.120   330455.120
  3670:   330468.120   330647.120   330692.120   330713.740   330927.540
  3675:   330927.320   330927.330   330927.350   330927.240   330927.120
  3680:   330938.120   331177.220   331177.230   331177.250   331177.340
  3685:   331298.130   331362.120   331505.130   331569.120   331707.120
  3690:   331823.120   331940.130   331995.120   332007.120   332131.130
  3695:   332196.120   332357.120   332450.130   332591.120   332750.120
  3700:   332925.130   332984.120   333224.120   333363.130   333427.120
  3705:   333613.120   333624.120   333761.120   333948.120   334152.120
  3710:   334198.120   334383.120   334394.120   334589.120   334601.120
  3715:   334795.120   334976.130   335012.130   335077.120   335121.120
  3720:   335306.120   335317.120   335482.130   335563.120   335575.120
  3725:   335736.120   335783.120   335974.120   336094.840   336118.120
  3730:   336328.120   336340.120   336536.120   336881.120   336893.120
  3735:   337012.120   337162.640   337162.320   337162.330   337162.350
  3740:   337162.240   337162.130   337412.220   337412.230   337412.250
  3745:   337412.340   337536.130   337625.120   337777.740   337786.130
  3750:   337823.130   337893.540   337893.320   337893.330   337893.350
  3755:   337893.240   337893.120   338143.220   338143.230   338143.250
  3760:   338143.340   338277.130   338372.120   338482.130   338560.120
  3765:   338606.120   338643.740   338816.540   338816.320   338816.330
  3770:   338816.350   338816.240   338816.120   338826.120   339066.220
  3775:   339066.230   339066.250   339066.340   339188.130   339212.840
  3780:   339274.120   339295.120   339430.120   339477.120   339615.640
  3785:   339615.320   339615.330   339615.350   339615.240   339615.130
  3790:   339865.220   339865.230   339865.250   339865.340   340008.130
  3795:   340081.120   340174.130   340240.120   340439.120   340479.120
  3800:   340601.130   340658.120   340708.120   340849.120   341106.120
  3805:   341131.120   341144.120   341369.130   341444.120   341608.120
  3810:   341619.120   341923.130   342009.120   342176.120   342368.120
  3815:   342599.120   342731.130   342813.120   343009.120   343036.120
  3820:   343225.120   343425.120   343638.120   343794.130   343863.120
  3825:   343888.120   344023.130   344089.120   344308.120   344360.120
  3830:   344466.740   344629.540   344629.320   344629.330   344629.350
  3835:   344629.240   344629.120   344879.220   344879.230   344879.250
  3840:   344879.340   345012.130   345081.120   345114.120   345279.740
  3845:   345282.540   345282.320   345282.330   345282.350   345282.240
  3850:   345282.120   345532.220   345532.230   345532.250   345532.340
  3855:   345663.130   345752.120   345846.130   345912.120   345990.130
  3860:   346053.120   346101.120   346171.130   346252.120   346412.120
  3865:   346460.120   346472.120   346663.120   346671.120   346849.120
  3870:   346951.130   347005.120   347160.120   347169.120   347331.120
  3875:   347355.120   347523.120   347699.120   348022.130   348050.130
  3880:   348109.120   348452.120   348519.130   348580.120   348733.130
  3885:   348814.120   348994.120   349167.130   349228.120   349336.130
  3890:   349392.120   349438.120   349586.130   349646.120   349732.740
  3895:   349754.130   349812.540   349812.320   349812.330   349812.350
  3900:   349812.240   349812.120   350062.220   350062.230   350062.250
  3905:   350062.340   350233.120   350324.120   350444.120   350485.120
  3910:   350621.120   350732.130   350782.120   350941.120   351095.120
  3915:   351105.120   351358.120   351369.120   351567.120   351600.120
  3920:   351727.130   351780.120   351792.120   351911.130   351964.120
  3925:   351975.120   352154.130   352217.120   352430.120   352440.120
  3930:   352594.120   352662.740   352783.540   352783.320   352783.330
  3935:   352783.350   352783.240   352783.120   353033.220   353033.230
  3940:   353033.250   353033.340   353172.130   353232.120   353262.120
  3945:   353355.130   353410.120   353452.120   353573.120   353766.120
  3950:   353776.120   353807.120   353921.120   353932.120   354109.120
  3955:   354164.120   354297.120   354308.120   354433.120   354523.130
  3960:   354575.120   354586.120   354747.120   354920.130   354980.120
  3965:   355204.130   355313.120   355323.120   355354.120   355366.120
  3970:   355522.130   355533.740   355593.540   355593.320   355593.330
  3975:   355593.350   355593.240   355593.120   355603.120   355843.220
  3980:   355843.230   355843.250   355843.340   355964.130   356005.130
  3985:   356077.120   356180.120   356243.740   356357.130   356410.540
  3990:   356410.320   356410.330   356410.350   356410.240   356410.120
  3995:   356420.120   356660.220   356660.230   356660.250   356660.340
  4000:   356781.130   356851.120   356876.120   356890.120   357051.130
  4005:   357107.120   357148.120   357272.120   357282.120   357498.120
  4010:   357635.120   357812.120   357859.120   357905.120   357929.120
  4015:   358087.130   358153.120   358200.120   358377.120   358499.120
  4020:   358509.120   358718.120   358889.130   358954.120   359124.130
  4025:   359186.120   359197.120   359360.740   359472.540   359472.320
  4030:   359472.330   359472.350   359472.240   359472.120   359722.220
  4035:   359722.230   359722.250   359722.340   360000.320   360000.330
  4040:   360000.350   360000.020
C:
     0:        0.000     2023.000      671.000      123.000       11.000
     5:        0.000
D:
     0:        0.000        0.000
L:
     0:      416.000      416.000      416.000
M:
     0:     1200.000     1201.000     1202.000     1203.000     1204.000
     5:     1205.000     1206.000     1207.000     1208.000     1209.000
    10:     1210.000     1211.000     1212.000     1213.000     1214.000
    15:     1215.000     1216.000     1217.000     1218.000     1219.000
    20:     1220.000     1221.000     1222.000     1223.000     1224.000
    25:     1225.000     1226.000     1227.000     1228.000     1229.000
    30:     1230.000     1231.000     1232.000     1233.000     1234.000
    35:     1235.000     1236.000     1237.000     1238.000     1239.000
    40:     1240.000     1241.000     1242.000     1243.000     1244.000
    45:     1245.000     1246.000     1247.000     1248.000     1249.000
    50:     1250.000     1251.000     1252.000     1253.000     1254.000
    55:     1255.000     1256.000     1257.000     1258.000     1259.000
    60:     1260.000     1261.000     1262.000     1263.000     1264.000
    65:     1265.000     1266.000     1267.000     1268.000     1269.000
    70:     1270.000     1271.000     1272.000     1273.000     1274.000
    75:     1275.000     1276.000     1277.000     1278.000     1279.000
    80:     1280.000     1281.000     1282.000     1283.000     1284.000
    85:     1285.000     1286.000     1287.000     1288.000     1289.000
    90:     1290.000     1291.000     1292.000     1293.000     1294.000
    95:     1295.000     1296.000     1297.000     1298.000     1299.000
   100:     1300.000     1301.000     1302.000     1303.000     1304.000
   105:     1305.000     1306.000     1307.000     1308.000     1309.000
   110:     1310.000     1311.000     1312.000     1313.000     1314.000
   115:     1315.000     1316.000     1317.000     1318.000     1319.000
   120:     1320.000     1321.000     1322.000     1323.000     1324.000
   125:     1325.000     1326.000     1327.000     1328.000     1329.000
   130:     1330.000     1331.000     1332.000     1333.000     1334.000
   135:     1335.000     1336.000     1337.000     1338.000     1339.000
   140:     1340.000     1341.000     1342.000     1343.000     1344.000
   145:     1345.000     1346.000     1347.000     1348.000     1349.000
   150:     1350.000     1351.000     1352.000     1353.000     1354.000
   155:     1355.000     1356.000     1357.000     1358.000     1359.000
   160:     1360.000     1361.000     1362.000     1363.000     1364.000
   165:     1365.000     1366.000     1367.000     1368.000     1369.000
   170:     1370.000     1371.000     1372.000     1373.000     1374.000
   175:     1375.000     1376.000     1377.000     1378.000     1379.000
   180:     1380.000     1381.000     1382.000     1383.000     1384.000
   185:     1385.000     1386.000     1387.000     1388.000     1389.000
   190:     1390.000     1391.000     1392.000     1393.000     1394.000
   195:     1395.000     1396.000     1397.000     1398.000     1399.000
   200:     1400.000     1401.000     1402.000     1403.000     1404.000
   205:     1405.000     1406.000     1407.000     1408.000     1409.000
   210:     1410.000     1411.000     1412.000     1413.000     1414.000
   215:     1415.000     1416.000     1417.000     1418.000     1419.000
   220:     1420.000     1421.000     1422.000     1423.000     1424.000
   225:     1425.000     1426.000     1427.000     1428.000     1429.000
   230:     1430.000     1431.000     1432.000     1433.000     1434.000
   235:     1435.000     1436.000     1437.000     1438.000     1439.000
   240:     1440.000     1441.000     1442.000     1443.000     1444.000
   245:     1445.000     1446.000     1447.000     1448.000     1449.000
   250:     1450.000     1451.000     1452.000     1453.000     1454.000
   255:     1455.000     1456.000     1457.000     1458.000     1459.000
   260:     1460.000     1461.000     1462.000     1463.000     1464.000
   265:     1465.000     1466.000     1467.000     1468.000     1469.000
   270:     1470.000     1471.000     1472.000     1473.000     1474.000
   275:     1475.000     1476.000     1477.000     1478.000     1479.000
   280:     1480.000     1481.000     1482.000     1483.000     1484.000
   285:     1485.000     1486.000     1487.000     1488.000     1489.000
   290:     1490.000     1491.000     1492.000     1493.000     1494.000
   295:     1495.000     1496.000     1497.000     1498.000     1499.000
   300:     1500.000     1501.000     1502.000     1503.000     1504.000
   305:     1505.000     1506.000     1507.000     1508.000     1509.000
   310:     1510.000     1511.000     1512.000     1513.000     1514.000
   315:     1515.000     1516.000     1517.000     1518.000     1519.000
   320:     1520.000     1521.000     1522.000     1523.000     1524.000
   325:     1525.000     1526.000     1527.000     1528.000     1529.000
   330:     1530.000     1531.000     1532.000     1533.000     1534.000
   335:     1535.000     1536.000     1537.000     1538.000     1539.000
   340:     1540.000     1541.000     1542.000     1543.000     1544.000
   345:     1545.000     1546.000     1547.000     1548.000     1549.000
   350:     1550.000     1551.000     1552.000     1553.000     1554.000
   355:     1555.000     1556.000     1557.000     1558.000     1559.000
   360:     1560.000     1561.000     1562.000     1563.000     1564.000
   365:     1565.000     1566.000     1567.000     1568.000     1569.000
   370:     1570.000     1571.000     1572.000     1573.000     1574.000
   375:     1575.000     1576.000     1577.000     1578.000     1579.000
   380:     1580.000     1581.000     1582.000     1583.000     1584.000
   385:     1585.000     1586.000     1587.000     1588.000     1589.000
   390:     1590.000     1591.000     1592.000     1593.000     1594.000
   395:     1595.000     1596.000     1597.000     1598.000     1599.000
   400:     1600.000     1601.000     1602.000     1603.000     1604.000
   405:     1605.000     1606.000     1607.000     1608.000     1609.000
   410:     1610.000     1611.000     1612.000     1613.000     1614.000
   415:     1615.000     1616.000     1617.000     1618.000     1619.000
   420:     1620.000     1621.000     1622.000     1623.000     1624.000
   425:     1625.000     1626.000     1627.000     1628.000     1629.000
   430:     1630.000     1631.000     1632.000     1633.000     1634.000
   435:     1635.000     1636.000     1637.000     1638.000     1639.000
   440:     1640.000     1641.000     1642.000     1643.000     1644.000
   445:     1645.000     1646.000     1647.000     1648.000     1649.000
   450:     1650.000     1651.000     1652.000     1653.000     1654.000
   455:     1655.000     1656.000     1657.000     1658.000     1659.000
   460:     1660.000     1661.000     1662.000     1663.000     1664.000
   465:     1665.000     1666.000     1667.000     1668.000     1669.000
   470:     1670.000     1671.000     1672.000     1673.000     1674.000
   475:     1675.000     1676.000     1677.000     1678.000     1679.000
   480:     1680.000     1681.000     1682.000     1683.000     1684.000
   485:     1685.000     1686.000     1687.000     1688.000     1689.000
   490:     1690.000     1691.000     1692.000     1693.000     1694.000
   495:     1695.000     1696.000     1697.000     1698.000     1699.000
   500:     1700.000     1701.000     1702.000     1703.000     1704.000
   505:     1705.000     1706.000     1707.000     1708.000     1709.000
   510:     1710.000     1711.000     1712.000     1713.000     1714.000
   515:     1715.000     1716.000     1717.000     1718.000     1719.000
   520:     1720.000     1721.000     1722.000     1723.000     1724.000
   525:     1725.000     1726.000     1727.000     1728.000     1729.000
   530:     1730.000     1731.000     1732.000     1733.000     1734.000
   535:     1735.000     1736.000     1737.000     1738.000     1739.000
   540:     1740.000     1741.000     1742.000     1743.000     1744.000
   545:     1745.000     1746.000     1747.000     1748.000     1749.000
   550:     1750.000     1751.000     1752.000     1753.000     1754.000
   555:     1755.000     1756.000     1757.000     1758.000     1759.000
   560:     1760.000     1761.000     1762.000     1763.000     1764.000
   565:     1765.000     1766.000     1767.000     1768.000     1769.000
   570:     1770.000     1771.000     1772.000     1773.000     1774.000
   575:     1775.000     1776.000     1777.000     1778.000     1779.000
   580:     1780.000     1781.000     1782.000     1783.000     1784.000
   585:     1785.000     1786.000     1787.000     1788.000     1789.000
   590:     1790.000     1791.000     1792.000     1793.000     1794.000
   595:     1795.000     1796.000     1797.000     1798.000     1799.000
   600:     1800.000     1801.000     1802.000     1803.000     1804.000
   605:     1805.000     1806.000     1807.000     1808.000     1809.000
   610:     1810.000     1811.000     1812.000     1813.000     1814.000
   615:     1815.000     1816.000     1817.000     1818.000     1819.000
   620:     1820.000     1821.000     1822.000     1823.000     1824.000
   625:     1825.000     1826.000     1827.000     1828.000     1829.000
   630:     1830.000     1831.000     1832.000     1833.000     1834.000
   635:     1835.000     1836.000     1837.000     1838.000     1839.000
   640:     1840.000     1841.000     1842.000     1843.000     1844.000
   645:     1845.000     1846.000     1847.000     1848.000     1849.000
   650:     1850.000     1851.000     1852.000     1853.000     1854.000
   655:     1855.000     1856.000     1857.000     1858.000     1859.000
   660:     1860.000     1861.000     1862.000     1863.000     1864.000
   665:     1865.000     1866.000     1867.000     1868.000     1869.000
   670:     1870.000     1871.000     1872.000     1873.000     1874.000
   675:     1875.000     1876.000     1877.000     1878.000     1879.000
   680:     1880.000     1881.000     1882.000     1883.000     1884.000
   685:     1885.000     1886.000     1887.000     1888.000     1889.000
   690:     1890.000     1891.000     1892.000     1893.000     1894.000
   695:     1895.000     1896.000     1897.000     1898.000     1899.000
   700:     1900.000     1901.000     1902.000     1903.000     1904.000
   705:     1905.000     1906.000     1907.000     1908.000     1909.000
   710:     1910.000     1911.000     1912.000     1913.000     1914.000
   715:     1915.000     1916.000     1917.000     1918.000     1919.000
   720:     1920.000     1921.000     1922.000     1923.000     1924.000
   725:     1925.000     1926.000     1927.000     1928.000     1929.000
   730:     1930.000     1931.000     1932.000     1933.000     1934.000
   735:     1935.000     1936.000     1937.000     1938.000     1939.000
   740:     1940.000     1941.000     1942.000     1943.000     1944.000
   745:     1945.000     1946.000     1947.000     1948.000     1949.000
   750:     1950.000     1951.000     1952.000     1953.000     1954.000
   755:     1955.000     1956.000     1957.000     1958.000     1959.000
   760:     1960.000     1961.000     1962.000     1963.000     1964.000
   765:     1965.000     1966.000     1967.000     1968.000     1969.000
   770:     1970.000     1971.000     1972.000     1973.000     1974.000
   775:     1975.000     1976.000     1977.000     1978.000     1979.000
   780:     1980.000     1981.000     1982.000     1983.000     1984.000
   785:     1985.000     1986.000     1987.000     1988.000     1989.000
   790:     1990.000     1991.000     1992.000     1993.000     1994.000
   795:     1995.000     1996.000     1997.000     1998.000     1999.000
   800:     2000.000     2001.000     2002.000     2003.000     2004.000
   805:     2005.000     2006.000     2007.000     2008.000     2009.000
   810:     2010.000     2011.000     2012.000     2013.000     2014.000
   815:     2015.000     2016.000     2017.000     2018.000     2019.000
   820:     2020.000     2021.000     2022.000     2023.000     2024.000
   825:     2025.000     2026.000     2027.000     2028.000     2029.000
   830:     2030.000     2031.000     2032.000     2033.000     2034.000
   835:     2035.000     2036.000     2037.000     2038.000     2039.000
   840:     2040.000     2041.000     2042.000     2043.000     2044.000
   845:     2045.000     2046.000     2047.000     2048.000     2049.000
   850:     2050.000     2051.000     2052.000     2053.000     2054.000
   855:     2055.000     2056.000     2057.000     2058.000     2059.000
   860:     2060.000     2061.000     2062.000     2063.000     2064.000
   865:     2065.000     2066.000     2067.000     2068.000     2069.000
   870:     2070.000     2071.000     2072.000     2073.000     2074.000
   875:     2075.000     2076.000     2077.000     2078.000     2079.000
   880:     2080.000     2081.000     2082.000     2083.000     2084.000
   885:     2085.000     2086.000     2087.000     2088.000     2089.000
   890:     2090.000     2091.000     2092.000     2093.000     2094.000
   895:     2095.000     2096.000     2097.000     2098.000     2099.000
   900:     2100.000     2101.000     2102.000     2103.000     2104.000
   905:     2105.000     2106.000     2107.000     2108.000     2109.000
   910:     2110.000     2111.000     2112.000     2113.000     2114.000
   915:     2115.000     2116.000     2117.000     2118.000     2119.000
   920:     2120.000     2121.000     2122.000     2123.000     2124.000
   925:     2125.000     2126.000     2127.000     2128.000     2129.000
   930:     2130.000     2131.000     2132.000     2133.000     2134.000
   935:     2135.000     2136.000     2137.000     2138.000     2139.000
   940:     2140.000     2141.000     2142.000     2143.000     2144.000
   945:     2145.000     2146.000     2147.000     2148.000     2149.000
   950:     2150.000     2151.000     2152.000     2153.000     2154.000
   955:     2155.000     2156.000     2157.000     2158.000     2159.000
   960:     2160.000     2161.000     2162.000     2163.000     2164.000
   965:     2165.000     2166.000     2167.000     2168.000     2169.000
   970:     2170.000     2171.000     2172.000     2173.000     2174.000
   975:     2175.000     2176.000     2177.000     2178.000     2179.000
   980:     2180.000     2181.000     2182.000     2183.000     2184.000
   985:     2185.000     2186.000     2187.000     2188.000     2189.000
   990:     2190.000     2191.000     2192.000     2193.000     2194.000
   995:     2195.000     2196.000     2197.000     2198.000     2199.000
  1000:     2200.000     2201.000     2202.000     2203.000     2204.000
  1005:     2205.000     2206.000     2207.000     2208.000     2209.000
  1010:     2210.000     2211.000     2212.000     2213.000     2214.000
  1015:     2215.000     2216.000     2217.000     2218.000     2219.000
  1020:     2220.000     2221.000     2222.000     2223.000     2224.000
  1025:     2225.000     2226.000     2227.000     2228.000     2229.000
  1030:     2230.000     2231.000     2232.000     2233.000     2234.000
  1035:     2235.000     2236.000     2237.000     2238.000     2239.000
  1040:     2240.000     2241.000     2242.000     2243.000     2244.000
  1045:     2245.000     2246.000     2247.000     2248.000     2249.000
  1050:     2250.000     2251.000     2252.000     2253.000     2254.000
  1055:     2255.000     2256.000     2257.000     2258.000     2259.000
  1060:     2260.000     2261.000     2262.000     2263.000     2264.000
  1065:     2265.000     2266.000     2267.000     2268.000     2269.000
  1070:     2270.000     2271.000     2272.000     2273.000     2274.000
  1075:     2275.000     2276.000     2277.000     2278.000     2279.000
  1080:     2280.000     2281.000     2282.000     2283.000     2284.000
  1085:     2285.000     2286.000     2287.000     2288.000     2289.000
  1090:     2290.000     2291.000     2292.000     2293.000     2294.000
  1095:     2295.000     2296.000     2297.000     2298.000     2299.000
  1100:     2300.000     2301.000     2302.000     2303.000     2304.000
  1105:     2305.000     2306.000     2307.000     2308.000     2309.000
  1110:     2310.000     2311.000     2312.000     2313.000     2314.000
  1115:     2315.000     2316.000     2317.000     2318.000     2319.000
  1120:     2320.000     2321.000     2322.000     2323.000     2324.000
  1125:     2325.000     2326.000     2327.000     2328.000     2329.000
  1130:     2330.000     2331.000     2332.000     2333.000     2334.000
  1135:     2335.000     2336.000     2337.000     2338.000     2339.000
  1140:     2340.000     2341.000     2342.000     2343.000     2344.000
  1145:     2345.000     2346.000     2347.000     2348.000     2349.000
  1150:     2350.000     2351.000     2352.000     2353.000     2354.000
  1155:     2355.000     2356.000     2357.000     2358.000     2359.000
  1160:     2360.000     2361.000     2362.000     2363.000     2364.000
  1165:     2365.000     2366.000     2367.000     2368.000     2369.000
  1170:     2370.000     2371.000     2372.000     2373.000     2374.000
  1175:     2375.000     2376.000     2377.000     2378.000     2379.000
  1180:     2380.000     2381.000     2382.000     2383.000     2384.000
  1185:     2385.000     2386.000     2387.000     2388.000     2389.000
  1190:     2390.000     2391.000     2392.000     2393.000     2394.000
  1195:     2395.000     2396.000     2397.000     2398.000     2399.000
  1200:     2400.000
N:
     0:     2700.000     2701.000     2702.000     2703.000     2704.000
     5:     2705.000     2706.000     2707.000     2708.000     2709.000
    10:     2710.000     2711.000     2712.000     2713.000     2714.000
    15:     2715.000     2716.000     2717.000     2718.000     2719.000
    20:     2720.000     2721.000     2722.000     2723.000     2724.000
    25:     2725.000     2726.000     2727.000     2728.000     2729.000
    30:     2730.000     2731.000     2732.000     2733.000     2734.000
    35:     2735.000     2736.000     2737.000     2738.000     2739.000
    40:     2740.000     2741.000     2742.000     2743.000     2744.000
    45:     2745.000     2746.000     2747.000     2748.000     2749.000
    50:     2750.000     2751.000     2752.000     2753.000     2754.000
    55:     2755.000     2756.000     2757.000     2758.000     2759.000
    60:     2760.000     2761.000     2762.000     2763.000     2764.000
    65:     2765.000     2766.000     2767.000     2768.000     2769.000
    70:     2770.000     2771.000     2772.000     2773.000     2774.000
    75:     2775.000     2776.000     2777.000     2778.000     2779.000
    80:     2780.000     2781.000     2782.000     2783.000     2784.000
    85:     2785.000     2786.000     2787.000     2788.000     2789.000
    90:     2790.000     2791.000     2792.000     2793.000     2794.000
    95:     2795.000     2796.000     2797.000     2798.000     2799.000
   100:     2800.000     2801.000     2802.000     2803.000     2804.000
   105:     2805.000     2806.000     2807.000     2808.000     2809.000
   110:     2810.000     2811.000     2812.000     2813.000     2814.000
   115:     2815.000     2816.000     2817.000     2818.000     2819.000
   120:     2820.000     2821.000     2822.000     2823.000     2824.000
   125:     2825.000     2826.000     2827.000     2828.000     2829.000
   130:     2830.000     2831.000     2832.000     2833.000     2834.000
   135:     2835.000     2836.000     2837.000     2838.000     2839.000
   140:     2840.000     2841.000     2842.000     2843.000     2844.000
   145:     2845.000     2846.000     2847.000     2848.000     2849.000
   150:     2850.000     2851.000     2852.000     2853.000     2854.000
   155:     2855.000     2856.000     2857.000     2858.000     2859.000
   160:     2860.000     2861.000     2862.000     2863.000     2864.000
   165:     2865.000     2866.000     2867.000     2868.000     2869.000
   170:     2870.000     2871.000     2872.000     2873.000     2874.000
   175:     2875.000     2876.000     2877.000     2878.000     2879.000
   180:     2880.000     2881.000     2882.000     2883.000     2884.000
   185:     2885.000     2886.000     2887.000     2888.000     2889.000
   190:     2890.000     2891.000     2892.000     2893.000     2894.000
   195:     2895.000     2896.000     2897.000     2898.000     2899.000
   200:     2900.000     2901.000     2902.000     2903.000     2904.000
   205:     2905.000     2906.000     2907.000     2908.000     2909.000
   210:     2910.000     2911.000     2912.000     2913.000     2914.000
   215:     2915.000     2916.000     2917.000     2918.000     2919.000
   220:     2920.000     2921.000     2922.000     2923.000     2924.000
   225:     2925.000     2926.000     2927.000     2928.000     2929.000
   230:     2930.000     2931.000     2932.000     2933.000     2934.000
   235:     2935.000     2936.000     2937.000     2938.000     2939.000
   240:     2940.000     2941.000     2942.000     2943.000     2944.000
   245:     2945.000     2946.000     2947.000     2948.000     2949.000
   250:     2950.000     2951.000     2952.000     2953.000     2954.000
   255:     2955.000     2956.000     2957.000     2958.000     2959.000
   260:     2960.000     2961.000     2962.000     2963.000     2964.000
   265:     2965.000     2966.000     2967.000     2968.000     2969.000
   270:     2970.000     2971.000     2972.000     2973.000     2974.000
   275:     2975.000     2976.000     2977.000     2978.000     2979.000
   280:     2980.000     2981.000     2982.000     2983.000     2984.000
   285:     2985.000     2986.000     2987.000     2988.000     2989.000
   290:     2990.000     2991.000     2992.000     2993.000     2994.000
   295:     2995.000     2996.000     2997.000     2998.000     2999.000
   300:     3000.000
R:
     0:       27.000       27.000       27.000
V:
     0:     1581.000     2778.000
W:
     0:     1581.000     2778.000
