File: C:\MED-PC IV\DATA\p736_s151_japede


Start Date: 11/27/17
End Date: 11/27/17
Subject: p736
Experiment: 0
Group: 0
Box: 6
Start Time: 16:13:01
End Time: 17:14:30
MSN: japede_L_225_24_24_R_25_360_360
B:       0.000
E:    4680.000
F:       0.000
G:       0.000
H:       0.000
I:       2.000
J:       2.000
K:       0.000
O:       0.000
P:       0.000
Q:       0.000
S:  360000.000
T:  360000.000
U:       0.000
X:       0.000
Y:       0.000
Z:       0.000
A:
     0:        0.010        0.250        0.220        0.230       88.130
     5:      130.130      496.130      536.130      581.130      599.840
    10:      753.120      781.120      887.640      887.320      887.330
    15:      887.350      887.240      887.130     1137.220     1137.230
    20:     1137.250     1137.340     1703.130     1842.120     1947.130
    25:     2041.120     2130.130     2233.120     2323.130     2728.130
    30:     2865.120     2899.120     2992.130     3095.120     3269.120
    35:     3366.130     3488.130     4120.130     4161.130     4294.120
    40:     4387.130     4424.130     4531.120     4624.130     4820.130
    45:     4924.120     4945.120     5141.120     5230.130     5537.840
    50:     5566.640     5566.320     5566.330     5566.350     5566.240
    55:     5566.130     5816.220     5816.230     5816.250     5816.340
    60:     6041.130     6152.120     6256.130     6380.130     6484.120
    65:     6508.120     6593.130     6692.120     6778.130     6862.120
    70:     6962.130     7038.120     7184.120     7216.120     7306.130
    75:     7477.130     7557.120     7716.840     7774.640     7774.320
    80:     7774.330     7774.350     7774.240     7774.130     8024.220
    85:     8024.230     8024.250     8024.340     8181.130     8279.120
    90:     8364.130     8449.120     8535.130     8564.130     8640.120
    95:     8728.130     8805.120     8956.120     8989.120     9098.130
   100:     9200.120     9285.130     9368.120     9507.120     9534.120
   105:     9611.130     9699.120     9807.120     9899.130    10009.120
   110:    10087.120    10119.120    10188.120    10321.130    10368.130
   115:    10466.120    10555.130    10637.120    10721.130    10802.120
   120:    10815.120    10895.130    10983.120    11072.130    11108.130
   125:    11191.120    11280.130    11316.130    11400.120    11494.120
   130:    11618.120    11775.130    11870.120    11957.120    12135.120
   135:    12168.120    12272.130    12379.120    12472.130    12524.840
   140:    12552.120    12654.120    12784.120    12877.640    12877.320
   145:    12877.330    12877.350    12877.240    12877.130    13127.220
   150:    13127.230    13127.250    13127.340    13287.130    13415.130
   155:    13513.120    13639.120    13734.130    13821.120    13937.130
   160:    14010.120    14165.120    14198.120    14422.120    14582.120
   165:    14615.120    14771.120    14958.120    15053.130    15232.120
   170:    15332.130    15411.120    15511.120    15543.120    15771.120
   175:    15942.120    16070.130    16158.120    16351.120    16384.120
   180:    16506.130    16527.840    16605.120    16698.120    16801.640
   185:    16801.320    16801.330    16801.350    16801.240    16801.130
   190:    17051.220    17051.230    17051.250    17051.340    17259.130
   195:    17352.120    17450.130    17535.120    17619.130    17702.120
   200:    17751.840    17791.640    17791.320    17791.330    17791.350
   205:    17791.240    17791.130    18041.220    18041.230    18041.250
   210:    18041.340    18213.130    18307.120    18481.120    18569.130
   215:    18648.120    18734.130    18812.120    18825.120    18898.130
   220:    18975.120    19055.130    19097.130    19186.130    19289.120
   225:    19379.130    19459.120    19547.130    19588.130    19742.130
   230:    19845.120    19919.130    20000.120    20075.130    20243.130
   235:    20413.130    20494.120    20570.130    20599.740    20657.540
   240:    20657.320    20657.330    20657.350    20657.240    20657.120
   245:    20907.220    20907.230    20907.250    20907.340    21035.130
   250:    21137.120    21222.130    21334.120    21423.130    21441.840
   255:    21507.120    21592.640    21592.320    21592.330    21592.350
   260:    21592.240    21592.130    21842.220    21842.230    21842.250
   265:    21842.340    21968.130    22071.120    22158.130    22242.120
   270:    22308.130    22385.120    22469.130    22702.120    22784.130
   275:    22861.120    23027.120    23104.130    23247.130    23326.120
   280:    23410.130    23488.120    23569.130    23649.120    23743.120
   285:    23947.120    24026.130    24106.120    24265.120    24397.130
   290:    24477.120    24560.130    24594.130    24685.120    24768.130
   295:    24809.130    24842.840    24975.640    24975.320    24975.330
   300:    24975.350    24975.240    24975.130    25225.220    25225.230
   305:    25225.250    25225.340    25371.130    25492.130    25580.120
   310:    25672.130    25786.120    25866.130    25939.120    26021.130
   315:    26095.120    26176.130    26251.120    26328.130    26408.120
   320:    26491.130    26563.120    26654.130    26715.130    26762.130
   325:    27094.130    27199.120    27279.130    27312.130    27325.840
   330:    27476.120    27556.640    27556.320    27556.330    27556.350
   335:    27556.240    27556.130    27806.220    27806.230    27806.250
   340:    27806.340    27943.130    28041.120    28125.130    28233.120
   345:    28306.840    28311.640    28311.320    28311.330    28311.350
   350:    28311.240    28311.130    28561.220    28561.230    28561.250
   355:    28561.340    28732.130    28834.120    28926.130    29015.120
   360:    29097.130    29173.120    29252.130    29406.130    29485.120
   365:    29558.130    29637.120    29715.130    29794.120    29871.130
   370:    29953.120    30028.130    30298.130    30404.130    30517.120
   375:    30597.130    30669.130    30762.120    30914.120    30992.130
   380:    31072.120    31147.130    31184.130    31259.130    31431.130
   385:    31529.120    31611.130    31713.130    31754.130    31967.130
   390:    32032.130    32265.130    32415.130    32544.120    32630.130
   395:    32849.130    33433.130    33543.130    33761.840    33808.640
   400:    33808.320    33808.330    33808.350    33808.240    33808.130
   405:    34058.220    34058.230    34058.250    34058.340    34532.130
   410:    34580.130    34710.130    34835.120    34933.130    34978.130
   415:    35115.120    35212.130    35403.130    35448.130    35586.130
   420:    35630.130    35658.840    35828.640    35828.320    35828.330
   425:    35828.350    35828.240    35828.130    36078.220    36078.230
   430:    36078.250    36078.340    36178.840    36215.640    36215.320
   435:    36215.330    36215.350    36215.240    36215.130    36465.220
   440:    36465.230    36465.250    36465.340    36689.130    36763.130
   445:    36896.130    36965.840    36996.640    36996.320    36996.330
   450:    36996.350    36996.240    36996.130    37246.220    37246.230
   455:    37246.250    37246.340    37485.130    37533.130    37801.130
   460:    37899.120    37998.130    38089.120    38179.130    38265.120
   465:    38355.130    38444.120    38537.130    38629.120    38714.130
   470:    38788.130    39008.130    39043.130    39178.130    39282.120
   475:    39364.130    39403.130    39609.130    39655.130    39797.120
   480:    39882.130    39945.130    40099.130    40172.130    40311.130
   485:    40404.130    40449.130    40620.130    40693.130    40746.130
   490:    40968.130    41008.130    41061.130    41263.130    41418.120
   495:    41509.130    41602.120    41689.130    41781.120    41871.130
   500:    41910.130    41951.130    41991.130    42139.130    42361.130
   505:    42717.130    42759.130    42901.120    42989.130    43071.130
   510:    43109.130    43153.130    43246.840    43267.640    43267.320
   515:    43267.330    43267.350    43267.240    43267.130    43517.220
   520:    43517.230    43517.250    43517.340    43713.130    43824.130
   525:    43945.120    44035.130    44131.120    44212.130    44306.120
   530:    44403.130    44498.120    44591.130    44685.120    44775.130
   535:    44854.130    44958.130    45069.120    45156.130    45227.130
   540:    45445.130    45669.130    45767.120    45862.130    45961.120
   545:    46050.130    46088.130    46131.130    46291.130    46656.130
   550:    46708.130    46839.130    47035.130    47287.130    47446.120
   555:    47535.130    47578.130    47622.130    47778.130    47820.130
   560:    48108.130    48149.130    48189.130    48236.130    48470.130
   565:    48508.130    48703.130    48839.120    48931.130    48973.130
   570:    49091.120    49179.130    49226.130    49340.130    49390.130
   575:    49757.130    49799.130    49932.130    50133.130    50354.130
   580:    50405.130    50507.740    50599.130    50824.540    50824.320
   585:    50824.330    50824.350    50824.240    50824.120    51074.220
   590:    51074.230    51074.250    51074.340    51280.130    51417.840
   595:    51420.640    51420.320    51420.330    51420.350    51420.240
   600:    51420.130    51670.220    51670.230    51670.250    51670.340
   605:    51839.130    51916.130    51970.840    52034.640    52034.320
   610:    52034.330    52034.350    52034.240    52034.130    52284.220
   615:    52284.230    52284.250    52284.340    52456.130    52503.130
   620:    52616.130    52822.130    52921.120    53011.130    53043.130
   625:    53128.120    53225.130    53266.130    53357.120    53370.120
   630:    53452.130    53490.130    53550.130    53642.120    53743.130
   635:    53811.130    53885.130    53974.120    54070.130    54156.120
   640:    54245.130    54307.130    54411.120    54502.130    54588.120
   645:    54677.130    54761.120    54858.130    54903.130    54983.120
   650:    55075.130    55111.130    55200.120    55214.120    55295.130
   655:    55377.120    55471.130    55584.840    55604.120    55716.640
   660:    55716.320    55716.330    55716.350    55716.240    55716.130
   665:    55966.220    55966.230    55966.250    55966.340    56162.130
   670:    56209.130    56318.120    56409.130    56505.120    56601.130
   675:    56637.130    56725.120    56818.130    56906.120    56992.130
   680:    57025.130    57119.120    57205.130    57315.120    57396.130
   685:    57492.120    57582.130    57676.120    57756.130    57797.130
   690:    57898.120    57991.130    58036.130    58238.130    58459.130
   695:    58557.120    58637.130    58808.130    58894.120    58987.130
   700:    59177.130    59214.130    59361.130    59542.130    59723.120
   705:    59818.130    59998.130    60128.130    60369.130    60427.130
   710:    60492.130    60566.840    60606.640    60606.320    60606.330
   715:    60606.350    60606.240    60606.130    60856.220    60856.230
   720:    60856.250    60856.340    60999.130    61049.130    61093.130
   725:    61308.130    61352.130    61450.120    61537.130    61601.130
   730:    61656.840    61700.120    61779.640    61779.320    61779.330
   735:    61779.350    61779.240    61779.130    62029.220    62029.230
   740:    62029.250    62029.340    62162.130    62210.130    62319.120
   745:    62422.130    62596.130    62635.130    62724.120    62812.130
   750:    62895.120    62980.130    63062.120    63141.130    63211.130
   755:    63295.120    63372.130    63437.130    63529.130    63564.130
   760:    63629.840    63760.640    63760.320    63760.330    63760.350
   765:    63760.240    63760.130    64010.220    64010.230    64010.250
   770:    64010.340    64143.130    64189.130    64302.130    64432.120
   775:    64544.130    64639.120    64810.120    64891.130    64977.120
   780:    65057.130    65089.130    65174.120    65261.130    65346.120
   785:    65431.130    65522.120    65605.130    65850.130    65950.130
   790:    66095.130    66143.130    66421.130    66460.130    66626.120
   795:    66711.130    66752.130    66807.130    66904.120    66910.840
   800:    66996.640    66996.320    66996.330    66996.350    66996.240
   805:    66996.130    67246.220    67246.230    67246.250    67246.340
   810:    67508.130    67711.130    67753.130    67932.130    67976.130
   815:    68049.130    68135.120    68219.130    68306.120    68400.130
   820:    68492.120    68571.130    68660.120    68740.130    68829.120
   825:    68924.130    69072.120    69102.120    69201.130    69239.130
   830:    69331.120    69422.130    69546.840    69602.640    69602.320
   835:    69602.330    69602.350    69602.240    69602.130    69852.220
   840:    69852.230    69852.250    69852.340    70064.130    70133.130
   845:    70233.120    70329.130    70373.130    70581.130    70622.130
   850:    70704.130    70840.130    70925.120    71006.130    71052.840
   855:    71095.640    71095.320    71095.330    71095.350    71095.240
   860:    71095.130    71345.220    71345.230    71345.250    71345.340
   865:    71557.130    71668.130    71836.120    71927.130    72018.120
   870:    72100.130    72170.130    72336.130    72497.130    72668.130
   875:    72776.130    72903.130    73035.130    73074.130    73176.120
   880:    73258.130    73289.130    73395.130    73431.130    73552.130
   885:    73618.130    73722.120    73807.130    73934.130    74143.130
   890:    74184.130    74425.130    74490.130    74618.120    74703.130
   895:    74794.130    74843.130    75002.130    75044.130    75265.130
   900:    75303.130    75411.120    75509.130    75544.130    75733.130
   905:    75807.130    75850.130    76112.130    76257.130    76304.130
   910:    76406.130    76445.130    76567.120    76675.130    76876.130
   915:    76914.130    76985.130    77080.120    77171.130    77207.130
   920:    77304.130    77357.130    77426.130    77769.130    77809.130
   925:    77986.120    78076.130    78126.130    78245.840    78334.640
   930:    78334.320    78334.330    78334.350    78334.240    78334.130
   935:    78584.220    78584.230    78584.250    78584.340    78745.130
   940:    78813.130    78943.130    79123.130    79251.130    79296.130
   945:    79402.130    79446.130    79544.130    79578.130    79666.120
   950:    79761.130    79891.130    79932.130    80006.130    80043.130
   955:    80184.840    80217.640    80217.320    80217.330    80217.350
   960:    80217.240    80217.130    80467.220    80467.230    80467.250
   965:    80467.340    80624.130    80658.130    80727.130    80832.130
   970:    80957.120    81069.130    81107.130    81168.130    81233.130
   975:    81332.120    81419.130    81453.130    81533.130    81638.130
   980:    81675.130    81735.130    81914.130    82018.120    82114.130
   985:    82245.130    82439.130    82624.130    82730.120    82816.130
   990:    82854.130    82867.840    82899.640    82899.320    82899.330
   995:    82899.350    82899.240    82899.130    83149.220    83149.230
  1000:    83149.250    83149.340    83294.130    83372.130    83473.130
  1005:    83598.120    83680.130    83721.130    83846.130    84067.130
  1010:    84148.130    84188.130    84302.130    84367.130    84475.130
  1015:    84533.130    84549.840    84763.640    84763.320    84763.330
  1020:    84763.350    84763.240    84763.130    85013.220    85013.230
  1025:    85013.250    85013.340    85171.130    85252.130    85358.120
  1030:    85451.130    85522.130    85605.120    85692.130    85774.740
  1035:    85792.540    85792.320    85792.330    85792.350    85792.240
  1040:    85792.120    85813.840    86042.220    86042.230    86042.250
  1045:    86042.340    86209.640    86209.320    86209.330    86209.350
  1050:    86209.240    86209.130    86459.220    86459.230    86459.250
  1055:    86459.340    86671.130    86715.130    86788.130    86853.130
  1060:    86995.130    87128.120    87211.130    87307.120    87391.130
  1065:    87481.120    87570.130    87657.120    87740.130    87826.120
  1070:    87914.130    88017.120    88094.130    88130.130    88221.120
  1075:    88312.130    88392.120    88484.130    88523.130    88616.120
  1080:    88695.130    88792.120    88883.130    88983.130    89025.130
  1085:    89112.120    89194.130    89265.130    89370.120    89467.130
  1090:    89510.130    89630.120    89739.130    89786.130    89862.130
  1095:    89901.130    90149.130    90196.130    90322.120    90408.130
  1100:    90517.120    90611.130    90703.120    90794.130    90886.120
  1105:    90975.130    91093.130    91187.120    91277.130    91311.130
  1110:    91408.120    91459.840    91498.640    91498.320    91498.330
  1115:    91498.350    91498.240    91498.130    91748.220    91748.230
  1120:    91748.250    91748.340    91923.130    91974.130    92080.120
  1125:    92171.130    92212.130    92278.130    92369.120    92399.120
  1130:    92483.130    92566.120    92579.120    92659.130    92755.120
  1135:    92841.130    92923.120    93007.130    93093.120    93182.130
  1140:    93268.120    93350.130    93443.120    93531.130    93615.130
  1145:    93696.120    93783.130    93944.130    93985.130    94023.130
  1150:    94061.130    94202.130    94343.120    94431.130    94475.130
  1155:    94567.120    94646.130    94733.120    94821.130    94862.130
  1160:    94945.130    95139.130    95189.130    95252.130    95321.130
  1165:    95431.120    95518.130    95561.130    95656.120    95747.130
  1170:    95884.130    95919.130    96018.130    96054.130    96118.130
  1175:    96173.130    96286.130    96328.130    96430.130    96517.130
  1180:    96873.130    96917.130    96974.130    97108.130    97238.120
  1185:    97316.130    97356.130    97483.130    97690.130    97776.130
  1190:    97921.120    98012.130    98198.130    98308.130    98522.130
  1195:    98760.130    98811.130    98899.130    99030.120    99156.130
  1200:    99225.130    99319.120    99348.840    99431.640    99431.320
  1205:    99431.330    99431.350    99431.240    99431.130    99681.220
  1210:    99681.230    99681.250    99681.340    99842.130    99894.130
  1215:   100002.120   100101.130   100197.120   100284.130   100326.130
  1220:   100423.120   100542.130   100621.130   100713.120   100801.130
  1225:   100912.130   101012.120   101100.130   101193.120   101283.130
  1230:   101387.120   101478.130   101534.130   101626.120   101721.130
  1235:   101810.120   101906.130   102007.120   102087.130   102210.120
  1240:   102250.120   102359.130   102398.130   102505.120   102616.130
  1245:   102661.130   102782.120   102871.130   102905.130   103021.130
  1250:   103054.130   103158.120   103269.130   103306.130   103365.130
  1255:   103464.120   103570.130   103701.120   103798.130   103905.120
  1260:   104029.120   104131.130   104229.120   104331.130   104433.120
  1265:   104574.120   104608.120   104711.130   104813.120   104885.120
  1270:   104934.120   104967.120   105053.130   105158.120   105251.120
  1275:   105377.130   105445.130   105544.120   105645.120   105681.840
  1280:   105760.640   105760.320   105760.330   105760.350   105760.240
  1285:   105760.130   106010.220   106010.230   106010.250   106010.340
  1290:   106139.130   106189.130   106307.120   106401.130   106458.130
  1295:   106558.120   106648.130   106741.120   106825.130   106913.120
  1300:   107001.130   107091.120   107175.130   107214.130   107310.120
  1305:   107397.130   107488.120   107568.130   107659.120   107746.130
  1310:   107810.840   107810.130   107986.640   107986.320   107986.330
  1315:   107986.350   107986.240   107986.130   108236.220   108236.230
  1320:   108236.250   108236.340   108390.130   108438.130   108520.130
  1325:   108618.120   108709.130   108802.120   108885.130   108969.120
  1330:   109058.130   109139.120   109223.130   109311.120   109389.130
  1335:   109480.120   109562.130   109649.120   109724.130   109822.120
  1340:   109901.130   109993.120   110065.130   110098.130   110202.130
  1345:   110243.130   110343.130   110381.130   110484.120   110568.130
  1350:   110602.130   110642.130   110815.130   110863.130   110966.130
  1355:   111254.130   111296.130   111401.130   111533.130   111629.130
  1360:   111636.840   111666.640   111666.320   111666.330   111666.350
  1365:   111666.240   111666.130   111916.220   111916.230   111916.250
  1370:   111916.340   112053.130   112143.130   112270.120   112378.130
  1375:   112474.120   112555.130   112742.130   112778.130   112900.130
  1380:   112989.120   113084.130   113184.120   113266.130   113363.120
  1385:   113443.130   113479.130   113669.130   113738.130   113840.130
  1390:   113892.130   113916.840   114033.640   114033.320   114033.330
  1395:   114033.350   114033.240   114033.130   114283.220   114283.230
  1400:   114283.250   114283.340   114412.130   114459.130   114596.120
  1405:   114699.130   114794.120   114887.130   114966.130   115002.130
  1410:   115126.120   115222.130   115259.130   115361.120   115443.130
  1415:   115480.130   115567.130   115681.130   115780.120   115821.120
  1420:   115930.130   115976.130   116017.130   116241.130   116349.130
  1425:   116478.120   116583.130   116676.120   116768.130   116803.130
  1430:   116849.130   116887.130   117006.120   117115.130   117158.130
  1435:   117206.130   117383.840   117556.640   117556.320   117556.330
  1440:   117556.350   117556.240   117556.130   117806.220   117806.230
  1445:   117806.250   117806.340   117928.130   118051.130   118133.130
  1450:   118236.120   118322.130   118357.130   118562.130   118605.130
  1455:   118648.130   118880.130   118988.130   119121.130   119274.130
  1460:   119466.130   119539.130   119581.130   119813.130   119885.130
  1465:   119906.840   119954.640   119954.320   119954.330   119954.350
  1470:   119954.240   119954.130   120204.220   120204.230   120204.250
  1475:   120204.340   120340.130   120451.130   120494.130   120572.130
  1480:   120632.130   120827.130   120863.130   120961.130   121004.840
  1485:   121027.640   121027.320   121027.330   121027.350   121027.240
  1490:   121027.130   121277.220   121277.230   121277.250   121277.340
  1495:   121416.130   121471.130   121542.130   121639.120   121677.840
  1500:   121729.640   121729.320   121729.330   121729.350   121729.240
  1505:   121729.130   121979.220   121979.230   121979.250   121979.340
  1510:   122079.840   122111.640   122111.320   122111.330   122111.350
  1515:   122111.240   122111.130   122361.220   122361.230   122361.250
  1520:   122361.340   122493.130   122565.130   122691.120   122780.130
  1525:   122820.130   122918.120   123011.130   123104.120   123187.130
  1530:   123285.120   123368.130   123404.130   123450.130   123559.130
  1535:   123605.130   123754.130   123798.130   123944.130   124008.130
  1540:   124158.130   124242.130   124288.130   124534.130   124657.120
  1545:   124747.130   124786.130   124850.130   124916.130   125157.130
  1550:   125161.840   125216.640   125216.320   125216.330   125216.350
  1555:   125216.240   125216.130   125466.220   125466.230   125466.250
  1560:   125466.340   125596.130   125801.120   125961.130   126005.130
  1565:   126110.120   126195.130   126286.120   126373.130   126545.130
  1570:   126586.130   126640.130   126730.120   126811.130   126913.120
  1575:   126997.130   127182.130   127223.130   127303.130   127507.130
  1580:   127548.130   127595.130   127638.130   127677.130   127721.130
  1585:   127758.130   127923.130   128006.130   128066.840   128146.120
  1590:   128238.640   128238.320   128238.330   128238.350   128238.240
  1595:   128238.130   128488.220   128488.230   128488.250   128488.340
  1600:   128659.130   128795.130   128897.120   128981.130   129060.130
  1605:   129143.130   129243.120   129288.840   129348.640   129348.320
  1610:   129348.330   129348.350   129348.240   129348.130   129598.220
  1615:   129598.230   129598.250   129598.340   129766.130   129814.130
  1620:   129882.130   130067.130   130161.120   130245.130   130298.840
  1625:   130338.120   130423.640   130423.320   130423.330   130423.350
  1630:   130423.240   130423.130   130673.220   130673.230   130673.250
  1635:   130673.340   130837.130   130885.130   131015.120   131113.130
  1640:   131159.130   131247.120   131339.130   131403.130   131491.120
  1645:   131574.130   131607.130   131695.120   131773.130   131815.130
  1650:   131942.130   132007.130   132117.120   132208.130   132250.130
  1655:   132290.130   132338.130   132383.130   132425.130   132568.130
  1660:   132573.840   132606.640   132606.320   132606.330   132606.350
  1665:   132606.240   132606.130   132856.220   132856.230   132856.250
  1670:   132856.340   133003.130   133080.130   133300.130   133400.120
  1675:   133482.130   133517.130   133577.130   133620.130   133784.130
  1680:   133824.130   133878.130   134308.120   134349.120   134448.130
  1685:   134539.120   134626.130   134663.130   134733.130   134756.840
  1690:   134907.640   134907.320   134907.330   134907.350   134907.240
  1695:   134907.130   135157.220   135157.230   135157.250   135157.340
  1700:   135289.130   135405.130   135540.120   135658.130   135702.130
  1705:   135790.120   135883.130   135985.120   136068.130   136105.130
  1710:   136148.130   136257.130   136302.130   136343.130   136411.130
  1715:   136454.130   136616.130   136690.130   136824.120   136908.130
  1720:   137000.120   137103.130   137157.130   137198.130   137377.130
  1725:   137418.130   137465.130   137506.130   137550.130   137593.130
  1730:   137755.130   137798.130   137845.130   137893.130   138024.130
  1735:   138118.130   138194.130   138235.130   138340.130   138432.130
  1740:   138562.120   138658.130   138827.130   138901.130   139070.130
  1745:   139115.130   139164.130   139219.130   139297.130   139356.130
  1750:   139505.120   139588.130   139636.130   139912.130   140004.130
  1755:   140156.130   140229.130   140461.130   140505.130   140651.130
  1760:   140707.130   140838.120   140923.130   140957.840   140966.640
  1765:   140966.320   140966.330   140966.350   140966.240   140966.130
  1770:   141216.220   141216.230   141216.250   141216.340   141351.130
  1775:   141393.130   141494.130   141537.130   141580.130   141724.120
  1780:   141809.130   141849.130   141957.120   142057.130   142147.120
  1785:   142216.840   142233.640   142233.320   142233.330   142233.350
  1790:   142233.240   142233.130   142483.220   142483.230   142483.250
  1795:   142483.340   142658.130   142701.130   142826.130   143142.130
  1800:   143193.130   143325.120   143422.130   143465.130   143533.130
  1805:   143638.130   143673.130   143703.130   143783.840   143793.120
  1810:   143870.640   143870.320   143870.330   143870.350   143870.240
  1815:   143870.130   144120.220   144120.230   144120.250   144120.340
  1820:   144271.130   144315.130   144442.120   144539.130   144583.130
  1825:   144620.130   144728.120   144823.130   144862.130   144894.130
  1830:   144943.130   144982.130   145091.130   145185.120   145268.130
  1835:   145355.120   145432.130   145540.130   145581.130   145685.130
  1840:   145728.130   145768.130   145934.130   145984.130   146027.130
  1845:   146264.130   146307.130   146459.130   146505.130   146675.130
  1850:   146722.130   147002.130   147020.840   147053.640   147053.320
  1855:   147053.330   147053.350   147053.240   147053.130   147303.220
  1860:   147303.230   147303.250   147303.340   147466.130   147547.130
  1865:   147645.130   147685.130   147740.130   147928.130   147967.130
  1870:   148006.130   148102.130   148136.130   148177.130   148246.130
  1875:   148303.840   148356.640   148356.320   148356.330   148356.350
  1880:   148356.240   148356.130   148606.220   148606.230   148606.250
  1885:   148606.340   148744.130   148787.130   148832.130   148940.120
  1890:   149063.130   149098.130   149169.130   149268.130   149309.130
  1895:   149349.130   149477.130   149650.130   149793.130   149846.130
  1900:   149892.130   149994.120   150076.130   150179.130   150217.130
  1905:   150315.130   150352.130   150391.130   150435.130   150533.120
  1910:   150620.130   150669.130   150708.130   150776.130   150917.130
  1915:   151017.130   151106.840   151145.120   151246.640   151246.320
  1920:   151246.330   151246.350   151246.240   151246.130   151496.220
  1925:   151496.230   151496.250   151496.340   151602.130   151652.130
  1930:   151757.130   151872.130   151967.120   152057.130   152095.130
  1935:   152198.130   152300.120   152380.130   152476.120   152565.130
  1940:   152741.130   152776.130   152880.130   152913.130   153065.130
  1945:   153117.130   153155.130   153198.130   153346.120   153422.130
  1950:   153455.130   153501.130   153538.130   153577.130   153622.130
  1955:   153724.130   153764.130   153802.130   153839.130   153881.130
  1960:   153926.130   153959.130   154140.130   154177.130   154216.130
  1965:   154309.130   154353.130   154455.130   154590.130   154683.130
  1970:   154786.130   154840.130   154879.130   154921.130   154967.130
  1975:   155165.130   155246.130   155321.130   155430.130   155475.130
  1980:   155517.130   155709.130   155766.130   155988.130   156035.130
  1985:   156073.130   156117.130   156278.130   156325.130   156374.130
  1990:   156460.130   156521.130   156664.130   156711.130   156758.130
  1995:   156828.130   156981.130   157209.130   157448.130   157532.130
  2000:   157596.130   157730.120   157814.130   157856.130   157898.130
  2005:   158009.130   158100.130   158412.130   158538.130   158648.120
  2010:   158767.130   158849.130   159282.130   159337.130   159559.130
  2015:   159596.130   159703.130   159805.120   159898.130   159942.130
  2020:   160095.130   160293.130   160386.130   160430.130   160469.130
  2025:   160573.130   160721.130   160769.130   160902.120   160934.120
  2030:   161029.130   161138.130   161179.130   161250.130   161299.130
  2035:   161478.130   161563.130   161779.130   161816.130   161856.130
  2040:   161898.130   161972.130   162186.130   162235.130   162303.130
  2045:   162455.130   162497.130   162571.130   162673.130   162860.130
  2050:   162993.130   163100.130   163158.130   163204.130   163243.130
  2055:   163278.130   163473.130   163651.130   163695.130   164005.130
  2060:   164117.130   164164.130   164206.130   164246.130   164360.130
  2065:   164596.130   164701.130   164839.120   164933.130   164968.130
  2070:   165064.130   165134.130   165182.130   165405.130   165535.130
  2075:   165796.130   165835.130   165883.130   165989.130   166034.130
  2080:   166078.130   166266.130   166313.130   166354.130   166389.130
  2085:   166553.120   166651.130   166757.130   166986.130   167071.130
  2090:   167261.130   167306.130   167422.130   167475.130   167516.130
  2095:   167802.130   167896.840   167930.640   167930.320   167930.330
  2100:   167930.350   167930.240   167930.130   168180.220   168180.230
  2105:   168180.250   168180.340   168334.130   168524.120   168611.130
  2110:   168651.130   168756.120   168842.130   168885.130   169014.130
  2115:   169080.840   169117.120   169216.640   169216.320   169216.330
  2120:   169216.350   169216.240   169216.130   169466.220   169466.230
  2125:   169466.250   169466.340   169600.130   169683.130   169787.120
  2130:   169868.130   169912.130   169952.130   170048.120   170080.120
  2135:   170158.130   170199.130   170296.120   170375.130   170410.130
  2140:   170503.120   170599.130   170689.120   170767.130   170855.120
  2145:   170935.130   171066.840   171073.640   171073.320   171073.330
  2150:   171073.350   171073.240   171073.130   171323.220   171323.230
  2155:   171323.250   171323.340   171472.130   171579.120   171693.130
  2160:   171739.130   171779.130   171845.130   171945.130   171980.130
  2165:   172136.130   172191.130   172262.130   172453.130   172496.130
  2170:   172592.130   172626.130   172727.130   172764.130   172860.120
  2175:   172957.130   173088.130   173160.130   173547.130   173580.130
  2180:   173704.130   173723.840   173750.640   173750.320   173750.330
  2185:   173750.350   173750.240   173750.130   174000.220   174000.230
  2190:   174000.250   174000.340   174150.130   174234.130   174282.130
  2195:   174379.130   174587.130   174662.130   174725.130   174824.130
  2200:   174951.120   175030.130   175154.130   175199.130   175307.130
  2205:   175388.130   175427.130   175470.130   175523.130   175786.130
  2210:   175995.130   176037.130   176083.130   176125.130   176166.130
  2215:   176200.840   176426.640   176426.320   176426.330   176426.350
  2220:   176426.240   176426.130   176676.220   176676.230   176676.250
  2225:   176676.340   176822.130   176993.120   177078.130   177135.130
  2230:   177182.130   177320.130   177362.130   177467.120   177565.130
  2235:   177606.130   177704.130   177806.130   177949.130   178059.130
  2240:   178093.130   178185.130   178231.130   178340.120   178422.130
  2245:   178460.130   178557.130   178674.120   178752.130   178818.130
  2250:   178876.840   178888.640   178888.320   178888.330   178888.350
  2255:   178888.240   178888.130   178906.130   179138.220   179138.230
  2260:   179138.250   179138.340   179269.130   179315.130   179363.130
  2265:   179431.130   179509.130   179610.130   179647.130   179780.120
  2270:   179842.740   179870.130   179937.130   180040.130   180083.130
  2275:   180127.130   180234.130   180268.130   180314.130   180351.130
  2280:   180390.130   180562.130   180607.130   180717.130   180788.130
  2285:   180830.130   181046.130   181083.130   181157.130   181315.130
  2290:   181361.130   181423.130   181745.540   181745.320   181745.330
  2295:   181745.350   181745.240   181745.120   181995.220   181995.230
  2300:   181995.250   181995.340   182148.130   182257.130   182397.120
  2305:   182492.130   182537.130   182575.130   182693.120   182775.130
  2310:   182871.120   182961.130   183053.120   183132.130   183168.130
  2315:   183280.130   183323.130   183437.130   183628.130   183806.120
  2320:   183901.130   183995.740   184011.130   184038.840   184046.640
  2325:   184046.320   184046.330   184046.350   184046.240   184046.130
  2330:   184296.220   184296.230   184296.250   184296.340   184404.130
  2335:   184467.130   184496.840   184556.640   184556.320   184556.330
  2340:   184556.350   184556.240   184556.130   184806.220   184806.230
  2345:   184806.250   184806.340   184935.130   184987.130   185099.130
  2350:   185200.540   185200.320   185200.330   185200.350   185200.240
  2355:   185200.120   185450.220   185450.230   185450.250   185450.340
  2360:   185583.130   185637.130   185740.130   185838.120   185932.130
  2365:   185973.130   186044.130   186138.130   186239.120   186337.130
  2370:   186502.130   186569.130   186682.130   186718.130   186934.130
  2375:   186968.130   187016.130   187060.130   187142.130   187243.130
  2380:   187281.130   187384.130   187567.130   187682.130   187740.130
  2385:   187821.130   188029.120   188123.130   188170.130   188248.130
  2390:   188433.130   188476.130   188565.130   188627.130   188726.130
  2395:   188890.120   188975.130   189069.120   189174.130   189217.130
  2400:   189287.130   189431.130   189501.130   189576.130   189646.130
  2405:   189690.130   189733.130   189845.130   189943.130   190078.130
  2410:   190367.130   190444.130   190640.130   190717.130   190848.130
  2415:   190911.130   190956.130   191035.130   191100.130   191176.130
  2420:   191222.130   191357.130   191503.130   191613.130   191927.130
  2425:   192032.130   192158.120   192254.130   192357.120   192461.130
  2430:   192588.130   192733.130   192833.120   192955.130   193088.120
  2435:   193196.130   193238.130   193363.130   193471.130   193575.130
  2440:   193657.130   193706.840   193850.740   194021.640   194021.320
  2445:   194021.330   194021.350   194021.240   194021.130   194271.220
  2450:   194271.230   194271.250   194271.340   194393.130   194469.130
  2455:   194573.130   194682.130   194790.130   194915.540   194915.320
  2460:   194915.330   194915.350   194915.240   194915.120   195165.220
  2465:   195165.230   195165.250   195165.340   195320.130   195372.130
  2470:   195470.130   195570.130   195670.130   195758.120   195842.130
  2475:   195978.130   196090.130   196198.130   196301.130   196405.120
  2480:   196435.120   196530.130   196574.130   196646.130   196723.130
  2485:   196861.120   196965.130   197004.130   197149.130   197340.130
  2490:   197476.130   197578.120   197685.130   197801.130   197903.120
  2495:   197985.130   198024.130   198095.130   198209.130   198419.130
  2500:   198528.130   198658.130   198732.130   198775.130   198819.130
  2505:   198925.130   198965.130   199009.130   199057.130   199160.120
  2510:   199254.130   199271.840   199336.640   199336.320   199336.330
  2515:   199336.350   199336.240   199336.130   199586.220   199586.230
  2520:   199586.250   199586.340   199709.130   199786.840   199830.640
  2525:   199830.320   199830.330   199830.350   199830.240   199830.130
  2530:   200080.220   200080.230   200080.250   200080.340   200206.130
  2535:   200293.130   200355.130   200400.130   200508.130   200573.130
  2540:   200680.840   200686.120   200782.640   200782.320   200782.330
  2545:   200782.350   200782.240   200782.130   201032.220   201032.230
  2550:   201032.250   201032.340   201208.130   201279.130   201422.120
  2555:   201432.840   201519.640   201519.320   201519.330   201519.350
  2560:   201519.240   201519.130   201769.220   201769.230   201769.250
  2565:   201769.340   201929.130   201981.130   202046.130   202170.120
  2570:   202255.130   202298.130   202377.120   202469.130   202569.840
  2575:   202571.120   202659.640   202659.320   202659.330   202659.350
  2580:   202659.240   202659.130   202909.220   202909.230   202909.250
  2585:   202909.340   203040.130   203088.130   203219.120   203302.130
  2590:   203345.130   203450.120   203545.130   203638.120   203732.130
  2595:   203831.120   203908.130   203909.840   204059.640   204059.320
  2600:   204059.330   204059.350   204059.240   204059.130   204309.220
  2605:   204309.230   204309.250   204309.340   204482.130   204533.130
  2610:   204600.130   204708.120   204741.120   204821.130   204896.130
  2615:   204985.120   205068.130   205209.840   205241.640   205241.320
  2620:   205241.330   205241.350   205241.240   205241.130   205491.220
  2625:   205491.230   205491.250   205491.340   205742.130   205833.130
  2630:   205906.130   206032.120   206125.130   206220.130   206256.130
  2635:   206352.130   206474.120   206552.130   206652.130   206756.130
  2640:   206876.130   207015.120   207065.740   207094.130   207138.130
  2645:   207272.130   207318.130   207427.130   207473.130   207513.130
  2650:   207594.540   207594.320   207594.330   207594.350   207594.240
  2655:   207594.120   207844.220   207844.230   207844.250   207844.340
  2660:   208095.130   208202.120   208301.130   208392.120   208494.130
  2665:   208600.120   208690.130   208845.130   208936.120   209018.130
  2670:   209093.120   209124.120   209204.130   209287.120   209366.130
  2675:   209447.120   209525.130   209627.120   209710.130   209803.120
  2680:   209883.130   210004.130   210100.130   210243.130   210367.120
  2685:   210467.130   210504.130   210578.130   210658.120   210734.130
  2690:   210780.130   210814.130   210898.120   210992.130   211094.130
  2695:   211223.130   211267.130   211438.130   211527.130   211591.130
  2700:   211777.130   211969.130   212070.130   212206.130   212323.130
  2705:   212460.120   212569.130   212668.130   212852.120   212955.130
  2710:   213053.130   213098.130   213271.130   213309.130   213353.130
  2715:   213412.130   213492.130   213630.130   213797.130   213872.130
  2720:   213983.120   214065.130   214104.130   214206.130   214260.130
  2725:   214371.120   214470.130   214551.130   214670.120   214793.130
  2730:   215039.130   215140.130   215266.120   215362.130   215406.130
  2735:   215552.130   215629.130   215850.130   215988.120   216087.130
  2740:   216193.130   216336.130   216438.120   216533.130   216576.130
  2745:   216719.120   216817.120   216947.130   217155.120   217235.130
  2750:   217277.130   217344.740   217450.130   217487.130   217603.130
  2755:   217679.130   217789.130   217828.130   217863.130   217904.130
  2760:   218096.130   218311.130   218525.540   218525.320   218525.330
  2765:   218525.350   218525.240   218525.120   218775.220   218775.230
  2770:   218775.250   218775.340   218966.130   219041.130   219075.740
  2775:   219141.540   219141.320   219141.330   219141.350   219141.240
  2780:   219141.120   219391.220   219391.230   219391.250   219391.340
  2785:   219557.130   219671.120   219768.130   219815.130   219920.120
  2790:   219991.740   220012.130   220096.130   220204.130   220306.540
  2795:   220306.320   220306.330   220306.350   220306.240   220306.120
  2800:   220556.220   220556.230   220556.250   220556.340   220698.130
  2805:   220806.130   220907.120   220990.130   221064.120   221156.740
  2810:   221160.130   221199.130   221294.540   221294.320   221294.330
  2815:   221294.350   221294.240   221294.120   221307.120   221544.220
  2820:   221544.230   221544.250   221544.340   221771.130   221844.130
  2825:   222054.130   222227.130   222315.120   222405.130   222490.120
  2830:   222571.130   222648.120   222732.130   222800.120   222893.120
  2835:   223019.130   223110.120   223121.120   223200.130   223272.120
  2840:   223302.120   223316.120   223461.130   223542.120   223644.120
  2845:   223686.120   223791.130   223873.120   224039.130   224132.120
  2850:   224192.120   224300.130   224432.130   224536.120   224609.120
  2855:   224793.120   224833.120   224949.130   225115.130   225163.130
  2860:   225274.120   225362.130   225464.120   225588.130   225662.120
  2865:   225690.120   225782.130   225883.120   225978.130   226019.130
  2870:   226094.120   226246.120   226360.130   226463.120   226560.120
  2875:   226644.740   226659.130   226697.130   226768.540   226768.320
  2880:   226768.330   226768.350   226768.240   226768.120   227018.220
  2885:   227018.230   227018.250   227018.340   227168.130   227302.130
  2890:   227408.120   227493.130   227578.120   227659.130   227741.120
  2895:   227829.130   227900.120   227925.120   227941.120   228028.130
  2900:   228115.120   228204.130   228276.120   228304.120   228384.130
  2905:   228455.120   228483.120   228567.130   228651.120   228742.130
  2910:   228828.120   228841.120   228920.130   228989.120   229080.120
  2915:   229169.120   229246.130   229281.130   229367.120   229380.120
  2920:   229461.130   229518.740   229547.540   229547.320   229547.330
  2925:   229547.350   229547.240   229547.120   229561.120   229797.220
  2930:   229797.230   229797.250   229797.340   229933.130   230037.130
  2935:   230135.120   230163.120   230265.130   230350.120   230439.130
  2940:   230511.120   230524.120   230603.130   230685.120   230779.130
  2945:   230797.740   230858.540   230858.320   230858.330   230858.350
  2950:   230858.240   230858.120   230871.120   231108.220   231108.230
  2955:   231108.250   231108.340   231260.130   231309.130   231443.130
  2960:   231532.120   231619.130   231707.120   231796.130   231880.120
  2965:   231967.130   232048.120   232138.130   232211.120   232314.130
  2970:   232393.120   232489.120   232588.120   232702.130   232797.120
  2975:   232902.120   232916.120   232990.120   233117.130   233187.120
  2980:   233215.120   233358.120   233502.120   233615.130   233698.120
  2985:   233724.120   233815.130   233909.120   233937.120   234046.120
  2990:   234194.120   234280.130   234319.130   234358.130   234422.120
  2995:   234434.120   234520.120   234651.130   234741.120   234884.120
  3000:   234977.130   235070.120   235082.120   235168.130   235204.130
  3005:   235275.120   235287.120   235413.130   235498.120   235682.120
  3010:   235694.120   235864.120   235958.130   236016.130   236122.120
  3015:   236229.130   236308.120   236322.120   236376.120   236457.130
  3020:   236504.130   236508.740   236569.130   236647.540   236647.320
  3025:   236647.330   236647.350   236647.240   236647.120   236897.220
  3030:   236897.230   236897.250   236897.340   237027.130   237169.120
  3035:   237272.130   237358.120   237453.120   237553.130   237635.120
  3040:   237646.120   237691.120   237794.130   237882.120   237894.120
  3045:   237990.120   238002.120   238123.130   238167.130   238197.740
  3050:   238247.540   238247.320   238247.330   238247.350   238247.240
  3055:   238247.120   238497.220   238497.230   238497.250   238497.340
  3060:   238597.740   238655.130   238754.130   238848.540   238848.320
  3065:   238848.330   238848.350   238848.240   238848.120   239098.220
  3070:   239098.230   239098.250   239098.340   239226.130   239274.130
  3075:   239367.120   239455.130   239524.120   239612.130   239681.120
  3080:   239707.120   239794.130   239836.130   239904.120   239988.130
  3085:   240065.120   240156.130   240234.120   240245.120   240340.130
  3090:   240466.130   240551.120   240648.130   240722.120   240734.120
  3095:   240821.130   240905.120   240917.120   241072.130   241149.120
  3100:   241241.130   241324.120   241420.130   241505.120   241615.120
  3105:   241698.740   241746.130   241831.540   241831.320   241831.330
  3110:   241831.350   241831.240   241831.120   241848.120   242081.220
  3115:   242081.230   242081.250   242081.340   242213.130   242318.120
  3120:   242414.130   242499.120   242620.120   242749.130   242789.130
  3125:   242866.120   242968.130   243010.130   243085.120   243098.120
  3130:   243238.120   243250.120   243360.130   243440.120   243452.120
  3135:   243539.130   243580.130   243660.120   243755.130   243830.130
  3140:   243964.120   244097.130   244183.120   244350.130   244439.120
  3145:   244545.130   244584.130   244651.120   244778.130   244863.120
  3150:   245019.130   245105.120   245260.130   245351.120   245619.130
  3155:   245691.120   245703.120   245822.130   245909.120   245921.120
  3160:   246139.120   246316.130   246356.130   246428.120   246518.130
  3165:   246611.120   246706.130   246899.130   246987.130   247093.120
  3170:   247217.120   247314.130   247400.120   247411.120   247518.130
  3175:   247593.120   247718.130   247805.120   247816.120   248044.130
  3180:   248181.120   248304.130   248372.130   248479.120   248492.120
  3185:   248561.120   248654.130   248726.120   248814.130   249018.130
  3190:   249152.120   249381.740   249544.130   249731.540   249731.320
  3195:   249731.330   249731.350   249731.240   249731.120   249981.220
  3200:   249981.230   249981.250   249981.340   250107.130   250251.120
  3205:   250350.130   250388.130   250465.120   250553.130   250632.120
  3210:   250681.740   250740.540   250740.320   250740.330   250740.350
  3215:   250740.240   250740.120   250752.120   250990.220   250990.230
  3220:   250990.250   250990.340   251128.130   251239.120   251339.130
  3225:   251419.120   251522.120   251533.120   251639.130   251702.120
  3230:   251716.120   251790.120   251936.120   252055.120   252195.120
  3235:   252341.120   252354.120   252445.130   252515.130   252595.120
  3240:   252706.120   252718.120   252811.130   252895.120   252986.130
  3245:   253074.120   253085.120   253171.130   253255.120   253290.740
  3250:   253426.130   253552.540   253552.320   253552.330   253552.350
  3255:   253552.240   253552.120   253802.220   253802.230   253802.250
  3260:   253802.340   253932.130   254025.120   254112.120   254201.130
  3265:   254278.120   254362.130   254445.120   254598.130   254668.120
  3270:   254680.120   254790.120   254958.120   254969.120   255002.740
  3275:   255123.130   255194.540   255194.320   255194.330   255194.350
  3280:   255194.240   255194.120   255444.220   255444.230   255444.250
  3285:   255444.340   255589.130   255690.120   255826.130   255898.120
  3290:   255995.120   256021.120   256160.120   256284.130   256355.120
  3295:   256653.120   256745.130   256815.120   256904.130   256983.120
  3300:   256995.120   257069.130   257144.740   257157.540   257157.320
  3305:   257157.330   257157.350   257157.240   257157.120   257407.220
  3310:   257407.230   257407.250   257407.340   257570.130   257658.120
  3315:   257740.130   257819.120   257908.130   257978.120   257988.120
  3320:   258084.130   258153.120   258167.120   258257.130   258342.120
  3325:   258453.130   258540.120   258696.130   258769.120   258860.130
  3330:   259001.130   259126.120   259218.130   259297.120   259508.120
  3335:   259518.120   259803.120   259815.120   259930.130   260017.120
  3340:   260148.130   260231.120   260307.740   260390.130   260480.540
  3345:   260480.320   260480.330   260480.350   260480.240   260480.120
  3350:   260730.220   260730.230   260730.250   260730.340   260854.130
  3355:   260969.120   260984.120   261094.130   261164.120   261304.120
  3360:   261528.120   261538.120   261671.120   261682.120   261820.120
  3365:   261955.130   262036.120   262047.120   262207.130   262296.120
  3370:   262491.130   262530.740   262630.540   262630.320   262630.330
  3375:   262630.350   262630.240   262630.120   262880.220   262880.230
  3380:   262880.250   262880.340   263039.130   263141.120   263242.130
  3385:   263320.120   263331.120   263414.120   263552.130   263621.120
  3390:   263726.120   263738.120   263800.120   263811.120   263966.130
  3395:   264061.120   264200.130   264286.120   264297.120   264478.130
  3400:   264566.120   264771.130   264878.120   264905.120   265183.130
  3405:   265236.130   265341.120   265380.740   265434.130   265513.540
  3410:   265513.320   265513.330   265513.350   265513.240   265513.120
  3415:   265525.120   265763.220   265763.230   265763.250   265763.340
  3420:   265894.130   265986.120   266076.130   266161.120   266297.120
  3425:   266453.130   266542.120   266553.120   266563.740   266666.130
  3430:   266735.540   266735.320   266735.330   266735.350   266735.240
  3435:   266735.120   266985.220   266985.230   266985.250   266985.340
  3440:   267118.130   267156.130   267254.120   267352.130   267433.120
  3445:   267445.120   267526.120   267545.120   267585.740   267690.540
  3450:   267690.320   267690.330   267690.350   267690.240   267690.120
  3455:   267702.120   267940.220   267940.230   267940.250   267940.340
  3460:   268091.130   268178.120   268259.120   268271.120   268407.120
  3465:   268505.130   268574.120   268605.120   268726.120   268870.120
  3470:   268882.120   269024.130   269113.120   269181.120   269312.130
  3475:   269377.120   269524.130   269540.740   269594.540   269594.320
  3480:   269594.330   269594.350   269594.240   269594.120   269844.220
  3485:   269844.230   269844.250   269844.340   269967.130   270147.130
  3490:   270196.130   270257.130   270357.120   270470.120   270558.120
  3495:   270733.130   270802.120   270895.130   270960.120   271097.130
  3500:   271169.120   271430.120   271452.120   271467.120   271568.130
  3505:   271649.120   271661.120   271807.130   271877.120   271893.120
  3510:   271989.130   272072.120   272195.130   272244.740   272383.130
  3515:   272511.540   272511.320   272511.330   272511.350   272511.240
  3520:   272511.120   272761.220   272761.230   272761.250   272761.340
  3525:   272981.120   273072.130   273158.120   273170.120   273477.130
  3530:   273583.130   273682.120   273694.120   273857.120   273975.130
  3535:   274057.120   274183.120   274195.120   274283.130   274367.120
  3540:   274379.120   274693.120   274808.130   275217.120   275281.120
  3545:   275397.130   275486.120   275497.120   275543.120   275627.130
  3550:   275704.120   275716.120   275809.130   275891.120   276055.120
  3555:   276203.120   276357.120   276379.120   276391.120   276614.130
  3560:   276653.130   276751.120   276857.120   276985.130   277072.120
  3565:   277161.740   277195.130   277271.540   277271.320   277271.330
  3570:   277271.350   277271.240   277271.120   277283.120   277521.220
  3575:   277521.230   277521.250   277521.340   277621.740   277686.130
  3580:   277861.130   278067.130   278107.130   278206.540   278206.320
  3585:   278206.330   278206.350   278206.240   278206.120   278456.220
  3590:   278456.230   278456.250   278456.340   278588.130   278686.120
  3595:   278827.120   278931.120   279033.130   279114.120   279128.120
  3600:   279217.120   279342.130   279410.120   279421.120   279539.120
  3605:   279556.740   279677.540   279677.320   279677.330   279677.350
  3610:   279677.240   279677.120   279689.120   279927.220   279927.230
  3615:   279927.250   279927.340   280073.130   280172.120   280317.120
  3620:   280423.130   280505.120   280577.120   280599.120   280710.130
  3625:   280787.120   280883.130   280980.120   280992.120   281097.120
  3630:   281110.120   281327.740   281371.540   281371.320   281371.330
  3635:   281371.350   281371.240   281371.120   281621.220   281621.230
  3640:   281621.250   281621.340   281768.130   281882.120   281994.130
  3645:   282064.120   282178.120   282312.120   282415.120   282438.120
  3650:   282602.130   282673.120   282697.120   282829.130   282906.120
  3655:   282917.120   283017.130   283087.120   283219.130   283254.130
  3660:   283325.120   283336.120   283437.130   283508.120   283521.120
  3665:   283610.130   283691.120   283925.130   284060.120   284089.120
  3670:   284232.120   284245.120   284304.120   284444.120   284599.130
  3675:   284642.130   284717.120   284809.120   284833.120   284963.130
  3680:   285033.120   285312.120   285555.120   285698.130   285780.120
  3685:   285911.130   285978.120   286085.130   286122.130   286192.120
  3690:   286205.120   286373.120   286621.740   286642.130   286737.540
  3695:   286737.320   286737.330   286737.350   286737.240   286737.120
  3700:   286987.220   286987.230   286987.250   286987.340   287114.130
  3705:   287187.740   287211.540   287211.320   287211.330   287211.350
  3710:   287211.240   287211.120   287461.220   287461.230   287461.250
  3715:   287461.340   287598.130   287694.120   287778.120   287863.120
  3720:   287875.120   287984.130   288061.120   288072.120   288155.120
  3725:   288248.120   288271.120   288385.120   288535.120   288634.130
  3730:   288699.120   288852.130   288926.120   289024.130   289106.120
  3735:   289118.120   289218.130   289294.120   289407.130   289487.120
  3740:   289667.120   289679.120   289778.130   289831.130   289861.740
  3745:   289905.130   289993.540   289993.320   289993.330   289993.350
  3750:   289993.240   289993.120   290243.220   290243.230   290243.250
  3755:   290243.340   290381.130   290501.120   290597.130   290666.120
  3760:   290772.120   290918.120   291064.120   291254.120   291267.120
  3765:   291376.130   291457.120   291470.120   291597.130   291673.120
  3770:   291859.130   291990.120   292074.120   292195.130   292282.120
  3775:   292294.120   292404.130   292477.120   292491.120   292645.130
  3780:   292680.130   292716.130   292789.120   292884.130   292966.120
  3785:   292978.120   293096.130   293137.130   293206.120   293299.130
  3790:   293467.130   293543.740   293562.540   293562.320   293562.330
  3795:   293562.350   293562.240   293562.120   293574.120   293812.220
  3800:   293812.230   293812.250   293812.340   294038.120   294143.130
  3805:   294224.120   294312.130   294374.120   294387.120   294645.120
  3810:   294794.120   294869.120   295028.130   295099.120   295188.130
  3815:   295259.120   295282.120   295380.130   295457.130   295488.130
  3820:   295562.120   295799.130   295900.120   296037.120   296211.120
  3825:   296514.120   296630.130   296707.120   296712.740   296865.130
  3830:   296908.130   296982.540   296982.320   296982.330   296982.350
  3835:   296982.240   296982.120   297232.220   297232.230   297232.250
  3840:   297232.340   297332.740   297358.130   297450.540   297450.320
  3845:   297450.330   297450.350   297450.240   297450.120   297700.220
  3850:   297700.230   297700.250   297700.340   297855.130   297971.120
  3855:   298046.120   298146.120   298300.740   298344.540   298344.320
  3860:   298344.330   298344.350   298344.240   298344.120   298594.220
  3865:   298594.230   298594.250   298594.340   298748.130   298861.120
  3870:   299038.120   299061.120   299075.120   299173.120   299319.120
  3875:   299431.120   299442.120   299579.120   299729.130   299813.120
  3880:   299951.120   300100.120   300327.120   300515.120   300538.120
  3885:   300638.120   300650.120   300794.120   300823.120   300987.130
  3890:   301076.120   301170.130   301248.120   301404.130   301475.120
  3895:   301666.130   301767.120   301838.120   301969.120   302163.130
  3900:   302236.120   302265.120   302381.130   302459.120   302748.120
  3905:   302842.130   302922.120   302936.120   303090.120   303102.120
  3910:   303269.120   303293.120   303380.130   303464.120   303476.120
  3915:   303491.840   303715.120   303727.120   303810.640   303810.320
  3920:   303810.330   303810.350   303810.240   303810.130   303994.740
  3925:   304060.220   304060.230   304060.250   304060.340   304187.130
  3930:   304283.540   304283.320   304283.330   304283.350   304283.240
  3935:   304283.120   304533.220   304533.230   304533.250   304533.340
  3940:   304653.130   304742.120   304831.120   304932.130   305017.120
  3945:   305105.120   305258.120   305358.130   305458.120   305653.120
  3950:   305874.120   305887.120   306024.130   306033.740   306109.540
  3955:   306109.320   306109.330   306109.350   306109.240   306109.120
  3960:   306119.120   306359.220   306359.230   306359.250   306359.340
  3965:   306491.130   306581.120   306694.120   306818.120   306937.130
  3970:   307009.120   307023.120   307240.120   307418.120   307429.120
  3975:   307512.130   307588.120   307723.130   307810.120   307945.120
  3980:   308042.130   308126.120   308138.120   308319.130   308418.120
  3985:   308543.130   308579.130   308642.120   308754.130   308826.120
  3990:   308838.120   308897.120   309051.130   309130.120   309332.130
  3995:   309425.120   309535.130   309608.120   309631.120   309647.120
  4000:   309752.130   309837.120   310091.120   310209.130   310298.120
  4005:   310575.120   310695.130   310777.120   310942.130   310982.130
  4010:   311073.120   311197.130   311267.120   311280.120   311490.130
  4015:   311530.130   311601.120   311692.130   311769.130   311805.130
  4020:   311875.130   311967.120   311991.120   312093.130   312139.130
  4025:   312174.130   312266.120   312463.130   312565.120   312715.120
  4030:   312760.840   312928.640   312928.320   312928.330   312928.350
  4035:   312928.240   312928.130   313178.220   313178.230   313178.250
  4040:   313178.340   313336.130   313413.120   313534.120   313622.120
  4045:   313633.120   313762.120   313921.130   314017.120   314159.120
  4050:   314278.120   314290.120   314394.130   314475.120   314652.130
  4055:   314690.130   314786.120   314798.120   314899.130   314939.130
  4060:   314959.740   314972.130   315041.540   315041.320   315041.330
  4065:   315041.350   315041.240   315041.120   315291.220   315291.230
  4070:   315291.250   315291.340   315431.130   315525.120   315550.120
  4075:   315635.120   315774.120   315919.120   316048.130   316119.120
  4080:   316276.130   316368.120   316379.120   316540.130   316643.120
  4085:   316837.130   316938.120   316991.740   317033.130   317109.540
  4090:   317109.320   317109.330   317109.350   317109.240   317109.120
  4095:   317120.120   317359.220   317359.230   317359.250   317359.340
  4100:   317484.130   317549.130   317627.120   317724.120   317750.120
  4105:   317842.120   317866.120   317972.130   318047.120   318058.120
  4110:   318151.130   318233.120   318421.130   318537.120   318550.120
  4115:   318629.130   318704.120   318793.130   318879.120   319039.130
  4120:   319126.120   319138.120   319282.120   319359.740   319364.130
  4125:   319603.130   319664.130   319746.540   319746.320   319746.330
  4130:   319746.350   319746.240   319746.120   319996.220   319996.230
  4135:   319996.250   319996.340   320164.130   320196.740   320284.540
  4140:   320284.320   320284.330   320284.350   320284.240   320284.120
  4145:   320534.220   320534.230   320534.250   320534.340   320692.130
  4150:   320759.130   320834.740   320869.540   320869.320   320869.330
  4155:   320869.350   320869.240   320869.120   321119.220   321119.230
  4160:   321119.250   321119.340   321413.120   321443.120   321576.130
  4165:   321612.130   321703.120   321788.120   321882.130   321961.120
  4170:   322067.130   322138.120   322149.120   322209.120   322304.130
  4175:   322374.120   322470.130   322538.120   322634.130   322703.120
  4180:   322716.120   322808.130   322884.120   322919.740   323097.130
  4185:   323181.540   323181.320   323181.330   323181.350   323181.240
  4190:   323181.120   323192.120   323431.220   323431.230   323431.250
  4195:   323431.340   323576.130   323656.130   323748.120   323842.120
  4200:   323963.130   324048.120   324059.120   324119.120   324131.740
  4205:   324254.130   324289.130   324378.540   324378.320   324378.330
  4210:   324378.350   324378.240   324378.120   324390.120   324628.220
  4215:   324628.230   324628.250   324628.340   324763.130   324861.120
  4220:   324966.130   325033.120   325128.130   325193.120   325205.120
  4225:   325276.120   325373.120   325491.120   325623.120   325715.130
  4230:   325782.120   325794.120   325908.130   325988.120   326001.120
  4235:   326148.130   326177.130   326228.740   326249.540   326249.320
  4240:   326249.330   326249.350   326249.240   326249.120   326478.840
  4245:   326499.220   326499.230   326499.250   326499.340   326656.640
  4250:   326656.320   326656.330   326656.350   326656.240   326656.130
  4255:   326906.220   326906.230   326906.250   326906.340   327050.130
  4260:   327118.130   327211.120   327277.120   327352.120   327465.130
  4265:   327543.120   327596.120   327687.130   327768.120   327779.120
  4270:   327869.130   327950.120   328049.120   328062.120   328171.130
  4275:   328242.120   328262.120   328391.130   328425.130   328495.120
  4280:   328505.120   328644.130   328724.120   328736.120   328824.130
  4285:   328921.120   329044.130   329130.120   329142.120   329298.130
  4290:   329366.120   329381.120   329461.130   329535.120   329546.120
  4295:   329696.130   329768.120   329791.120   330023.120   330035.120
  4300:   330128.130   330208.120   330327.130   330530.130   330566.130
  4305:   330599.740   330636.540   330636.320   330636.330   330636.350
  4310:   330636.240   330636.120   330886.220   330886.230   330886.250
  4315:   330886.340   331021.130   331203.120   331319.130   331405.120
  4320:   331500.130   331580.120   331702.130   331780.120   331900.130
  4325:   331968.120   332116.120   332230.120   332243.120   332326.130
  4330:   332399.120   332422.120   332544.130   332623.120   332634.120
  4335:   332759.130   332860.120   332873.120   332958.130   333039.120
  4340:   333051.120   333133.130   333218.120   333314.130   333398.120
  4345:   333755.130   333826.130   333917.120   334036.130   334097.130
  4350:   334132.130   334248.120   334270.120   334284.120   334415.120
  4355:   334502.130   334582.130   334680.120   334776.130   334905.130
  4360:   335008.120   335161.120   335270.130   335348.120   335480.130
  4365:   335588.120   335718.130   335786.120   335799.120   335911.130
  4370:   336002.120   336014.120   336109.130   336282.130   336381.120
  4375:   336403.120   336486.740   336542.540   336542.320   336542.330
  4380:   336542.350   336542.240   336542.120   336555.120   336792.220
  4385:   336792.230   336792.250   336792.340   336940.130   337036.120
  4390:   337063.120   337178.130   337256.120   337373.130   337437.120
  4395:   337492.740   337533.540   337533.320   337533.330   337533.350
  4400:   337533.240   337533.120   337783.220   337783.230   337783.250
  4405:   337783.340   337934.130   338028.120   338126.120   338224.120
  4410:   338320.120   338431.120   338443.120   338577.120   338715.120
  4415:   338840.130   338933.120   338944.120   339053.130   339083.740
  4420:   339118.540   339118.320   339118.330   339118.350   339118.240
  4425:   339118.120   339127.120   339368.220   339368.230   339368.250
  4430:   339368.340   339491.130   339584.120   339610.120   339746.130
  4435:   339821.120   339917.130   339982.120   339992.120   340100.130
  4440:   340166.120   340175.120   340238.120   340380.120   340524.130
  4445:   340555.130   340621.120   340726.130   340813.120   340827.120
  4450:   340967.130   340998.130   341068.120   341244.120   341376.130
  4455:   341412.130   341479.120   341493.120   341708.120   341994.130
  4460:   342031.130   342106.120   342211.130   342294.120   342306.120
  4465:   342540.120   342664.130   342743.120   342851.120   342864.120
  4470:   342983.130   343020.130   343090.120   343102.120   343217.130
  4475:   343256.130   343328.120   343446.120   343541.130   343627.120
  4480:   343638.120   343776.120   343787.120   343892.120   343981.130
  4485:   344087.120   344098.120   344215.130   344259.130   344339.120
  4490:   344462.130   344559.120   344683.130   344719.130   344787.120
  4495:   344798.120   344988.130   345059.120   345086.120   345100.120
  4500:   345205.130   345270.120   345281.120   345390.130   345459.120
  4505:   345470.120   345598.130   345688.120   345833.120   346040.130
  4510:   346138.120   346241.120   346253.120   346370.130   346459.120
  4515:   346468.740   346472.540   346472.320   346472.330   346472.350
  4520:   346472.240   346472.120   346722.220   346722.230   346722.250
  4525:   346722.340   346890.130   346982.120   347075.120   347163.130
  4530:   347224.120   347314.120   347408.120   347422.740   347439.540
  4535:   347439.320   347439.330   347439.350   347439.240   347439.120
  4540:   347689.220   347689.230   347689.250   347689.340   347840.130
  4545:   347933.120   347957.120   348138.130   348224.120   348331.130
  4550:   348397.120   348408.120   348453.120   348548.130   348622.120
  4555:   348634.120   348747.130   348815.120   348836.120   348850.120
  4560:   348998.130   349067.120   349078.120   349889.740   351102.130
  4565:   351143.130   351182.130   351416.130   351507.540   351507.320
  4570:   351507.330   351507.350   351507.240   351507.120   351757.220
  4575:   351757.230   351757.250   351757.340   352042.130   352111.130
  4580:   352188.120   352285.130   352372.120   352478.130   352541.120
  4585:   352648.130   352709.120   352722.120   352803.130   352875.120
  4590:   352986.120   353093.130   353172.120   353264.130   353357.120
  4595:   353369.120   353527.120   353654.130   353744.120   353978.120
  4600:   354073.130   354130.130   354215.120   354303.130   354371.120
  4605:   354454.130   354533.120   354545.120   354654.130   354657.740
  4610:   354740.540   354740.320   354740.330   354740.350   354740.240
  4615:   354740.120   354990.220   354990.230   354990.250   354990.340
  4620:   355137.130   355241.120   355336.130   355403.120   355478.120
  4625:   355491.120   355593.130   355656.120   355749.130   355831.120
  4630:   355988.120   356113.120   356356.120   356539.120   356657.130
  4635:   356722.120   356877.130   356970.120   356984.120   357093.130
  4640:   357172.120   357325.130   357409.120   357526.130   357563.130
  4645:   357664.120   357675.120   357777.120   357789.120   357905.130
  4650:   357942.130   358014.120   358143.130   358237.120   358248.120
  4655:   358418.130   358488.120   358512.120   358526.120   358635.130
  4660:   358720.120   358731.120   358938.130   359030.120   359114.130
  4665:   359186.120   359197.120   359304.130   359368.130   359440.120
  4670:   359451.120   359574.130   359663.120   359779.130   359851.120
  4675:   360000.320   360000.330   360000.350   360000.020
C:
     0:        0.000     1312.000     2059.000       59.000       71.000
     5:        0.000
D:
     0:        0.000        0.000
L:
     0:       44.000      416.000      416.000
M:
     0:     1200.000     1201.000     1202.000     1203.000     1204.000
     5:     1205.000     1206.000     1207.000     1208.000     1209.000
    10:     1210.000     1211.000     1212.000     1213.000     1214.000
    15:     1215.000     1216.000     1217.000     1218.000     1219.000
    20:     1220.000     1221.000     1222.000     1223.000     1224.000
    25:     1225.000     1226.000     1227.000     1228.000     1229.000
    30:     1230.000     1231.000     1232.000     1233.000     1234.000
    35:     1235.000     1236.000     1237.000     1238.000     1239.000
    40:     1240.000     1241.000     1242.000     1243.000     1244.000
    45:     1245.000     1246.000     1247.000     1248.000     1249.000
    50:     1250.000     1251.000     1252.000     1253.000     1254.000
    55:     1255.000     1256.000     1257.000     1258.000     1259.000
    60:     1260.000     1261.000     1262.000     1263.000     1264.000
    65:     1265.000     1266.000     1267.000     1268.000     1269.000
    70:     1270.000     1271.000     1272.000     1273.000     1274.000
    75:     1275.000     1276.000     1277.000     1278.000     1279.000
    80:     1280.000     1281.000     1282.000     1283.000     1284.000
    85:     1285.000     1286.000     1287.000     1288.000     1289.000
    90:     1290.000     1291.000     1292.000     1293.000     1294.000
    95:     1295.000     1296.000     1297.000     1298.000     1299.000
   100:     1300.000     1301.000     1302.000     1303.000     1304.000
   105:     1305.000     1306.000     1307.000     1308.000     1309.000
   110:     1310.000     1311.000     1312.000     1313.000     1314.000
   115:     1315.000     1316.000     1317.000     1318.000     1319.000
   120:     1320.000     1321.000     1322.000     1323.000     1324.000
   125:     1325.000     1326.000     1327.000     1328.000     1329.000
   130:     1330.000     1331.000     1332.000     1333.000     1334.000
   135:     1335.000     1336.000     1337.000     1338.000     1339.000
   140:     1340.000     1341.000     1342.000     1343.000     1344.000
   145:     1345.000     1346.000     1347.000     1348.000     1349.000
   150:     1350.000     1351.000     1352.000     1353.000     1354.000
   155:     1355.000     1356.000     1357.000     1358.000     1359.000
   160:     1360.000     1361.000     1362.000     1363.000     1364.000
   165:     1365.000     1366.000     1367.000     1368.000     1369.000
   170:     1370.000     1371.000     1372.000     1373.000     1374.000
   175:     1375.000     1376.000     1377.000     1378.000     1379.000
   180:     1380.000     1381.000     1382.000     1383.000     1384.000
   185:     1385.000     1386.000     1387.000     1388.000     1389.000
   190:     1390.000     1391.000     1392.000     1393.000     1394.000
   195:     1395.000     1396.000     1397.000     1398.000     1399.000
   200:     1400.000     1401.000     1402.000     1403.000     1404.000
   205:     1405.000     1406.000     1407.000     1408.000     1409.000
   210:     1410.000     1411.000     1412.000     1413.000     1414.000
   215:     1415.000     1416.000     1417.000     1418.000     1419.000
   220:     1420.000     1421.000     1422.000     1423.000     1424.000
   225:     1425.000     1426.000     1427.000     1428.000     1429.000
   230:     1430.000     1431.000     1432.000     1433.000     1434.000
   235:     1435.000     1436.000     1437.000     1438.000     1439.000
   240:     1440.000     1441.000     1442.000     1443.000     1444.000
   245:     1445.000     1446.000     1447.000     1448.000     1449.000
   250:     1450.000     1451.000     1452.000     1453.000     1454.000
   255:     1455.000     1456.000     1457.000     1458.000     1459.000
   260:     1460.000     1461.000     1462.000     1463.000     1464.000
   265:     1465.000     1466.000     1467.000     1468.000     1469.000
   270:     1470.000     1471.000     1472.000     1473.000     1474.000
   275:     1475.000     1476.000     1477.000     1478.000     1479.000
   280:     1480.000     1481.000     1482.000     1483.000     1484.000
   285:     1485.000     1486.000     1487.000     1488.000     1489.000
   290:     1490.000     1491.000     1492.000     1493.000     1494.000
   295:     1495.000     1496.000     1497.000     1498.000     1499.000
   300:     1500.000     1501.000     1502.000     1503.000     1504.000
   305:     1505.000     1506.000     1507.000     1508.000     1509.000
   310:     1510.000     1511.000     1512.000     1513.000     1514.000
   315:     1515.000     1516.000     1517.000     1518.000     1519.000
   320:     1520.000     1521.000     1522.000     1523.000     1524.000
   325:     1525.000     1526.000     1527.000     1528.000     1529.000
   330:     1530.000     1531.000     1532.000     1533.000     1534.000
   335:     1535.000     1536.000     1537.000     1538.000     1539.000
   340:     1540.000     1541.000     1542.000     1543.000     1544.000
   345:     1545.000     1546.000     1547.000     1548.000     1549.000
   350:     1550.000     1551.000     1552.000     1553.000     1554.000
   355:     1555.000     1556.000     1557.000     1558.000     1559.000
   360:     1560.000     1561.000     1562.000     1563.000     1564.000
   365:     1565.000     1566.000     1567.000     1568.000     1569.000
   370:     1570.000     1571.000     1572.000     1573.000     1574.000
   375:     1575.000     1576.000     1577.000     1578.000     1579.000
   380:     1580.000     1581.000     1582.000     1583.000     1584.000
   385:     1585.000     1586.000     1587.000     1588.000     1589.000
   390:     1590.000     1591.000     1592.000     1593.000     1594.000
   395:     1595.000     1596.000     1597.000     1598.000     1599.000
   400:     1600.000     1601.000     1602.000     1603.000     1604.000
   405:     1605.000     1606.000     1607.000     1608.000     1609.000
   410:     1610.000     1611.000     1612.000     1613.000     1614.000
   415:     1615.000     1616.000     1617.000     1618.000     1619.000
   420:     1620.000     1621.000     1622.000     1623.000     1624.000
   425:     1625.000     1626.000     1627.000     1628.000     1629.000
   430:     1630.000     1631.000     1632.000     1633.000     1634.000
   435:     1635.000     1636.000     1637.000     1638.000     1639.000
   440:     1640.000     1641.000     1642.000     1643.000     1644.000
   445:     1645.000     1646.000     1647.000     1648.000     1649.000
   450:     1650.000     1651.000     1652.000     1653.000     1654.000
   455:     1655.000     1656.000     1657.000     1658.000     1659.000
   460:     1660.000     1661.000     1662.000     1663.000     1664.000
   465:     1665.000     1666.000     1667.000     1668.000     1669.000
   470:     1670.000     1671.000     1672.000     1673.000     1674.000
   475:     1675.000     1676.000     1677.000     1678.000     1679.000
   480:     1680.000     1681.000     1682.000     1683.000     1684.000
   485:     1685.000     1686.000     1687.000     1688.000     1689.000
   490:     1690.000     1691.000     1692.000     1693.000     1694.000
   495:     1695.000     1696.000     1697.000     1698.000     1699.000
   500:     1700.000     1701.000     1702.000     1703.000     1704.000
   505:     1705.000     1706.000     1707.000     1708.000     1709.000
   510:     1710.000     1711.000     1712.000     1713.000     1714.000
   515:     1715.000     1716.000     1717.000     1718.000     1719.000
   520:     1720.000     1721.000     1722.000     1723.000     1724.000
   525:     1725.000     1726.000     1727.000     1728.000     1729.000
   530:     1730.000     1731.000     1732.000     1733.000     1734.000
   535:     1735.000     1736.000     1737.000     1738.000     1739.000
   540:     1740.000     1741.000     1742.000     1743.000     1744.000
   545:     1745.000     1746.000     1747.000     1748.000     1749.000
   550:     1750.000     1751.000     1752.000     1753.000     1754.000
   555:     1755.000     1756.000     1757.000     1758.000     1759.000
   560:     1760.000     1761.000     1762.000     1763.000     1764.000
   565:     1765.000     1766.000     1767.000     1768.000     1769.000
   570:     1770.000     1771.000     1772.000     1773.000     1774.000
   575:     1775.000     1776.000     1777.000     1778.000     1779.000
   580:     1780.000     1781.000     1782.000     1783.000     1784.000
   585:     1785.000     1786.000     1787.000     1788.000     1789.000
   590:     1790.000     1791.000     1792.000     1793.000     1794.000
   595:     1795.000     1796.000     1797.000     1798.000     1799.000
   600:     1800.000     1801.000     1802.000     1803.000     1804.000
   605:     1805.000     1806.000     1807.000     1808.000     1809.000
   610:     1810.000     1811.000     1812.000     1813.000     1814.000
   615:     1815.000     1816.000     1817.000     1818.000     1819.000
   620:     1820.000     1821.000     1822.000     1823.000     1824.000
   625:     1825.000     1826.000     1827.000     1828.000     1829.000
   630:     1830.000     1831.000     1832.000     1833.000     1834.000
   635:     1835.000     1836.000     1837.000     1838.000     1839.000
   640:     1840.000     1841.000     1842.000     1843.000     1844.000
   645:     1845.000     1846.000     1847.000     1848.000     1849.000
   650:     1850.000     1851.000     1852.000     1853.000     1854.000
   655:     1855.000     1856.000     1857.000     1858.000     1859.000
   660:     1860.000     1861.000     1862.000     1863.000     1864.000
   665:     1865.000     1866.000     1867.000     1868.000     1869.000
   670:     1870.000     1871.000     1872.000     1873.000     1874.000
   675:     1875.000     1876.000     1877.000     1878.000     1879.000
   680:     1880.000     1881.000     1882.000     1883.000     1884.000
   685:     1885.000     1886.000     1887.000     1888.000     1889.000
   690:     1890.000     1891.000     1892.000     1893.000     1894.000
   695:     1895.000     1896.000     1897.000     1898.000     1899.000
   700:     1900.000     1901.000     1902.000     1903.000     1904.000
   705:     1905.000     1906.000     1907.000     1908.000     1909.000
   710:     1910.000     1911.000     1912.000     1913.000     1914.000
   715:     1915.000     1916.000     1917.000     1918.000     1919.000
   720:     1920.000     1921.000     1922.000     1923.000     1924.000
   725:     1925.000     1926.000     1927.000     1928.000     1929.000
   730:     1930.000     1931.000     1932.000     1933.000     1934.000
   735:     1935.000     1936.000     1937.000     1938.000     1939.000
   740:     1940.000     1941.000     1942.000     1943.000     1944.000
   745:     1945.000     1946.000     1947.000     1948.000     1949.000
   750:     1950.000     1951.000     1952.000     1953.000     1954.000
   755:     1955.000     1956.000     1957.000     1958.000     1959.000
   760:     1960.000     1961.000     1962.000     1963.000     1964.000
   765:     1965.000     1966.000     1967.000     1968.000     1969.000
   770:     1970.000     1971.000     1972.000     1973.000     1974.000
   775:     1975.000     1976.000     1977.000     1978.000     1979.000
   780:     1980.000     1981.000     1982.000     1983.000     1984.000
   785:     1985.000     1986.000     1987.000     1988.000     1989.000
   790:     1990.000     1991.000     1992.000     1993.000     1994.000
   795:     1995.000     1996.000     1997.000     1998.000     1999.000
   800:     2000.000     2001.000     2002.000     2003.000     2004.000
   805:     2005.000     2006.000     2007.000     2008.000     2009.000
   810:     2010.000     2011.000     2012.000     2013.000     2014.000
   815:     2015.000     2016.000     2017.000     2018.000     2019.000
   820:     2020.000     2021.000     2022.000     2023.000     2024.000
   825:     2025.000     2026.000     2027.000     2028.000     2029.000
   830:     2030.000     2031.000     2032.000     2033.000     2034.000
   835:     2035.000     2036.000     2037.000     2038.000     2039.000
   840:     2040.000     2041.000     2042.000     2043.000     2044.000
   845:     2045.000     2046.000     2047.000     2048.000     2049.000
   850:     2050.000     2051.000     2052.000     2053.000     2054.000
   855:     2055.000     2056.000     2057.000     2058.000     2059.000
   860:     2060.000     2061.000     2062.000     2063.000     2064.000
   865:     2065.000     2066.000     2067.000     2068.000     2069.000
   870:     2070.000     2071.000     2072.000     2073.000     2074.000
   875:     2075.000     2076.000     2077.000     2078.000     2079.000
   880:     2080.000     2081.000     2082.000     2083.000     2084.000
   885:     2085.000     2086.000     2087.000     2088.000     2089.000
   890:     2090.000     2091.000     2092.000     2093.000     2094.000
   895:     2095.000     2096.000     2097.000     2098.000     2099.000
   900:     2100.000     2101.000     2102.000     2103.000     2104.000
   905:     2105.000     2106.000     2107.000     2108.000     2109.000
   910:     2110.000     2111.000     2112.000     2113.000     2114.000
   915:     2115.000     2116.000     2117.000     2118.000     2119.000
   920:     2120.000     2121.000     2122.000     2123.000     2124.000
   925:     2125.000     2126.000     2127.000     2128.000     2129.000
   930:     2130.000     2131.000     2132.000     2133.000     2134.000
   935:     2135.000     2136.000     2137.000     2138.000     2139.000
   940:     2140.000     2141.000     2142.000     2143.000     2144.000
   945:     2145.000     2146.000     2147.000     2148.000     2149.000
   950:     2150.000     2151.000     2152.000     2153.000     2154.000
   955:     2155.000     2156.000     2157.000     2158.000     2159.000
   960:     2160.000     2161.000     2162.000     2163.000     2164.000
   965:     2165.000     2166.000     2167.000     2168.000     2169.000
   970:     2170.000     2171.000     2172.000     2173.000     2174.000
   975:     2175.000     2176.000     2177.000     2178.000     2179.000
   980:     2180.000     2181.000     2182.000     2183.000     2184.000
   985:     2185.000     2186.000     2187.000     2188.000     2189.000
   990:     2190.000     2191.000     2192.000     2193.000     2194.000
   995:     2195.000     2196.000     2197.000     2198.000     2199.000
  1000:     2200.000     2201.000     2202.000     2203.000     2204.000
  1005:     2205.000     2206.000     2207.000     2208.000     2209.000
  1010:     2210.000     2211.000     2212.000     2213.000     2214.000
  1015:     2215.000     2216.000     2217.000     2218.000     2219.000
  1020:     2220.000     2221.000     2222.000     2223.000     2224.000
  1025:     2225.000     2226.000     2227.000     2228.000     2229.000
  1030:     2230.000     2231.000     2232.000     2233.000     2234.000
  1035:     2235.000     2236.000     2237.000     2238.000     2239.000
  1040:     2240.000     2241.000     2242.000     2243.000     2244.000
  1045:     2245.000     2246.000     2247.000     2248.000     2249.000
  1050:     2250.000     2251.000     2252.000     2253.000     2254.000
  1055:     2255.000     2256.000     2257.000     2258.000     2259.000
  1060:     2260.000     2261.000     2262.000     2263.000     2264.000
  1065:     2265.000     2266.000     2267.000     2268.000     2269.000
  1070:     2270.000     2271.000     2272.000     2273.000     2274.000
  1075:     2275.000     2276.000     2277.000     2278.000     2279.000
  1080:     2280.000     2281.000     2282.000     2283.000     2284.000
  1085:     2285.000     2286.000     2287.000     2288.000     2289.000
  1090:     2290.000     2291.000     2292.000     2293.000     2294.000
  1095:     2295.000     2296.000     2297.000     2298.000     2299.000
  1100:     2300.000     2301.000     2302.000     2303.000     2304.000
  1105:     2305.000     2306.000     2307.000     2308.000     2309.000
  1110:     2310.000     2311.000     2312.000     2313.000     2314.000
  1115:     2315.000     2316.000     2317.000     2318.000     2319.000
  1120:     2320.000     2321.000     2322.000     2323.000     2324.000
  1125:     2325.000     2326.000     2327.000     2328.000     2329.000
  1130:     2330.000     2331.000     2332.000     2333.000     2334.000
  1135:     2335.000     2336.000     2337.000     2338.000     2339.000
  1140:     2340.000     2341.000     2342.000     2343.000     2344.000
  1145:     2345.000     2346.000     2347.000     2348.000     2349.000
  1150:     2350.000     2351.000     2352.000     2353.000     2354.000
  1155:     2355.000     2356.000     2357.000     2358.000     2359.000
  1160:     2360.000     2361.000     2362.000     2363.000     2364.000
  1165:     2365.000     2366.000     2367.000     2368.000     2369.000
  1170:     2370.000     2371.000     2372.000     2373.000     2374.000
  1175:     2375.000     2376.000     2377.000     2378.000     2379.000
  1180:     2380.000     2381.000     2382.000     2383.000     2384.000
  1185:     2385.000     2386.000     2387.000     2388.000     2389.000
  1190:     2390.000     2391.000     2392.000     2393.000     2394.000
  1195:     2395.000     2396.000     2397.000     2398.000     2399.000
  1200:     2400.000
N:
     0:     2700.000     2701.000     2702.000     2703.000     2704.000
     5:     2705.000     2706.000     2707.000     2708.000     2709.000
    10:     2710.000     2711.000     2712.000     2713.000     2714.000
    15:     2715.000     2716.000     2717.000     2718.000     2719.000
    20:     2720.000     2721.000     2722.000     2723.000     2724.000
    25:     2725.000     2726.000     2727.000     2728.000     2729.000
    30:     2730.000     2731.000     2732.000     2733.000     2734.000
    35:     2735.000     2736.000     2737.000     2738.000     2739.000
    40:     2740.000     2741.000     2742.000     2743.000     2744.000
    45:     2745.000     2746.000     2747.000     2748.000     2749.000
    50:     2750.000     2751.000     2752.000     2753.000     2754.000
    55:     2755.000     2756.000     2757.000     2758.000     2759.000
    60:     2760.000     2761.000     2762.000     2763.000     2764.000
    65:     2765.000     2766.000     2767.000     2768.000     2769.000
    70:     2770.000     2771.000     2772.000     2773.000     2774.000
    75:     2775.000     2776.000     2777.000     2778.000     2779.000
    80:     2780.000     2781.000     2782.000     2783.000     2784.000
    85:     2785.000     2786.000     2787.000     2788.000     2789.000
    90:     2790.000     2791.000     2792.000     2793.000     2794.000
    95:     2795.000     2796.000     2797.000     2798.000     2799.000
   100:     2800.000     2801.000     2802.000     2803.000     2804.000
   105:     2805.000     2806.000     2807.000     2808.000     2809.000
   110:     2810.000     2811.000     2812.000     2813.000     2814.000
   115:     2815.000     2816.000     2817.000     2818.000     2819.000
   120:     2820.000     2821.000     2822.000     2823.000     2824.000
   125:     2825.000     2826.000     2827.000     2828.000     2829.000
   130:     2830.000     2831.000     2832.000     2833.000     2834.000
   135:     2835.000     2836.000     2837.000     2838.000     2839.000
   140:     2840.000     2841.000     2842.000     2843.000     2844.000
   145:     2845.000     2846.000     2847.000     2848.000     2849.000
   150:     2850.000     2851.000     2852.000     2853.000     2854.000
   155:     2855.000     2856.000     2857.000     2858.000     2859.000
   160:     2860.000     2861.000     2862.000     2863.000     2864.000
   165:     2865.000     2866.000     2867.000     2868.000     2869.000
   170:     2870.000     2871.000     2872.000     2873.000     2874.000
   175:     2875.000     2876.000     2877.000     2878.000     2879.000
   180:     2880.000     2881.000     2882.000     2883.000     2884.000
   185:     2885.000     2886.000     2887.000     2888.000     2889.000
   190:     2890.000     2891.000     2892.000     2893.000     2894.000
   195:     2895.000     2896.000     2897.000     2898.000     2899.000
   200:     2900.000     2901.000     2902.000     2903.000     2904.000
   205:     2905.000     2906.000     2907.000     2908.000     2909.000
   210:     2910.000     2911.000     2912.000     2913.000     2914.000
   215:     2915.000     2916.000     2917.000     2918.000     2919.000
   220:     2920.000     2921.000     2922.000     2923.000     2924.000
   225:     2925.000     2926.000     2927.000     2928.000     2929.000
   230:     2930.000     2931.000     2932.000     2933.000     2934.000
   235:     2935.000     2936.000     2937.000     2938.000     2939.000
   240:     2940.000     2941.000     2942.000     2943.000     2944.000
   245:     2945.000     2946.000     2947.000     2948.000     2949.000
   250:     2950.000     2951.000     2952.000     2953.000     2954.000
   255:     2955.000     2956.000     2957.000     2958.000     2959.000
   260:     2960.000     2961.000     2962.000     2963.000     2964.000
   265:     2965.000     2966.000     2967.000     2968.000     2969.000
   270:     2970.000     2971.000     2972.000     2973.000     2974.000
   275:     2975.000     2976.000     2977.000     2978.000     2979.000
   280:     2980.000     2981.000     2982.000     2983.000     2984.000
   285:     2985.000     2986.000     2987.000     2988.000     2989.000
   290:     2990.000     2991.000     2992.000     2993.000     2994.000
   295:     2995.000     2996.000     2997.000     2998.000     2999.000
   300:     3000.000
R:
     0:      400.000       27.000       27.000
V:
     0:     2070.000     2895.000
W:
     0:     2070.000     2895.000
