File: C:\MED-PC IV\DATA\p736_s112_japede


Start Date: 10/19/17
End Date: 10/19/17
Subject: p736
Experiment: 0
Group: 0
Box: 6
Start Time: 14:43:22
End Time: 15:43:57
MSN: japede_L_45_45_45_R_45_45_45
B:       0.000
E:    4761.000
F:       0.000
G:       0.000
H:       0.000
I:       2.000
J:       2.000
K:       0.000
O:       0.000
P:       0.000
Q:       0.000
S:  360000.000
T:  360000.000
U:       0.000
X:       0.000
Y:       0.000
Z:       0.000
A:
     0:        0.010        0.250        0.220        0.230      139.130
     5:      179.130      216.130      252.130      292.130      467.120
    10:      799.840      848.120      999.740     1210.540     1210.320
    15:     1210.330     1210.350     1210.240     1210.120     1460.220
    20:     1460.230     1460.250     1460.340     1888.120     2646.120
    25:     2807.120     2964.120     3155.640     3155.320     3155.330
    30:     3155.350     3155.240     3155.130     3405.220     3405.230
    35:     3405.250     3405.340     3682.130     3760.130     3806.130
    40:     3911.120     3940.120     4005.840     4074.640     4074.320
    45:     4074.330     4074.350     4074.240     4074.130     4324.220
    50:     4324.230     4324.250     4324.340     4933.130     5060.740
    55:     5064.540     5064.320     5064.330     5064.350     5064.240
    60:     5064.120     5314.220     5314.230     5314.250     5314.340
    65:     5719.120     5758.120     5875.130     5920.130     6074.120
    70:     6164.120     6261.130     6301.130     6336.130     6400.130
    75:     6485.120     6577.130     6615.130     6734.120     6763.120
    80:     6863.130     6961.120     7048.130     7144.120     7237.130
    85:     7334.120     7425.130     7500.130     7650.130     7749.120
    90:     7774.120     7861.130     8031.120     8054.120     8149.130
    95:     8193.130     8440.120     8533.130     8631.120     9145.130
   100:     9394.130     9565.130     9652.130     9724.840     9749.120
   105:     9773.120     9874.640     9874.320     9874.330     9874.350
   110:     9874.240     9874.130    10124.220    10124.230    10124.250
   115:    10124.340    10314.740    10808.540    10808.320    10808.330
   120:    10808.350    10808.240    10808.120    11058.220    11058.230
   125:    11058.250    11058.340    11536.130    11611.130    11740.120
   130:    11765.120    11859.130    11955.120    12045.130    12130.120
   135:    12273.130    12375.120    12403.120    12498.130    12558.740
   140:    12590.540    12590.320    12590.330    12590.350    12590.240
   145:    12590.120    12840.220    12840.230    12840.250    12840.340
   150:    13198.130    13234.130    13383.120    13510.130    13623.120
   155:    13651.120    13747.130    13833.120    13928.130    14013.120
   160:    14102.130    14194.120    14283.130    14367.120    14463.130
   165:    14553.120    14643.130    14817.120    14903.130    14987.120
   170:    15078.130    15164.120    15258.130    15350.120    15456.130
   175:    15551.120    15642.130    15761.130    15857.120    15945.130
   180:    16131.130    16140.740    16229.540    16229.320    16229.330
   185:    16229.350    16229.240    16229.120    16479.220    16479.230
   190:    16479.250    16479.340    16704.130    16811.120    16842.120
   195:    16943.130    17047.120    17076.120    17171.130    17252.120
   200:    17276.120    17367.130    17451.120    17481.120    17576.130
   205:    17668.120    17762.130    17797.130    17848.130    17941.120
   210:    18109.120    18190.130    18271.130    18608.130    18704.120
   215:    18728.120    18815.130    18900.120    18987.130    19174.130
   220:    19224.840    19265.120    19352.640    19352.320    19352.330
   225:    19352.350    19352.240    19352.130    19602.220    19602.230
   230:    19602.250    19602.340    19820.120    19919.130    20008.120
   235:    20101.130    20190.120    20273.130    20378.120    20464.130
   240:    20533.130    20679.740    20735.540    20735.320    20735.330
   245:    20735.350    20735.240    20735.120    20985.220    20985.230
   250:    20985.250    20985.340    21224.120    21319.130    21412.120
   255:    21585.740    21591.130    21639.130    21737.540    21737.320
   260:    21737.330    21737.350    21737.240    21737.120    21987.220
   265:    21987.230    21987.250    21987.340    22210.130    22657.130
   270:    22744.120    22830.130    22914.120    23080.120    23166.130
   275:    23254.120    23340.130    23475.120    23497.120    23584.130
   280:    23687.740    23787.540    23787.320    23787.330    23787.350
   285:    23787.240    23787.120    24037.220    24037.230    24037.250
   290:    24037.340    24179.130    24390.130    24479.120    24595.130
   295:    24680.120    24764.130    24846.120    24933.130    25011.120
   300:    25099.130    25263.130    25340.120    25429.130    25519.120
   305:    25669.130    25737.740    25786.130    25830.130    25926.540
   310:    25926.320    25926.330    25926.350    25926.240    25926.120
   315:    26176.220    26176.230    26176.250    26176.340    26329.130
   320:    26456.120    26552.130    26635.120    26725.130    26807.120
   325:    26894.130    26977.120    27003.120    27089.130    27170.120
   330:    27258.130    27299.130    27387.120    27474.130    27553.120
   335:    27576.740    27641.130    27726.540    27726.320    27726.330
   340:    27726.350    27726.240    27726.120    27976.220    27976.230
   345:    27976.250    27976.340    28262.120    28286.120    28375.130
   350:    28455.120    28544.130    28576.740    28628.540    28628.320
   355:    28628.330    28628.350    28628.240    28628.120    28878.220
   360:    28878.230    28878.250    28878.340    29048.130    29171.120
   365:    29348.130    29397.130    29478.740    29506.540    29506.320
   370:    29506.330    29506.350    29506.240    29506.120    29756.220
   375:    29756.230    29756.250    29756.340    30138.120    30159.120
   380:    30256.740    30278.130    30324.130    30414.540    30414.320
   385:    30414.330    30414.350    30414.240    30414.120    30664.220
   390:    30664.230    30664.250    30664.340    30858.130    30951.120
   395:    31064.740    31073.130    31234.540    31234.320    31234.330
   400:    31234.350    31234.240    31234.120    31484.220    31484.230
   405:    31484.250    31484.340    31675.130    31765.120    31878.130
   410:    31958.120    32116.120    32288.130    32361.120    32445.130
   415:    32524.120    32543.120    32624.130    32669.130    32751.120
   420:    32832.130    32911.120    32999.130    33079.120    33167.130
   425:    33246.120    33338.130    33418.120    33484.740    33508.130
   430:    33589.540    33589.320    33589.330    33589.350    33589.240
   435:    33589.120    33839.220    33839.230    33839.250    33839.340
   440:    34083.130    34172.120    34196.120    34298.130    34376.120
   445:    34399.120    34517.130    34558.130    34641.120    34762.130
   450:    34845.120    34936.130    35016.120    35028.120    35106.130
   455:    35185.120    35272.130    35356.120    35444.130    35478.130
   460:    35725.120    35821.130    35903.120    35926.120    36049.130
   465:    36096.130    36182.120    36203.120    36216.120    36305.130
   470:    36384.120    36474.130    36559.120    36648.130    36730.120
   475:    36902.120    36914.120    36996.130    37080.120    37169.130
   480:    37231.130    37314.120    37400.130    37492.120    37582.130
   485:    37677.120    37764.130    37871.120    37955.130    38037.120
   490:    38105.130    38297.120    38391.130    38538.120    38636.130
   495:    38721.120    38816.130    38957.130    39048.120    39067.120
   500:    39158.130    39237.120    39264.120    39357.130    39450.120
   505:    39538.130    39684.130    39761.120    39933.120    40022.130
   510:    40118.120    40208.130    40280.130    40374.120    40470.130
   515:    40559.120    40663.130    40702.840    40844.640    40844.320
   520:    40844.330    40844.350    40844.240    40844.130    41094.220
   525:    41094.230    41094.250    41094.340    41281.130    41406.120
   530:    41497.130    41610.120    41694.840    41707.640    41707.320
   535:    41707.330    41707.350    41707.240    41707.130    41957.220
   540:    41957.230    41957.250    41957.340    42112.130    42157.840
   545:    42210.120    42311.640    42311.320    42311.330    42311.350
   550:    42311.240    42311.130    42561.220    42561.230    42561.250
   555:    42561.340    42743.130    42843.120    42942.130    43047.120
   560:    43147.130    43235.120    43338.130    43436.120    43461.120
   565:    43606.130    43688.120    43711.120    43761.840    43803.640
   570:    43803.320    43803.330    43803.350    43803.240    43803.130
   575:    44053.220    44053.230    44053.250    44053.340    44275.130
   580:    44379.120    44409.120    44505.130    44594.120    44684.130
   585:    44779.120    44864.130    44949.120    45065.130    45142.120
   590:    45163.120    45256.130    45335.120    45422.130    45501.120
   595:    45594.130    45671.120    45695.120    45790.130    45865.120
   600:    45956.130    45990.130    46094.120    46185.130    46272.120
   605:    46359.130    46482.130    46570.120    46656.130    46731.120
   610:    46823.130    46911.120    47001.130    47232.130    47377.130
   615:    47466.120    47559.130    47635.120    47639.740    47727.130
   620:    47811.540    47811.320    47811.330    47811.350    47811.240
   625:    47811.120    48061.220    48061.230    48061.250    48061.340
   630:    48276.130    48371.120    48464.130    48546.120    48637.130
   635:    48719.120    48804.130    48882.120    48978.130    49046.130
   640:    49091.130    49217.130    49309.120    49394.130    49474.120
   645:    49606.130    49679.120    49766.130    49933.130    49999.130
   650:    50083.120    50167.130    50373.130    50462.120    50524.120
   655:    50608.130    50715.120    50896.120    50986.130    51029.130
   660:    51261.120    51289.120    51378.130    51461.120    51527.130
   665:    51759.130    51874.120    51973.130    52054.120    52140.130
   670:    52217.120    52311.130    52392.120    52461.740    52631.130
   675:    52672.130    52759.540    52759.320    52759.330    52759.350
   680:    52759.240    52759.120    53009.220    53009.230    53009.250
   685:    53009.340    53109.740    53197.130    53287.540    53287.320
   690:    53287.330    53287.350    53287.240    53287.120    53537.220
   695:    53537.230    53537.250    53537.340    53701.130    53815.120
   700:    53903.130    53990.120    54085.130    54137.740    54164.540
   705:    54164.320    54164.330    54164.350    54164.240    54164.120
   710:    54414.220    54414.230    54414.250    54414.340    54589.130
   715:    54686.120    54790.130    54878.120    54991.130    55085.120
   720:    55114.740    55181.130    55271.540    55271.320    55271.330
   725:    55271.350    55271.240    55271.120    55521.220    55521.230
   730:    55521.250    55521.340    55708.130    55812.120    55904.130
   735:    55991.120    56084.130    56172.120    56196.120    56296.130
   740:    56380.120    56484.130    56572.120    56672.130    56699.130
   745:    56778.120    56878.130    56914.130    57006.120    57101.130
   750:    57183.120    57278.130    57365.120    57456.130    57600.120
   755:    57695.130    57782.120    57873.130    58007.120    58137.130
   760:    58185.130    58233.130    58487.120    58585.130    58653.840
   765:    58672.120    58765.640    58765.320    58765.330    58765.350
   770:    58765.240    58765.130    59015.220    59015.230    59015.250
   775:    59015.340    59187.130    59311.120    59408.130    59494.120
   780:    59584.130    59674.120    59771.130    59848.120    59955.130
   785:    60036.120    60215.130    60307.120    60332.120    60428.130
   790:    60508.120    60614.130    60621.740    60713.540    60713.320
   795:    60713.330    60713.350    60713.240    60713.120    60963.220
   800:    60963.230    60963.250    60963.340    61128.130    61236.120
   805:    61259.120    61357.130    61460.130    61550.120    61647.130
   810:    61726.120    61754.120    61841.130    61928.120    62042.130
   815:    62127.120    62230.130    62327.120    62422.130    62512.120
   820:    62613.130    62706.120    62799.130    62886.120    62978.130
   825:    63152.130    63230.120    63254.120    63348.130    63434.120
   830:    63531.130    63752.130    63855.120    63953.130    64036.120
   835:    64130.130    64216.120    64309.130    64397.120    64492.130
   840:    64587.120    64680.130    64769.120    64866.130    65127.130
   845:    65178.130    65279.120    65374.130    65470.120    65570.130
   850:    65615.840    65657.120    65751.640    65751.320    65751.330
   855:    65751.350    65751.240    65751.130    66001.220    66001.230
   860:    66001.250    66001.340    66161.130    66299.120    66330.120
   865:    66463.740    66463.130    66538.130    66551.130    66636.540
   870:    66636.320    66636.330    66636.350    66636.240    66636.120
   875:    66801.840    66886.220    66886.230    66886.250    66886.340
   880:    67041.640    67041.320    67041.330    67041.350    67041.240
   885:    67041.130    67291.220    67291.230    67291.250    67291.340
   890:    67473.130    67592.120    67623.120    67722.130    67752.130
   895:    67798.130    67891.120    67985.130    68068.120    68168.130
   900:    68256.120    68349.130    68461.120    68557.130    68643.120
   905:    68747.130    68834.120    68958.130    69015.130    69104.120
   910:    69198.130    69322.120    69420.130    69513.120    69602.130
   915:    69654.130    69852.130    69960.120    70060.130    70147.120
   920:    70244.130    70329.120    70399.130    70516.130    70603.120
   925:    70701.130    70801.130    70909.120    71002.130    71092.120
   930:    71189.130    71278.120    71372.130    71466.120    71560.130
   935:    71649.120    71745.130    71792.130    71983.130    72085.120
   940:    72086.740    72120.540    72120.320    72120.330    72120.350
   945:    72120.240    72120.120    72370.220    72370.230    72370.250
   950:    72370.340    72528.130    72635.120    72742.130    72832.120
   955:    72924.130    73009.120    73109.130    73149.130    73233.120
   960:    73330.130    73407.120    73430.120    73534.130    73622.120
   965:    73721.130    73837.130    73947.120    74028.130    74219.130
   970:    74344.120    74437.130    74526.120    74623.130    74716.120
   975:    74809.130    74912.120    74940.120    75045.130    75168.120
   980:    75265.130    75347.120    75443.130    75518.130    75607.120
   985:    75701.130    75794.120    76033.130    76084.130    76183.120
   990:    76211.120    76307.130    76393.120    76491.130    76571.120
   995:    76665.130    76763.120    76867.130    76961.120    77064.130
  1000:    77204.120    77335.130    77438.120    77534.130    77634.130
  1005:    77729.120    77831.130    78100.120    78123.120    78228.130
  1010:    78323.120    78453.130    78546.120    78644.130    78735.120
  1015:    78834.130    78934.120    79040.130    79070.740    79087.130
  1020:    79269.130    79402.540    79402.320    79402.330    79402.350
  1025:    79402.240    79402.120    79652.220    79652.230    79652.250
  1030:    79652.340    79913.130    80023.120    80133.130    80222.120
  1035:    80324.130    80436.120    80535.130    80618.120    80718.130
  1040:    80801.120    80894.130    80937.130    81078.130    81158.120
  1045:    81258.130    81340.120    81439.130    81542.130    81620.120
  1050:    81723.130    81807.120    81908.130    81991.840    82115.640
  1055:    82115.320    82115.330    82115.350    82115.240    82115.130
  1060:    82365.220    82365.230    82365.250    82365.340    82535.130
  1065:    82656.120    82685.120    82783.130    82822.130    82909.120
  1070:    83011.130    83102.120    83127.120    83226.130    83319.120
  1075:    83414.130    83501.120    83602.130    83696.120    83792.130
  1080:    83942.130    84061.120    84165.130    84201.130    84289.120
  1085:    84387.130    84476.120    84571.130    84654.120    84751.130
  1090:    84843.120    84921.130    85129.130    85240.130    85336.120
  1095:    85436.130    85470.130    85514.130    85616.120    85712.130
  1100:    85834.130    86030.130    86117.120    86213.130    86409.130
  1105:    86505.120    86604.130    86753.130    86853.120    86946.130
  1110:    87132.130    87236.120    87335.130    87423.120    87517.130
  1115:    87642.130    87722.130    87824.120    87926.130    88009.120
  1120:    88107.130    88294.130    88397.120    88496.130    88578.120
  1125:    88675.130    88781.120    88875.130    89050.130    89151.120
  1130:    89253.130    89341.120    89438.130    89468.130    89585.120
  1135:    89680.130    90064.120    90165.130    90267.120    90362.130
  1140:    90454.120    90548.130    92514.130    92655.120    92690.120
  1145:    92717.120    92858.120    92883.120    93011.130    93100.120
  1150:    93196.130    93238.130    93322.120    93417.130    93627.120
  1155:    93725.130    93758.130    93885.130    93975.120    94069.130
  1160:    94248.130    94334.120    94361.120    94365.840    94457.640
  1165:    94457.320    94457.330    94457.350    94457.240    94457.130
  1170:    94707.220    94707.230    94707.250    94707.340    94899.130
  1175:    95035.120    95128.130    95227.130    95343.130    95441.120
  1180:    95539.130    95652.130    95743.120    95841.130    96002.130
  1185:    96095.120    96189.130    96404.120    96430.120    96552.740
  1190:    96570.130    96617.130    96704.540    96704.320    96704.330
  1195:    96704.350    96704.240    96704.120    96954.220    96954.230
  1200:    96954.250    96954.340    97127.130    97186.130    97284.120
  1205:    97475.120    97572.130    97656.120    97707.840    97752.640
  1210:    97752.320    97752.330    97752.350    97752.240    97752.130
  1215:    98002.220    98002.230    98002.250    98002.340    98054.740
  1220:    98317.540    98317.320    98317.330    98317.350    98317.240
  1225:    98317.120    98567.220    98567.230    98567.250    98567.340
  1230:    98740.130    98816.130    98927.120    99029.130    99103.120
  1235:    99252.130    99295.130    99378.120    99472.130    99553.120
  1240:    99649.130    99732.120    99828.130    99924.120   100017.130
  1245:   100110.120   100210.130   100354.130   100452.120   100544.130
  1250:   100694.130   100786.120   100879.130   100997.130   101095.120
  1255:   101186.130   101271.120   101364.130   101402.840   101650.640
  1260:   101650.320   101650.330   101650.350   101650.240   101650.130
  1265:   101900.220   101900.230   101900.250   101900.340   102201.120
  1270:   102229.120   102367.740   102376.130   102493.540   102493.320
  1275:   102493.330   102493.350   102493.240   102493.120   102600.840
  1280:   102743.220   102743.230   102743.250   102743.340   102903.640
  1285:   102903.320   102903.330   102903.350   102903.240   102903.130
  1290:   103153.220   103153.230   103153.250   103153.340   103508.120
  1295:   103640.130   103730.120   103753.120   103850.130   103941.120
  1300:   103965.120   104092.130   104178.120   104201.120   104302.130
  1305:   104382.120   104487.130   104632.130   104691.130   104779.120
  1310:   104890.130   104935.130   105022.120   105122.130   105216.120
  1315:   105312.130   105400.120   105494.130   105650.130   105751.120
  1320:   105842.130   105982.130   106081.120   106143.740   106182.130
  1325:   106283.540   106283.320   106283.330   106283.350   106283.240
  1330:   106283.120   106533.220   106533.230   106533.250   106533.340
  1335:   106677.130   106743.130   106863.120   106967.130   107058.120
  1340:   107164.130   107255.120   107283.120   107375.130   107460.120
  1345:   107557.130   107642.120   107729.130   107818.120   107853.840
  1350:   107914.640   107914.320   107914.330   107914.350   107914.240
  1355:   107914.130   108164.220   108164.230   108164.250   108164.340
  1360:   108357.130   108449.130   108606.120   108712.130   108804.120
  1365:   109074.130   109364.840   109401.120   109579.640   109579.320
  1370:   109579.330   109579.350   109579.240   109579.130   109829.220
  1375:   109829.230   109829.250   109829.340   110089.130   110211.130
  1380:   110339.120   110443.130   110486.130   110529.840   110581.120
  1385:   110682.120   110782.120   111072.120   111248.640   111248.320
  1390:   111248.330   111248.350   111248.240   111248.130   111498.220
  1395:   111498.230   111498.250   111498.340   111687.130   111787.120
  1400:   111828.120   111935.130   112023.120   112131.130   112220.120
  1405:   112325.130   112333.740   112426.540   112426.320   112426.330
  1410:   112426.350   112426.240   112426.120   112676.220   112676.230
  1415:   112676.250   112676.340   112871.130   112996.120   113037.120
  1420:   113148.130   113245.130   113350.120   113451.130   113501.130
  1425:   113588.120   113691.130   113778.120   113876.130   113955.120
  1430:   114072.130   114203.130   114300.120   114398.130   114483.120
  1435:   114581.130   114811.120   114921.130   115005.120   115110.130
  1440:   115188.120   115367.120   115393.120   115510.130   115593.120
  1445:   115701.130   115796.120   115961.120   116003.120   116150.120
  1450:   116185.120   116304.130   116389.120   116493.130   116578.120
  1455:   116680.130   116766.120   116776.740   116923.540   116923.320
  1460:   116923.330   116923.350   116923.240   116923.120   117173.220
  1465:   117173.230   117173.250   117173.340   117339.130   117450.120
  1470:   117479.120   117576.130   117603.130   117651.130   117741.120
  1475:   117839.130   117925.120   117973.740   118015.130   118083.540
  1480:   118083.320   118083.330   118083.350   118083.240   118083.120
  1485:   118333.220   118333.230   118333.250   118333.340   118502.130
  1490:   118541.130   118706.120   118730.120   118831.130   118921.120
  1495:   118945.120   119083.130   119164.120   119261.130   119351.120
  1500:   119453.130   119538.120   119633.740   119638.130   119721.540
  1505:   119721.320   119721.330   119721.350   119721.240   119721.120
  1510:   119971.220   119971.230   119971.250   119971.340   120133.130
  1515:   120267.120   120365.130   120457.120   120557.130   120642.120
  1520:   120745.130   120832.120   120927.130   121021.120   121091.120
  1525:   121184.120   121312.130   121395.120   121487.130   121555.130
  1530:   121636.120   121671.740   121734.130   121819.540   121819.320
  1535:   121819.330   121819.350   121819.240   121819.120   122069.220
  1540:   122069.230   122069.250   122069.340   122224.130   122330.120
  1545:   122428.130   122533.120   122598.840   122627.640   122627.320
  1550:   122627.330   122627.350   122627.240   122627.130   122877.220
  1555:   122877.230   122877.250   122877.340   123060.130   123093.130
  1560:   123151.130   123262.120   123364.130   123451.120   123549.130
  1565:   123635.120   123669.740   123722.130   123803.540   123803.320
  1570:   123803.330   123803.350   123803.240   123803.120   123877.840
  1575:   124053.220   124053.230   124053.250   124053.340   124216.640
  1580:   124216.320   124216.330   124216.350   124216.240   124216.130
  1585:   124353.740   124466.220   124466.230   124466.250   124466.340
  1590:   124625.130   124754.540   124754.320   124754.330   124754.350
  1595:   124754.240   124754.120   125004.220   125004.230   125004.250
  1600:   125004.340   125172.130   125218.130   125328.120   125369.120
  1605:   125469.130   125558.120   125604.740   125645.130   125678.130
  1610:   125758.540   125758.320   125758.330   125758.350   125758.240
  1615:   125758.120   126008.220   126008.230   126008.250   126008.340
  1620:   126194.130   126239.130   126351.120   126382.120   126469.130
  1625:   126507.130   126625.120   126721.130   126806.120   126909.130
  1630:   126983.130   127120.130   127177.130   127259.120   127345.120
  1635:   127444.130   127531.120   127628.130   127715.120   127811.130
  1640:   127900.120   127987.130   128062.120   128091.120   128182.130
  1645:   128268.120   128362.130   128442.120   128537.130   128626.120
  1650:   128638.120   128726.130   128810.120   128909.130   128994.120
  1655:   129090.130   129181.120   129278.130   129323.130   129408.120
  1660:   129499.130   129553.130   129666.840   129683.120   129779.640
  1665:   129779.320   129779.330   129779.350   129779.240   129779.130
  1670:   130029.220   130029.230   130029.250   130029.340   130190.130
  1675:   130290.120   130316.120   130414.130   130498.120   130591.130
  1680:   130624.130   130714.120   130815.130   130903.120   130999.130
  1685:   131031.130   131125.120   131215.130   131306.120   131318.120
  1690:   131402.130   131488.120   131589.130   131672.120   131767.130
  1695:   131808.130   131854.130   131939.120   131967.120   132054.130
  1700:   132140.120   132234.130   132333.120   132453.130   132553.120
  1705:   132652.130   132708.740   132723.130   132811.540   132811.320
  1710:   132811.330   132811.350   132811.240   132811.120   133061.220
  1715:   133061.230   133061.250   133061.340   133225.130   133261.740
  1720:   133324.540   133324.320   133324.330   133324.350   133324.240
  1725:   133324.120   133574.220   133574.230   133574.250   133574.340
  1730:   133747.130   133850.120   133953.130   134045.120   134074.740
  1735:   134149.130   134182.130   134269.540   134269.320   134269.330
  1740:   134269.350   134269.240   134269.120   134519.220   134519.230
  1745:   134519.250   134519.340   134676.130   134811.120   134919.130
  1750:   135011.120   135033.120   135130.130   135160.130   135272.120
  1755:   135371.130   135457.120   135468.120   135558.130   135655.120
  1760:   135678.120   135768.130   135854.120   135949.130   136034.120
  1765:   136065.120   136169.130   136256.120   136394.130   136428.130
  1770:   136510.120   136605.130   136689.120   136795.130   136880.120
  1775:   136982.130   137072.120   137169.130   137255.120   137395.130
  1780:   137476.120   137567.130   137653.120   137747.130   137826.120
  1785:   137829.840   137920.640   137920.320   137920.330   137920.350
  1790:   137920.240   137920.130   138170.220   138170.230   138170.250
  1795:   138170.340   138308.130   138411.120   138488.130   138573.120
  1800:   138670.130   138720.130   138822.120   138924.130   139013.120
  1805:   139107.130   139194.120   139298.130   139391.120   139491.130
  1810:   139587.120   139687.130   139777.120   139912.120   140013.130
  1815:   140102.120   140114.120   140231.130   140314.120   140413.130
  1820:   140499.120   140594.130   140687.120   140782.130   140864.120
  1825:   140978.130   141064.120   141227.120   141336.130   141427.120
  1830:   141519.740   141552.130   141638.540   141638.320   141638.330
  1835:   141638.350   141638.240   141638.120   141888.220   141888.230
  1840:   141888.250   141888.340   142252.130   142434.120   142459.120
  1845:   142557.130   142647.120   142673.120   142771.130   142856.120
  1850:   142959.130   143029.120   143133.130   143212.120   143308.130
  1855:   143392.120   143526.130   143682.120   143793.120   143901.130
  1860:   143987.120   144081.130   144283.120   144386.130   144467.120
  1865:   144567.130   144647.120   144766.130   144857.120   145004.120
  1870:   145038.120   145235.120   145328.130   145414.120   145530.130
  1875:   145629.130   145722.120   145903.120   145993.130   146106.130
  1880:   146199.120   146299.130   146380.130   146475.120   146576.130
  1885:   146728.130   146811.120   146835.120   146929.130   147015.120
  1890:   147112.130   147170.840   147196.120   147292.640   147292.320
  1895:   147292.330   147292.350   147292.240   147292.130   147542.220
  1900:   147542.230   147542.250   147542.340   147704.130   147817.120
  1905:   147845.120   147936.130   148019.120   148032.120   148119.130
  1910:   148206.120   148297.130   148385.120   148479.130   148542.840
  1915:   148565.120   148656.640   148656.320   148656.330   148656.350
  1920:   148656.240   148656.130   148906.220   148906.230   148906.250
  1925:   148906.340   149147.130   149192.130   149296.120   149325.120
  1930:   149421.130   149488.740   149506.540   149506.320   149506.330
  1935:   149506.350   149506.240   149506.120   149756.220   149756.230
  1940:   149756.250   149756.340   149918.130   149988.130   150107.120
  1945:   150143.120   150250.130   150341.120   150436.130   150508.130
  1950:   150588.130   150680.120   150706.120   150878.130   150970.120
  1955:   151063.130   151178.130   151260.120   151285.120   151400.130
  1960:   151481.120   151576.130   151659.120   151756.130   151840.120
  1965:   151933.130   152018.120   152114.130   152200.120   152323.130
  1970:   152418.120   152508.120   152534.120   152661.130   152744.120
  1975:   152840.130   152934.120   152956.740   153028.130   153121.130
  1980:   153274.540   153274.320   153274.330   153274.350   153274.240
  1985:   153274.120   153524.220   153524.230   153524.250   153524.340
  1990:   153670.130   153781.120   153804.120   153905.130   153987.120
  1995:   154091.130   154177.120   154274.130   154376.120   154406.840
  2000:   154474.640   154474.320   154474.330   154474.350   154474.240
  2005:   154474.130   154724.220   154724.230   154724.250   154724.340
  2010:   154887.130   155018.120   155127.130   155230.120   155330.130
  2015:   155417.120   155509.130   155592.120   155691.130   155778.120
  2020:   155884.130   155967.120   156057.130   156084.130   156163.120
  2025:   156251.130   156339.120   156432.130   156517.120   156642.130
  2030:   156743.120   156835.130   156928.120   157020.130   157094.120
  2035:   157191.120   157297.130   157380.120   157476.130   157562.120
  2040:   157653.130   157735.120   157830.130   157946.120   158024.840
  2045:   158055.640   158055.320   158055.330   158055.350   158055.240
  2050:   158055.130   158305.220   158305.230   158305.250   158305.340
  2055:   158466.130   158678.130   158770.120   158851.120   158948.130
  2060:   159032.120   159166.130   159276.120   159385.130   159477.120
  2065:   159548.130   159637.120   159649.120   159733.130   159802.120
  2070:   159898.130   159989.130   160071.120   160168.130   160239.120
  2075:   160267.120   160352.130   160438.120   160449.120   160542.130
  2080:   160629.120   160732.130   160816.120   160914.130   160998.120
  2085:   161096.130   161182.120   161205.840   161273.640   161273.320
  2090:   161273.330   161273.350   161273.240   161273.130   161523.220
  2095:   161523.230   161523.250   161523.340   161725.130   161756.130
  2100:   161867.120   161959.130   162048.120   162147.130   162180.130
  2105:   162272.120   162368.130   162443.120   162454.120   162541.130
  2110:   162624.120   162719.130   162805.120   162898.130   162982.120
  2115:   162993.120   163087.130   163173.120   163224.740   163269.130
  2120:   163352.540   163352.320   163352.330   163352.350   163352.240
  2125:   163352.120   163602.220   163602.230   163602.250   163602.340
  2130:   163812.130   163935.120   164068.130   164156.120   164253.130
  2135:   164341.120   164435.130   164520.120   164617.130   164697.120
  2140:   164794.130   164881.120   164985.130   165074.120   165172.130
  2145:   165258.120   165355.130   165442.120   165570.130   165661.120
  2150:   165763.120   165884.130   165996.120   166023.840   166452.640
  2155:   166452.320   166452.330   166452.350   166452.240   166452.130
  2160:   166702.220   166702.230   166702.250   166702.340   166848.130
  2165:   166902.840   166987.120   167078.640   167078.320   167078.330
  2170:   167078.350   167078.240   167078.130   167328.220   167328.230
  2175:   167328.250   167328.340   167428.840   167461.640   167461.320
  2180:   167461.330   167461.350   167461.240   167461.130   167711.220
  2185:   167711.230   167711.250   167711.340   167802.740   167876.130
  2190:   168009.540   168009.320   168009.330   168009.350   168009.240
  2195:   168009.120   168259.220   168259.230   168259.250   168259.340
  2200:   168579.120   168665.120   168855.130   168967.120   169082.130
  2205:   169180.120   169275.130   169378.120   169563.120   169653.130
  2210:   169740.120   169834.130   169930.120   170027.130   170212.130
  2215:   170295.120   170392.130   170476.120   170569.130   170656.120
  2220:   170775.130   170866.120   170998.130   171082.120   171174.130
  2225:   171256.120   171422.120   171518.130   171596.120   171712.120
  2230:   171842.130   171930.120   171953.120   172058.130   172142.120
  2235:   172243.130   172327.120   172338.120   172422.130   172569.130
  2240:   172649.130   172745.120   172853.130   172946.130   173034.120
  2245:   173159.130   173244.120   173338.130   173422.120   173537.130
  2250:   173622.120   173719.130   173810.120   173901.130   173987.120
  2255:   174141.130   174314.120   174415.130   174505.120   174593.120
  2260:   174690.130   174772.120   174876.120   175017.130   175097.120
  2265:   175287.130   175371.120   175461.130   175792.120   175930.130
  2270:   176015.120   176110.130   176441.120   176475.120   176505.120
  2275:   176620.130   176659.130   176755.120   177109.120   177235.130
  2280:   177321.120   177443.130   177533.120   177686.120   177716.120
  2285:   177822.130   177905.120   178094.120   178241.120   178277.120
  2290:   178413.130   178459.740   178460.130   178542.540   178542.320
  2295:   178542.330   178542.350   178542.240   178542.120   178792.220
  2300:   178792.230   178792.250   178792.340   178911.840   178989.640
  2305:   178989.320   178989.330   178989.350   178989.240   178989.130
  2310:   179239.220   179239.230   179239.250   179239.340   179410.130
  2315:   179533.120   179631.130   179722.120   179792.740   179832.130
  2320:   179870.130   179965.540   179965.320   179965.330   179965.350
  2325:   179965.240   179965.120   180215.220   180215.230   180215.250
  2330:   180215.340   180363.130   180493.120   180519.120   180622.130
  2335:   180725.130   180815.120   180907.130   180994.120   181091.130
  2340:   181172.120   181269.130   181359.120   181455.130   181542.120
  2345:   181618.130   181710.120   181735.120   181822.130   181905.120
  2350:   181998.130   182084.120   182182.130   182284.120   182390.130
  2355:   182471.120   182595.120   182721.130   182804.120   182900.130
  2360:   183067.120   183164.130   183251.120   183344.130   183425.120
  2365:   183539.840   183600.120   183633.120   183826.120   183921.640
  2370:   183921.320   183921.330   183921.350   183921.240   183921.130
  2375:   184171.220   184171.230   184171.250   184171.340   184480.120
  2380:   184618.130   184709.120   184810.130   184899.120   184993.130
  2385:   185079.120   185177.130   185264.120   185358.130   185532.130
  2390:   185620.120   185709.130   185800.120   185897.130   185915.740
  2395:   185986.540   185986.320   185986.330   185986.350   185986.240
  2400:   185986.120   186236.220   186236.230   186236.250   186236.340
  2405:   186380.130   186419.130   186518.120   186554.120   186582.120
  2410:   186678.130   186765.120   186790.120   186803.120   186891.130
  2415:   187000.120   187099.130   187186.120   187281.130   187365.120
  2420:   187464.130   187551.120   187647.130   187730.120   187759.120
  2425:   187860.130   187942.120   188048.130   188138.120   188287.130
  2430:   188376.120   188469.130   188562.120   188655.130   188734.120
  2435:   188826.120   188855.120   188982.130   189068.120   189170.130
  2440:   189336.120   189429.130   189516.120   189632.130   189716.120
  2445:   189816.120   189846.120   189954.130   190033.120   190133.130
  2450:   190215.120   190309.130   190443.130   190525.120   190550.120
  2455:   190931.120   190970.120   190971.840   191006.120   191055.120
  2460:   191350.120   191387.120   191417.120   191540.640   191540.320
  2465:   191540.330   191540.350   191540.240   191540.130   191790.220
  2470:   191790.230   191790.250   191790.340   191977.130   192026.130
  2475:   192090.130   192178.120   192214.120   192316.130   192336.740
  2480:   192404.540   192404.320   192404.330   192404.350   192404.240
  2485:   192404.120   192654.220   192654.230   192654.250   192654.340
  2490:   192818.130   192919.120   192956.120   193043.130   193130.120
  2495:   193190.840   193254.640   193254.320   193254.330   193254.350
  2500:   193254.240   193254.130   193504.220   193504.230   193504.250
  2505:   193504.340   193604.840   193634.640   193634.320   193634.330
  2510:   193634.350   193634.240   193634.130   193884.220   193884.230
  2515:   193884.250   193884.340   194166.120   194194.120   194316.130
  2520:   194408.120   194432.120   194541.130   194627.120   194724.130
  2525:   194810.120   194840.120   194933.130   195022.120   195117.130
  2530:   195189.130   195227.130   195331.120   195419.130   195504.120
  2535:   195598.130   195685.120   195785.130   195866.120   195961.130
  2540:   196055.120   196173.120   196208.120   196303.130   196389.120
  2545:   196565.120   196808.120   196840.120   196971.130   197021.130
  2550:   197084.840   197100.120   197131.120   197215.640   197215.320
  2555:   197215.330   197215.350   197215.240   197215.130   197465.220
  2560:   197465.230   197465.250   197465.340   197642.130   197683.130
  2565:   197823.120   197928.130   198033.120   198129.130   198185.130
  2570:   198267.120   198302.120   198392.130   198475.120   198597.130
  2575:   198686.120   198778.120   198872.130   198955.120   199042.130
  2580:   199112.120   199225.130   199318.120   199331.120   199398.120
  2585:   199533.130   199543.130   199728.130   199809.120   199903.130
  2590:   199979.120   200093.120   200184.130   200266.120   200360.120
  2595:   200531.120   200564.120   200666.130   200751.120   200762.120
  2600:   200808.120   200972.130   201071.120   201260.120   201338.120
  2605:   201502.120   201598.120   201638.120   201708.120   201744.120
  2610:   201813.120   201936.130   202164.120   202242.120   202345.120
  2615:   202442.130   202525.120   202607.130   202677.120   202900.120
  2620:   203059.120   203165.840   203313.640   203313.320   203313.330
  2625:   203313.350   203313.240   203313.130   203563.220   203563.230
  2630:   203563.250   203563.340   203724.130   203768.130   203826.130
  2635:   203918.120   203951.120   204048.130   204130.130   204229.120
  2640:   204252.120   204343.130   204493.130   204589.120   204720.120
  2645:   204808.130   204882.120   205089.130   205167.120   205251.130
  2650:   205444.120   205559.130   205621.130   205699.120   205790.120
  2655:   205911.130   205954.130   206026.120   206306.130   206421.120
  2660:   206532.120   206631.130   206707.120   206763.840   206840.120
  2665:   207041.120   207187.120   207366.120   207490.120   207519.120
  2670:   207551.120   207671.120   207735.120   207837.640   207837.320
  2675:   207837.330   207837.350   207837.240   207837.130   207854.740
  2680:   208087.220   208087.230   208087.250   208087.340   208346.540
  2685:   208346.320   208346.330   208346.350   208346.240   208346.120
  2690:   208587.840   208596.220   208596.230   208596.250   208596.340
  2695:   208766.640   208766.320   208766.330   208766.350   208766.240
  2700:   208766.130   209016.220   209016.230   209016.250   209016.340
  2705:   209180.130   209221.130   209396.120   209453.120   209475.120
  2710:   209559.130   209637.120   209725.130   209800.120   209888.130
  2715:   209971.120   210116.840   210153.120   210230.640   210230.320
  2720:   210230.330   210230.350   210230.240   210230.130   210480.220
  2725:   210480.230   210480.250   210480.340   210594.130   210638.130
  2730:   210851.130   210932.120   211017.130   211096.120   211182.130
  2735:   211260.120   211352.130   211518.130   211596.120   211683.130
  2740:   211766.120   211849.130   211880.840   211926.120   212072.120
  2745:   212160.120   212305.120   212335.120   212459.120   212559.640
  2750:   212559.320   212559.330   212559.350   212559.240   212559.130
  2755:   212809.220   212809.230   212809.250   212809.340   213096.740
  2760:   213227.540   213227.320   213227.330   213227.350   213227.240
  2765:   213227.120   213242.120   213477.220   213477.230   213477.250
  2770:   213477.340   213644.130   213749.120   213777.120   213871.130
  2775:   213955.120   214047.130   214135.120   214225.130   214306.120
  2780:   214316.120   214397.130   214495.120   214590.130   214670.120
  2785:   214756.130   214830.120   214963.130   215038.120   215059.120
  2790:   215173.130   215251.120   215336.130   215420.120   215515.120
  2795:   215658.130   215739.120   215829.130   215929.120   216023.120
  2800:   216117.130   216177.740   216193.540   216193.320   216193.330
  2805:   216193.350   216193.240   216193.120   216204.120   216443.220
  2810:   216443.230   216443.250   216443.340   216567.130   216666.120
  2815:   216761.130   216839.120   216843.740   216922.130   217004.540
  2820:   217004.320   217004.330   217004.350   217004.240   217004.120
  2825:   217254.220   217254.230   217254.250   217254.340   217511.120
  2830:   217554.740   217619.130   217708.540   217708.320   217708.330
  2835:   217708.350   217708.240   217708.120   217958.220   217958.230
  2840:   217958.250   217958.340   218110.130   218144.130   218239.120
  2845:   218267.120   218380.130   218460.120   218543.130   218619.120
  2850:   218843.120   219027.120   219114.130   219310.130   219379.120
  2855:   219514.120   219658.120   219791.130   219875.120   219953.120
  2860:   220046.130   220117.120   220204.130   220278.120   220540.130
  2865:   220613.120   220769.130   220851.120   220940.130   221012.120
  2870:   221156.120   221251.130   221326.120   221453.120   221575.130
  2875:   221660.130   221741.120   221750.120   221829.130   221885.130
  2880:   221954.130   222059.120   222208.120   222305.130   222467.130
  2885:   222548.120   222632.130   222674.130   222751.130   222820.120
  2890:   222943.130   223010.120   223138.120   223257.130   223329.120
  2895:   223416.130   223535.130   223614.120   223697.130   223854.130
  2900:   223906.130   224009.840   224140.120   224174.120   224263.640
  2905:   224263.320   224263.330   224263.350   224263.240   224263.130
  2910:   224513.220   224513.230   224513.250   224513.340   224658.130
  2915:   224771.120   224858.130   224913.840   224937.120   225025.640
  2920:   225025.320   225025.330   225025.350   225025.240   225025.130
  2925:   225275.220   225275.230   225275.250   225275.340   225445.130
  2930:   225532.120   225563.120   225588.120   225677.130   225708.130
  2935:   225768.130   225860.120   225902.120   225979.130   226055.120
  2940:   226143.130   226206.120   226229.120   226258.740   226315.130
  2945:   226473.130   226640.130   226718.540   226718.320   226718.330
  2950:   226718.350   226718.240   226718.120   226968.220   226968.230
  2955:   226968.250   226968.340   227108.130   227200.120   227296.130
  2960:   227363.130   227457.120   227543.130   227621.120   227711.130
  2965:   227782.120   227879.130   227952.120   228063.130   228127.120
  2970:   228137.120   228342.120   228444.120   228538.130   228597.130
  2975:   228724.130   228803.120   228888.120   229194.120   229404.120
  2980:   229707.120   229796.130   229884.120   230040.120   230139.130
  2985:   230317.120   230459.120   230581.130   230667.120   230748.120
  2990:   230928.120   230975.840   231008.640   231008.320   231008.330
  2995:   231008.350   231008.240   231008.130   231258.220   231258.230
  3000:   231258.250   231258.340   231437.130   231567.120   231666.130
  3005:   231748.120   231881.130   231961.120   232060.130   232229.130
  3010:   232268.740   232431.540   232431.320   232431.330   232431.350
  3015:   232431.240   232431.120   232681.220   232681.230   232681.250
  3020:   232681.340   232831.130   232868.130   232957.120   233053.130
  3025:   233133.120   233219.130   233347.120   233441.130   233508.120
  3030:   233580.120   233673.130   233703.130   233909.120   234002.120
  3035:   234086.130   234164.120   234301.130   234378.120   234543.120
  3040:   234638.130   234719.120   234833.120   234911.130   234998.120
  3045:   235091.130   235168.120   235304.120   235422.130   235495.120
  3050:   235638.130   235716.120   235804.130   236066.130   236142.120
  3055:   236231.130   236313.120   236453.120   236544.130   236621.120
  3060:   236633.120   236748.120   236864.120   236985.130   237030.130
  3065:   237106.120   237191.130   237274.120   237539.130   237576.130
  3070:   237658.120   237750.120   237877.130   237947.120   237981.740
  3075:   238081.130   238336.130   238422.540   238422.320   238422.330
  3080:   238422.350   238422.240   238422.120   238433.120   238672.220
  3085:   238672.230   238672.250   238672.340   238880.120   238936.120
  3090:   239025.130   239108.120   239158.840   239223.640   239223.320
  3095:   239223.330   239223.350   239223.240   239223.130   239473.220
  3100:   239473.230   239473.250   239473.340   239573.840   239596.640
  3105:   239596.320   239596.330   239596.350   239596.240   239596.130
  3110:   239846.220   239846.230   239846.250   239846.340   239972.740
  3115:   240013.130   240133.540   240133.320   240133.330   240133.350
  3120:   240133.240   240133.120   240383.220   240383.230   240383.250
  3125:   240383.340   240531.130   240642.120   240679.120   240783.740
  3130:   240822.130   240857.130   240928.540   240928.320   240928.330
  3135:   240928.350   240928.240   240928.120   241178.220   241178.230
  3140:   241178.250   241178.340   241330.130   241378.740   241437.540
  3145:   241437.320   241437.330   241437.350   241437.240   241437.120
  3150:   241687.220   241687.230   241687.250   241687.340   241836.130
  3155:   241868.130   241971.120   242004.120   242090.130   242261.130
  3160:   242341.120   242426.130   242512.120   242599.130   242674.120
  3165:   242803.130   242881.120   242946.840   242967.640   242967.320
  3170:   242967.330   242967.350   242967.240   242967.130   243217.220
  3175:   243217.230   243217.250   243217.340   243349.130   243445.120
  3180:   243480.120   243574.130   243659.120   243745.130   243825.120
  3185:   243920.130   244001.120   244088.130   244213.120   244304.130
  3190:   244387.120   244466.130   244532.120   244553.120   244564.120
  3195:   244642.130   244718.120   244729.120   244813.130   244887.120
  3200:   245063.120   245199.120   245234.120   245264.120   245343.130
  3205:   245426.120   245507.130   245661.130   245738.120   245822.130
  3210:   245974.120   246061.130   246145.120   246277.130   246416.130
  3215:   246524.120   246640.130   246687.130   246781.120   246817.840
  3220:   246855.640   246855.320   246855.330   246855.350   246855.240
  3225:   246855.130   247105.220   247105.230   247105.250   247105.340
  3230:   247358.120   247475.130   247532.130   247614.120   247703.130
  3235:   247785.120   247869.130   247945.120   248027.130   248099.120
  3240:   248186.130   248263.120   248347.130   248421.120   248507.130
  3245:   248589.120   248677.130   248739.120   248861.130   248935.120
  3250:   249020.130   249096.120   249174.130   249233.120   249255.120
  3255:   249344.120   249434.130   249506.120   249653.120   249730.120
  3260:   249803.130   249873.120   249957.130   250140.120   250248.130
  3265:   250323.120   250407.130   250475.120   250716.130   250795.120
  3270:   250946.120   251010.120   251037.120   251117.130   251200.120
  3275:   251311.130   251349.130   251437.120   251457.120   251543.130
  3280:   251620.120   251699.130   251973.120   252064.130   252141.120
  3285:   252316.120   252325.120   252493.130   252574.120   252665.130
  3290:   252844.120   252938.130   253117.130   253200.120   253338.120
  3295:   253429.130   253501.120   253589.130   253674.120   253840.130
  3300:   253877.130   253962.120   254132.120   254257.120   254347.130
  3305:   254426.120   254541.130   254618.120   254795.120   254919.130
  3310:   254997.120   255217.120   255348.130   255430.120   255525.130
  3315:   255606.120   255735.120   255863.130   255936.120   256087.740
  3320:   256102.540   256102.320   256102.330   256102.350   256102.240
  3325:   256102.120   256352.220   256352.230   256352.250   256352.340
  3330:   256586.120   256614.120   256703.130   256792.120   256881.130
  3335:   256957.120   257027.130   257113.120   257180.130   257262.120
  3340:   257350.130   257505.840   257542.640   257542.320   257542.330
  3345:   257542.350   257542.240   257542.130   257792.220   257792.230
  3350:   257792.250   257792.340   257950.130   258052.130   258171.120
  3355:   258281.130   258370.120   258463.130   258549.120   258643.130
  3360:   258736.120   258761.120   258858.130   258947.120   258958.120
  3365:   259042.130   259132.120   259232.130   259296.130   259382.120
  3370:   259477.130   259561.120   259653.130   259729.120   259862.120
  3375:   259985.130   260069.120   260166.130   260326.120   260407.130
  3380:   260513.130   260590.120   260652.740   260698.130   260890.540
  3385:   260890.320   260890.330   260890.350   260890.240   260890.120
  3390:   261140.220   261140.230   261140.250   261140.340   261337.130
  3395:   261412.130   261459.130   261571.120   261607.120   261630.120
  3400:   261738.130   261847.120   261946.130   261979.130   262083.120
  3405:   262140.740   262183.130   262269.540   262269.320   262269.330
  3410:   262269.350   262269.240   262269.120   262392.840   262519.220
  3415:   262519.230   262519.250   262519.340   262683.640   262683.320
  3420:   262683.330   262683.350   262683.240   262683.130   262933.220
  3425:   262933.230   262933.250   262933.340   263060.130   263113.130
  3430:   263224.120   263366.130   263459.120   263533.840   263556.640
  3435:   263556.320   263556.330   263556.350   263556.240   263556.130
  3440:   263806.220   263806.230   263806.250   263806.340   263963.130
  3445:   264004.130   264112.120   264175.120   264213.120   264311.130
  3450:   264401.120   264419.740   264500.130   264530.130   264578.130
  3455:   264666.540   264666.320   264666.330   264666.350   264666.240
  3460:   264666.120   264916.220   264916.230   264916.250   264916.340
  3465:   265063.130   265181.120   265208.120   265308.130   265399.120
  3470:   265496.130   265531.130   265611.130   265644.130   265727.120
  3475:   265829.130   265905.120   265906.840   265928.120   266016.640
  3480:   266016.320   266016.330   266016.350   266016.240   266016.130
  3485:   266266.220   266266.230   266266.250   266266.340   266456.130
  3490:   266499.130   266603.120   266640.120   266668.120   266764.130
  3495:   266858.120   266952.130   266983.130   267027.130   267061.130
  3500:   267149.120   267249.130   267281.130   267292.130   267375.120
  3505:   267481.130   267513.130   267595.120   267623.120   267726.130
  3510:   267816.120   267828.120   267915.130   268018.120   268114.130
  3515:   268199.120   268296.130   268384.120   268479.130   268565.120
  3520:   268651.130   268727.120   268793.120   268977.130   269059.120
  3525:   269159.130   269234.120   269330.120   269506.120   269540.120
  3530:   269580.120   269713.130   269757.130   269847.120   269859.120
  3535:   269943.130   270091.120   270171.130   270252.120   270373.130
  3540:   270461.120   270622.130   270705.120   270715.120   270796.130
  3545:   270877.120   270967.130   271042.120   271146.120   271179.120
  3550:   271288.130   271365.120   271489.120   271519.120   271620.130
  3555:   271702.120   271821.130   272027.120   272058.120   272176.130
  3560:   272266.120   272360.130   272437.120   272558.130   273008.120
  3565:   273043.120   273079.120   273117.120   273226.130   273256.130
  3570:   273350.120   273416.740   273448.130   273550.540   273550.320
  3575:   273550.330   273550.350   273550.240   273550.120   273800.220
  3580:   273800.230   273800.250   273800.340   273947.130   273983.130
  3585:   274030.130   274154.120   274180.120   274276.130   274364.120
  3590:   274461.130   274540.120   274645.130   274725.120   274745.120
  3595:   274833.130   274907.120   274990.130   275061.120   275095.120
  3600:   275222.130   275265.130   275351.120   275447.130   275518.120
  3605:   275642.130   275726.120   275820.130   275891.120   275903.120
  3610:   275990.130   276066.840   276202.120   276232.120   276261.120
  3615:   276364.640   276364.320   276364.330   276364.350   276364.240
  3620:   276364.130   276614.220   276614.230   276614.250   276614.340
  3625:   276756.130   276801.130   276871.130   276964.120   277074.130
  3630:   277157.120   277170.120   277258.130   277343.120   277443.130
  3635:   277527.120   277624.130   277705.120   277799.130   277880.120
  3640:   277972.130   278046.120   278139.130   278226.120   278345.120
  3645:   278377.120   278408.120   278524.130   278599.120   278622.120
  3650:   278700.740   278722.130   278747.130   278843.540   278843.320
  3655:   278843.330   278843.350   278843.240   278843.120   279093.220
  3660:   279093.230   279093.250   279093.340   279288.130   279392.120
  3665:   279427.120   279465.120   279491.120   279582.130   279676.120
  3670:   279770.130   279806.130   279911.120   280008.130   280093.120
  3675:   280190.130   280193.740   280274.540   280274.320   280274.330
  3680:   280274.350   280274.240   280274.120   280524.220   280524.230
  3685:   280524.250   280524.340   280683.130   280727.130   280835.120
  3690:   280867.120   280968.130   281052.120   281145.130   281225.120
  3695:   281325.130   281407.120   281498.130   281668.130   281748.120
  3700:   281870.130   281956.120   281970.120   282114.840   282134.120
  3705:   282308.120   282446.120   282481.120   282583.640   282583.320
  3710:   282583.330   282583.350   282583.240   282583.130   282833.220
  3715:   282833.230   282833.250   282833.340   283028.130   283133.120
  3720:   283174.120   283277.130   283366.120   283378.120   283424.740
  3725:   283465.130   283549.540   283549.320   283549.330   283549.350
  3730:   283549.240   283549.120   283799.220   283799.230   283799.250
  3735:   283799.340   283986.130   284087.120   284117.120   284208.130
  3740:   284297.120   284395.130   284517.120   284615.130   284705.120
  3745:   284806.130   284833.130   284883.130   284958.120   285055.130
  3750:   285126.120   285237.130   285324.120   285335.120   285424.130
  3755:   285510.120   285632.130   285712.120   285843.130   285926.120
  3760:   286012.120   286116.130   286197.120   286288.120   286327.120
  3765:   286441.130   286520.120   286617.130   286691.120   286831.120
  3770:   286864.120   286893.120   286993.130   287076.120   287100.120
  3775:   287198.130   287373.120   287590.120   287626.120   287764.130
  3780:   287859.120   287872.120   287961.130   288046.120   288058.120
  3785:   288174.130   288231.130   288316.120   288424.130   288503.120
  3790:   288665.120   288852.120   288885.120   288915.120   288998.130
  3795:   289076.120   289202.130   289296.120   289410.120   289441.120
  3800:   289520.130   289600.120   289614.120   289696.130   289833.120
  3805:   289867.120   290021.120   290125.130   290220.120   290319.130
  3810:   290404.120   290498.130   290581.120   290675.130   290755.120
  3815:   290849.130   290932.120   291049.120   291133.840   291164.640
  3820:   291164.320   291164.330   291164.350   291164.240   291164.130
  3825:   291414.220   291414.230   291414.250   291414.340   291539.130
  3830:   291644.120   291715.120   291739.120   291838.130   291929.120
  3835:   292024.130   292119.120   292216.130   292306.120   292407.130
  3840:   292487.120   292584.130   292667.120   292772.130   292849.120
  3845:   292863.120   292963.130   293044.120   293170.120   293205.120
  3850:   293289.130   293374.120   293466.130   293598.120   293632.120
  3855:   293734.130   293811.120   293905.130   293972.120   294116.120
  3860:   294148.120   294248.130   294299.740   294323.540   294323.320
  3865:   294323.330   294323.350   294323.240   294323.120   294573.220
  3870:   294573.230   294573.250   294573.340   294763.130   294868.120
  3875:   294900.120   294979.130   295051.120   295147.130   295229.120
  3880:   295327.130   295396.120   295420.120   295438.120   295515.130
  3885:   295587.120   295680.130   295755.120   295867.120   295901.120
  3890:   296032.130   296111.120   296212.130   296288.120   296401.120
  3895:   296530.130   296610.120   296714.130   296791.120   296922.120
  3900:   297014.840   297073.740   297130.540   297130.320   297130.330
  3905:   297130.350   297130.240   297130.120   297380.220   297380.230
  3910:   297380.250   297380.340   297554.640   297554.320   297554.330
  3915:   297554.350   297554.240   297554.130   297804.220   297804.230
  3920:   297804.250   297804.340   297880.740   297963.130   298118.540
  3925:   298118.320   298118.330   298118.350   298118.240   298118.120
  3930:   298368.220   298368.230   298368.250   298368.340   298537.130
  3935:   298583.130   298692.120   298730.120   298834.130   298870.130
  3940:   298948.120   298969.120   299098.130   299185.120   299287.130
  3945:   299317.130   299412.120   299506.130   299590.120   299690.130
  3950:   299784.120   299883.130   299969.120   299979.120   300131.120
  3955:   300268.740   300275.540   300275.320   300275.330   300275.350
  3960:   300275.240   300275.120   300525.220   300525.230   300525.250
  3965:   300525.340   300664.130   300796.120   300880.120   300974.130
  3970:   301044.120   301102.120   301207.130   301287.120   301379.130
  3975:   301463.120   301612.120   301638.120   301651.120   301789.120
  3980:   301801.120   301915.130   301999.120   302100.130   302172.120
  3985:   302266.120   302392.130   302472.120   302629.120   302723.130
  3990:   302877.120   303161.120   303262.130   303352.120   303442.120
  3995:   303659.130   303757.120   303853.130   303930.120   304032.130
  4000:   304113.120   304260.120   304404.840   304422.120   304457.120
  4005:   304540.640   304540.320   304540.330   304540.350   304540.240
  4010:   304540.130   304625.740   304790.220   304790.230   304790.250
  4015:   304790.340   304947.130   305057.540   305057.320   305057.330
  4020:   305057.350   305057.240   305057.120   305307.220   305307.230
  4025:   305307.250   305307.340   305497.130   305606.120   305643.120
  4030:   305733.130   305821.120   305953.130   306040.120   306140.130
  4035:   306227.120   306237.120   306328.130   306398.120   306531.130
  4040:   306576.130   306647.120   306726.130   306896.130   307000.120
  4045:   307115.130   307218.120   307230.120   307345.130   307422.120
  4050:   307433.120   307551.130   307631.120   307782.120   307890.130
  4055:   307974.120   307985.120   308097.130   308269.120   308383.130
  4060:   308469.120   308479.120   308643.130   308725.120   308736.120
  4065:   308831.130   308906.120   309063.120   309096.120   309127.120
  4070:   309238.130   309323.120   309478.120   309705.120   309739.120
  4075:   309852.130   310039.120   310146.130   310228.120   310307.740
  4080:   310391.540   310391.320   310391.330   310391.350   310391.240
  4085:   310391.120   310641.220   310641.230   310641.250   310641.340
  4090:   310850.130   310955.120   310981.120   311081.130   311197.120
  4095:   311301.130   311373.120   311454.130   311535.120   311633.130
  4100:   311664.130   311739.120   311790.840   311820.640   311820.320
  4105:   311820.330   311820.350   311820.240   311820.130   312070.220
  4110:   312070.230   312070.250   312070.340   312189.130   312281.120
  4115:   312366.130   312443.120   312606.120   312641.740   312726.130
  4120:   312803.540   312803.320   312803.330   312803.350   312803.240
  4125:   312803.120   312812.120   313053.220   313053.230   313053.250
  4130:   313053.340   313192.130   313290.120   313313.120   313410.130
  4135:   313484.120   313563.130   313640.120   313653.740   313755.130
  4140:   313816.540   313816.320   313816.330   313816.350   313816.240
  4145:   313816.120   314066.220   314066.230   314066.250   314066.340
  4150:   314179.130   314267.120   314356.130   314538.130   314614.120
  4155:   314773.120   314859.130   315023.130   315216.120   315319.130
  4160:   315379.120   315537.120   315640.120   315671.120   315850.120
  4165:   315869.120   315881.120   315980.130   316053.120   316150.120
  4170:   316257.130   316333.120   316344.120   316461.120   316607.120
  4175:   316772.120   316783.120   316920.120   317015.130   317098.120
  4180:   317175.120   317270.120   317402.130   317459.130   317562.120
  4185:   317584.120   317596.120   317672.130   317866.740   317870.540
  4190:   317870.320   317870.330   317870.350   317870.240   317870.120
  4195:   318120.220   318120.230   318120.250   318120.340   318274.130
  4200:   318409.120   318446.120   318607.120   318680.130   318712.130
  4205:   318779.120   318916.130   318993.120   319091.130   319168.120
  4210:   319259.130   319331.120   319448.120   319548.130   319624.120
  4215:   319731.130   319799.120   319919.120   319950.120   320159.130
  4220:   320258.120   320282.120   320320.740   320424.540   320424.320
  4225:   320424.330   320424.350   320424.240   320424.120   320674.220
  4230:   320674.230   320674.250   320674.340   320816.130   320870.840
  4235:   320923.120   320961.120   320974.740   321056.640   321056.320
  4240:   321056.330   321056.350   321056.240   321056.130   321306.220
  4245:   321306.230   321306.250   321306.340   321534.130   321667.540
  4250:   321667.320   321667.330   321667.350   321667.240   321667.120
  4255:   321917.220   321917.230   321917.250   321917.340   322058.130
  4260:   322199.120   322294.130   322377.120   322465.130   322528.120
  4265:   322550.120   322645.130   322727.120   322818.130   322893.120
  4270:   323033.130   323113.120   323216.130   323293.120   323392.130
  4275:   323466.120   323592.130   323677.120   323844.120   323975.130
  4280:   324069.120   324187.120   324320.120   324412.120   324440.120
  4285:   324469.120   324506.840   324602.640   324602.320   324602.330
  4290:   324602.350   324602.240   324602.130   324852.220   324852.230
  4295:   324852.250   324852.340   324997.130   325099.120   325126.120
  4300:   325136.120   325215.130   325306.120   325405.130   325434.130
  4305:   325530.120   325641.130   325720.120   325835.130   325879.130
  4310:   325968.120   326092.130   326139.130   326225.120   326235.120
  4315:   326359.130   326434.120   326505.120   326681.120   326710.120
  4320:   326819.130   326896.120   326980.130   327045.120   327117.740
  4325:   327143.540   327143.320   327143.330   327143.350   327143.240
  4330:   327143.120   327352.840   327393.220   327393.230   327393.250
  4335:   327393.340   327530.640   327530.320   327530.330   327530.350
  4340:   327530.240   327530.130   327780.220   327780.230   327780.250
  4345:   327780.340   327929.130   327972.130   328102.120   328134.120
  4350:   328157.120   328375.120   328523.130   328691.130   328858.130
  4355:   328937.120   329063.130   329140.120   329263.130   329360.120
  4360:   329446.130   329519.120   329532.120   329637.120   329733.130
  4365:   329810.120   329820.120   329893.130   329980.840   330014.120
  4370:   330042.120   330136.120   330236.640   330236.320   330236.330
  4375:   330236.350   330236.240   330236.130   330486.220   330486.230
  4380:   330486.250   330486.340   330593.740   330619.130   330678.130
  4385:   330768.540   330768.320   330768.330   330768.350   330768.240
  4390:   330768.120   331018.220   331018.230   331018.250   331018.340
  4395:   331212.130   331256.130   331391.120   331427.120   331518.130
  4400:   331595.120   331689.130   331762.120   331885.130   331973.120
  4405:   332071.130   332147.120   332280.120   332373.130   332534.130
  4410:   332708.120   332737.120   332856.130   332926.120   333020.130
  4415:   333093.120   333106.120   333242.120   333276.120   333390.130
  4420:   333448.130   333534.120   333632.130   333702.120   333712.120
  4425:   333796.130   333869.120   333985.120   334084.130   334166.120
  4430:   334310.130   334388.120   334549.120   334583.120   334619.120
  4435:   334719.130   334802.120   334827.120   334914.130   334990.120
  4440:   335083.130   335158.120   335286.840   335314.120   335346.120
  4445:   335438.640   335438.320   335438.330   335438.350   335438.240
  4450:   335438.130   335688.220   335688.230   335688.250   335688.340
  4455:   335878.130   335923.130   336047.120   336205.120   336366.120
  4460:   336460.130   336527.120   336686.120   336698.120   336772.120
  4465:   336899.130   336975.120   337232.130   337435.120   337466.120
  4470:   337560.130   337632.120   337795.120   337893.130   337921.130
  4475:   338022.120   338177.120   338191.120   338318.120   338417.130
  4480:   338669.120   338875.120   338903.120   338931.120   339031.130
  4485:   339103.120   339225.130   339288.840   339383.640   339383.320
  4490:   339383.330   339383.350   339383.240   339383.130   339633.220
  4495:   339633.230   339633.250   339633.340   339771.130   339859.120
  4500:   339890.120   339968.130   340155.120   340247.120   340378.130
  4505:   340448.120   340468.120   340686.120   340855.120   340924.120
  4510:   341043.130   341117.120   341248.120   341336.130   341403.120
  4515:   341484.120   341641.130   341713.120   341718.740   341852.540
  4520:   341852.320   341852.330   341852.350   341852.240   341852.120
  4525:   342102.220   342102.230   342102.250   342102.340   342265.130
  4530:   342353.120   342442.130   342524.120   342699.120   342784.130
  4535:   342858.120   343072.120   343168.130   343280.120   343600.130
  4540:   343609.130   343676.120   343807.120   343867.120   343956.130
  4545:   344033.120   344157.120   344188.120   344353.130   344434.120
  4550:   344523.130   344717.120   344833.130   344909.120   345056.120
  4555:   345087.120   345119.120   345148.120   345274.130   345570.120
  4560:   345604.120   345674.130   345747.120   345900.120   345928.120
  4565:   345954.120   346123.120   346133.840   346212.640   346212.320
  4570:   346212.330   346212.350   346212.240   346212.130   346462.220
  4575:   346462.230   346462.250   346462.340   346679.130   346774.120
  4580:   346807.120   346914.130   346954.130   347035.120   347125.130
  4585:   347209.120   347283.130   347357.120   347433.120   347462.120
  4590:   347567.120   347735.120   347764.120   347792.120   347822.120
  4595:   347938.130   347975.130   348062.120   348072.120   348148.130
  4600:   348208.120   348389.120   348482.130   348560.120   348662.840
  4605:   348756.640   348756.320   348756.330   348756.350   348756.240
  4610:   348756.130   349006.220   349006.230   349006.250   349006.340
  4615:   349156.130   349260.120   349325.120   349367.120   349406.840
  4620:   349458.640   349458.320   349458.330   349458.350   349458.240
  4625:   349458.130   349708.220   349708.230   349708.250   349708.340
  4630:   349854.130   349958.120   350062.130   350144.120   350164.120
  4635:   350256.130   350329.120   350338.120   350446.130   350505.120
  4640:   350603.130   350693.120   350754.120   350859.130   350937.120
  4645:   351062.130   351138.120   351152.120   351230.130   351305.120
  4650:   351315.120   351417.130   351491.120   351629.120   351766.130
  4655:   351840.120   351941.120   352056.130   352131.120   352260.120
  4660:   352357.130   352451.120   352606.130   352663.130   352744.120
  4665:   352869.120   353084.130   353159.120   353269.120   353367.130
  4670:   353522.120   353614.130   353692.120   353811.120   353840.120
  4675:   353961.130   354043.120   354052.120   354234.120   354388.120
  4680:   354411.120   354583.120   354702.740   354720.130   354803.540
  4685:   354803.320   354803.330   354803.350   354803.240   354803.120
  4690:   355053.220   355053.230   355053.250   355053.340   355332.120
  4695:   355359.120   355447.130   355552.120   355622.130   355684.120
  4700:   355779.130   355836.130   355899.130   356039.120   356122.130
  4705:   356205.120   356214.120   356292.130   356362.120   356446.130
  4710:   356529.120   356689.120   356720.120   356908.840   356974.640
  4715:   356974.320   356974.330   356974.350   356974.240   356974.130
  4720:   357224.220   357224.230   357224.250   357224.340   357363.130
  4725:   357405.130   357463.130   357585.120   357621.120   357708.130
  4730:   357801.120   357898.130   357977.120   357990.120   358062.130
  4735:   358134.120   358146.120   358224.130   358289.120   358374.130
  4740:   358424.130   358503.120   358783.120   358811.120   358907.130
  4745:   358978.120   358990.120   359126.120   359164.120   359290.130
  4750:   359370.120   359457.130   359657.120   359755.130   359820.120
  4755:   359946.120   360000.320   360000.330   360000.350   360000.020
C:
     0:        0.000     1726.000     1516.000       82.000       69.000
     5:        0.000
D:
     0:        0.000        0.000
L:
     0:      222.000      222.000      222.000
M:
     0:      900.000      901.000      902.000      903.000      904.000
     5:      905.000      906.000      907.000      908.000      909.000
    10:      910.000      911.000      912.000      913.000      914.000
    15:      915.000      916.000      917.000      918.000      919.000
    20:      920.000      921.000      922.000      923.000      924.000
    25:      925.000      926.000      927.000      928.000      929.000
    30:      930.000      931.000      932.000      933.000      934.000
    35:      935.000      936.000      937.000      938.000      939.000
    40:      940.000      941.000      942.000      943.000      944.000
    45:      945.000      946.000      947.000      948.000      949.000
    50:      950.000      951.000      952.000      953.000      954.000
    55:      955.000      956.000      957.000      958.000      959.000
    60:      960.000      961.000      962.000      963.000      964.000
    65:      965.000      966.000      967.000      968.000      969.000
    70:      970.000      971.000      972.000      973.000      974.000
    75:      975.000      976.000      977.000      978.000      979.000
    80:      980.000      981.000      982.000      983.000      984.000
    85:      985.000      986.000      987.000      988.000      989.000
    90:      990.000      991.000      992.000      993.000      994.000
    95:      995.000      996.000      997.000      998.000      999.000
   100:     1000.000     1001.000     1002.000     1003.000     1004.000
   105:     1005.000     1006.000     1007.000     1008.000     1009.000
   110:     1010.000     1011.000     1012.000     1013.000     1014.000
   115:     1015.000     1016.000     1017.000     1018.000     1019.000
   120:     1020.000     1021.000     1022.000     1023.000     1024.000
   125:     1025.000     1026.000     1027.000     1028.000     1029.000
   130:     1030.000     1031.000     1032.000     1033.000     1034.000
   135:     1035.000     1036.000     1037.000     1038.000     1039.000
   140:     1040.000     1041.000     1042.000     1043.000     1044.000
   145:     1045.000     1046.000     1047.000     1048.000     1049.000
   150:     1050.000     1051.000     1052.000     1053.000     1054.000
   155:     1055.000     1056.000     1057.000     1058.000     1059.000
   160:     1060.000     1061.000     1062.000     1063.000     1064.000
   165:     1065.000     1066.000     1067.000     1068.000     1069.000
   170:     1070.000     1071.000     1072.000     1073.000     1074.000
   175:     1075.000     1076.000     1077.000     1078.000     1079.000
   180:     1080.000     1081.000     1082.000     1083.000     1084.000
   185:     1085.000     1086.000     1087.000     1088.000     1089.000
   190:     1090.000     1091.000     1092.000     1093.000     1094.000
   195:     1095.000     1096.000     1097.000     1098.000     1099.000
   200:     1100.000     1101.000     1102.000     1103.000     1104.000
   205:     1105.000     1106.000     1107.000     1108.000     1109.000
   210:     1110.000     1111.000     1112.000     1113.000     1114.000
   215:     1115.000     1116.000     1117.000     1118.000     1119.000
   220:     1120.000     1121.000     1122.000     1123.000     1124.000
   225:     1125.000     1126.000     1127.000     1128.000     1129.000
   230:     1130.000     1131.000     1132.000     1133.000     1134.000
   235:     1135.000     1136.000     1137.000     1138.000     1139.000
   240:     1140.000     1141.000     1142.000     1143.000     1144.000
   245:     1145.000     1146.000     1147.000     1148.000     1149.000
   250:     1150.000     1151.000     1152.000     1153.000     1154.000
   255:     1155.000     1156.000     1157.000     1158.000     1159.000
   260:     1160.000     1161.000     1162.000     1163.000     1164.000
   265:     1165.000     1166.000     1167.000     1168.000     1169.000
   270:     1170.000     1171.000     1172.000     1173.000     1174.000
   275:     1175.000     1176.000     1177.000     1178.000     1179.000
   280:     1180.000     1181.000     1182.000     1183.000     1184.000
   285:     1185.000     1186.000     1187.000     1188.000     1189.000
   290:     1190.000     1191.000     1192.000     1193.000     1194.000
   295:     1195.000     1196.000     1197.000     1198.000     1199.000
   300:     1200.000
N:
     0:     2100.000     2101.000     2102.000     2103.000     2104.000
     5:     2105.000     2106.000     2107.000     2108.000     2109.000
    10:     2110.000     2111.000     2112.000     2113.000     2114.000
    15:     2115.000     2116.000     2117.000     2118.000     2119.000
    20:     2120.000     2121.000     2122.000     2123.000     2124.000
    25:     2125.000     2126.000     2127.000     2128.000     2129.000
    30:     2130.000     2131.000     2132.000     2133.000     2134.000
    35:     2135.000     2136.000     2137.000     2138.000     2139.000
    40:     2140.000     2141.000     2142.000     2143.000     2144.000
    45:     2145.000     2146.000     2147.000     2148.000     2149.000
    50:     2150.000     2151.000     2152.000     2153.000     2154.000
    55:     2155.000     2156.000     2157.000     2158.000     2159.000
    60:     2160.000     2161.000     2162.000     2163.000     2164.000
    65:     2165.000     2166.000     2167.000     2168.000     2169.000
    70:     2170.000     2171.000     2172.000     2173.000     2174.000
    75:     2175.000     2176.000     2177.000     2178.000     2179.000
    80:     2180.000     2181.000     2182.000     2183.000     2184.000
    85:     2185.000     2186.000     2187.000     2188.000     2189.000
    90:     2190.000     2191.000     2192.000     2193.000     2194.000
    95:     2195.000     2196.000     2197.000     2198.000     2199.000
   100:     2200.000     2201.000     2202.000     2203.000     2204.000
   105:     2205.000     2206.000     2207.000     2208.000     2209.000
   110:     2210.000     2211.000     2212.000     2213.000     2214.000
   115:     2215.000     2216.000     2217.000     2218.000     2219.000
   120:     2220.000     2221.000     2222.000     2223.000     2224.000
   125:     2225.000     2226.000     2227.000     2228.000     2229.000
   130:     2230.000     2231.000     2232.000     2233.000     2234.000
   135:     2235.000     2236.000     2237.000     2238.000     2239.000
   140:     2240.000     2241.000     2242.000     2243.000     2244.000
   145:     2245.000     2246.000     2247.000     2248.000     2249.000
   150:     2250.000     2251.000     2252.000     2253.000     2254.000
   155:     2255.000     2256.000     2257.000     2258.000     2259.000
   160:     2260.000     2261.000     2262.000     2263.000     2264.000
   165:     2265.000     2266.000     2267.000     2268.000     2269.000
   170:     2270.000     2271.000     2272.000     2273.000     2274.000
   175:     2275.000     2276.000     2277.000     2278.000     2279.000
   180:     2280.000     2281.000     2282.000     2283.000     2284.000
   185:     2285.000     2286.000     2287.000     2288.000     2289.000
   190:     2290.000     2291.000     2292.000     2293.000     2294.000
   195:     2295.000     2296.000     2297.000     2298.000     2299.000
   200:     2300.000     2301.000     2302.000     2303.000     2304.000
   205:     2305.000     2306.000     2307.000     2308.000     2309.000
   210:     2310.000     2311.000     2312.000     2313.000     2314.000
   215:     2315.000     2316.000     2317.000     2318.000     2319.000
   220:     2320.000     2321.000     2322.000     2323.000     2324.000
   225:     2325.000     2326.000     2327.000     2328.000     2329.000
   230:     2330.000     2331.000     2332.000     2333.000     2334.000
   235:     2335.000     2336.000     2337.000     2338.000     2339.000
   240:     2340.000     2341.000     2342.000     2343.000     2344.000
   245:     2345.000     2346.000     2347.000     2348.000     2349.000
   250:     2350.000     2351.000     2352.000     2353.000     2354.000
   255:     2355.000     2356.000     2357.000     2358.000     2359.000
   260:     2360.000     2361.000     2362.000     2363.000     2364.000
   265:     2365.000     2366.000     2367.000     2368.000     2369.000
   270:     2370.000     2371.000     2372.000     2373.000     2374.000
   275:     2375.000     2376.000     2377.000     2378.000     2379.000
   280:     2380.000     2381.000     2382.000     2383.000     2384.000
   285:     2385.000     2386.000     2387.000     2388.000     2389.000
   290:     2390.000     2391.000     2392.000     2393.000     2394.000
   295:     2395.000     2396.000     2397.000     2398.000     2399.000
   300:     2400.000
R:
     0:      222.000      222.000      222.000
V:
     0:      964.000     2220.000
W:
     0:      964.000     2220.000
