File: C:\MED-PC IV\DATA\p736_s62_japede


Start Date: 08/27/17
End Date: 08/27/17
Subject: p736
Experiment: 0
Group: 0
Box: 6
Start Time: 16:23:13
End Time: 17:23:54
MSN: japede_L_30_30_30_R_90_90_90
B:       0.000
E:    4230.000
F:       0.000
G:       0.000
H:       0.000
I:       1.000
J:       1.000
K:       0.000
O:       0.000
P:       0.000
Q:       0.000
S:  360000.000
T:  360000.000
U:       0.000
X:       0.000
Y:       0.000
Z:       0.000
A:
     0:        0.010        0.250        0.220        0.230      145.120
     5:      243.120      302.120      340.120      372.120      627.120
    10:      662.120      884.130      958.130     1034.130     1139.120
    15:     1184.120     1263.120     1376.130     1611.130     1720.120
    20:     1780.120     1799.740     1808.540     1808.320     1808.330
    25:     1808.350     1808.240     1808.120     2058.220     2058.230
    30:     2058.250     2058.340     2264.120     2344.120     2469.130
    35:     2500.130     2632.120     2753.130     2868.120     2961.130
    40:     3052.120     3149.130     3231.120     3329.120     3442.120
    45:     3522.120     3551.120     3675.130     3709.130     3806.120
    50:     3821.120     3915.130     4052.130     4130.120     4229.130
    55:     4822.120     4856.120     4887.120     4979.130     5011.130
    60:     5098.120     5408.120     5441.120     5497.120     5528.120
    65:     5699.120     6217.130     6259.130     6294.130     6393.120
    70:     6419.120     6516.130     6549.130     6641.120     6664.120
    75:     6752.130     6938.130     7030.120     7063.120     7099.840
    80:     7151.120     7416.120     7580.640     7580.320     7580.330
    85:     7580.350     7580.240     7580.130     7830.220     7830.230
    90:     7830.250     7830.340     8023.120     8177.130     8211.130
    95:     8296.120     8396.130     8489.120     8566.130     8665.120
   100:     8760.130     8830.840     8912.120     9120.120     9155.120
   105:     9187.120     9290.640     9290.320     9290.330     9290.350
   110:     9290.240     9290.130     9458.740     9540.220     9540.230
   115:     9540.250     9540.340     9790.540     9790.320     9790.330
   120:     9790.350     9790.240     9790.120    10040.220    10040.230
   125:    10040.250    10040.340    10322.120    10353.120    10448.130
   130:    10484.130    10597.120    10702.130    10736.130    10899.130
   135:    10987.120    11069.130    11149.120    11289.120    11384.130
   140:    11508.120    11588.130    11749.130    11940.120    12022.130
   145:    12105.120    12227.120    12258.120    12359.130    12443.120
   150:    12545.120    12647.130    12734.120    13101.120    13133.120
   155:    13259.130    13358.120    13445.120    13667.120    13766.120
   160:    13898.130    14016.120    14040.840    14549.120    14583.120
   165:    14618.120    14657.120    14731.120    14847.640    14847.320
   170:    14847.330    14847.350    14847.240    14847.130    15097.220
   175:    15097.230    15097.250    15097.340    15310.120    15339.120
   180:    15427.130    15510.120    15595.130    15673.120    15767.130
   185:    15797.130    16036.120    16125.130    16215.120    16471.130
   190:    16894.120    17101.130    17143.130    17235.120    17459.120
   195:    17609.130    17649.130    17881.130    17987.120    18356.120
   200:    18395.120    18581.130    18694.120    19022.120    19301.120
   205:    19334.120    19466.130    19740.740    20110.540    20110.320
   210:    20110.330    20110.350    20110.240    20110.120    20360.220
   215:    20360.230    20360.250    20360.340    20521.120    20788.120
   220:    20891.130    20960.740    20991.130    21076.540    21076.320
   225:    21076.330    21076.350    21076.240    21076.120    21326.220
   230:    21326.230    21326.250    21326.340    21397.840    21828.120
   235:    21969.640    21969.320    21969.330    21969.350    21969.240
   240:    21969.130    22219.220    22219.230    22219.250    22219.340
   245:    22429.120    22458.120    22547.120    22703.130    22883.130
   250:    23063.130    23126.740    23322.130    23500.130    23606.540
   255:    23606.320    23606.330    23606.350    23606.240    23606.120
   260:    23856.220    23856.230    23856.250    23856.340    24058.120
   265:    24177.130    24303.120    24379.120    24477.130    24663.130
   270:    24860.120    24946.130    25218.120    25263.120    25352.130
   275:    25444.120    25738.130    25859.120    26105.120    26119.840
   280:    26264.120    26300.120    26365.120    26476.640    26476.320
   285:    26476.330    26476.350    26476.240    26476.130    26726.220
   290:    26726.230    26726.250    26726.340    26971.120    27081.130
   295:    27113.130    27156.740    27222.540    27222.320    27222.330
   300:    27222.350    27222.240    27222.120    27472.220    27472.230
   305:    27472.250    27472.340    27658.120    27765.130    27898.120
   310:    27988.130    28026.130    28197.130    28281.120    28523.120
   315:    28656.130    28692.130    28899.130    28995.120    29079.130
   320:    29419.120    29469.120    29561.130    29659.120    29853.120
   325:    29990.130    30026.840    30073.120    30194.640    30194.320
   330:    30194.330    30194.350    30194.240    30194.130    30272.740
   335:    30444.220    30444.230    30444.250    30444.340    30622.540
   340:    30622.320    30622.330    30622.350    30622.240    30622.120
   345:    30872.220    30872.230    30872.250    30872.340    31109.120
   350:    31204.130    31239.130    32054.130    32484.120    32950.130
   355:    33404.120    33524.130    33606.120    33880.120    33920.120
   360:    34014.130    34186.120    34218.120    34302.130    34472.740
   365:    34659.540    34659.320    34659.330    34659.350    34659.240
   370:    34659.120    34909.220    34909.230    34909.250    34909.340
   375:    35078.120    35178.130    35268.120    35358.130    35447.120
   380:    35529.130    35629.130    35781.130    35889.120    36099.130
   385:    36190.120    36345.120    36562.120    36668.130    36766.130
   390:    36898.120    37146.130    37240.120    37378.120    37531.120
   395:    37560.120    37663.130    37844.840    37945.120    38093.640
   400:    38093.320    38093.330    38093.350    38093.240    38093.130
   405:    38343.220    38343.230    38343.250    38343.340    38520.130
   410:    38608.120    38714.130    38797.120    38893.130    39087.120
   415:    39224.130    39426.130    39531.120    39649.130    39989.120
   420:    40024.120    40163.130    40277.120    40368.130    40472.130
   425:    40559.120    40658.130    40741.120    40909.120    40945.120
   430:    41064.120    41190.130    41525.120    41659.130    41760.120
   435:    42122.130    42227.130    42631.130    42718.120    42811.130
   440:    42974.130    43508.120    43638.130    44109.120    44217.130
   445:    44467.120    44703.130    45351.120    45391.120    45431.120
   450:    45472.120    45879.130    46043.130    46490.120    46603.130
   455:    46609.740    46797.130    46901.130    47704.130    47743.130
   460:    47787.130    47908.540    47908.320    47908.330    47908.350
   465:    47908.240    47908.120    48043.840    48158.220    48158.230
   470:    48158.250    48158.340    48584.120    48618.120    48775.640
   475:    48775.320    48775.330    48775.350    48775.240    48775.130
   480:    49025.220    49025.230    49025.250    49025.340    49254.120
   485:    49348.130    49449.120    49486.120    49607.130    49643.130
   490:    49735.120    49935.130    50124.130    50214.120    50306.130
   495:    50396.130    50631.120    50655.120    50742.130    50884.130
   500:    50973.120    51070.130    51258.740    51527.130    51646.540
   505:    51646.320    51646.330    51646.350    51646.240    51646.120
   510:    51896.220    51896.230    51896.250    51896.340    52061.120
   515:    52164.130    52206.130    52297.120    52470.120    52555.130
   520:    52647.120    52737.130    52796.740    52819.540    52819.320
   525:    52819.330    52819.350    52819.240    52819.120    53069.220
   530:    53069.230    53069.250    53069.340    53219.120    53254.120
   535:    53370.130    53479.120    53586.130    53682.120    53702.120
   540:    53793.130    53875.120    53969.130    54075.130    54164.120
   545:    54272.130    54359.120    54452.120    54599.130    54715.120
   550:    54823.120    55026.120    55124.130    55228.120    55372.120
   555:    55484.130    56007.120    56076.120    56199.130    56245.130
   560:    56368.120    56642.120    56780.130    56879.120    57201.120
   565:    57920.120    57949.120    58098.130    58195.120    58297.130
   570:    58479.130    58658.120    58759.130    58868.130    59807.130
   575:    60012.130    61075.120    61228.130    61337.120    61439.130
   580:    61824.130    61925.120    61949.120    62055.130    62295.130
   585:    62388.120    62478.130    63108.120    63141.120    63258.130
   590:    63297.130    63403.120    63496.130    63792.120    63826.120
   595:    63922.130    64142.130    64750.130    64856.120    64938.120
   600:    65057.130    65242.120    65337.130    65906.130    66028.120
   605:    66128.130    66444.130    66469.740    66592.540    66592.320
   610:    66592.330    66592.350    66592.240    66592.120    66842.220
   615:    66842.230    66842.250    66842.340    67197.130    67298.120
   620:    67335.120    67464.130    67561.120    67625.840    67680.640
   625:    67680.320    67680.330    67680.350    67680.240    67680.130
   630:    67742.740    67930.220    67930.230    67930.250    67930.340
   635:    68130.840    68156.540    68156.320    68156.330    68156.350
   640:    68156.240    68156.120    68406.220    68406.230    68406.250
   645:    68406.340    68627.120    68663.120    68718.120    68806.740
   650:    68881.640    68881.320    68881.330    68881.350    68881.240
   655:    68881.130    69131.220    69131.230    69131.250    69131.340
   660:    69337.540    69337.320    69337.330    69337.350    69337.240
   665:    69337.120    69587.220    69587.230    69587.250    69587.340
   670:    70149.120    70247.120    70387.740    70429.130    70518.540
   675:    70518.320    70518.330    70518.350    70518.240    70518.120
   680:    70768.220    70768.230    70768.250    70768.340    71013.120
   685:    71045.120    71300.120    71392.130    71479.120    71583.130
   690:    71677.120    71794.130    71882.120    71921.120    72011.130
   695:    72098.120    72194.130    72278.120    72306.120    72420.130
   700:    72506.120    72604.130    72688.120    72785.130    72878.120
   705:    72989.120    73090.130    73178.120    73276.130    73381.130
   710:    73573.120    73734.130    73920.120    74021.130    74063.130
   715:    74182.120    74282.130    74381.120    74525.130    74614.120
   720:    74716.130    74813.120    74905.130    75116.120    75208.130
   725:    75300.120    75392.130    75518.130    75614.120    75706.130
   730:    76023.120    76102.120    76122.120    76218.130    76341.130
   735:    76473.130    76575.120    76674.130    76853.130    76952.120
   740:    77049.130    77210.130    77313.120    77408.130    77519.120
   745:    77601.120    77815.120    77891.120    78018.130    78059.130
   750:    78160.120    78259.130    78362.120    78477.120    78511.120
   755:    78618.130    78668.740    78750.540    78750.320    78750.330
   760:    78750.350    78750.240    78750.120    79000.220    79000.230
   765:    79000.250    79000.340    79290.120    79322.120    79448.130
   770:    79544.120    79614.130    79698.120    79821.130    79916.120
   775:    80013.130    80105.120    80202.130    80286.120    80391.130
   780:    80479.120    80659.120    80755.130    80842.120    80941.130
   785:    81060.120    81100.740    81236.540    81236.320    81236.330
   790:    81236.350    81236.240    81236.120    81486.220    81486.230
   795:    81486.250    81486.340    81741.130    81840.120    81947.130
   800:    82025.120    82056.120    82224.130    82320.120    82558.130
   805:    82663.120    82720.120    82843.130    83048.120    83114.120
   810:    83213.130    83522.120    83553.120    83655.130    83824.120
   815:    83886.740    84284.540    84284.320    84284.330    84284.350
   820:    84284.240    84284.120    84534.220    84534.230    84534.250
   825:    84534.340    84730.120    84830.130    84933.120    85026.130
   830:    85031.840    85129.640    85129.320    85129.330    85129.350
   835:    85129.240    85129.130    85379.220    85379.230    85379.250
   840:    85379.340    85560.120    85663.130    85758.120    85867.130
   845:    85957.120    86053.130    86142.120    86457.120    86585.130
   850:    86676.120    86963.130    87041.120    87142.130    87232.120
   855:    87536.120    87613.120    88321.130    88434.120    88471.120
   860:    88630.130    88634.740    88727.540    88727.320    88727.330
   865:    88727.350    88727.240    88727.120    88977.220    88977.230
   870:    88977.250    88977.340    89139.120    89234.120    89369.130
   875:    89471.120    89567.130    89671.120    89767.130    89922.130
   880:    90027.120    90126.130    90567.120    90579.840    90598.120
   885:    90705.640    90705.320    90705.330    90705.350    90705.240
   890:    90705.130    90955.220    90955.230    90955.250    90955.340
   895:    91221.120    91335.130    91437.120    91465.120    91538.120
   900:    91635.130    91741.120    91955.130    92054.120    92170.130
   905:    93067.120    93106.120    93142.120    93276.130    93384.120
   910:    93423.120    93512.130    93789.130    93881.120    93908.120
   915:    93998.120    94149.130    94464.120    94577.740    94597.540
   920:    94597.320    94597.330    94597.350    94597.240    94597.120
   925:    94847.220    94847.230    94847.250    94847.340    95017.120
   930:    95136.130    95231.130    95356.120    95438.120    95557.130
   935:    95894.120    95957.120    96047.740    96065.130    96294.540
   940:    96294.320    96294.330    96294.350    96294.240    96294.120
   945:    96544.220    96544.230    96544.250    96544.340    96691.120
   950:    96799.130    97019.130    97284.120    97322.120    97480.120
   955:    97592.130    97841.120    97981.130    98183.120    98212.120
   960:    98315.120    98349.120    98432.120    98455.840    98536.640
   965:    98536.320    98536.330    98536.350    98536.240    98536.130
   970:    98786.220    98786.230    98786.250    98786.340    99031.130
   975:    99100.130    99198.120    99314.130    99578.120    99814.130
   980:    99909.130   100017.120   100160.130   100249.120   100398.120
   985:   100439.120   100501.120   100534.120   100643.130   100742.120
   990:   101001.120   101036.120   101387.120   101468.120   101598.130
   995:   101709.130   101817.120   102086.120   102383.120   102529.120
  1000:   102564.120   102613.120   102650.120   102760.120   102947.120
  1005:   102980.120   103129.130   103336.120   103465.120   103598.130
  1010:   103727.120   103849.120   103982.120   104017.120   104174.120
  1015:   104212.120   104392.120   104424.120   104496.120   104533.120
  1020:   104568.120   104598.120   104639.120   104754.130   105003.120
  1025:   105043.120   105170.120   105207.120   105316.130   105424.120
  1030:   105586.120   105783.120   105921.130   106040.120   106283.120
  1035:   106319.120   106353.120   106394.120   106423.120   106535.130
  1040:   106633.120   106803.120   106912.130   107215.120   107250.120
  1045:   107406.120   107438.120   107513.120   107550.120   107593.120
  1050:   107726.130   107854.120   107996.120   108234.120   108271.120
  1055:   108378.130   108736.120   108876.130   108975.130   109126.120
  1060:   109221.130   109416.130   109520.120   109625.130   109728.120
  1065:   109878.120   110011.130   110158.130   110343.130   110465.120
  1070:   110502.120   110592.120   110756.130   111065.120   111100.120
  1075:   111587.120   111626.120   111898.120   112083.130   112219.120
  1080:   112244.740   112295.540   112295.320   112295.330   112295.350
  1085:   112295.240   112295.120   112545.220   112545.230   112545.250
  1090:   112545.340   112716.120   112786.840   112820.640   112820.320
  1095:   112820.330   112820.350   112820.240   112820.130   113070.220
  1100:   113070.230   113070.250   113070.340   113317.120   113414.120
  1105:   113491.120   113651.130   113754.120   113859.130   113971.120
  1110:   114077.130   114193.120   114334.120   114451.130   114541.120
  1115:   114846.120   114884.120   115024.130   115123.120   115277.120
  1120:   115381.130   115491.120   115660.120   115745.740   115803.130
  1125:   116171.540   116171.320   116171.330   116171.350   116171.240
  1130:   116171.120   116421.220   116421.230   116421.250   116421.340
  1135:   116670.840   116835.120   116950.640   116950.320   116950.330
  1140:   116950.350   116950.240   116950.130   117200.220   117200.230
  1145:   117200.250   117200.340   117221.740   117575.540   117575.320
  1150:   117575.330   117575.350   117575.240   117575.120   117825.220
  1155:   117825.230   117825.250   117825.340   118064.120   118186.130
  1160:   118231.130   118270.130   118371.120   118469.130   118535.130
  1165:   118637.120   118725.740   118731.540   118731.320   118731.330
  1170:   118731.350   118731.240   118731.120   118981.220   118981.230
  1175:   118981.250   118981.340   119201.120   119406.130   119504.120
  1180:   119606.130   119698.120   119795.120   119881.740   119907.130
  1185:   120001.540   120001.320   120001.330   120001.350   120001.240
  1190:   120001.120   120251.220   120251.230   120251.250   120251.340
  1195:   120431.120   120461.120   120573.130   120668.120   120768.130
  1200:   120860.120   121000.120   121108.120   121193.120   121263.120
  1205:   121391.130   121492.120   121518.120   121648.130   121757.120
  1210:   121886.130   121976.120   122085.120   122125.120   122198.120
  1215:   122340.120   122374.120   122492.130   122592.120   122741.130
  1220:   122837.120   122853.120   122932.120   123250.120   123357.130
  1225:   123462.120   123648.120   123697.120   123838.130   123975.120
  1230:   124100.120   124244.120   124536.120   124651.130   124754.120
  1235:   124817.120   124834.120   124919.120   125078.120   125224.130
  1240:   125378.120   125431.120   125587.120   125902.120   126061.120
  1245:   126200.130   126488.120   126521.120   126703.120   126736.120
  1250:   126843.130   126948.120   127120.120   127359.120   127394.120
  1255:   127539.120   127655.130   128082.120   128251.740   128322.540
  1260:   128322.320   128322.330   128322.350   128322.240   128322.120
  1265:   128572.220   128572.230   128572.250   128572.340   128700.840
  1270:   128747.120   128872.740   128884.640   128884.320   128884.330
  1275:   128884.350   128884.240   128884.130   129134.220   129134.230
  1280:   129134.250   129134.340   129475.130   129519.130   129661.540
  1285:   129661.320   129661.330   129661.350   129661.240   129661.120
  1290:   129911.220   129911.230   129911.250   129911.340   130193.120
  1295:   130287.120   130368.120   130477.130   130522.130   130621.120
  1300:   130699.120   130798.130   130895.120   130990.130   131092.120
  1305:   131200.130   131424.120   131464.120   131570.130   131678.120
  1310:   131701.120   132124.130   132218.120   132319.120   132488.120
  1315:   132602.130   133181.130   133222.130   133360.120   133579.120
  1320:   133684.130   133750.130   133876.120   133976.130   134166.120
  1325:   134265.130   134355.120   134432.120   134574.120   134603.120
  1330:   134774.130   134885.120   135029.120   135158.120   135375.120
  1335:   135526.130   135654.120   135737.120   136188.120   136222.120
  1340:   136358.130   136489.120   136621.130   136736.120   136977.120
  1345:   137013.120   137229.120   137325.120   137360.120   137482.130
  1350:   137611.740   137761.540   137761.320   137761.330   137761.350
  1355:   137761.240   137761.120   138011.220   138011.230   138011.250
  1360:   138011.340   138262.120   138293.120   138354.120   138454.130
  1365:   138545.120   138647.130   138711.740   138745.540   138745.320
  1370:   138745.330   138745.350   138745.240   138745.120   138995.220
  1375:   138995.230   138995.250   138995.340   139259.120   139292.120
  1380:   139317.120   139411.120   139520.130   139567.130   139667.120
  1385:   139765.130   139858.120   139973.130   140065.120   140166.120
  1390:   140255.130   140348.120   140451.130   140559.120   140678.130
  1395:   140695.740   140862.130   140967.540   140967.320   140967.330
  1400:   140967.350   140967.240   140967.120   141217.220   141217.230
  1405:   141217.250   141217.340   141420.120   141482.120   141634.130
  1410:   141738.120   141826.130   141916.120   142032.130   142117.120
  1415:   142223.130   142311.120   142415.130   142558.130   142656.120
  1420:   142684.120   142783.130   142912.120   143016.130   143260.120
  1425:   143357.130   143594.120   143618.120   143734.130   143833.120
  1430:   144246.130   144376.120   144465.130   144567.120   144669.130
  1435:   144783.120   144883.130   145256.120   145314.120   145406.120
  1440:   145494.130   145595.120   145684.120   145837.120   146131.120
  1445:   146169.120   146234.840   146305.640   146305.320   146305.330
  1450:   146305.350   146305.240   146305.130   146555.220   146555.230
  1455:   146555.250   146555.340   146736.120   146862.130   146960.120
  1460:   147082.130   147173.120   147305.120   147455.130   147695.120
  1465:   147784.130   147878.120   147966.130   148317.740   148450.540
  1470:   148450.320   148450.330   148450.350   148450.240   148450.120
  1475:   148700.220   148700.230   148700.250   148700.340   149047.120
  1480:   149208.130   149297.120   149384.130   149475.120   149568.130
  1485:   149658.120   150115.130   150386.130   150482.120   150567.130
  1490:   150654.120   150725.120   151286.120   151320.120   151356.120
  1495:   151464.120   151568.130   151870.120   152131.120   152488.120
  1500:   152519.120   152648.130   152760.120   152870.130   153100.740
  1505:   153267.130   153382.540   153382.320   153382.330   153382.350
  1510:   153382.240   153382.120   153632.220   153632.230   153632.250
  1515:   153632.340   153732.740   153774.540   153774.320   153774.330
  1520:   153774.350   153774.240   153774.120   154024.220   154024.230
  1525:   154024.250   154024.340   154194.120   154245.120   154345.130
  1530:   154458.120   154571.130   154651.120   154749.130   154841.120
  1535:   155014.120   155088.120   155154.120   155237.120   155324.740
  1540:   155406.540   155406.320   155406.330   155406.350   155406.240
  1545:   155406.120   155656.220   155656.230   155656.250   155656.340
  1550:   155958.130   156053.120   156153.130   156304.120   156400.130
  1555:   156491.120   156659.120   156734.120   156789.120   156797.120
  1560:   156900.130   156983.120   157237.120   157334.130   157419.120
  1565:   157524.120   157552.120   157687.130   157929.120   157956.740
  1570:   157957.540   157957.320   157957.330   157957.350   157957.240
  1575:   157957.120   158207.220   158207.230   158207.250   158207.340
  1580:   158462.130   158551.130   158695.120   158843.120   158872.120
  1585:   158972.120   159013.120   159107.740   159129.130   159209.540
  1590:   159209.320   159209.330   159209.350   159209.240   159209.120
  1595:   159459.220   159459.230   159459.250   159459.340   159647.120
  1600:   159777.120   159876.130   160049.130   160126.120   160206.130
  1605:   160283.120   160355.120   160452.120   160557.130   160642.120
  1610:   160776.120   160816.120   160897.120   160993.130   161083.120
  1615:   161219.120   161305.120   161436.120   161462.120   161566.130
  1620:   161651.120   161819.120   161992.120   162021.120   162120.130
  1625:   162319.120   162412.130   162594.120   162616.120   162742.130
  1630:   162847.120   162934.120   162959.120   163094.130   163159.740
  1635:   163182.540   163182.320   163182.330   163182.350   163182.240
  1640:   163182.120   163432.220   163432.230   163432.250   163432.340
  1645:   163670.130   163786.120   163899.130   163981.120   164114.130
  1650:   164290.120   164373.120   164455.120   164525.120   164690.130
  1655:   164770.120   164864.120   164935.120   165051.130   165133.120
  1660:   165234.120   165259.120   165390.130   165476.120   165552.120
  1665:   165687.120   165783.130   165864.120   165950.120   166086.120
  1670:   166397.120   166519.130   166671.120   166679.120   166805.120
  1675:   166925.120   167127.120   167264.120   167295.120   167332.740
  1680:   167412.540   167412.320   167412.330   167412.350   167412.240
  1685:   167412.120   167662.220   167662.230   167662.250   167662.340
  1690:   167913.130   168107.130   168193.120   168287.130   168370.120
  1695:   168640.130   168724.120   168795.120   168916.120   168986.120
  1700:   169062.740   169069.540   169069.320   169069.330   169069.350
  1705:   169069.240   169069.120   169319.220   169319.230   169319.250
  1710:   169319.340   169583.130   169662.120   169685.120   169770.130
  1715:   169935.120   170007.120   170139.120   170232.130   170314.120
  1720:   170392.120   170476.120   170498.120   170611.120   170715.130
  1725:   170799.120   170819.740   170879.540   170879.320   170879.330
  1730:   170879.350   170879.240   170879.120   171129.220   171129.230
  1735:   171129.250   171129.340   171295.120   171440.130   171537.120
  1740:   171572.120   171680.120   171771.130   171858.120   171996.130
  1745:   172085.120   172176.120   172262.120   172335.120   172367.120
  1750:   172434.120   172442.120   172492.120   172569.120   172599.120
  1755:   172666.120   172700.120   172794.130   172878.120   172963.120
  1760:   172973.120   173071.120   173172.130   173279.120   173350.120
  1765:   173422.120   173521.120   173611.130   173692.120   173798.120
  1770:   173934.120   174072.130   174159.120   174213.120   174302.120
  1775:   174361.120   174438.120   174475.120   174502.120   174613.130
  1780:   174699.120   174769.120   174847.120   174938.120   175127.130
  1785:   175212.120   175268.120   175294.120   175421.120   175529.740
  1790:   175538.540   175538.320   175538.330   175538.350   175538.240
  1795:   175538.120   175788.220   175788.230   175788.250   175788.340
  1800:   176063.130   176088.740   176266.130   176346.540   176346.320
  1805:   176346.330   176346.350   176346.240   176346.120   176596.220
  1810:   176596.230   176596.250   176596.340   176785.120   176847.120
  1815:   176897.120   176905.120   177027.130   177119.120   177206.130
  1820:   177289.120   177496.130   177582.120   177756.120   177875.130
  1825:   177957.120   178059.130   178155.840   178177.120   178229.120
  1830:   178302.120   178397.120   178487.640   178487.320   178487.330
  1835:   178487.350   178487.240   178487.130   178737.220   178737.230
  1840:   178737.250   178737.340   178944.130   179040.120   179076.120
  1845:   179202.130   179290.120   179377.130   179453.120   179548.120
  1850:   179570.120   179743.120   179832.130   179917.120   179991.120
  1855:   180068.120   180133.120   180196.740   180228.540   180228.320
  1860:   180228.330   180228.350   180228.240   180228.120   180478.220
  1865:   180478.230   180478.250   180478.340   180683.120   180789.130
  1870:   180881.120   180963.130   181045.120   181186.130   181257.120
  1875:   181280.120   181429.120   181485.120   181542.120   181640.120
  1880:   181669.120   181760.120   181866.130   181942.120   182026.120
  1885:   182049.120   182078.740   182119.540   182119.320   182119.330
  1890:   182119.350   182119.240   182119.120   182369.220   182369.230
  1895:   182369.250   182369.340   182752.120   182820.120   182885.120
  1900:   182988.130   183162.130   183251.120   183338.120   183392.120
  1905:   183470.120   183504.120   183593.120   183623.120   183658.120
  1910:   183826.120   183885.120   183972.120   184043.120   184158.120
  1915:   184190.120   184292.130   184374.120   184469.120   184545.120
  1920:   184570.120   184599.120   184686.120   184777.130   184902.120
  1925:   184982.120   185038.120   185126.130   185207.120   185283.120
  1930:   185349.120   185406.120   185495.120   185527.120   185603.120
  1935:   185633.120   185718.120   185769.740   185849.130   185932.540
  1940:   185932.320   185932.330   185932.350   185932.240   185932.120
  1945:   186182.220   186182.230   186182.250   186182.340   186324.120
  1950:   186351.120   186388.120   186548.120   186626.130   186700.120
  1955:   186784.120   186843.120   186896.120   186996.120   187070.120
  1960:   187147.120   187208.120   187309.130   187385.120   187433.120
  1965:   187536.120   187617.120   187636.120   187701.120   187723.120
  1970:   187798.120   187828.120   187913.120   187946.120   188119.130
  1975:   188256.120   188382.120   188515.120   188547.120   188586.120
  1980:   188668.120   188682.740   188698.540   188698.320   188698.330
  1985:   188698.350   188698.240   188698.120   188948.220   188948.230
  1990:   188948.250   188948.340   189091.120   189198.130   189395.130
  1995:   189500.120   189593.130   189671.120   189721.120   189729.120
  2000:   189890.120   189923.120   189986.120   190069.120   190097.120
  2005:   190196.120   190324.130   190348.740   190415.540   190415.320
  2010:   190415.330   190415.350   190415.240   190415.120   190665.220
  2015:   190665.230   190665.250   190665.340   190928.130   191014.120
  2020:   191119.130   191194.120   191306.120   191386.120   191519.120
  2025:   191553.120   191706.130   191796.120   191839.120   191910.120
  2030:   191962.120   191973.120   192087.120   192119.120   192219.130
  2035:   192374.120   192401.120   192484.120   192508.120   192545.120
  2040:   192570.120   192746.120   192826.120   192917.120   193030.120
  2045:   193077.120   193143.120   193287.120   193444.120   193637.840
  2050:   193815.120   193912.640   193912.320   193912.330   193912.350
  2055:   193912.240   193912.130   193965.740   194162.220   194162.230
  2060:   194162.250   194162.340   194318.540   194318.320   194318.330
  2065:   194318.350   194318.240   194318.120   194568.220   194568.230
  2070:   194568.250   194568.340   194805.120   194932.130   195024.120
  2075:   195061.120   195146.130   195225.120   195312.130   195362.840
  2080:   195375.120   195426.120   195573.120   195714.120   195836.640
  2085:   195836.320   195836.330   195836.350   195836.240   195836.130
  2090:   196086.220   196086.230   196086.250   196086.340   196265.120
  2095:   196422.130   196508.120   196579.130   196658.120   196759.130
  2100:   196841.120   196929.130   197014.120   197156.120   197196.120
  2105:   197238.120   197338.130   197494.120   197665.120   197783.130
  2110:   197866.120   198062.120   198096.120   198192.130   198283.120
  2115:   198368.740   198374.540   198374.320   198374.330   198374.350
  2120:   198374.240   198374.120   198624.220   198624.230   198624.250
  2125:   198624.340   198865.130   198957.120   199016.120   199164.120
  2130:   199197.120   199380.120   199431.120   199527.120   199650.120
  2135:   199742.130   199892.120   199919.120   199924.740   199993.540
  2140:   199993.320   199993.330   199993.350   199993.240   199993.120
  2145:   200243.220   200243.230   200243.250   200243.340   200388.120
  2150:   200486.130   200678.120   200716.120   200814.130   200882.120
  2155:   200970.120   201096.120   201193.130   201283.120   201389.120
  2160:   201419.120   201510.120   201602.130   201694.120   201807.120
  2165:   201898.120   202029.130   202127.120   202237.120   202265.120
  2170:   202446.130   202535.120   202642.120   202736.120   202873.130
  2175:   203082.120   203121.120   203131.120   203185.120   203209.120
  2180:   203302.120   203336.120   203441.120   203544.130   203637.120
  2185:   203779.120   203911.120   203949.120   203985.120   204100.120
  2190:   204201.130   204298.120   204358.120   204462.120   204561.120
  2195:   204678.130   204949.120   204985.120   205149.120   205243.740
  2200:   205275.130   205472.540   205472.320   205472.330   205472.350
  2205:   205472.240   205472.120   205722.220   205722.230   205722.250
  2210:   205722.340   206069.120   206161.130   206249.120   206307.120
  2215:   206387.120   206501.120   206533.120   206569.120   206664.120
  2220:   206695.120   206797.120   206909.130   207031.120   207110.120
  2225:   207151.120   207294.120   207324.120   207367.120   207470.130
  2230:   207570.120   207653.120   207767.120   207895.130   207992.120
  2235:   208046.120   208132.120   208237.130   208422.120   208559.120
  2240:   208686.840   208736.120   208798.120   208908.640   208908.320
  2245:   208908.330   208908.350   208908.240   208908.130   209158.220
  2250:   209158.230   209158.250   209158.340   209326.120   209385.120
  2255:   209496.130   209676.130   209776.120   209818.120   209910.130
  2260:   209998.120   210117.120   210285.130   210384.120   210474.130
  2265:   210563.120   210671.120   210702.120   210772.120   210867.120
  2270:   210906.120   210961.120   210991.120   211022.120   211131.130
  2275:   211214.120   211302.120   211398.120   211510.130   211603.120
  2280:   211692.120   211725.120   211837.120   211943.130   212102.120
  2285:   212177.120   212211.120   212329.120   212429.130   212458.840
  2290:   212522.740   212613.540   212613.320   212613.330   212613.350
  2295:   212613.240   212613.120   212863.220   212863.230   212863.250
  2300:   212863.340   213021.120   213079.120   213193.640   213193.320
  2305:   213193.330   213193.350   213193.240   213193.130   213443.220
  2310:   213443.230   213443.250   213443.340   213794.120   213863.120
  2315:   213975.130   214074.120   214161.130   214248.120   214337.130
  2320:   214420.120   214518.120   214527.120   214598.120   214651.120
  2325:   214752.120   214854.130   215073.120   215105.120   215143.120
  2330:   215253.120   215357.130   215534.120   215567.120   215643.120
  2335:   215761.120   215798.120   215924.120   216044.130   216276.120
  2340:   216313.120   216426.120   216574.130   216826.120   216964.120
  2345:   216998.120   217121.120   217269.130   217398.120   217505.120
  2350:   217535.120   217578.120   217604.120   217719.120   217756.120
  2355:   217763.740   217867.540   217867.320   217867.330   217867.350
  2360:   217867.240   217867.120   218117.220   218117.230   218117.250
  2365:   218117.340   218316.120   218317.740   218438.130   218585.540
  2370:   218585.320   218585.330   218585.350   218585.240   218585.120
  2375:   218835.220   218835.230   218835.250   218835.340   219039.120
  2380:   219110.120   219290.120   219428.130   219461.130   219550.120
  2385:   219641.130   219866.120   219909.120   220006.130   220100.120
  2390:   220214.120   220234.120   220304.120   220379.120   220550.120
  2395:   220589.120   220638.120   220704.120   220810.130   220909.120
  2400:   220978.120   221051.120   221129.120   221294.120   221396.130
  2405:   221490.120   221565.120   221591.120   221664.120   221801.120
  2410:   221834.120   221996.120   222096.130   222197.120   222264.120
  2415:   222413.120   222518.130   222751.120   222964.120   223001.120
  2420:   223035.120   223086.120   223113.120   223135.740   223240.130
  2425:   223343.540   223343.320   223343.330   223343.350   223343.240
  2430:   223343.120   223593.220   223593.230   223593.250   223593.340
  2435:   223752.120   223794.120   223903.130   223997.120   224120.130
  2440:   224201.120   224303.120   224350.120   224376.120   224529.120
  2445:   224563.120   224598.120   224697.130   224793.120   224846.120
  2450:   224949.120   225081.120   225117.120   225218.120   225323.130
  2455:   225493.120   225681.120   225719.120   225830.130   226006.120
  2460:   226166.120   226196.120   226341.130   226506.120   226533.120
  2465:   226605.120   226693.740   226712.130   226818.540   226818.320
  2470:   226818.330   226818.350   226818.240   226818.120   227068.220
  2475:   227068.230   227068.250   227068.340   227227.120   227321.130
  2480:   227411.120   227525.120   227634.130   227813.120   227849.120
  2485:   227927.120   227971.120   228009.120   228114.130   228168.740
  2490:   228194.540   228194.320   228194.330   228194.350   228194.240
  2495:   228194.120   228444.220   228444.230   228444.250   228444.340
  2500:   228609.120   228642.120   228731.130   228817.120   228908.130
  2505:   228998.120   229044.740   229069.540   229069.320   229069.330
  2510:   229069.350   229069.240   229069.120   229319.220   229319.230
  2515:   229319.250   229319.340   229512.120   229632.130   229836.120
  2520:   229927.130   230506.120   230593.130   230713.120   230719.740
  2525:   230802.540   230802.320   230802.330   230802.350   230802.240
  2530:   230802.120   231052.220   231052.230   231052.250   231052.340
  2535:   231185.120   231301.130   231401.120   231569.120   231681.130
  2540:   231773.130   231846.120   231866.120   231938.120   232002.120
  2545:   232112.130   232199.120   232261.120   232369.120   232463.120
  2550:   232562.130   232654.120   232761.120   232831.120   232843.840
  2555:   232859.120   233085.120   233219.640   233219.320   233219.330
  2560:   233219.350   233219.240   233219.130   233469.220   233469.230
  2565:   233469.250   233469.340   233661.120   233796.130   233852.740
  2570:   233890.540   233890.320   233890.330   233890.350   233890.240
  2575:   233890.120   234140.220   234140.230   234140.250   234140.340
  2580:   234343.120   234438.120   234566.130   234664.120   234764.130
  2585:   234851.120   234963.130   235051.120   235140.130   235232.120
  2590:   235342.130   235459.130   235546.120   235635.130   235721.120
  2595:   235795.120   235842.120   235853.120   236098.120   236124.120
  2600:   236228.120   236349.130   236542.120   236636.130   236670.130
  2605:   236992.130   237101.130   237183.130   237323.120   237411.120
  2610:   237437.120   237440.740   237604.540   237604.320   237604.330
  2615:   237604.350   237604.240   237604.120   237854.220   237854.230
  2620:   237854.250   237854.340   238039.120   238139.130   238233.120
  2625:   238321.130   238413.120   238497.130   238587.120   238680.120
  2630:   238718.120   238748.120   238820.120   238869.120   238897.120
  2635:   238988.130   239156.120   239265.120   239405.120   239442.120
  2640:   239543.130   239641.120   239736.120   239769.120   239859.120
  2645:   239969.130   240057.120   240149.120   240154.740   240181.540
  2650:   240181.320   240181.330   240181.350   240181.240   240181.120
  2655:   240431.220   240431.230   240431.250   240431.340   240588.120
  2660:   240712.130   240847.130   240902.130   241020.120   241077.120
  2665:   241182.120   241211.120   241252.120   241325.120   241430.120
  2670:   241570.120   241671.130   241770.120   241858.120   241962.120
  2675:   241992.120   242084.120   242187.130   242344.120   242441.120
  2680:   242474.120   242599.120   242707.130   242897.120   243008.120
  2685:   243031.740   243162.540   243162.320   243162.330   243162.350
  2690:   243162.240   243162.120   243412.220   243412.230   243412.250
  2695:   243412.340   243574.120   243699.130   243799.120   243901.130
  2700:   243996.120   244042.120   244156.120   244188.120   244288.130
  2705:   244458.120   244468.120   244510.120   244577.120   244679.120
  2710:   244708.120   244804.120   244952.120   244992.120   245091.130
  2715:   245188.120   245316.120   245416.120   245526.130   245625.120
  2720:   245701.120   245868.120   245907.120   246033.120   246136.130
  2725:   246240.120   246262.120   246420.120   246461.120   246560.120
  2730:   246591.120   246685.120   246793.130   246898.120   246999.120
  2735:   247139.120   247177.120   247308.120   247342.120   247452.130
  2740:   247634.120   247789.120   247826.120   247994.120   248102.130
  2745:   248276.120   248313.120   248425.120   248460.120   248494.120
  2750:   248635.120   248668.120   248705.120   248946.120   249038.120
  2755:   249191.120   249323.120   249490.120   249522.120   249606.120
  2760:   249640.120   249752.130   249924.120   250053.120   250150.120
  2765:   250306.120   250342.120   250472.130   250577.120   250669.840
  2770:   250709.120   250847.120   250955.120   251054.120   251182.640
  2775:   251182.320   251182.330   251182.350   251182.240   251182.130
  2780:   251432.220   251432.230   251432.250   251432.340   251618.120
  2785:   251710.130   251807.120   251896.130   252072.130   252158.120
  2790:   252266.130   252350.120   252412.740   252519.540   252519.320
  2795:   252519.330   252519.350   252519.240   252519.120   252769.220
  2800:   252769.230   252769.250   252769.340   252931.120   252964.120
  2805:   253081.130   253171.120   253258.130   253349.120   253440.130
  2810:   253529.120   253567.120   253660.120   253834.120   253943.130
  2815:   254040.120   254085.120   254162.120   254261.120   254373.120
  2820:   254401.120   254497.130   254587.120   254645.120   254712.120
  2825:   254769.740   254856.540   254856.320   254856.330   254856.350
  2830:   254856.240   254856.120   255106.220   255106.230   255106.250
  2835:   255106.340   255261.120   255396.130   255485.120   255510.120
  2840:   255598.130   255699.120   255747.120   255840.130   255938.120
  2845:   256049.120   256157.120   256189.120   256288.120   256332.120
  2850:   256453.120   256483.120   256583.120   256613.120   256723.130
  2855:   256820.120   256911.120   257002.120   257137.130   257374.120
  2860:   257471.130   257557.120   257634.120   257666.120   257742.120
  2865:   257871.130   258070.130   258169.120   258219.120   258310.130
  2870:   258412.120   258724.130   258827.120   258852.120   258939.130
  2875:   259144.120   259174.120   259266.130   259491.120   259518.120
  2880:   259621.130   259632.840   259720.120   259774.120   259884.120
  2885:   259906.740   259936.540   259936.320   259936.330   259936.350
  2890:   259936.240   259936.120   260186.220   260186.230   260186.250
  2895:   260186.340   260444.120   260484.120   260520.120   260586.740
  2900:   260626.640   260626.320   260626.330   260626.350   260626.240
  2905:   260626.130   260876.220   260876.230   260876.250   260876.340
  2910:   261160.540   261160.320   261160.330   261160.350   261160.240
  2915:   261160.120   261176.840   261410.220   261410.230   261410.250
  2920:   261410.340   261582.120   261610.740   261617.540   261617.320
  2925:   261617.330   261617.350   261617.240   261617.120   261867.220
  2930:   261867.230   261867.250   261867.340   262061.120   262098.120
  2935:   262183.120   262246.120   262296.120   262476.120   262526.120
  2940:   262539.120   262623.640   262623.320   262623.330   262623.350
  2945:   262623.240   262623.130   262873.220   262873.230   262873.250
  2950:   262873.340   263104.120   263139.120   263210.120   263245.120
  2955:   263334.130   263424.120   263531.130   263620.120   263664.120
  2960:   263756.130   263843.120   263932.130   264023.120   264109.130
  2965:   264192.120   264243.120   264335.130   264419.120   264543.120
  2970:   264593.120   264683.120   264780.130   264874.120   264985.130
  2975:   265070.120   265131.120   265167.740   265251.540   265251.320
  2980:   265251.330   265251.350   265251.240   265251.120   265501.220
  2985:   265501.230   265501.250   265501.340   265691.120   265766.120
  2990:   265800.120   265864.120   265980.130   266068.130   266160.120
  2995:   266251.130   266327.120   266366.120   266455.120   266544.130
  3000:   266628.120   266678.120   266757.130   266844.120   266896.120
  3005:   266903.120   266965.120   267025.120   267095.120   267202.120
  3010:   267314.130   267388.120   267472.120   267563.120   267666.120
  3015:   267776.130   267865.120   267916.120   267974.120   268068.120
  3020:   268170.120   268310.120   268342.120   268450.120   268480.120
  3025:   268586.130   268677.120   268758.120   268860.120   268892.120
  3030:   268941.120   268973.840   269083.120   269118.120   269223.640
  3035:   269223.320   269223.330   269223.350   269223.240   269223.130
  3040:   269473.220   269473.230   269473.250   269473.340   269661.120
  3045:   269690.120   269772.130   269942.130   270012.120   270073.120
  3050:   270179.120   270217.120   270303.120   270418.130   270509.120
  3055:   270571.120   270633.120   270665.120   270720.120   270755.120
  3060:   270799.120   270910.130   271007.120   271105.130   271191.120
  3065:   271347.120   271383.120   271401.740   271520.540   271520.320
  3070:   271520.330   271520.350   271520.240   271520.120   271770.220
  3075:   271770.230   271770.250   271770.340   271957.120   272092.130
  3080:   272194.120   272237.120   272279.120   272347.120   272370.120
  3085:   272441.120   272538.120   272630.120   272734.120   272770.740
  3090:   272834.130   272994.540   272994.320   272994.330   272994.350
  3095:   272994.240   272994.120   273244.220   273244.230   273244.250
  3100:   273244.340   273419.120   273515.130   273603.120   273711.120
  3105:   273755.120   273764.120   273925.130   274027.120   274104.120
  3110:   274204.120   274227.120   274286.120   274393.120   274494.120
  3115:   274528.120   274604.120   274712.130   274809.120   274882.120
  3120:   274920.120   274969.120   275113.120   275231.130   275323.120
  3125:   275362.120   275483.120   275515.120   275658.130   275743.120
  3130:   275804.120   275924.120   276023.130   276106.120   276220.120
  3135:   276249.120   276355.120   276616.120   276755.120   276858.130
  3140:   277017.120   277047.120   277092.120   277165.120   277199.120
  3145:   277311.120   277440.130   277545.120   277570.120   277646.120
  3150:   277714.120   277744.120   277849.120   278022.130   278141.120
  3155:   278211.120   278252.120   278281.120   278312.120   278349.120
  3160:   278445.130   278542.120   278588.120   278630.120   278706.120
  3165:   278807.120   278914.130   279013.120   279092.120   279122.120
  3170:   279234.120   279335.130   279493.120   279528.120   279592.120
  3175:   279690.120   279744.740   279790.130   279891.540   279891.320
  3180:   279891.330   279891.350   279891.240   279891.120   280141.220
  3185:   280141.230   280141.250   280141.340   280429.130   280522.120
  3190:   280637.120   280662.120   280795.120   280826.120   280921.120
  3195:   280950.120   281053.120   281166.130   281262.120   281336.120
  3200:   281410.120   281554.120   281641.740   281651.130   281737.540
  3205:   281737.320   281737.330   281737.350   281737.240   281737.120
  3210:   281987.220   281987.230   281987.250   281987.340   282142.120
  3215:   282370.120   282414.120   282446.120   282553.130   282638.120
  3220:   282763.120   282883.120   282915.120   282987.740   283019.540
  3225:   283019.320   283019.330   283019.350   283019.240   283019.120
  3230:   283073.840   283269.220   283269.230   283269.250   283269.340
  3235:   283504.640   283504.320   283504.330   283504.350   283504.240
  3240:   283504.130   283754.220   283754.230   283754.250   283754.340
  3245:   283923.120   284056.130   284157.120   284242.130   284333.120
  3250:   284415.130   284499.120   284554.840   284569.740   284598.640
  3255:   284598.320   284598.330   284598.350   284598.240   284598.130
  3260:   284848.220   284848.230   284848.250   284848.340   285066.540
  3265:   285066.320   285066.330   285066.350   285066.240   285066.120
  3270:   285316.220   285316.230   285316.250   285316.340   285496.120
  3275:   285531.120   285548.840   285634.640   285634.320   285634.330
  3280:   285634.350   285634.240   285634.130   285884.220   285884.230
  3285:   285884.250   285884.340   286035.120   286071.120   286175.130
  3290:   286239.130   286303.130   286399.120   286465.130   286550.120
  3295:   286584.120   286669.130   286756.120   286855.130   286940.120
  3300:   287027.130   287097.120   287130.120   287222.130   287309.120
  3305:   287406.130   287494.120   287551.120   287616.120   287727.130
  3310:   287812.120   287919.130   287985.120   288008.120   288089.120
  3315:   288176.120   288281.130   288371.120   288499.120   288592.130
  3320:   288680.120   288744.120   288751.120   288819.120   288928.120
  3325:   288962.120   289058.120   289184.120   289287.130   289383.120
  3330:   289441.120   289570.130   289657.120   289789.120   289900.130
  3335:   290049.120   290082.120   290190.120   290357.120   290416.740
  3340:   290468.130   290557.540   290557.320   290557.330   290557.350
  3345:   290557.240   290557.120   290807.220   290807.230   290807.250
  3350:   290807.340   291090.120   291200.130   291291.120   291423.130
  3355:   291509.120   291589.120   291787.120   291807.740   291824.540
  3360:   291824.320   291824.330   291824.350   291824.240   291824.120
  3365:   292074.220   292074.230   292074.250   292074.340   292331.130
  3370:   292374.740   292426.540   292426.320   292426.330   292426.350
  3375:   292426.240   292426.120   292676.220   292676.230   292676.250
  3380:   292676.340   292834.120   292875.120   292966.130   293005.130
  3385:   293097.120   293182.130   293269.120   293373.130   293550.130
  3390:   293625.120   293647.120   293806.120   293906.130   293982.120
  3395:   294090.120   294223.120   294256.120   294353.120   294509.120
  3400:   294631.120   294748.120   294854.130   294950.120   295033.120
  3405:   295164.120   295343.120   295443.130   295665.120   295743.120
  3410:   295900.120   295927.120   295963.120   296014.120   296043.120
  3415:   296084.840   296179.640   296179.320   296179.330   296179.350
  3420:   296179.240   296179.130   296429.220   296429.230   296429.250
  3425:   296429.340   296588.120   296683.130   296858.130   297066.120
  3430:   297150.130   297228.120   297321.120   297329.840   297382.120
  3435:   297478.120   297564.120   297662.120   297695.120   297794.640
  3440:   297794.320   297794.330   297794.350   297794.240   297794.130
  3445:   298044.220   298044.230   298044.250   298044.340   298214.120
  3450:   298312.130   298404.120   298535.130   298631.120   298742.130
  3455:   298843.120   298935.130   299003.120   299064.120   299173.120
  3460:   299301.120   299386.130   299588.120   299686.130   299769.120
  3465:   299884.120   300022.130   300109.120   300196.120   300277.120
  3470:   300309.120   300381.120   300486.130   300570.120   300643.120
  3475:   300757.120   300893.120   300923.120   300953.120   301123.120
  3480:   301231.130   301384.120   301491.120   301523.120   301680.120
  3485:   301718.120   301751.120   301865.130   301963.120   301985.120
  3490:   302054.120   302164.120   302268.130   302428.120   302595.120
  3495:   302691.130   302795.120   302822.120   302882.120   302983.120
  3500:   303094.130   303333.120   303374.120   303406.120   303455.120
  3505:   303494.120   303600.120   303699.130   303793.120   303891.120
  3510:   303957.120   303992.120   304098.130   304185.120   304298.120
  3515:   304330.120   304471.120   304608.130   304653.130   304765.120
  3520:   304849.120   304888.120   304926.120   304964.120   305061.120
  3525:   305171.130   305356.120   305507.120   305546.120   305760.120
  3530:   305862.130   306034.120   306207.120   306239.120   306307.120
  3535:   306437.130   306560.120   306650.120   306818.120   306855.120
  3540:   307002.130   307044.130   307138.120   307238.120   307276.740
  3545:   307403.540   307403.320   307403.330   307403.350   307403.240
  3550:   307403.120   307653.220   307653.230   307653.250   307653.340
  3555:   307854.130   307956.120   308027.120   308057.120   308149.120
  3560:   308256.120   308297.120   308340.120   308443.130   308669.120
  3565:   308741.120   308777.120   309012.130   309101.120   309270.120
  3570:   309303.120   309345.120   309494.120   309526.120   309628.130
  3575:   309744.840   309840.120   309882.120   309918.120   310052.120
  3580:   310147.640   310147.320   310147.330   310147.350   310147.240
  3585:   310147.130   310397.220   310397.230   310397.250   310397.340
  3590:   310530.120   310565.120   310652.130   310743.120   310846.130
  3595:   310947.120   311035.130   311116.120   311210.130   311303.120
  3600:   311369.120   311502.120   311542.120   311650.120   311740.130
  3605:   311837.120   311892.120   311997.130   312104.120   312238.120
  3610:   312275.120   312304.120   312490.120   312594.130   313044.120
  3615:   313079.120   313221.130   313338.130   313596.120   313706.130
  3620:   313853.740   313866.540   313866.320   313866.330   313866.350
  3625:   313866.240   313866.120   314116.220   314116.230   314116.250
  3630:   314116.340   314307.120   314344.120   314475.130   314571.130
  3635:   314677.120   314703.120   314784.130   314870.120   314961.130
  3640:   315053.130   315128.120   315228.130   315325.120   315457.120
  3645:   315489.120   315585.130   315673.120   315717.120   315812.120
  3650:   315910.130   315997.120   316060.120   316186.120   316223.120
  3655:   316893.120   316930.120   316979.120   317119.130   317183.130
  3660:   317426.130   317543.130   317640.120   317730.120   317751.120
  3665:   317852.120   317947.120   318102.120   318136.120   318227.120
  3670:   318380.120   318412.120   318520.130   318555.130   318734.120
  3675:   318978.130   319077.120   319097.840   319102.120   319351.120
  3680:   319387.120   319518.640   319518.320   319518.330   319518.350
  3685:   319518.240   319518.130   319768.220   319768.230   319768.250
  3690:   319768.340   319913.120   319945.120   320042.130   320144.120
  3695:   320173.120   320291.130   320389.120   320472.130   320562.120
  3700:   320662.130   320754.120   320831.120   320892.120   320899.120
  3705:   320997.120   321093.130   321308.120   321340.120   321408.120
  3710:   321502.120   321601.130   321720.130   321806.120   321919.120
  3715:   321945.120   322043.120   322214.120   322314.130   322497.120
  3720:   322603.120   322709.130   322804.120   322933.120   322941.120
  3725:   322972.120   323097.130   323204.120   323268.840   323316.740
  3730:   323324.540   323324.320   323324.330   323324.350   323324.240
  3735:   323324.120   323574.220   323574.230   323574.250   323574.340
  3740:   323853.640   323853.320   323853.330   323853.350   323853.240
  3745:   323853.130   324103.220   324103.230   324103.250   324103.340
  3750:   324276.120   324309.120   324358.120   324452.130   324552.120
  3755:   324574.740   324631.130   324721.540   324721.320   324721.330
  3760:   324721.350   324721.240   324721.120   324971.220   324971.230
  3765:   324971.250   324971.340   325130.120   325201.120   325304.130
  3770:   325345.130   325444.120   325535.130   325629.120   325726.130
  3775:   325814.120   325907.130   325992.120   326075.130   326160.120
  3780:   326171.740   326271.130   326364.540   326364.320   326364.330
  3785:   326364.350   326364.240   326364.120   326614.220   326614.230
  3790:   326614.250   326614.340   326765.120   326799.120   326921.130
  3795:   327016.120   327101.130   327243.130   327345.120   327533.120
  3800:   327572.120   327669.130   327758.120   327868.130   327956.120
  3805:   328047.130   328137.120   328178.120   328338.120   328374.120
  3810:   328456.130   328514.740   328543.540   328543.320   328543.330
  3815:   328543.350   328543.240   328543.120   328793.220   328793.230
  3820:   328793.250   328793.340   329069.120   329170.130   329264.120
  3825:   329293.740   329346.130   329431.540   329431.320   329431.330
  3830:   329431.350   329431.240   329431.120   329681.220   329681.230
  3835:   329681.250   329681.340   329855.120   329886.120   330039.120
  3840:   330098.120   330208.130   330306.120   330411.130   330525.120
  3845:   330556.120   330648.130   330741.120   330833.130   330921.120
  3850:   331101.120   331191.130   331393.120   331421.120   331478.120
  3855:   331559.120   331657.120   331751.130   331842.120   331968.120
  3860:   332069.130   332081.740   332161.540   332161.320   332161.330
  3865:   332161.350   332161.240   332161.120   332411.220   332411.230
  3870:   332411.250   332411.340   332587.120   332649.120   332783.130
  3875:   332818.130   332915.120   333006.130   333074.120   333111.740
  3880:   333137.540   333137.320   333137.330   333137.350   333137.240
  3885:   333137.120   333387.220   333387.230   333387.250   333387.340
  3890:   333579.120   333613.120   333713.130   333809.120   333887.740
  3895:   333903.540   333903.320   333903.330   333903.350   333903.240
  3900:   333903.120   334153.220   334153.230   334153.250   334153.340
  3905:   334328.120   334432.130   334603.130   334690.120   334771.130
  3910:   334859.120   334958.130   335046.120   335204.130   335287.120
  3915:   335376.130   335455.120   335511.120   335604.120   335622.120
  3920:   335697.120   335722.120   335805.130   335890.120   335979.120
  3925:   336053.740   336093.540   336093.320   336093.330   336093.350
  3930:   336093.240   336093.120   336343.220   336343.230   336343.250
  3935:   336343.340   336513.120   336547.120   336644.130   336743.120
  3940:   336779.120   336872.130   336943.740   336968.540   336968.320
  3945:   336968.330   336968.350   336968.240   336968.120   337218.220
  3950:   337218.230   337218.250   337218.340   337430.120   337463.120
  3955:   337554.120   337648.130   337740.120   337947.120   338077.120
  3960:   338153.130   338224.120   338315.130   338401.120   338507.130
  3965:   338588.120   338699.120   338803.130   338872.120   339010.120
  3970:   339114.120   339243.120   339318.740   339391.130   339479.540
  3975:   339479.320   339479.330   339479.350   339479.240   339479.120
  3980:   339729.220   339729.230   339729.250   339729.340   339950.120
  3985:   339978.120   340066.130   340149.120   340218.130   340285.120
  3990:   340367.130   340451.120   340522.130   340555.130   340627.120
  3995:   340745.130   340828.120   340925.130   341126.120   341236.120
  4000:   341324.130   341407.120   341497.120   341570.120   341605.120
  4005:   341675.120   341703.840   341778.120   341911.120   341971.120
  4010:   342118.120   342251.640   342251.320   342251.330   342251.350
  4015:   342251.240   342251.130   342501.220   342501.230   342501.250
  4020:   342501.340   342664.120   342779.130   342881.120   342910.120
  4025:   343004.130   343099.120   343220.130   343313.120   343427.130
  4030:   343517.120   343606.130   343693.120   343797.120   343872.120
  4035:   343987.120   344017.120   344124.120   344161.120   344229.740
  4040:   344265.130   344354.540   344354.320   344354.330   344354.350
  4045:   344354.240   344354.120   344604.220   344604.230   344604.250
  4050:   344604.340   344770.120   344798.120   344908.130   345002.120
  4055:   345094.130   345131.130   345223.120   345318.120   345414.130
  4060:   345601.120   345704.130   345785.120   345804.740   345906.540
  4065:   345906.320   345906.330   345906.350   345906.240   345906.120
  4070:   346156.220   346156.230   346156.250   346156.340   346319.120
  4075:   346443.130   346539.120   346626.130   346705.120   346795.120
  4080:   346884.120   347046.120   347143.130   347226.120   347344.120
  4085:   347444.120   347541.120   347576.120   347713.130   347812.120
  4090:   347858.120   347940.120   348059.120   348088.120   348126.120
  4095:   348208.130   348369.120   348467.120   348576.130   348669.120
  4100:   348863.120   348985.130   349056.740   349083.540   349083.320
  4105:   349083.330   349083.350   349083.240   349083.120   349333.220
  4110:   349333.230   349333.250   349333.340   349526.120   349629.130
  4115:   349735.120   349822.130   349906.120   350021.130   350103.120
  4120:   350213.120   350314.120   350404.120   350510.120   350536.120
  4125:   350636.130   350850.120   350951.130   351018.120   351097.120
  4130:   351168.120   351275.130   351362.120   351433.740   351478.540
  4135:   351478.320   351478.330   351478.350   351478.240   351478.120
  4140:   351728.220   351728.230   351728.250   351728.340   351951.120
  4145:   352052.120   352152.130   352254.120   352282.120   352394.130
  4150:   352481.120   352572.130   352654.120   352732.120   352815.120
  4155:   352882.120   352984.130   353070.120   353160.120   353205.120
  4160:   353330.130   353488.120   353514.120   353561.120   353699.120
  4165:   353796.130   353882.120   353973.120   354007.120   354244.130
  4170:   354336.120   354387.120   354513.120   354544.120   354671.130
  4175:   354773.120   354864.120   354893.120   355098.120   355198.130
  4180:   355295.120   355455.120   355563.130   355661.120   355831.120
  4185:   355864.120   356139.120   356171.120   356281.120   356376.130
  4190:   356504.120   356671.130   356831.120   356928.120   357092.120
  4195:   357205.120   357350.120   357456.130   357575.120   357584.120
  4200:   357660.120   357740.130   357847.120   357950.120   358084.120
  4205:   358182.130   358276.120   358345.120   358355.120   358418.120
  4210:   358522.120   358664.120   358698.120   358829.130   358927.120
  4215:   358951.120   359256.130   359367.120   359471.120   359503.120
  4220:   359615.130   359713.120   359805.120   359832.120   359869.120
  4225:   360000.320   360000.330   360000.350   360000.020
C:
     0:        0.000     2045.000      856.000       96.000       36.000
     5:        0.000
D:
     0:        0.000        0.000
L:
     0:      333.000      333.000      333.000
M:
     0:      900.000      901.000      902.000      903.000      904.000
     5:      905.000      906.000      907.000      908.000      909.000
    10:      910.000      911.000      912.000      913.000      914.000
    15:      915.000      916.000      917.000      918.000      919.000
    20:      920.000      921.000      922.000      923.000      924.000
    25:      925.000      926.000      927.000      928.000      929.000
    30:      930.000      931.000      932.000      933.000      934.000
    35:      935.000      936.000      937.000      938.000      939.000
    40:      940.000      941.000      942.000      943.000      944.000
    45:      945.000      946.000      947.000      948.000      949.000
    50:      950.000      951.000      952.000      953.000      954.000
    55:      955.000      956.000      957.000      958.000      959.000
    60:      960.000      961.000      962.000      963.000      964.000
    65:      965.000      966.000      967.000      968.000      969.000
    70:      970.000      971.000      972.000      973.000      974.000
    75:      975.000      976.000      977.000      978.000      979.000
    80:      980.000      981.000      982.000      983.000      984.000
    85:      985.000      986.000      987.000      988.000      989.000
    90:      990.000      991.000      992.000      993.000      994.000
    95:      995.000      996.000      997.000      998.000      999.000
   100:     1000.000     1001.000     1002.000     1003.000     1004.000
   105:     1005.000     1006.000     1007.000     1008.000     1009.000
   110:     1010.000     1011.000     1012.000     1013.000     1014.000
   115:     1015.000     1016.000     1017.000     1018.000     1019.000
   120:     1020.000     1021.000     1022.000     1023.000     1024.000
   125:     1025.000     1026.000     1027.000     1028.000     1029.000
   130:     1030.000     1031.000     1032.000     1033.000     1034.000
   135:     1035.000     1036.000     1037.000     1038.000     1039.000
   140:     1040.000     1041.000     1042.000     1043.000     1044.000
   145:     1045.000     1046.000     1047.000     1048.000     1049.000
   150:     1050.000     1051.000     1052.000     1053.000     1054.000
   155:     1055.000     1056.000     1057.000     1058.000     1059.000
   160:     1060.000     1061.000     1062.000     1063.000     1064.000
   165:     1065.000     1066.000     1067.000     1068.000     1069.000
   170:     1070.000     1071.000     1072.000     1073.000     1074.000
   175:     1075.000     1076.000     1077.000     1078.000     1079.000
   180:     1080.000     1081.000     1082.000     1083.000     1084.000
   185:     1085.000     1086.000     1087.000     1088.000     1089.000
   190:     1090.000     1091.000     1092.000     1093.000     1094.000
   195:     1095.000     1096.000     1097.000     1098.000     1099.000
   200:     1100.000     1101.000     1102.000     1103.000     1104.000
   205:     1105.000     1106.000     1107.000     1108.000     1109.000
   210:     1110.000     1111.000     1112.000     1113.000     1114.000
   215:     1115.000     1116.000     1117.000     1118.000     1119.000
   220:     1120.000     1121.000     1122.000     1123.000     1124.000
   225:     1125.000     1126.000     1127.000     1128.000     1129.000
   230:     1130.000     1131.000     1132.000     1133.000     1134.000
   235:     1135.000     1136.000     1137.000     1138.000     1139.000
   240:     1140.000     1141.000     1142.000     1143.000     1144.000
   245:     1145.000     1146.000     1147.000     1148.000     1149.000
   250:     1150.000     1151.000     1152.000     1153.000     1154.000
   255:     1155.000     1156.000     1157.000     1158.000     1159.000
   260:     1160.000     1161.000     1162.000     1163.000     1164.000
   265:     1165.000     1166.000     1167.000     1168.000     1169.000
   270:     1170.000     1171.000     1172.000     1173.000     1174.000
   275:     1175.000     1176.000     1177.000     1178.000     1179.000
   280:     1180.000     1181.000     1182.000     1183.000     1184.000
   285:     1185.000     1186.000     1187.000     1188.000     1189.000
   290:     1190.000     1191.000     1192.000     1193.000     1194.000
   295:     1195.000     1196.000     1197.000     1198.000     1199.000
   300:     1200.000     1201.000     1202.000     1203.000     1204.000
   305:     1205.000     1206.000     1207.000     1208.000     1209.000
   310:     1210.000     1211.000     1212.000     1213.000     1214.000
   315:     1215.000     1216.000     1217.000     1218.000     1219.000
   320:     1220.000     1221.000     1222.000     1223.000     1224.000
   325:     1225.000     1226.000     1227.000     1228.000     1229.000
   330:     1230.000     1231.000     1232.000     1233.000     1234.000
   335:     1235.000     1236.000     1237.000     1238.000     1239.000
   340:     1240.000     1241.000     1242.000     1243.000     1244.000
   345:     1245.000     1246.000     1247.000     1248.000     1249.000
   350:     1250.000     1251.000     1252.000     1253.000     1254.000
   355:     1255.000     1256.000     1257.000     1258.000     1259.000
   360:     1260.000     1261.000     1262.000     1263.000     1264.000
   365:     1265.000     1266.000     1267.000     1268.000     1269.000
   370:     1270.000     1271.000     1272.000     1273.000     1274.000
   375:     1275.000     1276.000     1277.000     1278.000     1279.000
   380:     1280.000     1281.000     1282.000     1283.000     1284.000
   385:     1285.000     1286.000     1287.000     1288.000     1289.000
   390:     1290.000     1291.000     1292.000     1293.000     1294.000
   395:     1295.000     1296.000     1297.000     1298.000     1299.000
   400:     1300.000     1301.000     1302.000     1303.000     1304.000
   405:     1305.000     1306.000     1307.000     1308.000     1309.000
   410:     1310.000     1311.000     1312.000     1313.000     1314.000
   415:     1315.000     1316.000     1317.000     1318.000     1319.000
   420:     1320.000     1321.000     1322.000     1323.000     1324.000
   425:     1325.000     1326.000     1327.000     1328.000     1329.000
   430:     1330.000     1331.000     1332.000     1333.000     1334.000
   435:     1335.000     1336.000     1337.000     1338.000     1339.000
   440:     1340.000     1341.000     1342.000     1343.000     1344.000
   445:     1345.000     1346.000     1347.000     1348.000     1349.000
   450:     1350.000     1351.000     1352.000     1353.000     1354.000
   455:     1355.000     1356.000     1357.000     1358.000     1359.000
   460:     1360.000     1361.000     1362.000     1363.000     1364.000
   465:     1365.000     1366.000     1367.000     1368.000     1369.000
   470:     1370.000     1371.000     1372.000     1373.000     1374.000
   475:     1375.000     1376.000     1377.000     1378.000     1379.000
   480:     1380.000     1381.000     1382.000     1383.000     1384.000
   485:     1385.000     1386.000     1387.000     1388.000     1389.000
   490:     1390.000     1391.000     1392.000     1393.000     1394.000
   495:     1395.000     1396.000     1397.000     1398.000     1399.000
   500:     1400.000     1401.000     1402.000     1403.000     1404.000
   505:     1405.000     1406.000     1407.000     1408.000     1409.000
   510:     1410.000     1411.000     1412.000     1413.000     1414.000
   515:     1415.000     1416.000     1417.000     1418.000     1419.000
   520:     1420.000     1421.000     1422.000     1423.000     1424.000
   525:     1425.000     1426.000     1427.000     1428.000     1429.000
   530:     1430.000     1431.000     1432.000     1433.000     1434.000
   535:     1435.000     1436.000     1437.000     1438.000     1439.000
   540:     1440.000     1441.000     1442.000     1443.000     1444.000
   545:     1445.000     1446.000     1447.000     1448.000     1449.000
   550:     1450.000     1451.000     1452.000     1453.000     1454.000
   555:     1455.000     1456.000     1457.000     1458.000     1459.000
   560:     1460.000     1461.000     1462.000     1463.000     1464.000
   565:     1465.000     1466.000     1467.000     1468.000     1469.000
   570:     1470.000     1471.000     1472.000     1473.000     1474.000
   575:     1475.000     1476.000     1477.000     1478.000     1479.000
   580:     1480.000     1481.000     1482.000     1483.000     1484.000
   585:     1485.000     1486.000     1487.000     1488.000     1489.000
   590:     1490.000     1491.000     1492.000     1493.000     1494.000
   595:     1495.000     1496.000     1497.000     1498.000     1499.000
   600:     1500.000     1501.000     1502.000     1503.000     1504.000
   605:     1505.000     1506.000     1507.000     1508.000     1509.000
   610:     1510.000     1511.000     1512.000     1513.000     1514.000
   615:     1515.000     1516.000     1517.000     1518.000     1519.000
   620:     1520.000     1521.000     1522.000     1523.000     1524.000
   625:     1525.000     1526.000     1527.000     1528.000     1529.000
   630:     1530.000     1531.000     1532.000     1533.000     1534.000
   635:     1535.000     1536.000     1537.000     1538.000     1539.000
   640:     1540.000     1541.000     1542.000     1543.000     1544.000
   645:     1545.000     1546.000     1547.000     1548.000     1549.000
   650:     1550.000     1551.000     1552.000     1553.000     1554.000
   655:     1555.000     1556.000     1557.000     1558.000     1559.000
   660:     1560.000     1561.000     1562.000     1563.000     1564.000
   665:     1565.000     1566.000     1567.000     1568.000     1569.000
   670:     1570.000     1571.000     1572.000     1573.000     1574.000
   675:     1575.000     1576.000     1577.000     1578.000     1579.000
   680:     1580.000     1581.000     1582.000     1583.000     1584.000
   685:     1585.000     1586.000     1587.000     1588.000     1589.000
   690:     1590.000     1591.000     1592.000     1593.000     1594.000
   695:     1595.000     1596.000     1597.000     1598.000     1599.000
   700:     1600.000     1601.000     1602.000     1603.000     1604.000
   705:     1605.000     1606.000     1607.000     1608.000     1609.000
   710:     1610.000     1611.000     1612.000     1613.000     1614.000
   715:     1615.000     1616.000     1617.000     1618.000     1619.000
   720:     1620.000     1621.000     1622.000     1623.000     1624.000
   725:     1625.000     1626.000     1627.000     1628.000     1629.000
   730:     1630.000     1631.000     1632.000     1633.000     1634.000
   735:     1635.000     1636.000     1637.000     1638.000     1639.000
   740:     1640.000     1641.000     1642.000     1643.000     1644.000
   745:     1645.000     1646.000     1647.000     1648.000     1649.000
   750:     1650.000     1651.000     1652.000     1653.000     1654.000
   755:     1655.000     1656.000     1657.000     1658.000     1659.000
   760:     1660.000     1661.000     1662.000     1663.000     1664.000
   765:     1665.000     1666.000     1667.000     1668.000     1669.000
   770:     1670.000     1671.000     1672.000     1673.000     1674.000
   775:     1675.000     1676.000     1677.000     1678.000     1679.000
   780:     1680.000     1681.000     1682.000     1683.000     1684.000
   785:     1685.000     1686.000     1687.000     1688.000     1689.000
   790:     1690.000     1691.000     1692.000     1693.000     1694.000
   795:     1695.000     1696.000     1697.000     1698.000     1699.000
   800:     1700.000     1701.000     1702.000     1703.000     1704.000
   805:     1705.000     1706.000     1707.000     1708.000     1709.000
   810:     1710.000     1711.000     1712.000     1713.000     1714.000
   815:     1715.000     1716.000     1717.000     1718.000     1719.000
   820:     1720.000     1721.000     1722.000     1723.000     1724.000
   825:     1725.000     1726.000     1727.000     1728.000     1729.000
   830:     1730.000     1731.000     1732.000     1733.000     1734.000
   835:     1735.000     1736.000     1737.000     1738.000     1739.000
   840:     1740.000     1741.000     1742.000     1743.000     1744.000
   845:     1745.000     1746.000     1747.000     1748.000     1749.000
   850:     1750.000     1751.000     1752.000     1753.000     1754.000
   855:     1755.000     1756.000     1757.000     1758.000     1759.000
   860:     1760.000     1761.000     1762.000     1763.000     1764.000
   865:     1765.000     1766.000     1767.000     1768.000     1769.000
   870:     1770.000     1771.000     1772.000     1773.000     1774.000
   875:     1775.000     1776.000     1777.000     1778.000     1779.000
   880:     1780.000     1781.000     1782.000     1783.000     1784.000
   885:     1785.000     1786.000     1787.000     1788.000     1789.000
   890:     1790.000     1791.000     1792.000     1793.000     1794.000
   895:     1795.000     1796.000     1797.000     1798.000     1799.000
   900:     1800.000     1801.000     1802.000     1803.000     1804.000
   905:     1805.000     1806.000     1807.000     1808.000     1809.000
   910:     1810.000     1811.000     1812.000     1813.000     1814.000
   915:     1815.000     1816.000     1817.000     1818.000     1819.000
   920:     1820.000     1821.000     1822.000     1823.000     1824.000
   925:     1825.000     1826.000     1827.000     1828.000     1829.000
   930:     1830.000     1831.000     1832.000     1833.000     1834.000
   935:     1835.000     1836.000     1837.000     1838.000     1839.000
   940:     1840.000     1841.000     1842.000     1843.000     1844.000
   945:     1845.000     1846.000     1847.000     1848.000     1849.000
   950:     1850.000     1851.000     1852.000     1853.000     1854.000
   955:     1855.000     1856.000     1857.000     1858.000     1859.000
   960:     1860.000     1861.000     1862.000     1863.000     1864.000
   965:     1865.000     1866.000     1867.000     1868.000     1869.000
   970:     1870.000     1871.000     1872.000     1873.000     1874.000
   975:     1875.000     1876.000     1877.000     1878.000     1879.000
   980:     1880.000     1881.000     1882.000     1883.000     1884.000
   985:     1885.000     1886.000     1887.000     1888.000     1889.000
   990:     1890.000     1891.000     1892.000     1893.000     1894.000
   995:     1895.000     1896.000     1897.000     1898.000     1899.000
  1000:     1900.000     1901.000     1902.000     1903.000     1904.000
  1005:     1905.000     1906.000     1907.000     1908.000     1909.000
  1010:     1910.000     1911.000     1912.000     1913.000     1914.000
  1015:     1915.000     1916.000     1917.000     1918.000     1919.000
  1020:     1920.000     1921.000     1922.000     1923.000     1924.000
  1025:     1925.000     1926.000     1927.000     1928.000     1929.000
  1030:     1930.000     1931.000     1932.000     1933.000     1934.000
  1035:     1935.000     1936.000     1937.000     1938.000     1939.000
  1040:     1940.000     1941.000     1942.000     1943.000     1944.000
  1045:     1945.000     1946.000     1947.000     1948.000     1949.000
  1050:     1950.000     1951.000     1952.000     1953.000     1954.000
  1055:     1955.000     1956.000     1957.000     1958.000     1959.000
  1060:     1960.000     1961.000     1962.000     1963.000     1964.000
  1065:     1965.000     1966.000     1967.000     1968.000     1969.000
  1070:     1970.000     1971.000     1972.000     1973.000     1974.000
  1075:     1975.000     1976.000     1977.000     1978.000     1979.000
  1080:     1980.000     1981.000     1982.000     1983.000     1984.000
  1085:     1985.000     1986.000     1987.000     1988.000     1989.000
  1090:     1990.000     1991.000     1992.000     1993.000     1994.000
  1095:     1995.000     1996.000     1997.000     1998.000     1999.000
  1100:     2000.000     2001.000     2002.000     2003.000     2004.000
  1105:     2005.000     2006.000     2007.000     2008.000     2009.000
  1110:     2010.000     2011.000     2012.000     2013.000     2014.000
  1115:     2015.000     2016.000     2017.000     2018.000     2019.000
  1120:     2020.000     2021.000     2022.000     2023.000     2024.000
  1125:     2025.000     2026.000     2027.000     2028.000     2029.000
  1130:     2030.000     2031.000     2032.000     2033.000     2034.000
  1135:     2035.000     2036.000     2037.000     2038.000     2039.000
  1140:     2040.000     2041.000     2042.000     2043.000     2044.000
  1145:     2045.000     2046.000     2047.000     2048.000     2049.000
  1150:     2050.000     2051.000     2052.000     2053.000     2054.000
  1155:     2055.000     2056.000     2057.000     2058.000     2059.000
  1160:     2060.000     2061.000     2062.000     2063.000     2064.000
  1165:     2065.000     2066.000     2067.000     2068.000     2069.000
  1170:     2070.000     2071.000     2072.000     2073.000     2074.000
  1175:     2075.000     2076.000     2077.000     2078.000     2079.000
  1180:     2080.000     2081.000     2082.000     2083.000     2084.000
  1185:     2085.000     2086.000     2087.000     2088.000     2089.000
  1190:     2090.000     2091.000     2092.000     2093.000     2094.000
  1195:     2095.000     2096.000     2097.000     2098.000     2099.000
  1200:     2100.000
N:
     0:     3300.000     3301.000     3302.000     3303.000     3304.000
     5:     3305.000     3306.000     3307.000     3308.000     3309.000
    10:     3310.000     3311.000     3312.000     3313.000     3314.000
    15:     3315.000     3316.000     3317.000     3318.000     3319.000
    20:     3320.000     3321.000     3322.000     3323.000     3324.000
    25:     3325.000     3326.000     3327.000     3328.000     3329.000
    30:     3330.000     3331.000     3332.000     3333.000     3334.000
    35:     3335.000     3336.000     3337.000     3338.000     3339.000
    40:     3340.000     3341.000     3342.000     3343.000     3344.000
    45:     3345.000     3346.000     3347.000     3348.000     3349.000
    50:     3350.000     3351.000     3352.000     3353.000     3354.000
    55:     3355.000     3356.000     3357.000     3358.000     3359.000
    60:     3360.000     3361.000     3362.000     3363.000     3364.000
    65:     3365.000     3366.000     3367.000     3368.000     3369.000
    70:     3370.000     3371.000     3372.000     3373.000     3374.000
    75:     3375.000     3376.000     3377.000     3378.000     3379.000
    80:     3380.000     3381.000     3382.000     3383.000     3384.000
    85:     3385.000     3386.000     3387.000     3388.000     3389.000
    90:     3390.000     3391.000     3392.000     3393.000     3394.000
    95:     3395.000     3396.000     3397.000     3398.000     3399.000
   100:     3400.000     3401.000     3402.000     3403.000     3404.000
   105:     3405.000     3406.000     3407.000     3408.000     3409.000
   110:     3410.000     3411.000     3412.000     3413.000     3414.000
   115:     3415.000     3416.000     3417.000     3418.000     3419.000
   120:     3420.000     3421.000     3422.000     3423.000     3424.000
   125:     3425.000     3426.000     3427.000     3428.000     3429.000
   130:     3430.000     3431.000     3432.000     3433.000     3434.000
   135:     3435.000     3436.000     3437.000     3438.000     3439.000
   140:     3440.000     3441.000     3442.000     3443.000     3444.000
   145:     3445.000     3446.000     3447.000     3448.000     3449.000
   150:     3450.000     3451.000     3452.000     3453.000     3454.000
   155:     3455.000     3456.000     3457.000     3458.000     3459.000
   160:     3460.000     3461.000     3462.000     3463.000     3464.000
   165:     3465.000     3466.000     3467.000     3468.000     3469.000
   170:     3470.000     3471.000     3472.000     3473.000     3474.000
   175:     3475.000     3476.000     3477.000     3478.000     3479.000
   180:     3480.000     3481.000     3482.000     3483.000     3484.000
   185:     3485.000     3486.000     3487.000     3488.000     3489.000
   190:     3490.000     3491.000     3492.000     3493.000     3494.000
   195:     3495.000     3496.000     3497.000     3498.000     3499.000
   200:     3500.000     3501.000     3502.000     3503.000     3504.000
   205:     3505.000     3506.000     3507.000     3508.000     3509.000
   210:     3510.000     3511.000     3512.000     3513.000     3514.000
   215:     3515.000     3516.000     3517.000     3518.000     3519.000
   220:     3520.000     3521.000     3522.000     3523.000     3524.000
   225:     3525.000     3526.000     3527.000     3528.000     3529.000
   230:     3530.000     3531.000     3532.000     3533.000     3534.000
   235:     3535.000     3536.000     3537.000     3538.000     3539.000
   240:     3540.000     3541.000     3542.000     3543.000     3544.000
   245:     3545.000     3546.000     3547.000     3548.000     3549.000
   250:     3550.000     3551.000     3552.000     3553.000     3554.000
   255:     3555.000     3556.000     3557.000     3558.000     3559.000
   260:     3560.000     3561.000     3562.000     3563.000     3564.000
   265:     3565.000     3566.000     3567.000     3568.000     3569.000
   270:     3570.000     3571.000     3572.000     3573.000     3574.000
   275:     3575.000     3576.000     3577.000     3578.000     3579.000
   280:     3580.000     3581.000     3582.000     3583.000     3584.000
   285:     3585.000     3586.000     3587.000     3588.000     3589.000
   290:     3590.000     3591.000     3592.000     3593.000     3594.000
   295:     3595.000     3596.000     3597.000     3598.000     3599.000
   300:     3600.000     3601.000     3602.000     3603.000     3604.000
   305:     3605.000     3606.000     3607.000     3608.000     3609.000
   310:     3610.000     3611.000     3612.000     3613.000     3614.000
   315:     3615.000     3616.000     3617.000     3618.000     3619.000
   320:     3620.000     3621.000     3622.000     3623.000     3624.000
   325:     3625.000     3626.000     3627.000     3628.000     3629.000
   330:     3630.000     3631.000     3632.000     3633.000     3634.000
   335:     3635.000     3636.000     3637.000     3638.000     3639.000
   340:     3640.000     3641.000     3642.000     3643.000     3644.000
   345:     3645.000     3646.000     3647.000     3648.000     3649.000
   350:     3650.000     3651.000     3652.000     3653.000     3654.000
   355:     3655.000     3656.000     3657.000     3658.000     3659.000
   360:     3660.000     3661.000     3662.000     3663.000     3664.000
   365:     3665.000     3666.000     3667.000     3668.000     3669.000
   370:     3670.000     3671.000     3672.000     3673.000     3674.000
   375:     3675.000     3676.000     3677.000     3678.000     3679.000
   380:     3680.000     3681.000     3682.000     3683.000     3684.000
   385:     3685.000     3686.000     3687.000     3688.000     3689.000
   390:     3690.000     3691.000     3692.000     3693.000     3694.000
   395:     3695.000     3696.000     3697.000     3698.000     3699.000
   400:     3700.000     3701.000     3702.000     3703.000     3704.000
   405:     3705.000     3706.000     3707.000     3708.000     3709.000
   410:     3710.000     3711.000     3712.000     3713.000     3714.000
   415:     3715.000     3716.000     3717.000     3718.000     3719.000
   420:     3720.000     3721.000     3722.000     3723.000     3724.000
   425:     3725.000     3726.000     3727.000     3728.000     3729.000
   430:     3730.000     3731.000     3732.000     3733.000     3734.000
   435:     3735.000     3736.000     3737.000     3738.000     3739.000
   440:     3740.000     3741.000     3742.000     3743.000     3744.000
   445:     3745.000     3746.000     3747.000     3748.000     3749.000
   450:     3750.000     3751.000     3752.000     3753.000     3754.000
   455:     3755.000     3756.000     3757.000     3758.000     3759.000
   460:     3760.000     3761.000     3762.000     3763.000     3764.000
   465:     3765.000     3766.000     3767.000     3768.000     3769.000
   470:     3770.000     3771.000     3772.000     3773.000     3774.000
   475:     3775.000     3776.000     3777.000     3778.000     3779.000
   480:     3780.000     3781.000     3782.000     3783.000     3784.000
   485:     3785.000     3786.000     3787.000     3788.000     3789.000
   490:     3790.000     3791.000     3792.000     3793.000     3794.000
   495:     3795.000     3796.000     3797.000     3798.000     3799.000
   500:     3800.000     3801.000     3802.000     3803.000     3804.000
   505:     3805.000     3806.000     3807.000     3808.000     3809.000
   510:     3810.000     3811.000     3812.000     3813.000     3814.000
   515:     3815.000     3816.000     3817.000     3818.000     3819.000
   520:     3820.000     3821.000     3822.000     3823.000     3824.000
   525:     3825.000     3826.000     3827.000     3828.000     3829.000
   530:     3830.000     3831.000     3832.000     3833.000     3834.000
   535:     3835.000     3836.000     3837.000     3838.000     3839.000
   540:     3840.000     3841.000     3842.000     3843.000     3844.000
   545:     3845.000     3846.000     3847.000     3848.000     3849.000
   550:     3850.000     3851.000     3852.000     3853.000     3854.000
   555:     3855.000     3856.000     3857.000     3858.000     3859.000
   560:     3860.000     3861.000     3862.000     3863.000     3864.000
   565:     3865.000     3866.000     3867.000     3868.000     3869.000
   570:     3870.000     3871.000     3872.000     3873.000     3874.000
   575:     3875.000     3876.000     3877.000     3878.000     3879.000
   580:     3880.000     3881.000     3882.000     3883.000     3884.000
   585:     3885.000     3886.000     3887.000     3888.000     3889.000
   590:     3890.000     3891.000     3892.000     3893.000     3894.000
   595:     3895.000     3896.000     3897.000     3898.000     3899.000
   600:     3900.000     3901.000     3902.000     3903.000     3904.000
   605:     3905.000     3906.000     3907.000     3908.000     3909.000
   610:     3910.000     3911.000     3912.000     3913.000     3914.000
   615:     3915.000     3916.000     3917.000     3918.000     3919.000
   620:     3920.000     3921.000     3922.000     3923.000     3924.000
   625:     3925.000     3926.000     3927.000     3928.000     3929.000
   630:     3930.000     3931.000     3932.000     3933.000     3934.000
   635:     3935.000     3936.000     3937.000     3938.000     3939.000
   640:     3940.000     3941.000     3942.000     3943.000     3944.000
   645:     3945.000     3946.000     3947.000     3948.000     3949.000
   650:     3950.000     3951.000     3952.000     3953.000     3954.000
   655:     3955.000     3956.000     3957.000     3958.000     3959.000
   660:     3960.000     3961.000     3962.000     3963.000     3964.000
   665:     3965.000     3966.000     3967.000     3968.000     3969.000
   670:     3970.000     3971.000     3972.000     3973.000     3974.000
   675:     3975.000     3976.000     3977.000     3978.000     3979.000
   680:     3980.000     3981.000     3982.000     3983.000     3984.000
   685:     3985.000     3986.000     3987.000     3988.000     3989.000
   690:     3990.000     3991.000     3992.000     3993.000     3994.000
   695:     3995.000     3996.000     3997.000     3998.000     3999.000
   700:     4000.000     4001.000     4002.000     4003.000     4004.000
   705:     4005.000     4006.000     4007.000     4008.000     4009.000
   710:     4010.000     4011.000     4012.000     4013.000     4014.000
   715:     4015.000     4016.000     4017.000     4018.000     4019.000
   720:     4020.000     4021.000     4022.000     4023.000     4024.000
   725:     4025.000     4026.000     4027.000     4028.000     4029.000
   730:     4030.000     4031.000     4032.000     4033.000     4034.000
   735:     4035.000     4036.000     4037.000     4038.000     4039.000
   740:     4040.000     4041.000     4042.000     4043.000     4044.000
   745:     4045.000     4046.000     4047.000     4048.000     4049.000
   750:     4050.000     4051.000     4052.000     4053.000     4054.000
   755:     4055.000     4056.000     4057.000     4058.000     4059.000
   760:     4060.000     4061.000     4062.000     4063.000     4064.000
   765:     4065.000     4066.000     4067.000     4068.000     4069.000
   770:     4070.000     4071.000     4072.000     4073.000     4074.000
   775:     4075.000     4076.000     4077.000     4078.000     4079.000
   780:     4080.000     4081.000     4082.000     4083.000     4084.000
   785:     4085.000     4086.000     4087.000     4088.000     4089.000
   790:     4090.000     4091.000     4092.000     4093.000     4094.000
   795:     4095.000     4096.000     4097.000     4098.000     4099.000
   800:     4100.000     4101.000     4102.000     4103.000     4104.000
   805:     4105.000     4106.000     4107.000     4108.000     4109.000
   810:     4110.000     4111.000     4112.000     4113.000     4114.000
   815:     4115.000     4116.000     4117.000     4118.000     4119.000
   820:     4120.000     4121.000     4122.000     4123.000     4124.000
   825:     4125.000     4126.000     4127.000     4128.000     4129.000
   830:     4130.000     4131.000     4132.000     4133.000     4134.000
   835:     4135.000     4136.000     4137.000     4138.000     4139.000
   840:     4140.000     4141.000     4142.000     4143.000     4144.000
   845:     4145.000     4146.000     4147.000     4148.000     4149.000
   850:     4150.000     4151.000     4152.000     4153.000     4154.000
   855:     4155.000     4156.000     4157.000     4158.000     4159.000
   860:     4160.000     4161.000     4162.000     4163.000     4164.000
   865:     4165.000     4166.000     4167.000     4168.000     4169.000
   870:     4170.000     4171.000     4172.000     4173.000     4174.000
   875:     4175.000     4176.000     4177.000     4178.000     4179.000
   880:     4180.000     4181.000     4182.000     4183.000     4184.000
   885:     4185.000     4186.000     4187.000     4188.000     4189.000
   890:     4190.000     4191.000     4192.000     4193.000     4194.000
   895:     4195.000     4196.000     4197.000     4198.000     4199.000
   900:     4200.000     4201.000     4202.000     4203.000     4204.000
   905:     4205.000     4206.000     4207.000     4208.000     4209.000
   910:     4210.000     4211.000     4212.000     4213.000     4214.000
   915:     4215.000     4216.000     4217.000     4218.000     4219.000
   920:     4220.000     4221.000     4222.000     4223.000     4224.000
   925:     4225.000     4226.000     4227.000     4228.000     4229.000
   930:     4230.000     4231.000     4232.000     4233.000     4234.000
   935:     4235.000     4236.000     4237.000     4238.000     4239.000
   940:     4240.000     4241.000     4242.000     4243.000     4244.000
   945:     4245.000     4246.000     4247.000     4248.000     4249.000
   950:     4250.000     4251.000     4252.000     4253.000     4254.000
   955:     4255.000     4256.000     4257.000     4258.000     4259.000
   960:     4260.000     4261.000     4262.000     4263.000     4264.000
   965:     4265.000     4266.000     4267.000     4268.000     4269.000
   970:     4270.000     4271.000     4272.000     4273.000     4274.000
   975:     4275.000     4276.000     4277.000     4278.000     4279.000
   980:     4280.000     4281.000     4282.000     4283.000     4284.000
   985:     4285.000     4286.000     4287.000     4288.000     4289.000
   990:     4290.000     4291.000     4292.000     4293.000     4294.000
   995:     4295.000     4296.000     4297.000     4298.000     4299.000
  1000:     4300.000     4301.000     4302.000     4303.000     4304.000
  1005:     4305.000     4306.000     4307.000     4308.000     4309.000
  1010:     4310.000     4311.000     4312.000     4313.000     4314.000
  1015:     4315.000     4316.000     4317.000     4318.000     4319.000
  1020:     4320.000     4321.000     4322.000     4323.000     4324.000
  1025:     4325.000     4326.000     4327.000     4328.000     4329.000
  1030:     4330.000     4331.000     4332.000     4333.000     4334.000
  1035:     4335.000     4336.000     4337.000     4338.000     4339.000
  1040:     4340.000     4341.000     4342.000     4343.000     4344.000
  1045:     4345.000     4346.000     4347.000     4348.000     4349.000
  1050:     4350.000     4351.000     4352.000     4353.000     4354.000
  1055:     4355.000     4356.000     4357.000     4358.000     4359.000
  1060:     4360.000     4361.000     4362.000     4363.000     4364.000
  1065:     4365.000     4366.000     4367.000     4368.000     4369.000
  1070:     4370.000     4371.000     4372.000     4373.000     4374.000
  1075:     4375.000     4376.000     4377.000     4378.000     4379.000
  1080:     4380.000     4381.000     4382.000     4383.000     4384.000
  1085:     4385.000     4386.000     4387.000     4388.000     4389.000
  1090:     4390.000     4391.000     4392.000     4393.000     4394.000
  1095:     4395.000     4396.000     4397.000     4398.000     4399.000
  1100:     4400.000     4401.000     4402.000     4403.000     4404.000
  1105:     4405.000     4406.000     4407.000     4408.000     4409.000
  1110:     4410.000     4411.000     4412.000     4413.000     4414.000
  1115:     4415.000     4416.000     4417.000     4418.000     4419.000
  1120:     4420.000     4421.000     4422.000     4423.000     4424.000
  1125:     4425.000     4426.000     4427.000     4428.000     4429.000
  1130:     4430.000     4431.000     4432.000     4433.000     4434.000
  1135:     4435.000     4436.000     4437.000     4438.000     4439.000
  1140:     4440.000     4441.000     4442.000     4443.000     4444.000
  1145:     4445.000     4446.000     4447.000     4448.000     4449.000
  1150:     4450.000     4451.000     4452.000     4453.000     4454.000
  1155:     4455.000     4456.000     4457.000     4458.000     4459.000
  1160:     4460.000     4461.000     4462.000     4463.000     4464.000
  1165:     4465.000     4466.000     4467.000     4468.000     4469.000
  1170:     4470.000     4471.000     4472.000     4473.000     4474.000
  1175:     4475.000     4476.000     4477.000     4478.000     4479.000
  1180:     4480.000     4481.000     4482.000     4483.000     4484.000
  1185:     4485.000     4486.000     4487.000     4488.000     4489.000
  1190:     4490.000     4491.000     4492.000     4493.000     4494.000
  1195:     4495.000     4496.000     4497.000     4498.000     4499.000
  1200:     4500.000
R:
     0:      111.000      111.000      111.000
V:
     0:     1202.000     4020.000
W:
     0:     1202.000     4020.000
