File: C:\MED-PC IV\DATA\p736_s113_japede


Start Date: 10/20/17
End Date: 10/20/17
Subject: p736
Experiment: 0
Group: 0
Box: 6
Start Time: 16:15:47
End Time: 17:16:22
MSN: japede_L_45_45_45_R_45_45_45
B:       0.000
E:    4978.000
F:       0.000
G:       0.000
H:       0.000
I:       2.000
J:       2.000
K:       0.000
O:       0.000
P:       0.000
Q:       0.000
S:  360000.000
T:  360000.000
U:       0.000
X:       0.000
Y:       0.000
Z:       0.000
A:
     0:        0.010        0.250        0.220        0.230      157.120
     5:      187.120      293.130      326.130      361.130      394.130
    10:      433.130      469.130      505.130      711.130      746.130
    15:      843.120      870.120      999.840     1001.640     1001.320
    20:     1001.330     1001.350     1001.240     1001.130     1251.220
    25:     1251.230     1251.250     1251.340     1650.130     1686.130
    30:     1719.130     1756.130     1857.120     1883.120     1964.130
    35:     1999.130     2092.120     2202.130     2243.130     2308.130
    40:     2396.120     2511.130     2548.130     2675.130     2762.120
    45:     2852.130     3045.130     3229.130     3263.130     3347.120
    50:     3433.130     3530.120     3556.120     3599.740     3642.130
    55:     3813.130     3922.130     4002.540     4002.320     4002.330
    60:     4002.350     4002.240     4002.120     4252.220     4252.230
    65:     4252.250     4252.340     4351.840     4451.640     4451.320
    70:     4451.330     4451.350     4451.240     4451.130     4701.220
    75:     4701.230     4701.250     4701.340     4863.130     4907.130
    80:     4998.120     5021.120     5123.130     5196.130     5276.120
    85:     5364.130     5448.120     5559.130     5593.130     5676.120
    90:     5710.120     5811.130     5840.130     5919.120     5933.120
    95:     6080.120     6159.130     6260.120     6328.130     6416.120
   100:     6434.120     6514.130     6609.120     6685.130     6872.130
   105:     6948.120     6959.120     7168.120     7246.130     7319.120
   110:     7343.120     7419.130     7500.120     7613.130     7761.130
   115:     7853.120     7944.130     8065.130     8151.120     8232.130
   120:     8312.120     8408.130     8490.120     8633.120     8647.120
   125:     8776.130     8888.120     8980.130     9082.130     9163.120
   130:     9179.120     9326.120     9537.130     9614.120     9709.120
   135:     9731.120     9813.130     9891.120     9902.120     9982.130
   140:    10386.120    10413.120    10440.120    10552.740    10585.130
   145:    10618.130    10704.540    10704.320    10704.330    10704.350
   150:    10704.240    10704.120    10801.840    10954.220    10954.230
   155:    10954.250    10954.340    11120.640    11120.320    11120.330
   160:    11120.350    11120.240    11120.130    11370.220    11370.230
   165:    11370.250    11370.340    11706.130    11741.130    11835.120
   170:    11921.130    11958.130    12036.120    12056.120    12070.120
   175:    12174.130    12275.120    12477.120    12557.130    12637.120
   180:    12727.130    12854.740    12907.540    12907.320    12907.330
   185:    12907.350    12907.240    12907.120    12920.120    13157.220
   190:    13157.230    13157.250    13157.340    13314.130    13372.130
   195:    13461.120    13566.130    13645.120    13733.130    13810.120
   200:    13971.120    13982.120    14064.130    14142.120    14153.120
   205:    14230.130    14270.840    14311.120    14398.640    14398.320
   210:    14398.330    14398.350    14398.240    14398.130    14648.220
   215:    14648.230    14648.250    14648.340    14748.840    14870.640
   220:    14870.320    14870.330    14870.350    14870.240    14870.130
   225:    15120.220    15120.230    15120.250    15120.340    15275.130
   230:    15379.120    15399.120    15518.130    15556.130    15640.120
   235:    15712.130    15798.120    15894.130    15974.120    16061.130
   240:    16171.130    16251.120    16277.120    16291.120    16357.740
   245:    16396.130    16473.540    16473.320    16473.330    16473.350
   250:    16473.240    16473.120    16486.120    16723.220    16723.230
   255:    16723.250    16723.340    16823.740    16897.130    16934.130
   260:    17046.540    17046.320    17046.330    17046.350    17046.240
   265:    17046.120    17296.220    17296.230    17296.250    17296.340
   270:    17483.130    17655.120    17677.120    17801.130    17925.120
   275:    17937.120    18017.130    18101.120    18114.120    18190.130
   280:    18362.130    18447.120    18461.120    18538.130    18616.120
   285:    18729.130    18764.130    18796.740    18845.540    18845.320
   290:    18845.330    18845.350    18845.240    18845.120    18856.120
   295:    19095.220    19095.230    19095.250    19095.340    19334.130
   300:    19374.130    19395.740    19482.540    19482.320    19482.330
   305:    19482.350    19482.240    19482.120    19494.120    19732.220
   310:    19732.230    19732.250    19732.340    20108.120    20142.120
   315:    20284.130    20349.130    20438.120    20545.130    20627.120
   320:    20638.120    20712.130    20788.120    20872.130    20971.120
   325:    20981.120    21119.120    21143.120    21155.120    21231.130
   330:    21292.120    21317.120    21330.120    21404.130    21502.120
   335:    21591.130    21677.120    21749.130    21828.120    21921.130
   340:    22062.130    22147.120    22157.120    22260.130    22342.120
   345:    22355.120    22428.130    22588.130    22666.120    22748.130
   350:    22839.130    23020.120    23130.130    23221.120    23232.120
   355:    23304.130    23491.130    23585.120    23662.130    23786.130
   360:    23947.130    24056.130    24139.120    24159.120    24451.120
   365:    24463.120    24560.130    24637.120    24650.120    24721.130
   370:    24866.130    24951.120    24963.120    25040.130    25320.840
   375:    25379.120    25391.120    25527.640    25527.320    25527.330
   380:    25527.350    25527.240    25527.130    25777.220    25777.230
   385:    25777.250    25777.340    25832.740    25923.130    26100.130
   390:    26184.540    26184.320    26184.330    26184.350    26184.240
   395:    26184.120    26195.120    26434.220    26434.230    26434.250
   400:    26434.340    26584.130    26681.120    26791.130    26866.120
   405:    26878.120    26957.130    27033.120    27115.130    27272.130
   410:    27347.120    27356.120    27433.130    27508.120    27592.130
   415:    27669.120    27682.120    27781.130    27867.120    27929.130
   420:    28143.120    28223.130    28352.130    28444.120    28525.130
   425:    28611.120    28695.130    28886.120    28968.130    29092.130
   430:    29167.120    29179.120    29256.130    29443.120    29680.120
   435:    29765.130    29918.130    29998.120    30080.130    30158.120
   440:    30239.130    30370.130    30434.740    30803.130    30877.540
   445:    30877.320    30877.330    30877.350    30877.240    30877.120
   450:    30888.120    31127.220    31127.230    31127.250    31127.340
   455:    31257.130    31296.130    31375.120    31409.120    31497.130
   460:    31575.120    31748.120    31769.120    31883.130    31966.120
   465:    31993.120    32006.120    32079.130    32188.120    32200.120
   470:    32271.130    32345.120    32358.120    32435.130    32514.120
   475:    32670.120    32683.120    32761.130    32857.120    32877.120
   480:    32890.120    32974.130    33051.120    33143.130    33215.120
   485:    33226.120    33299.130    33396.130    33476.120    33495.120
   490:    33574.130    33644.120    33729.130    33804.120    33889.130
   495:    34005.120    34075.130    34309.120    34418.130    34523.120
   500:    34608.130    34682.120    34691.120    34768.130    34843.120
   505:    35036.130    35120.120    35136.120    35232.130    35315.120
   510:    35381.130    35486.120    35704.120    35840.120    35865.120
   515:    35966.130    36041.120    36156.130    36225.120    36345.130
   520:    36569.120    36718.130    36800.120    36877.840    36894.640
   525:    36894.320    36894.330    36894.350    36894.240    36894.130
   530:    37144.220    37144.230    37144.250    37144.340    37319.130
   535:    37417.120    37447.120    37792.120    37855.130    37935.120
   540:    37959.120    38046.130    38150.130    38226.120    38237.120
   545:    38318.130    38398.120    38485.130    38561.120    38570.120
   550:    38650.130    38723.120    38735.120    38816.130    38960.120
   555:    39045.130    39120.130    39208.120    39305.130    39413.120
   560:    39517.120    39638.130    39712.120    39856.120    41944.840
   565:    43190.120    43230.120    43407.640    43407.320    43407.330
   570:    43407.350    43407.240    43407.130    43657.220    43657.230
   575:    43657.250    43657.340    43838.130    43945.120    43978.120
   580:    44069.130    44157.120    44247.130    44328.120    44426.130
   585:    44507.120    44664.120    44838.120    44960.130    45010.130
   590:    45095.120    45187.130    45286.130    45375.120    45536.120
   595:    45636.130    45719.120    45730.120    45854.130    46006.130
   600:    46086.130    46184.120    46301.130    46817.130    46912.120
   605:    47112.120    47242.130    47308.120    47564.120    47597.120
   610:    47793.120    47886.130    48017.130    48099.130    48188.120
   615:    48267.130    48481.130    48578.120    48664.130    48974.130
   620:    49009.130    49101.120    49121.120    49203.130    49283.120
   625:    49348.130    49681.130    49779.120    49800.120    49811.120
   630:    49913.130    50232.130    50406.130    50728.130    50870.120
   635:    51146.130    51698.130    51726.130    51727.740    51826.540
   640:    51826.320    51826.330    51826.350    51826.240    51826.120
   645:    52076.220    52076.230    52076.250    52076.340    52222.120
   650:    52252.120    52327.130    52415.120    52499.130    52577.120
   655:    52660.130    52676.740    52761.130    52842.540    52842.320
   660:    52842.330    52842.350    52842.240    52842.120    52853.120
   665:    53092.220    53092.230    53092.250    53092.340    53214.130
   670:    53305.120    53395.130    53469.120    53479.120    53492.740
   675:    53556.130    53634.540    53634.320    53634.330    53634.350
   680:    53634.240    53634.120    53884.220    53884.230    53884.250
   685:    53884.340    54035.130    54128.120    54196.130    54275.120
   690:    54356.130    54433.120    54445.120    54522.130    54556.130
   695:    54633.120    54646.120    54725.130    54759.130    54857.120
   700:    54881.120    55006.130    55208.120    55220.120    55257.840
   705:    55309.640    55309.320    55309.330    55309.350    55309.240
   710:    55309.130    55559.220    55559.230    55559.250    55559.340
   715:    55727.130    55823.120    55884.740    55915.130    56004.540
   720:    56004.320    56004.330    56004.350    56004.240    56004.120
   725:    56015.120    56254.220    56254.230    56254.250    56254.340
   730:    56448.130    56544.120    56638.130    56706.120    56843.130
   735:    56933.130    57005.120    57110.130    57195.120    57292.130
   740:    57377.120    57391.120    57474.130    57555.120    57567.120
   745:    57651.130    57783.130    57863.120    57886.120    57898.120
   750:    57981.130    58086.120    58112.120    58126.120    58204.130
   755:    58401.120    58425.120    58523.130    58605.120    58727.130
   760:    58832.120    58844.120    58939.130    59241.130    59344.120
   765:    59432.130    59538.120    59552.120    59613.130    59700.120
   770:    59825.130    60028.130    60054.740    60266.540    60266.320
   775:    60266.330    60266.350    60266.240    60266.120    60516.220
   780:    60516.230    60516.250    60516.340    60676.130    60767.120
   785:    60865.130    60950.120    61048.130    61127.120    61150.120
   790:    61355.120    61449.130    61539.120    61551.120    61647.130
   795:    61762.130    61816.740    61844.540    61844.320    61844.330
   800:    61844.350    61844.240    61844.120    62094.220    62094.230
   805:    62094.250    62094.340    62234.130    62333.120    62434.130
   810:    62539.120    62660.130    62742.120    62842.130    62926.120
   815:    62936.120    63013.120    63116.130    63197.120    63209.120
   820:    63297.130    63431.130    63514.120    63528.120    63619.130
   825:    63722.130    63804.120    63816.120    63908.130    64002.120
   830:    64013.120    64094.740    64137.130    64233.540    64233.320
   835:    64233.330    64233.350    64233.240    64233.120    64483.220
   840:    64483.230    64483.250    64483.340    64649.130    64700.130
   845:    64791.120    64821.120    64939.130    65021.120    65035.120
   850:    65113.130    65193.120    65206.120    65314.130    65403.120
   855:    65494.130    65581.120    65594.120    65688.130    66159.840
   860:    67258.120    67288.120    67409.640    67409.320    67409.330
   865:    67409.350    67409.240    67409.130    67659.220    67659.230
   870:    67659.250    67659.340    67789.130    67890.130    68202.130
   875:    68302.120    68403.120    68610.120    68713.130    68830.120
   880:    68990.130    69072.130    69155.120    69383.120    69589.120
   885:    69734.130    69837.120    69931.130    70014.120    70191.120
   890:    70259.840    70321.640    70321.320    70321.330    70321.350
   895:    70321.240    70321.130    70571.220    70571.230    70571.250
   900:    70571.340    70729.130    70774.130    70874.120    70946.130
   905:    71030.120    71122.130    71206.120    71278.130    71368.120
   910:    71392.120    71406.120    71492.130    71604.120    71697.130
   915:    71771.840    71876.640    71876.320    71876.330    71876.350
   920:    71876.240    71876.130    72126.220    72126.230    72126.250
   925:    72126.340    72256.130    72296.130    72424.120    72453.120
   930:    72533.130    72622.120    72717.130    72811.120    72903.130
   935:    72999.120    73095.130    73201.130    73244.130    73319.120
   940:    73410.130    73538.130    73626.120    73722.130    73845.130
   945:    73961.120    74050.130    74161.130    74226.840    74251.120
   950:    74345.640    74345.320    74345.330    74345.350    74345.240
   955:    74345.130    74595.220    74595.230    74595.250    74595.340
   960:    74752.130    74851.120    74944.130    75088.130    75134.130
   965:    75279.130    75372.120    75490.130    75830.120    75922.130
   970:    76008.120    76083.740    76084.130    76232.130    76325.540
   975:    76325.320    76325.330    76325.350    76325.240    76325.120
   980:    76575.220    76575.230    76575.250    76575.340    76706.130
   985:    76835.120    76925.130    77010.120    77138.130    77228.120
   990:    77319.130    77399.120    77474.130    77508.130    77576.130
   995:    77652.120    77755.120    77849.130    77957.120    78059.130
  1000:    78095.840    78233.640    78233.320    78233.330    78233.350
  1005:    78233.240    78233.130    78483.220    78483.230    78483.250
  1010:    78483.340    78609.130    78711.120    78810.130    78904.120
  1015:    78928.120    79006.130    79114.130    79207.120    79299.130
  1020:    79383.120    79408.120    79422.120    79484.130    79596.130
  1025:    79691.120    79713.120    79784.130    79888.130    80016.120
  1030:    80109.130    80188.130    80317.130    80513.130    80942.130
  1035:    80978.130    81018.130    81124.130    81399.120    81807.130
  1040:    81972.120    82065.130    82104.130    82183.840    82203.120
  1045:    82225.120    82239.120    82318.640    82318.320    82318.330
  1050:    82318.350    82318.240    82318.130    82568.220    82568.230
  1055:    82568.250    82568.340    82764.130    82801.130    82892.120
  1060:    82982.130    83023.130    83091.130    83177.120    83271.130
  1065:    83382.120    83472.130    83575.120    83681.130    83819.130
  1070:    83912.120    84006.130    84137.130    84225.120    84315.130
  1075:    84528.130    84630.120    84654.120    84666.120    84675.740
  1080:    84741.130    84830.540    84830.320    84830.330    84830.350
  1085:    84830.240    84830.120    84843.120    85080.220    85080.230
  1090:    85080.250    85080.340    85300.130    85393.120    85468.840
  1095:    85487.640    85487.320    85487.330    85487.350    85487.240
  1100:    85487.130    85737.220    85737.230    85737.250    85737.340
  1105:    85892.130    85996.120    86090.130    86177.120    86189.120
  1110:    86256.120    86282.120    86379.130    86471.120    86556.130
  1115:    86636.120    86650.120    86725.130    86816.120    86826.120
  1120:    86908.130    86996.120    87009.120    87086.130    87189.130
  1125:    87285.120    87383.130    87485.120    87511.120    87602.130
  1130:    87695.120    87789.130    87902.130    87998.120    88022.120
  1135:    88141.130    88240.120    88254.120    88373.130    88472.130
  1140:    88566.120    88586.120    88641.130    88735.130    88819.120
  1145:    88885.130    91409.130    91453.130    91492.130    91660.120
  1150:    91744.120    91843.130    91939.120    92036.130    92078.130
  1155:    92210.130    92304.120    92381.130    92489.130    92587.120
  1160:    92607.120    92695.130    92961.130    93111.120    93201.130
  1165:    93288.120    93383.130    93468.120    93563.130    93603.130
  1170:    94039.130    94079.130    94182.120    94283.130    94370.120
  1175:    94458.130    94556.120    94637.130    94708.130    95364.120
  1180:    95404.120    95551.130    95625.130    95721.130    95792.130
  1185:    96015.130    96062.130    96127.130    96215.120    96313.130
  1190:    96402.120    96568.130    96657.120    96668.120    96750.130
  1195:    96785.130    96873.120    97031.120    97134.130    97512.120
  1200:    97621.130    97713.120    97856.120    98069.120    98103.120
  1205:    98138.120    98246.130    98313.130    98362.130    98444.120
  1210:    98542.130    98631.120    98733.130    98824.120    98946.130
  1215:    98987.130    99073.120    99197.120    99301.130    99393.120
  1220:    99527.120    99631.130    99714.120    99803.130    99950.130
  1225:   100040.120   100136.130   100250.130   100343.120   100433.130
  1230:   100478.130   100641.120   100711.130   101251.120   101371.130
  1235:   101538.120   101631.130   101717.120   101887.120   101937.840
  1240:   101989.640   101989.320   101989.330   101989.350   101989.240
  1245:   101989.130   102239.220   102239.230   102239.250   102239.340
  1250:   102399.130   102505.120   102537.120   102615.130   102650.130
  1255:   102766.120   102778.120   102853.130   102942.120   102954.120
  1260:   103031.130   103039.840   103111.120   103208.640   103208.320
  1265:   103208.330   103208.350   103208.240   103208.130   103458.220
  1270:   103458.230   103458.250   103458.340   103613.130   103650.130
  1275:   103746.120   103842.130   103978.120   104064.130   104108.130
  1280:   104197.120   104223.120   104312.130   104350.130   104458.120
  1285:   104482.120   104554.130   104648.120   104662.120   104741.130
  1290:   104777.130   104847.130   105028.120   105114.130   105199.120
  1295:   105212.120   105292.130   105412.120   105537.130   105626.120
  1300:   105638.120   105718.130   105821.130   105906.120   105919.120
  1305:   106000.130   106084.120   106158.840   106208.120   106241.120
  1310:   106541.120   106717.640   106717.320   106717.330   106717.350
  1315:   106717.240   106717.130   106967.220   106967.230   106967.250
  1320:   106967.340   107118.130   107165.130   107272.120   107298.120
  1325:   107367.130   107380.740   107413.130   107490.540   107490.320
  1330:   107490.330   107490.350   107490.240   107490.120   107740.220
  1335:   107740.230   107740.250   107740.340   107897.130   108004.120
  1340:   108040.120   108127.130   108224.120   108314.130   108399.120
  1345:   108424.120   108437.120   108516.130   108602.120   108615.120
  1350:   108667.840   108695.640   108695.320   108695.330   108695.350
  1355:   108695.240   108695.130   108945.220   108945.230   108945.250
  1360:   108945.340   109093.130   109135.130   109251.120   109340.130
  1365:   109381.130   109469.120   109563.130   109666.120   109746.130
  1370:   109833.120   109901.130   109940.130   110026.120   110038.120
  1375:   110113.130   110199.120   110285.130   110316.130   110380.130
  1380:   110463.120   110555.130   110585.130   110650.120   110676.120
  1385:   110759.130   110852.120   110996.120   111023.120   111113.130
  1390:   111217.120   111239.120   111337.130   111421.120   111437.120
  1395:   111510.130   111605.120   111699.130   111788.120   111800.120
  1400:   111878.130   111961.120   111972.120   112056.130   112151.120
  1405:   112163.120   112248.130   112331.120   112344.120   112428.130
  1410:   112462.130   112581.130   112708.130   112803.120   112816.120
  1415:   112891.130   112989.120   113101.130   113268.130   113540.740
  1420:   113645.840   115029.640   115029.320   115029.330   115029.350
  1425:   115029.240   115029.130   115279.220   115279.230   115279.250
  1430:   115279.340   115419.130   115552.540   115552.320   115552.330
  1435:   115552.350   115552.240   115552.120   115802.220   115802.230
  1440:   115802.250   115802.340   115960.130   115998.130   116092.120
  1445:   116217.130   116307.120   116319.120   116403.130   116493.120
  1450:   116582.130   116664.120   116753.130   116838.120   116925.130
  1455:   117007.120   117022.120   117096.130   117193.120   117205.120
  1460:   117282.130   117364.120   117377.120   117458.130   117487.130
  1465:   117588.130   117670.120   117808.120   117915.120   118017.130
  1470:   118099.120   118111.120   118192.130   118273.120   118369.130
  1475:   118479.840   118498.640   118498.320   118498.330   118498.350
  1480:   118498.240   118498.130   118748.220   118748.230   118748.250
  1485:   118748.340   118887.130   119003.120   119037.120   119120.130
  1490:   119202.120   119375.120   119450.130   119485.130   119560.120
  1495:   119588.120   119601.120   119678.130   119744.130   119824.120
  1500:   119836.120   119911.130   119997.120   120081.130   120173.130
  1505:   120259.120   120343.130   120429.120   120459.120   120633.130
  1510:   120671.130   120755.120   120869.120   120960.130   121043.120
  1515:   121145.120   121253.130   121336.120   121347.120   121430.130
  1520:   121496.130   121502.740   121638.130   121741.540   121741.320
  1525:   121741.330   121741.350   121741.240   121741.120   121991.220
  1530:   121991.230   121991.250   121991.340   122142.130   122255.120
  1535:   122337.130   122420.120   122498.130   122573.130   122663.120
  1540:   122675.120   122757.130   122843.120   122929.130   122948.840
  1545:   123011.120   123024.120   123103.640   123103.320   123103.330
  1550:   123103.350   123103.240   123103.130   123353.220   123353.230
  1555:   123353.250   123353.340   123504.130   123622.120   123721.130
  1560:   123825.120   123916.130   124002.120   124111.130   124195.120
  1565:   124209.120   124293.130   124376.120   124389.120   124467.130
  1570:   124553.120   124581.120   124672.130   124702.130   124795.120
  1575:   124809.120   124884.130   124973.120   124996.120   125011.120
  1580:   125091.130   125187.130   125320.130   125410.120   125516.120
  1585:   125589.130   125676.120   125762.130   125862.130   125988.120
  1590:   126085.130   126091.740   126278.130   126353.840   126366.540
  1595:   126366.320   126366.330   126366.350   126366.240   126366.120
  1600:   126616.220   126616.230   126616.250   126616.340   126774.640
  1605:   126774.320   126774.330   126774.350   126774.240   126774.130
  1610:   127024.220   127024.230   127024.250   127024.340   127183.130
  1615:   127288.120   127314.120   127403.130   127530.120   127619.130
  1620:   127698.120   127856.120   127951.130   128017.130   128123.130
  1625:   128206.120   128231.120   128327.130   128457.120   128552.130
  1630:   128629.120   128651.120   128844.130   128931.120   129021.130
  1635:   129024.840   129097.120   129188.640   129188.320   129188.330
  1640:   129188.350   129188.240   129188.130   129438.220   129438.230
  1645:   129438.250   129438.340   129586.130   129663.130   129764.120
  1650:   129798.120   129885.130   129973.120   129985.120   130067.130
  1655:   130095.130   130180.120   130201.120   130215.120   130317.130
  1660:   130338.840   130396.120   130408.120   130491.640   130491.320
  1665:   130491.330   130491.350   130491.240   130491.130   130741.220
  1670:   130741.230   130741.250   130741.340   130899.130   131038.120
  1675:   131132.130   131228.130   131314.120   131431.130   131530.120
  1680:   131615.130   131703.120   131791.130   131889.130   131960.130
  1685:   131997.130   132089.120   132180.130   132322.130   132412.120
  1690:   132499.130   132579.130   132668.120   132679.120   132760.130
  1695:   132845.120   133006.130   133147.130   133232.120   133356.120
  1700:   133584.130   133622.130   133705.120   133791.130   133886.130
  1705:   133941.840   134001.120   134086.640   134086.320   134086.330
  1710:   134086.350   134086.240   134086.130   134336.220   134336.230
  1715:   134336.250   134336.340   134565.130   134660.120   134686.120
  1720:   134700.120   134778.130   134871.120   134883.120   134957.130
  1725:   135042.120   135127.130   135237.120   135250.120   135321.130
  1730:   135402.120   135417.120   135495.130   135587.120   135662.130
  1735:   135745.120   135756.120   135836.130   135912.130   135992.120
  1740:   136082.120   136160.130   136241.120   136331.130   136415.120
  1745:   136505.130   136536.840   136580.120   136856.640   136856.320
  1750:   136856.330   136856.350   136856.240   136856.130   137106.220
  1755:   137106.230   137106.250   137106.340   137256.130   137357.120
  1760:   137387.120   137470.130   137560.120   137628.130   137665.130
  1765:   137749.120   137760.120   137834.130   137922.120   137933.120
  1770:   138008.130   138066.130   138150.120   138160.120   138240.130
  1775:   138310.130   138383.120   138470.130   139673.130   139774.120
  1780:   139867.130   139905.130   140003.120   140070.130   140161.120
  1785:   140250.130   140389.130   140474.120   140574.130   140657.120
  1790:   140747.130   140831.120   140844.120   140924.130   141076.120
  1795:   141206.840   141292.640   141292.320   141292.330   141292.350
  1800:   141292.240   141292.130   141542.220   141542.230   141542.250
  1805:   141542.340   141706.130   141804.130   141898.120   141989.130
  1810:   142025.130   142168.130   142200.130   142280.130   142365.120
  1815:   142455.130   142596.130   142709.130   142798.130   142842.840
  1820:   142891.120   142981.640   142981.320   142981.330   142981.350
  1825:   142981.240   142981.130   143231.220   143231.230   143231.250
  1830:   143231.340   143431.840   143716.640   143716.320   143716.330
  1835:   143716.350   143716.240   143716.130   143966.220   143966.230
  1840:   143966.250   143966.340   144116.740   144193.130   144269.130
  1845:   144366.540   144366.320   144366.330   144366.350   144366.240
  1850:   144366.120   144616.220   144616.230   144616.250   144616.340
  1855:   144760.130   144822.130   144966.120   145060.130   145151.120
  1860:   145174.120   145251.130   145340.120   145431.130   145512.120
  1865:   145601.130   145681.120   145693.120   145771.130   145855.120
  1870:   145869.120   145947.130   146025.120   146049.120   146150.130
  1875:   146227.130   146314.120   146325.120   146398.130   146435.130
  1880:   146610.120   146701.130   146738.130   146855.120   146878.120
  1885:   146960.130   147089.120   147101.120   147175.130   147249.130
  1890:   147350.120   147436.130   147561.130   147645.120   147730.130
  1895:   148027.120   148048.120   148062.120   148144.130   148234.120
  1900:   148244.120   148318.130   148394.130   148492.120   148578.130
  1905:   148781.120   148866.130   148958.120   149035.130   149081.130
  1910:   149299.120   149312.120   149366.840   149390.640   149390.320
  1915:   149390.330   149390.350   149390.240   149390.130   149640.220
  1920:   149640.230   149640.250   149640.340   149771.130   149869.120
  1925:   149909.120   149990.130   150032.130   150070.130   150259.130
  1930:   150298.130   150385.120   150409.120   150423.120   150501.130
  1935:   150566.130   150673.130   150753.120   150764.120   150843.130
  1940:   150916.740   150940.540   150940.320   150940.330   150940.350
  1945:   150940.240   150940.120   151190.220   151190.230   151190.250
  1950:   151190.340   151335.130   151367.130   151471.120   151490.740
  1955:   151505.540   151505.320   151505.330   151505.350   151505.240
  1960:   151505.120   151755.220   151755.230   151755.250   151755.340
  1965:   151995.120   152018.120   152141.130   152232.120   152317.130
  1970:   152397.120   152409.120   152482.130   152564.120   152642.130
  1975:   152737.120   152856.130   152934.120   152947.120   153029.130
  1980:   153079.130   153185.130   153262.120   153353.130   153448.130
  1985:   153603.130   153814.120   153907.130   154006.120   154094.130
  1990:   154206.130   154295.120   154379.130   154421.130   154458.130
  1995:   154644.130   154684.130   154755.740   154845.130   154939.540
  2000:   154939.320   154939.330   154939.350   154939.240   154939.120
  2005:   155040.840   155189.220   155189.230   155189.250   155189.340
  2010:   155365.640   155365.320   155365.330   155365.350   155365.240
  2015:   155365.130   155615.220   155615.230   155615.250   155615.340
  2020:   155784.130   155875.120   155969.130   156059.120   156144.130
  2025:   156228.120   156330.130   156411.120   156497.130   156589.120
  2030:   156659.130   156755.120   156768.120   156843.130   157027.130
  2035:   157120.120   157207.130   157292.120   157304.120   157380.130
  2040:   157473.120   157560.130   157651.130   157839.120   157920.130
  2045:   158004.120   158016.120   158095.130   158137.130   158178.130
  2050:   158254.120   158284.120   158371.130   158460.120   158480.120
  2055:   158569.130   158611.130   158818.120   158841.120   158931.130
  2060:   159020.120   159112.130   159523.120   159562.120   159595.120
  2065:   159634.120   159671.120   159830.130   159868.130   159970.120
  2070:   159985.120   160064.130   160149.120   160160.120   160233.130
  2075:   160298.130   160386.120   160474.130   160543.120   160570.120
  2080:   160656.130   160735.120   160749.120   160823.130   160910.120
  2085:   160992.130   161075.120   161167.130   161273.130   161358.120
  2090:   161523.120   161609.130   161695.120   161720.120   161805.130
  2095:   161921.130   161965.130   162057.120   162150.130   162184.130
  2100:   162273.120   162367.130   162534.130   162659.130   162822.130
  2105:   162908.130   162992.120   163085.130   163170.120   163256.130
  2110:   163438.120   163551.130   163677.130   163767.120   163856.120
  2115:   163969.130   163989.740   164051.540   164051.320   164051.330
  2120:   164051.350   164051.240   164051.120   164063.120   164301.220
  2125:   164301.230   164301.250   164301.340   164450.130   164549.120
  2130:   164620.130   164653.130   164701.740   164734.540   164734.320
  2135:   164734.330   164734.350   164734.240   164734.120   164984.220
  2140:   164984.230   164984.250   164984.340   165227.130   165319.120
  2145:   165345.120   165431.130   165520.120   165607.130   165675.120
  2150:   165698.120   165711.120   165791.130   165883.120   165970.130
  2155:   166051.120   166064.120   166141.130   166232.120   166243.120
  2160:   166320.130   166453.130   166529.120   166623.130   166810.130
  2165:   166888.120   166914.120   166992.130   167075.120   167087.120
  2170:   167164.130   167255.120   167331.130   167374.130   167573.120
  2175:   167668.130   167758.120   167852.130   167957.130   168044.120
  2180:   168140.130   168227.120   168241.120   168317.130   168357.130
  2185:   168697.130   168715.840   168807.120   168862.120   168876.120
  2190:   168951.640   168951.320   168951.330   168951.350   168951.240
  2195:   168951.130   169201.220   169201.230   169201.250   169201.340
  2200:   169460.130   169499.130   169596.120   169628.120   169710.130
  2205:   169799.120   169909.130   169995.120   170063.130   170149.120
  2210:   170236.130   170321.120   170333.120   170410.130   170496.120
  2215:   170508.120   170584.130   170651.130   170734.130   170938.130
  2220:   171042.120   171125.130   171208.120   171218.120   171295.130
  2225:   171385.120   171395.120   171471.130   171516.130   171657.130
  2230:   171762.120   171785.120   171798.120   171879.130   171959.120
  2235:   171972.120   172045.130   172144.130   172236.120   172321.130
  2240:   172404.120   172418.120   172493.130   172777.120   172808.120
  2245:   172892.130   172972.120   173056.130   173228.130   173321.120
  2250:   173405.130   173485.120   173497.120   173552.130   173640.120
  2255:   173651.120   173727.130   173884.120   173966.130   174323.120
  2260:   174409.130   174493.120   174504.120   174582.130   174673.120
  2265:   174754.130   174984.120   175013.120   175102.130   175183.120
  2270:   175265.130   175348.120   175359.120   175435.130   175636.130
  2275:   175711.120   175737.120   175822.130   175901.120   175922.120
  2280:   176012.130   176098.120   176188.130   176311.130   176399.120
  2285:   176409.120   176487.130   176572.120   176659.130   176695.130
  2290:   176780.130   176882.120   176973.130   177211.120   177295.130
  2295:   177382.120   177466.130   177550.120   177637.130   177679.130
  2300:   177851.120   177865.120   177935.130   178170.130   178284.120
  2305:   178297.120   178370.130   178455.120   178468.120   178542.130
  2310:   178629.120   178653.120   178701.840   178746.640   178746.320
  2315:   178746.330   178746.350   178746.240   178746.130   178996.220
  2320:   178996.230   178996.250   178996.340   179148.130   179252.120
  2325:   179290.120   179430.130   179519.120   179531.120   179584.740
  2330:   179637.540   179637.320   179637.330   179637.350   179637.240
  2335:   179637.120   179887.220   179887.230   179887.250   179887.340
  2340:   180080.130   180205.120   180293.130   180368.120   180393.120
  2345:   180481.130   180562.120   180647.130   180713.120   180786.130
  2350:   180820.130   180892.120   180914.120   180997.130   181036.130
  2355:   181132.120   181147.120   181230.130   181307.120   181393.130
  2360:   181504.130   181586.120   181670.130   181752.120   181845.130
  2365:   181887.740   182201.130   182279.540   182279.320   182279.330
  2370:   182279.350   182279.240   182279.120   182529.220   182529.230
  2375:   182529.250   182529.340   182658.130   182757.120   182844.130
  2380:   182932.120   183018.130   183107.120   183200.130   183282.120
  2385:   183371.130   183442.120   183530.130   183594.130   183675.120
  2390:   183694.120   183708.120   183786.130   183872.120   183965.130
  2395:   184046.120   184056.120   184141.130   184179.130   184251.130
  2400:   184338.120   184426.130   184512.120   184601.130   184642.130
  2405:   184754.120   184775.120   184868.130   184955.120   184966.120
  2410:   185048.130   185129.120   185219.130   185329.740   185423.540
  2415:   185423.320   185423.330   185423.350   185423.240   185423.120
  2420:   185673.220   185673.230   185673.250   185673.340   185844.130
  2425:   185937.120   186030.130   186118.120   186206.130   186290.120
  2430:   186364.130   186473.740   186478.540   186478.320   186478.330
  2435:   186478.350   186478.240   186478.120   186492.120   186728.220
  2440:   186728.230   186728.250   186728.340   186945.130   187048.120
  2445:   187080.120   187178.130   187268.120   187355.130   187423.120
  2450:   187496.130   187589.120   187673.130   187761.120   187860.130
  2455:   187931.120   187944.120   188033.130   188121.120   188208.130
  2460:   188287.120   188377.130   188422.130   188486.120   188568.130
  2465:   188696.840   188699.640   188699.320   188699.330   188699.350
  2470:   188699.240   188699.130   188949.220   188949.230   188949.250
  2475:   188949.340   189082.130   189179.120   189268.130   189353.120
  2480:   189451.130   189533.120   189544.120   189628.130   189715.120
  2485:   189796.130   189886.130   189978.120   190071.130   190184.130
  2490:   190274.120   190360.130   190451.120   190462.120   190543.130
  2495:   190697.120   190709.120   190728.740   190779.540   190779.320
  2500:   190779.330   190779.350   190779.240   190779.120   190791.120
  2505:   191029.220   191029.230   191029.250   191029.340   191178.130
  2510:   191266.120   191295.120   191307.120   191384.130   191466.120
  2515:   191478.120   191559.130   191643.120   191653.120   191728.130
  2520:   191813.120   191824.120   191902.130   191984.120   191996.120
  2525:   192079.130   192177.120   192267.130   192296.130   192379.120
  2530:   192390.120   192466.130   192599.130   192685.120   192782.130
  2535:   192913.130   193136.120   193222.130   193307.120   193395.130
  2540:   193470.120   193563.130   193598.130   193722.130   193844.130
  2545:   193904.130   193980.120   194071.130   194169.130   194403.120
  2550:   194488.130   194569.120   194581.120   194685.130   194771.120
  2555:   194785.120   194874.120   194960.130   195047.120   195061.120
  2560:   195130.130   195214.120   195225.120   195306.130   195412.130
  2565:   195499.120   195586.130   195808.130   195923.120   195956.120
  2570:   195987.120   196066.130   196179.120   196193.120   196266.130
  2575:   196351.120   196363.120   196437.130   196468.130   196547.130
  2580:   196862.120   196954.130   197046.120   197135.130   197350.130
  2585:   197448.120   197471.120   197484.120   197557.130   197640.120
  2590:   197655.120   197734.130   197817.120   197830.120   197906.130
  2595:   198039.130   198081.130   198194.130   198294.120   198315.120
  2600:   198328.120   198402.130   198485.120   198498.120   198576.130
  2605:   198846.130   198940.120   198953.120   199029.130   199118.120
  2610:   199131.120   199212.130   199473.120   199499.120   199549.840
  2615:   199588.640   199588.320   199588.330   199588.350   199588.240
  2620:   199588.130   199838.220   199838.230   199838.250   199838.340
  2625:   199968.130   200065.120   200157.130   200243.120   200329.130
  2630:   200411.120   200504.120   200515.120   200597.130   200677.120
  2635:   200688.120   200776.130   200878.120   200901.120   200916.120
  2640:   200993.130   201071.120   201161.130   201193.130   201294.120
  2645:   201382.130   201467.120   201529.740   201561.130   201647.540
  2650:   201647.320   201647.330   201647.350   201647.240   201647.120
  2655:   201659.120   201897.220   201897.230   201897.250   201897.340
  2660:   202050.130   202132.120   202167.120   202264.130   202301.130
  2665:   202373.120   202461.130   202539.120   202550.120   202639.130
  2670:   202728.120   202741.120   202824.130   202910.120   202994.130
  2675:   203094.130   203142.130   203234.120   203248.120   203324.130
  2680:   203596.130   203673.120   203703.120   203716.120   203793.130
  2685:   203878.120   203891.120   203969.130   204065.130   204151.120
  2690:   204163.120   204238.130   204428.120   204509.130   204591.120
  2695:   204601.120   204677.130   204805.130   204971.130   205056.120
  2700:   205135.130   205216.120   205305.130   205370.130   205450.120
  2705:   205462.120   205539.130   205625.120   205636.120   205721.130
  2710:   206047.130   206122.120   206151.120   206235.130   206319.120
  2715:   206405.130   206487.120   206499.120   206619.130   206704.120
  2720:   206790.130   207452.120   207495.120   207534.120   207570.120
  2725:   207695.130   207847.120   207941.130   208019.120   208033.120
  2730:   208107.130   208192.120   208206.120   208285.130   208388.130
  2735:   208469.120   208480.120   208563.130   208687.120   208780.130
  2740:   208881.130   208997.120   209013.120   209123.130   209201.120
  2745:   209212.120   209289.130   209385.120   209474.130   209558.120
  2750:   209585.120   209597.120   209684.130   209715.130   209759.130
  2755:   209840.120   209852.120   209929.130   210009.130   210098.120
  2760:   210182.130   210263.120   210275.120   210376.130   210462.120
  2765:   210475.120   210559.130   210721.120   210730.120   210807.130
  2770:   211025.130   211151.120   211165.120   211238.130   211324.120
  2775:   211411.130   211440.130   211524.120   211537.120   211621.130
  2780:   211691.130   211773.120   211937.130   212023.120   212035.120
  2785:   212116.130   212228.130   212319.130   212412.120   212530.130
  2790:   212659.130   212746.120   212836.130   212884.130   213064.120
  2795:   213155.130   213237.120   213326.130   213531.130   213649.120
  2800:   213661.120   213739.130   213803.130   213973.130   214088.120
  2805:   214108.120   214196.130   214509.120   214538.120   214623.130
  2810:   214710.120   214721.120   214797.130   214879.120   214977.130
  2815:   215178.120   215201.120   215291.130   215372.120   215383.120
  2820:   215397.740   215467.130   215553.540   215553.320   215553.330
  2825:   215553.350   215553.240   215553.120   215564.120   215803.220
  2830:   215803.230   215803.250   215803.340   215957.130   216043.120
  2835:   216130.130   216209.120   216222.120   216332.130   216414.120
  2840:   216424.120   216512.130   216593.120   216605.120   216691.130
  2845:   216770.120   216782.120   216900.130   216982.120   216993.120
  2850:   217079.130   217176.130   217261.120   217273.120   217352.130
  2855:   217542.120   217556.120   217646.130   217769.120   217858.130
  2860:   217911.130   218011.130   218083.120   218099.120   218175.130
  2865:   218303.740   218341.130   218480.130   218719.540   218719.320
  2870:   218719.330   218719.350   218719.240   218719.120   218938.840
  2875:   218969.220   218969.230   218969.250   218969.340   219096.640
  2880:   219096.320   219096.330   219096.350   219096.240   219096.130
  2885:   219346.220   219346.230   219346.250   219346.340   219474.130
  2890:   219576.120   219611.120   219646.120   219740.130   219829.120
  2895:   219922.130   220009.120   220105.130   220205.130   220288.120
  2900:   220301.120   220385.130   220492.130   220558.120   220648.130
  2905:   220747.120   220945.130   221033.120   221127.130   221303.130
  2910:   221415.120   221513.120   221614.130   221701.120   221899.130
  2915:   222002.120   222095.130   222201.120   222235.120   222309.130
  2920:   222389.120   222495.120   222532.120   222665.130   222761.120
  2925:   222772.120   222848.130   223056.120   223086.120   223223.130
  2930:   223398.130   223488.120   223581.120   223678.130   223758.120
  2935:   223846.130   223931.120   223942.120   224039.120   224071.120
  2940:   224173.130   224259.120   224348.130   224458.130   224538.120
  2945:   224560.120   224645.130   224737.120   224831.120   224861.120
  2950:   224892.120   224981.130   225068.120   225095.120   225216.130
  2955:   225299.120   225426.120   225612.120   225623.120   225773.120
  2960:   225882.120   225982.130   226069.120   226082.120   226160.130
  2965:   226255.120   226388.120   226420.120   226451.120   226555.130
  2970:   226642.120   226652.120   226728.120   226871.120   226971.130
  2975:   227041.120   227052.120   227069.740   227181.540   227181.320
  2980:   227181.330   227181.350   227181.240   227181.120   227431.220
  2985:   227431.230   227431.250   227431.340   227585.130   227680.120
  2990:   227713.120   227726.120   227802.130   227935.120   228025.130
  2995:   228207.120   228298.120   228336.120   228440.130   228474.130
  3000:   228563.120   228584.120   228598.120   228668.120   228814.120
  3005:   228944.130   229033.120   229119.120   229146.120   229258.120
  3010:   229290.120   229318.120   229347.120   229456.130   229537.120
  3015:   229547.120   229621.120   229631.740   229732.540   229732.320
  3020:   229732.330   229732.350   229732.240   229732.120   229982.220
  3025:   229982.230   229982.250   229982.340   230135.130   230224.120
  3030:   230249.120   230340.130   230423.120   230434.120   230520.120
  3035:   230629.130   230712.120   230889.120   230980.120   231082.130
  3040:   231146.840   231156.120   231183.120   231280.120   231311.120
  3045:   231405.120   231434.120   231505.120   231538.120   231660.640
  3050:   231660.320   231660.330   231660.350   231660.240   231660.130
  3055:   231910.220   231910.230   231910.250   231910.340   232037.130
  3060:   232104.130   232191.120   232274.130   232364.120   232472.130
  3065:   232551.120   232577.120   232664.130   232745.120   232838.130
  3070:   232919.120   233012.120   233043.120   233075.120   233149.120
  3075:   233185.120   233301.120   233421.130   233503.120   233516.120
  3080:   233644.120   233736.120   233841.130   233907.120   234068.130
  3085:   234158.120   234356.130   234434.120   234482.740   234581.130
  3090:   234665.540   234665.320   234665.330   234665.350   234665.240
  3095:   234665.120   234915.220   234915.230   234915.250   234915.340
  3100:   235074.130   235182.120   235210.840   235272.640   235272.320
  3105:   235272.330   235272.350   235272.240   235272.130   235522.220
  3110:   235522.230   235522.250   235522.340   235678.130   235781.120
  3115:   235809.120   235822.120   235901.130   235972.120   236049.130
  3120:   236116.120   236141.120   236153.120   236215.740   236234.130
  3125:   236311.130   236396.540   236396.320   236396.330   236396.350
  3130:   236396.240   236396.120   236408.120   236646.220   236646.230
  3135:   236646.250   236646.340   236760.130   236855.120   236938.130
  3140:   237021.120   237031.120   237097.120   237189.130   237270.120
  3145:   237355.130   237441.120   237452.120   237594.120   237718.130
  3150:   237802.120   237893.130   237972.120   237999.120   238012.120
  3155:   238092.130   238280.120   238363.130   238443.120   238456.120
  3160:   238565.120   238683.130   238766.120   238946.130   239029.120
  3165:   239042.120   239046.740   239211.130   239292.540   239292.320
  3170:   239292.330   239292.350   239292.240   239292.120   239542.220
  3175:   239542.230   239542.250   239542.340   239763.120   239859.130
  3180:   239940.120   240007.130   240039.130   240136.120   240220.130
  3185:   240382.120   240466.120   240562.130   240637.120   240724.120
  3190:   240826.130   240909.120   241025.120   241128.130   241208.120
  3195:   241306.120   241405.130   241482.120   241493.120   241601.120
  3200:   241726.130   241808.120   241821.120   241898.130   241969.130
  3205:   242041.120   242196.120   242226.120   242253.120   242350.130
  3210:   242425.120   242506.120   242604.120   242707.130   242736.130
  3215:   242809.130   242881.120   243010.120   243104.130   243182.120
  3220:   243312.120   243474.130   243585.120   243606.120   243621.120
  3225:   243728.130   243818.120   243940.120   244041.130   244131.120
  3230:   244142.120   244282.120   244320.120   244420.130   244833.130
  3235:   244958.130   245289.120   245389.130   245448.130   245622.840
  3240:   245683.120   245706.120   245718.120   245815.640   245815.320
  3245:   245815.330   245815.350   245815.240   245815.130   246065.220
  3250:   246065.230   246065.250   246065.340   246217.130   246323.120
  3255:   246416.120   246588.130   246679.120   246690.120   246786.130
  3260:   246816.130   246923.120   246942.740   247012.130   247103.540
  3265:   247103.320   247103.330   247103.350   247103.240   247103.120
  3270:   247115.120   247353.220   247353.230   247353.250   247353.340
  3275:   247500.130   247589.120   247681.130   247768.120   247854.130
  3280:   247942.120   247953.120   248027.130   248109.120   248172.130
  3285:   248259.120   248272.120   248346.130   248436.120   248448.120
  3290:   248523.130   248622.130   248665.840   248825.120   248917.640
  3295:   248917.320   248917.330   248917.350   248917.240   248917.130
  3300:   248953.740   249167.220   249167.230   249167.250   249167.340
  3305:   249317.130   249407.540   249407.320   249407.330   249407.350
  3310:   249407.240   249407.120   249657.220   249657.230   249657.250
  3315:   249657.340   249816.130   249908.120   250000.130   250066.120
  3320:   250092.120   250182.130   250263.120   250274.120   250355.130
  3325:   250440.120   250451.120   250536.130   250615.120   250627.120
  3330:   250709.130   250782.130   250867.120   250879.120   250956.130
  3335:   251057.130   251139.120   251228.130   251312.120   251404.130
  3340:   251618.130   251696.120   251723.120   251810.130   251886.120
  3345:   251897.120   251957.740   251981.130   252065.540   252065.320
  3350:   252065.330   252065.350   252065.240   252065.120   252075.120
  3355:   252267.840   252315.220   252315.230   252315.250   252315.340
  3360:   252437.640   252437.320   252437.330   252437.350   252437.240
  3365:   252437.130   252687.220   252687.230   252687.250   252687.340
  3370:   252855.130   252955.120   253055.130   253137.120   253159.120
  3375:   253171.120   253260.130   253354.120   253449.130   253533.120
  3380:   253544.120   253705.120   253800.120   253904.120   254000.130
  3385:   254079.120   254091.120   254394.130   254481.120   254492.120
  3390:   254577.130   254685.120   254841.130   254914.120   254945.120
  3395:   254987.840   255121.640   255121.320   255121.330   255121.350
  3400:   255121.240   255121.130   255371.220   255371.230   255371.250
  3405:   255371.340   255520.130   255613.120   255651.120   255825.120
  3410:   255912.130   256016.130   256105.120   256130.120   256302.130
  3415:   256409.130   256518.130   256608.120   256790.120   256915.130
  3420:   256998.120   257009.120   257089.130   257177.120   257188.120
  3425:   257263.130   257351.120   257363.120   257449.130   257622.130
  3430:   257701.120   257711.120   257795.130   258045.130   258136.120
  3435:   258225.130   258513.130   258588.130   258618.130   258671.840
  3440:   258715.740   258718.540   258718.320   258718.330   258718.350
  3445:   258718.240   258718.120   258968.220   258968.230   258968.250
  3450:   258968.340   259098.640   259098.320   259098.330   259098.350
  3455:   259098.240   259098.130   259348.220   259348.230   259348.250
  3460:   259348.340   259451.130   259553.130   259646.120   259671.120
  3465:   259683.120   259767.130   259854.120   259867.120   259948.840
  3470:   259956.640   259956.320   259956.330   259956.350   259956.240
  3475:   259956.130   260206.220   260206.230   260206.250   260206.340
  3480:   260354.130   260454.120   260490.120   260576.130   260665.120
  3485:   260676.120   260761.130   260851.120   260863.120   260931.120
  3490:   261021.130   261102.120   261195.130   261276.120   261289.120
  3495:   261367.130   261464.120   261476.120   261554.130   261637.120
  3500:   261647.120   261754.130   261832.120   261842.120   261925.130
  3505:   262005.120   262016.120   262101.130   262191.120   262282.130
  3510:   262362.120   262374.120   262455.130   262536.120   262546.120
  3515:   262648.130   262731.120   262887.130   262963.120   262974.120
  3520:   263068.740   263125.130   263234.130   263367.540   263367.320
  3525:   263367.330   263367.350   263367.240   263367.120   263378.120
  3530:   263617.220   263617.230   263617.250   263617.340   263706.840
  3535:   263780.640   263780.320   263780.330   263780.350   263780.240
  3540:   263780.130   264030.220   264030.230   264030.250   264030.340
  3545:   264153.130   264274.120   264285.120   264366.130   264453.120
  3550:   264551.130   264648.120   264737.130   264867.130   264994.120
  3555:   265004.120   265090.130   265170.120   265185.120   265268.130
  3560:   265358.120   265370.120   265490.130   265583.120   265603.120
  3565:   265618.120   265695.130   265773.120   265844.120   265934.120
  3570:   266017.740   266035.130   266115.540   266115.320   266115.330
  3575:   266115.350   266115.240   266115.120   266126.120   266365.220
  3580:   266365.230   266365.250   266365.340   266485.130   266517.130
  3585:   266623.130   266705.120   266802.130   266866.120   266930.840
  3590:   266952.120   267045.120   267144.640   267144.320   267144.330
  3595:   267144.350   267144.240   267144.130   267394.220   267394.230
  3600:   267394.250   267394.340   267541.130   267636.120   267672.120
  3605:   267752.130   267843.120   267857.120   267940.130   267970.130
  3610:   268052.120   268063.120   268165.740   268186.130   268263.540
  3615:   268263.320   268263.330   268263.350   268263.240   268263.120
  3620:   268275.120   268513.220   268513.230   268513.250   268513.340
  3625:   268644.130   268684.130   268787.120   268813.120   268908.130
  3630:   269000.120   269012.120   269091.130   269173.120   269196.120
  3635:   269209.120   269294.130   269388.130   269466.120   269476.120
  3640:   269563.130   269608.130   269702.120   269825.130   269904.120
  3645:   269914.120   270056.130   270135.120   270363.120   270373.120
  3650:   270489.130   270577.120   270669.130   270752.120   270762.120
  3655:   270883.130   271003.130   271041.130   271134.120   271231.130
  3660:   271518.120   271603.130   271686.120   271697.120   271783.130
  3665:   271866.120   271879.120   271955.130   272081.130   272167.120
  3670:   272177.120   272265.130   272326.130   272434.120   272537.130
  3675:   272618.120   272631.120   272717.130   272796.120   272882.130
  3680:   272964.120   273052.130   273133.120   273143.120   273251.130
  3685:   273313.740   273331.540   273331.320   273331.330   273331.350
  3690:   273331.240   273331.120   273581.220   273581.230   273581.250
  3695:   273581.340   273705.130   273795.120   273890.130   273970.120
  3700:   273982.120   274071.130   274162.120   274173.120   274319.130
  3705:   274399.120   274411.120   274476.120   274560.130   274639.120
  3710:   274762.130   274833.130   274915.120   274926.120   275016.130
  3715:   275096.120   275106.120   275199.130   275287.120   275390.130
  3720:   275476.120   275489.120   275575.130   275659.120   275672.120
  3725:   275805.130   275896.120   276035.120   276062.120   276150.130
  3730:   276229.120   276242.120   276323.130   276409.120   276421.120
  3735:   276510.130   276596.120   276606.120   276683.130   276850.130
  3740:   276936.120   277027.130   277102.120   277187.120   277282.130
  3745:   277351.120   277454.130   277538.120   277549.120   277635.130
  3750:   277739.130   277822.120   277833.120   277918.130   278005.120
  3755:   278018.120   278121.130   278194.840   278202.120   278213.120
  3760:   278300.640   278300.320   278300.330   278300.350   278300.240
  3765:   278300.130   278550.220   278550.230   278550.250   278550.340
  3770:   278706.130   278794.120   278837.120   278920.130   278951.130
  3775:   279018.120   279041.120   279054.120   279112.130   279177.120
  3780:   279307.130   279387.120   279398.120   279511.130   279610.120
  3785:   279622.120   279708.130   279822.120   279833.120   280012.130
  3790:   280083.120   280170.130   280252.120   280266.120   280425.130
  3795:   280508.120   280518.120   280597.130   280687.120   280699.120
  3800:   280783.130   280881.740   280919.130   281053.130   281139.540
  3805:   281139.320   281139.330   281139.350   281139.240   281139.120
  3810:   281389.220   281389.230   281389.250   281389.340   281541.130
  3815:   281626.120   281659.120   281760.130   281843.120   281855.120
  3820:   281942.130   282022.120   282122.130   282210.120   282421.120
  3825:   282430.120   282529.130   282639.130   282728.120   282814.130
  3830:   282902.120   282915.120   283026.130   283104.120   283116.120
  3835:   283204.130   283287.120   283302.120   283381.130   283445.130
  3840:   283601.130   283678.120   283732.120   283849.130   283930.120
  3845:   283940.120   283989.740   284175.540   284175.320   284175.330
  3850:   284175.350   284175.240   284175.120   284425.220   284425.230
  3855:   284425.250   284425.340   284551.130   284641.120   284664.120
  3860:   284757.130   284839.120   284930.130   285006.120   285018.120
  3865:   285146.130   285228.120   285240.120   285349.130   285434.120
  3870:   285444.120   285528.130   285610.120   285745.130   285823.120
  3875:   285835.120   285941.130   285950.840   286019.120   286134.640
  3880:   286134.320   286134.330   286134.350   286134.240   286134.130
  3885:   286384.220   286384.230   286384.250   286384.340   286529.130
  3890:   286617.120   286705.130   286784.120   286880.130   286960.120
  3895:   287057.130   287084.840   287145.120   287230.640   287230.320
  3900:   287230.330   287230.350   287230.240   287230.130   287480.220
  3905:   287480.230   287480.250   287480.340   287709.130   287798.120
  3910:   287834.120   287867.120   287961.130   288041.120   288132.130
  3915:   288196.120   288297.130   288361.120   288382.120   288395.120
  3920:   288483.130   288563.120   288575.120   288661.130   288744.120
  3925:   288757.120   288844.130   288929.120   288940.120   289022.130
  3930:   289114.120   289128.120   289209.130   289290.120   289302.120
  3935:   289418.130   289545.120   289557.120   289642.130   289730.120
  3940:   289742.120   289780.840   289827.640   289827.320   289827.330
  3945:   289827.350   289827.240   289827.130   290077.220   290077.230
  3950:   290077.250   290077.340   290204.130   290296.120   290380.130
  3955:   290472.130   290577.840   290579.640   290579.320   290579.330
  3960:   290579.350   290579.240   290579.130   290829.220   290829.230
  3965:   290829.250   290829.340   290969.130   291060.120   291099.120
  3970:   291188.130   291289.130   291361.120   291384.120   291482.130
  3975:   291565.120   291575.120   291688.130   291733.130   291817.120
  3980:   291829.120   291906.130   291981.120   292062.130   292191.130
  3985:   292297.120   292313.120   292382.130   292451.130   292525.130
  3990:   292609.120   292621.120   292699.130   292841.130   292936.120
  3995:   292949.120   293024.130   293096.120   293123.120   293209.130
  4000:   293229.840   293237.640   293237.320   293237.330   293237.350
  4005:   293237.240   293237.130   293487.220   293487.230   293487.250
  4010:   293487.340   293677.130   293765.120   293855.130   294018.130
  4015:   294099.120   294111.120   294190.130   294262.130   294351.120
  4020:   294364.120   294439.130   294516.120   294603.130   294707.130
  4025:   294787.120   294874.130   295029.130   295118.120   295143.120
  4030:   295232.130   295280.130   295368.120   295378.120   295456.130
  4035:   295538.120   295552.120   295631.130   295895.120   295925.120
  4040:   296014.130   296092.120   296119.120   296205.130   296286.120
  4045:   296298.120   296379.130   296439.130   296520.120   296611.130
  4050:   296692.120   296697.120   296779.130   296882.130   297016.130
  4055:   297103.120   297194.130   297376.130   297453.120   297541.130
  4060:   297619.120   297632.120   297716.130   297757.130   297999.120
  4065:   298087.130   298168.120   298225.740   298259.130   298346.540
  4070:   298346.320   298346.330   298346.350   298346.240   298346.120
  4075:   298596.220   298596.230   298596.250   298596.340   298769.130
  4080:   298808.130   298895.120   298979.130   299067.120   299149.130
  4085:   299197.130   299412.120   299436.120   299449.120   299531.130
  4090:   299594.120   299845.120   299931.130   299996.740   300011.540
  4095:   300011.320   300011.330   300011.350   300011.240   300011.120
  4100:   300024.120   300261.220   300261.230   300261.250   300261.340
  4105:   300361.740   300385.130   300471.540   300471.320   300471.330
  4110:   300471.350   300471.240   300471.120   300721.220   300721.230
  4115:   300721.250   300721.340   300862.130   300951.120   301041.130
  4120:   301123.120   301211.130   301280.130   301365.120   301383.120
  4125:   301511.120   301536.120   301631.130   301734.130   301804.130
  4130:   301889.120   301905.120   301988.130   302220.120   302232.120
  4135:   302316.130   302398.120   302409.120   302521.740   302542.130
  4140:   302584.130   302666.540   302666.320   302666.330   302666.350
  4145:   302666.240   302666.120   302677.120   302916.220   302916.230
  4150:   302916.250   302916.340   303048.130   303139.120   303242.130
  4155:   303329.120   303452.130   303531.120   303625.130   303707.120
  4160:   303794.130   303888.130   303974.120   304162.130   304238.120
  4165:   304251.120   304326.130   304499.130   304570.120   304685.130
  4170:   304766.120   304776.120   304886.130   304972.120   304984.120
  4175:   305071.130   305138.130   305218.120   305307.130   305399.130
  4180:   305530.130   305617.120   305639.120   305718.130   305788.130
  4185:   305887.840   305889.120   305900.120   305985.640   305985.320
  4190:   305985.330   305985.350   305985.240   305985.130   306235.220
  4195:   306235.230   306235.250   306235.340   306366.130   306454.120
  4200:   306481.120   306598.130   306683.120   306695.120   306773.130
  4205:   306960.120   306971.120   307071.130   307231.130   307284.130
  4210:   307408.120   307492.130   307561.120   307590.120   307720.130
  4215:   307804.120   308036.120   308124.130   308203.120   308317.130
  4220:   308400.120   308413.120   308494.130   308574.120   308586.120
  4225:   308670.130   308714.130   308894.120   308906.120   308990.130
  4230:   309101.130   309189.120   309199.120   309275.130   309353.120
  4235:   309367.120   309441.130   309609.130   309701.120   309712.120
  4240:   309794.130   309841.130   309927.120   310046.130   310138.120
  4245:   310150.120   310246.130   310297.130   310582.120   310594.120
  4250:   310673.130   310751.120   310844.130   310930.120   311082.130
  4255:   311180.120   311192.120   311274.130   311379.130   311464.120
  4260:   311474.120   311634.130   311715.120   311725.120   311805.130
  4265:   311816.740   311879.130   311962.540   311962.320   311962.330
  4270:   311962.350   311962.240   311962.120   312212.220   312212.230
  4275:   312212.250   312212.340   312356.130   312443.120   312533.130
  4280:   312696.130   312787.120   312903.130   312986.120   312998.120
  4285:   313101.130   313166.130   313246.120   313364.130   313442.120
  4290:   313452.120   313523.120   313536.120   313614.130   313695.120
  4295:   313708.120   313790.130   313872.130   313962.120   314042.130
  4300:   314109.130   314195.120   314206.120   314282.130   314316.130
  4305:   314398.120   314408.120   314525.130   314610.120   314621.120
  4310:   314748.130   314831.120   314843.120   314978.130   315027.130
  4315:   315109.120   315119.120   315249.130   315297.130   315388.120
  4320:   315400.120   315511.130   315592.120   315604.120   315713.130
  4325:   315812.740   315829.130   315962.130   316042.540   316042.320
  4330:   316042.330   316042.350   316042.240   316042.120   316292.220
  4335:   316292.230   316292.250   316292.340   316447.130   316494.130
  4340:   316607.120   316716.130   316795.120   316808.120   316903.130
  4345:   316935.840   317002.120   317122.120   317216.640   317216.320
  4350:   317216.330   317216.350   317216.240   317216.130   317466.220
  4355:   317466.230   317466.250   317466.340   317697.130   317792.120
  4360:   317874.130   317937.120   318067.130   318148.120   318158.120
  4365:   318246.130   318396.120   318408.120   318493.130   318562.130
  4370:   318644.120   318654.120   318762.130   318845.120   318857.120
  4375:   318936.130   319066.840   319125.120   319211.640   319211.320
  4380:   319211.330   319211.350   319211.240   319211.130   319461.220
  4385:   319461.230   319461.250   319461.340   319736.130   319833.120
  4390:   319906.130   319989.120   320001.120   320077.130   320169.120
  4395:   320180.120   320260.130   320332.120   320359.120   320572.130
  4400:   320650.120   320660.120   320767.130   320842.120   320934.130
  4405:   320998.130   321124.120   321218.130   321308.120   321319.120
  4410:   321512.120   321526.120   321603.130   321681.120   321692.120
  4415:   321828.130   321914.120   321940.120   322029.130   322092.740
  4420:   322166.130   322204.130   322296.540   322296.320   322296.330
  4425:   322296.350   322296.240   322296.120   322307.120   322546.220
  4430:   322546.230   322546.250   322546.340   322666.130   322742.130
  4435:   322828.120   322911.130   323055.130   323127.120   323153.120
  4440:   323166.120   323271.130   323357.120   323442.130   323583.130
  4445:   323753.130   323845.120   323929.130   324133.120   324158.120
  4450:   324172.120   324245.130   324321.120   324333.120   324416.130
  4455:   324501.120   324513.120   324645.120   324748.130   324783.130
  4460:   324864.120   324878.120   324988.120   325025.120   325171.130
  4465:   325255.120   325268.120   325370.130   325459.120   325577.120
  4470:   325759.120   325770.120   325851.130   325933.120   326025.120
  4475:   326247.130   326332.120   326427.130   326517.120   326649.120
  4480:   326743.130   326746.740   326830.540   326830.320   326830.330
  4485:   326830.350   326830.240   326830.120   326842.120   327080.220
  4490:   327080.230   327080.250   327080.340   327304.130   327399.120
  4495:   327500.130   327568.120   327645.130   327738.120   327750.120
  4500:   327832.130   327916.120   328041.120   328071.120   328190.130
  4505:   328270.120   328282.120   328367.130   328448.120   328554.120
  4510:   328679.130   328767.120   328780.120   328850.120   328958.120
  4515:   329055.130   329139.120   329152.120   329285.120   329316.120
  4520:   329346.120   329445.130   329530.120   329542.120   329620.130
  4525:   329687.130   329785.120   329796.120   329868.130   329962.130
  4530:   330073.130   330144.120   330169.120   330285.130   330375.120
  4535:   330469.120   330570.130   330655.120   330666.120   330747.130
  4540:   330843.130   330929.120   330941.120   331018.130   331046.130
  4545:   331126.120   331138.120   331221.130   331301.120   331405.120
  4550:   331531.130   331619.120   331629.120   331708.130   331810.130
  4555:   331885.120   332019.130   332104.120   332115.120   332198.130
  4560:   332286.120   332376.130   332461.120   332474.120   332561.130
  4565:   332600.130   332831.130   332917.120   333009.130   333090.120
  4570:   333183.130   333348.120   333458.130   333664.130   333680.740
  4575:   333747.540   333747.320   333747.330   333747.350   333747.240
  4580:   333747.120   333861.840   333997.220   333997.230   333997.250
  4585:   333997.340   334118.640   334118.320   334118.330   334118.350
  4590:   334118.240   334118.130   334368.220   334368.230   334368.250
  4595:   334368.340   334495.130   334594.120   334622.120   334713.130
  4600:   334855.130   334939.120   335029.130   335122.120   335216.130
  4605:   335247.130   335347.120   335362.120   335442.130   335521.120
  4610:   335615.130   335915.120   335927.120   336005.130   336083.120
  4615:   336093.120   336177.130   336340.130   336419.120   336430.120
  4620:   336508.130   336699.120   336722.120   336737.120   336816.130
  4625:   336924.130   337007.120   337017.120   337092.130   337177.120
  4630:   337189.120   337268.130   337449.120   337536.130   337617.120
  4635:   337628.120   337705.130   337845.130   337917.120   338013.130
  4640:   338052.130   338134.120   338228.120   338324.130   338407.120
  4645:   338523.130   338625.130   338705.120   338716.120   338793.130
  4650:   338994.130   339067.120   339157.130   339238.120   339248.120
  4655:   339376.120   339506.130   339595.120   339701.120   339732.120
  4660:   339834.130   340002.130   340092.120   340106.120   340182.130
  4665:   340263.120   340274.120   340357.130   340500.130   340585.120
  4670:   340609.120   340674.120   340766.130   340846.120   340858.120
  4675:   340868.840   340941.640   340941.320   340941.330   340941.350
  4680:   340941.240   340941.130   341191.220   341191.230   341191.250
  4685:   341191.340   341340.130   341434.120   341521.130   341615.120
  4690:   341712.130   341847.130   341928.120   341951.120   342063.130
  4695:   342097.740   342136.540   342136.320   342136.330   342136.350
  4700:   342136.240   342136.120   342191.840   342386.220   342386.230
  4705:   342386.250   342386.340   342524.640   342524.320   342524.330
  4710:   342524.350   342524.240   342524.130   342774.220   342774.230
  4715:   342774.250   342774.340   342924.130   342957.130   343046.120
  4720:   343075.120   343198.130   343262.120   343364.130   343453.120
  4725:   343546.130   343769.120   343782.120   343858.130   343972.120
  4730:   343993.120   344007.120   344093.130   344258.120   344280.120
  4735:   344372.130   344603.120   344691.130   344775.120   344787.120
  4740:   344871.130   345052.120   345192.120   345205.120   345287.130
  4745:   345455.130   345543.120   345557.120   345639.130   345737.120
  4750:   345760.120   345773.120   345951.120   345963.120   346060.130
  4755:   346137.120   346243.130   346285.130   346359.120   346372.120
  4760:   346450.130   346526.120   346723.120   346809.130   346936.130
  4765:   347014.120   347092.130   347155.120   347264.130   347365.130
  4770:   347459.120   347474.840   347547.640   347547.320   347547.330
  4775:   347547.350   347547.240   347547.130   347797.220   347797.230
  4780:   347797.250   347797.340   347932.130   348021.120   348086.740
  4785:   348194.540   348194.320   348194.330   348194.350   348194.240
  4790:   348194.120   348205.120   348444.220   348444.230   348444.250
  4795:   348444.340   348594.130   348680.120   348701.120   348786.130
  4800:   348861.120   348948.130   349010.120   349035.120   349048.120
  4805:   349125.130   349233.130   349299.120   349387.130   349468.120
  4810:   349555.130   349630.120   349639.120   349817.120   350015.120
  4815:   350035.120   350106.130   350168.130   350233.120   350578.130
  4820:   350660.120   350809.120   350925.130   351002.120   351089.130
  4825:   351229.120   351248.120   351333.130   351419.120   351530.130
  4830:   351606.120   351617.120   351781.120   351857.130   351930.120
  4835:   352043.120   352142.130   352218.120   352230.120   352301.130
  4840:   352374.130   352464.120   352548.130   352697.130   352780.120
  4845:   352806.120   352889.130   352952.130   353100.120   353111.120
  4850:   353218.130   353292.120   353375.130   353544.740   353580.540
  4855:   353580.320   353580.330   353580.350   353580.240   353580.120
  4860:   353697.840   353830.220   353830.230   353830.250   353830.340
  4865:   354058.120   354140.640   354140.320   354140.330   354140.350
  4870:   354140.240   354140.130   354330.740   354390.220   354390.230
  4875:   354390.250   354390.340   354544.130   354703.130   354784.130
  4880:   354859.540   354859.320   354859.330   354859.350   354859.240
  4885:   354859.120   355109.220   355109.230   355109.250   355109.340
  4890:   355223.130   355451.130   355524.120   355536.120   355611.130
  4895:   355680.120   355763.130   355853.130   355990.840   356003.640
  4900:   356003.320   356003.330   356003.350   356003.240   356003.130
  4905:   356253.220   356253.230   356253.250   356253.340   356377.130
  4910:   356407.130   356582.130   356642.120   356671.120   356746.130
  4915:   356817.120   356943.130   357017.120   357027.120   357106.130
  4920:   357178.120   357261.130   357385.130   357470.120   357493.120
  4925:   357578.130   357652.120   357653.840   357744.640   357744.320
  4930:   357744.330   357744.350   357744.240   357744.130   357909.740
  4935:   357994.220   357994.230   357994.250   357994.340   358145.130
  4940:   358261.540   358261.320   358261.330   358261.350   358261.240
  4945:   358261.120   358511.220   358511.230   358511.250   358511.340
  4950:   358637.130   358778.120   358811.120   358881.130   358944.120
  4955:   358968.120   359080.130   359155.120   359166.120   359292.130
  4960:   359342.130   359405.120   359527.130   359611.120   359739.130
  4965:   359811.740   359820.540   359820.320   359820.330   359820.350
  4970:   359820.240   359820.120   359829.120   360000.320   360000.330
  4975:   360000.350   360000.020
C:
     0:        0.000     1981.000     1692.000       66.000       64.000
     5:        0.000
D:
     0:        0.000        0.000
L:
     0:      222.000      222.000      222.000
M:
     0:      900.000      901.000      902.000      903.000      904.000
     5:      905.000      906.000      907.000      908.000      909.000
    10:      910.000      911.000      912.000      913.000      914.000
    15:      915.000      916.000      917.000      918.000      919.000
    20:      920.000      921.000      922.000      923.000      924.000
    25:      925.000      926.000      927.000      928.000      929.000
    30:      930.000      931.000      932.000      933.000      934.000
    35:      935.000      936.000      937.000      938.000      939.000
    40:      940.000      941.000      942.000      943.000      944.000
    45:      945.000      946.000      947.000      948.000      949.000
    50:      950.000      951.000      952.000      953.000      954.000
    55:      955.000      956.000      957.000      958.000      959.000
    60:      960.000      961.000      962.000      963.000      964.000
    65:      965.000      966.000      967.000      968.000      969.000
    70:      970.000      971.000      972.000      973.000      974.000
    75:      975.000      976.000      977.000      978.000      979.000
    80:      980.000      981.000      982.000      983.000      984.000
    85:      985.000      986.000      987.000      988.000      989.000
    90:      990.000      991.000      992.000      993.000      994.000
    95:      995.000      996.000      997.000      998.000      999.000
   100:     1000.000     1001.000     1002.000     1003.000     1004.000
   105:     1005.000     1006.000     1007.000     1008.000     1009.000
   110:     1010.000     1011.000     1012.000     1013.000     1014.000
   115:     1015.000     1016.000     1017.000     1018.000     1019.000
   120:     1020.000     1021.000     1022.000     1023.000     1024.000
   125:     1025.000     1026.000     1027.000     1028.000     1029.000
   130:     1030.000     1031.000     1032.000     1033.000     1034.000
   135:     1035.000     1036.000     1037.000     1038.000     1039.000
   140:     1040.000     1041.000     1042.000     1043.000     1044.000
   145:     1045.000     1046.000     1047.000     1048.000     1049.000
   150:     1050.000     1051.000     1052.000     1053.000     1054.000
   155:     1055.000     1056.000     1057.000     1058.000     1059.000
   160:     1060.000     1061.000     1062.000     1063.000     1064.000
   165:     1065.000     1066.000     1067.000     1068.000     1069.000
   170:     1070.000     1071.000     1072.000     1073.000     1074.000
   175:     1075.000     1076.000     1077.000     1078.000     1079.000
   180:     1080.000     1081.000     1082.000     1083.000     1084.000
   185:     1085.000     1086.000     1087.000     1088.000     1089.000
   190:     1090.000     1091.000     1092.000     1093.000     1094.000
   195:     1095.000     1096.000     1097.000     1098.000     1099.000
   200:     1100.000     1101.000     1102.000     1103.000     1104.000
   205:     1105.000     1106.000     1107.000     1108.000     1109.000
   210:     1110.000     1111.000     1112.000     1113.000     1114.000
   215:     1115.000     1116.000     1117.000     1118.000     1119.000
   220:     1120.000     1121.000     1122.000     1123.000     1124.000
   225:     1125.000     1126.000     1127.000     1128.000     1129.000
   230:     1130.000     1131.000     1132.000     1133.000     1134.000
   235:     1135.000     1136.000     1137.000     1138.000     1139.000
   240:     1140.000     1141.000     1142.000     1143.000     1144.000
   245:     1145.000     1146.000     1147.000     1148.000     1149.000
   250:     1150.000     1151.000     1152.000     1153.000     1154.000
   255:     1155.000     1156.000     1157.000     1158.000     1159.000
   260:     1160.000     1161.000     1162.000     1163.000     1164.000
   265:     1165.000     1166.000     1167.000     1168.000     1169.000
   270:     1170.000     1171.000     1172.000     1173.000     1174.000
   275:     1175.000     1176.000     1177.000     1178.000     1179.000
   280:     1180.000     1181.000     1182.000     1183.000     1184.000
   285:     1185.000     1186.000     1187.000     1188.000     1189.000
   290:     1190.000     1191.000     1192.000     1193.000     1194.000
   295:     1195.000     1196.000     1197.000     1198.000     1199.000
   300:     1200.000
N:
     0:     2100.000     2101.000     2102.000     2103.000     2104.000
     5:     2105.000     2106.000     2107.000     2108.000     2109.000
    10:     2110.000     2111.000     2112.000     2113.000     2114.000
    15:     2115.000     2116.000     2117.000     2118.000     2119.000
    20:     2120.000     2121.000     2122.000     2123.000     2124.000
    25:     2125.000     2126.000     2127.000     2128.000     2129.000
    30:     2130.000     2131.000     2132.000     2133.000     2134.000
    35:     2135.000     2136.000     2137.000     2138.000     2139.000
    40:     2140.000     2141.000     2142.000     2143.000     2144.000
    45:     2145.000     2146.000     2147.000     2148.000     2149.000
    50:     2150.000     2151.000     2152.000     2153.000     2154.000
    55:     2155.000     2156.000     2157.000     2158.000     2159.000
    60:     2160.000     2161.000     2162.000     2163.000     2164.000
    65:     2165.000     2166.000     2167.000     2168.000     2169.000
    70:     2170.000     2171.000     2172.000     2173.000     2174.000
    75:     2175.000     2176.000     2177.000     2178.000     2179.000
    80:     2180.000     2181.000     2182.000     2183.000     2184.000
    85:     2185.000     2186.000     2187.000     2188.000     2189.000
    90:     2190.000     2191.000     2192.000     2193.000     2194.000
    95:     2195.000     2196.000     2197.000     2198.000     2199.000
   100:     2200.000     2201.000     2202.000     2203.000     2204.000
   105:     2205.000     2206.000     2207.000     2208.000     2209.000
   110:     2210.000     2211.000     2212.000     2213.000     2214.000
   115:     2215.000     2216.000     2217.000     2218.000     2219.000
   120:     2220.000     2221.000     2222.000     2223.000     2224.000
   125:     2225.000     2226.000     2227.000     2228.000     2229.000
   130:     2230.000     2231.000     2232.000     2233.000     2234.000
   135:     2235.000     2236.000     2237.000     2238.000     2239.000
   140:     2240.000     2241.000     2242.000     2243.000     2244.000
   145:     2245.000     2246.000     2247.000     2248.000     2249.000
   150:     2250.000     2251.000     2252.000     2253.000     2254.000
   155:     2255.000     2256.000     2257.000     2258.000     2259.000
   160:     2260.000     2261.000     2262.000     2263.000     2264.000
   165:     2265.000     2266.000     2267.000     2268.000     2269.000
   170:     2270.000     2271.000     2272.000     2273.000     2274.000
   175:     2275.000     2276.000     2277.000     2278.000     2279.000
   180:     2280.000     2281.000     2282.000     2283.000     2284.000
   185:     2285.000     2286.000     2287.000     2288.000     2289.000
   190:     2290.000     2291.000     2292.000     2293.000     2294.000
   195:     2295.000     2296.000     2297.000     2298.000     2299.000
   200:     2300.000     2301.000     2302.000     2303.000     2304.000
   205:     2305.000     2306.000     2307.000     2308.000     2309.000
   210:     2310.000     2311.000     2312.000     2313.000     2314.000
   215:     2315.000     2316.000     2317.000     2318.000     2319.000
   220:     2320.000     2321.000     2322.000     2323.000     2324.000
   225:     2325.000     2326.000     2327.000     2328.000     2329.000
   230:     2330.000     2331.000     2332.000     2333.000     2334.000
   235:     2335.000     2336.000     2337.000     2338.000     2339.000
   240:     2340.000     2341.000     2342.000     2343.000     2344.000
   245:     2345.000     2346.000     2347.000     2348.000     2349.000
   250:     2350.000     2351.000     2352.000     2353.000     2354.000
   255:     2355.000     2356.000     2357.000     2358.000     2359.000
   260:     2360.000     2361.000     2362.000     2363.000     2364.000
   265:     2365.000     2366.000     2367.000     2368.000     2369.000
   270:     2370.000     2371.000     2372.000     2373.000     2374.000
   275:     2375.000     2376.000     2377.000     2378.000     2379.000
   280:     2380.000     2381.000     2382.000     2383.000     2384.000
   285:     2385.000     2386.000     2387.000     2388.000     2389.000
   290:     2390.000     2391.000     2392.000     2393.000     2394.000
   295:     2395.000     2396.000     2397.000     2398.000     2399.000
   300:     2400.000
R:
     0:      222.000      222.000      222.000
V:
     0:     1059.000     2302.000
W:
     0:     1059.000     2302.000
